# Wavelength (micrometer), Flux (W / m2 / m)
1.000553076518779783e-01 1.500682499391484089e+04
1.004555288824854897e-01 6.229151264507281529e-14
1.008573509980154326e-01 9.567944719996885027e-14
1.012607804020075053e-01 9.954612974634092264e-14
1.016658235236155422e-01 1.057038896448409116e-13
1.020724868177099870e-01 1.525947669237278006e-10
1.024807767649808382e-01 1.830745491550140700e-11
1.028906998720407612e-01 5.087037298003162734e-13
1.033022626715289355e-01 3.646242261417903635e-10
1.037154717222150413e-01 3.437102254583560904e-13
1.041303336091038839e-01 5.316349935115230645e-13
1.045468549435403099e-01 7.810172486619020187e-12
1.049650423633144702e-01 7.177721080759321704e-14
1.053849025327677214e-01 3.214947625348233335e-11
1.058064421428987906e-01 2.576982311470869394e-13
1.062296679114703990e-01 5.939479773894613348e-11
1.066545865831162732e-01 1.747600235056264599e-11
1.070812049294487533e-01 3.782991297070793672e-12
1.075095297491665408e-01 1.421636304079698542e-09
1.079395678681632220e-01 5.429080421934241628e-12
1.083713261396358624e-01 6.021224905092589271e-10
1.088048114441943909e-01 2.086874039584413404e-10
1.092400306899711654e-01 1.402183283056495004e-07
1.096769908127310511e-01 3.917686901636956194e-10
1.101156987759819850e-01 4.956684796510781125e-10
1.105561615710859147e-01 8.198644899942838967e-08
1.109983862173702651e-01 1.593843068881316654e-08
1.114423797622397516e-01 2.238228109672245907e-09
1.118881492812886930e-01 4.199965513531053896e-10
1.123357018784138517e-01 2.291549553652284755e-09
1.127850446859275102e-01 3.702809567790327075e-06
1.132361848646712132e-01 1.207241637904693244e-06
1.136891296041298988e-01 9.882965487373323341e-07
1.141438861225464035e-01 1.197386199928235435e-06
1.146004616670366072e-01 1.036283065773142888e-06
1.150588635137047705e-01 1.027093426752597834e-06
1.155190989677595953e-01 6.103962816922994786e-07
1.159811753636306314e-01 1.957913668378792663e-06
1.164451000650851553e-01 3.785603198062754312e-07
1.169108804653455069e-01 4.267663985982140139e-07
1.173785239872068981e-01 2.977428197614472188e-06
1.178480380831557206e-01 1.065274225697761796e-05
1.183194302354883543e-01 5.363952221496315589e-06
1.187927079564302935e-01 1.468019192335791938e-06
1.192678787882560099e-01 4.813185442341031828e-06
1.197449503034090645e-01 7.154762814909726602e-06
1.202239301046226783e-01 1.630198590423958036e-07
1.207048258250411760e-01 2.562799857034219347e-06
1.211876451283413342e-01 7.280598859075868320e-07
1.216723957088547137e-01 3.526678558392390880e-08
1.221590852916901310e-01 7.356384300598096953e-07
1.226477216328568792e-01 1.542163127727596009e-06
1.231383125193883099e-01 9.370985111632094768e-07
1.236308657694658586e-01 1.520050823191165890e-06
1.241253892325437369e-01 3.529286405669378535e-07
1.246218907894739159e-01 2.400251196871183035e-07
1.251203783526317892e-01 1.811317542420838605e-07
1.256208598660423226e-01 2.522664708736020270e-06
1.261233433055065078e-01 3.218847702558569130e-06
1.266278366787285392e-01 3.626435307727282032e-08
1.271343480254434610e-01 2.383959730685561145e-06
1.276428854175452321e-01 3.507704675971916111e-06
1.281534569592154005e-01 8.748079114354198563e-08
1.286660707870522780e-01 5.274340407312723915e-07
1.291807350702004475e-01 5.493166389889044224e-06
1.296974580104812425e-01 1.722735758276464299e-06
1.302162478425231973e-01 7.479296719086096208e-07
1.307371128338932764e-01 7.325703115589112668e-06
1.312600612852288795e-01 3.552433396477389130e-06
1.317851015303697915e-01 8.690447585108376994e-06
1.323122419364912705e-01 4.509121668120428253e-05
1.328414909042372472e-01 3.756147276832308776e-05
1.333728568678542170e-01 2.721542763431721173e-05
1.339063482953256612e-01 3.658793206619812698e-06
1.344419736885069383e-01 2.341864163418929721e-05
1.349797415832609815e-01 1.111658547700167542e-04
1.355196605495940232e-01 7.370611223017475421e-05
1.360617391917924301e-01 2.073199191603661989e-04
1.366059861485595939e-01 3.932063072826626286e-05
1.371524100931538481e-01 4.717493747958181900e-06
1.377010197335264696e-01 2.693669161124317057e-05
1.382518238124605670e-01 6.151508695842821490e-04
1.388048311077104136e-01 3.150941941739032769e-04
1.393600504321412248e-01 3.551031309070041002e-05
1.399174906338697677e-01 2.082893575551644018e-05
1.404771605964052761e-01 9.037497002759341605e-04
1.410390692387908651e-01 1.622395079070296155e-04
1.416032255157460562e-01 2.802144300524975901e-03
1.421696384178090522e-01 5.939958582970425938e-06
1.427383169714803168e-01 5.777084272661824147e-04
1.433092702393662099e-01 2.827921176154728211e-02
1.438825073203236771e-01 2.404110244359075176e-03
1.444580373496049674e-01 1.637730237316617488e-02
1.450358694990033503e-01 2.134858626952426067e-03
1.456160129769993872e-01 4.076800201777967814e-02
1.461984770289073976e-01 3.508654108666993399e-02
1.467832709370230082e-01 8.924994829308760882e-03
1.473704040207710897e-01 3.859071912231670093e-02
1.479598856368541382e-01 4.995567342714040543e-04
1.485517251794015725e-01 1.668418382587434287e-02
1.491459320801191979e-01 5.309585353121724222e-02
1.497425158084396690e-01 8.963804129609056690e-03
1.503414858716734248e-01 2.684680245514189934e-01
1.509428518151600951e-01 2.221702953361381211e-02
1.515466232224207677e-01 2.622066819994940050e-04
1.521528097153104220e-01 2.238108298565686868e-03
1.527614209541716672e-01 5.979088140653676318e-06
1.533724666379883694e-01 5.154310494790474110e-06
1.539859565045403056e-01 2.020209001054176318e-06
1.546019003305584838e-01 7.409282307044287868e-10
1.552203079318807133e-01 1.247150640970515024e-08
1.558411891636082569e-01 5.058092601866386079e-09
1.564645539202626778e-01 1.915808933221915444e-09
1.570904121359437411e-01 3.632816757502361222e-08
1.577187737844875093e-01 8.277024221395536002e-10
1.583496488796254653e-01 1.777160665659847246e-08
1.589830474751439959e-01 6.241308694492539073e-08
1.596189796650445414e-01 5.125566623295497022e-09
1.602574555837047166e-01 9.448836245249236071e-09
1.608984854060395708e-01 2.015918183476553801e-08
1.615420793476636807e-01 7.424915787134601794e-09
1.621882476650543525e-01 7.616568091171333516e-09
1.628370006557145755e-01 8.325457613899342866e-09
1.634883486583374457e-01 1.487702823138187639e-08
1.641423020529707844e-01 2.421531316071400908e-08
1.647988712611826723e-01 2.995677792627779613e-08
1.654580667462274002e-01 1.024784139914259181e-08
1.661198990132123077e-01 7.727898806844191268e-08
1.667843786092651215e-01 1.029438442474272195e-07
1.674515161237022098e-01 2.922116779717748435e-07
1.681213221881969755e-01 2.076776922004455073e-06
1.687938074769497754e-01 3.902107786910180162e-07
1.694689827068575905e-01 2.487804753827354754e-05
1.701468586376850278e-01 9.005615278534826297e-06
1.708274460722357391e-01 1.222269875640883996e-05
1.715107558565246715e-01 1.662700813617129048e-05
1.721967988799507909e-01 1.174786235789570551e-05
1.728855860754705820e-01 3.204219258418801995e-05
1.735771284197724640e-01 8.622462270776670517e-06
1.742714369334515678e-01 2.942652564093441802e-06
1.749685226811853456e-01 1.319203302350314565e-04
1.756683967719100681e-01 1.517849763554866858e-05
1.763710703589977391e-01 3.470315509595888023e-04
1.770765546404337309e-01 5.858759038118055863e-04
1.777848608589954471e-01 1.728167634663931466e-05
1.784960003024314568e-01 9.880800114362791285e-04
1.792099843036411844e-01 5.732637897899127942e-04
1.799268242408557650e-01 5.621710453544016394e-04
1.806465315378191772e-01 4.663140728484651588e-03
1.813691176639704306e-01 9.752535915215899379e-05
1.820945941346263086e-01 1.303218411410560435e-03
1.828229725111648329e-01 8.937439620141525085e-03
1.835542644012094771e-01 1.534772503363616335e-05
1.842884814588143239e-01 3.081051761212560448e-03
1.850256353846495561e-01 3.513942985470823455e-02
1.857657379261881403e-01 3.816829255376609931e-04
1.865088008778928996e-01 2.746238694453870949e-02
1.872548360814044743e-01 8.097519193835882312e-03
1.880038554257300876e-01 4.892870539848405030e-04
1.887558708474330049e-01 4.600877379989821298e-02
1.895108943308226879e-01 8.265362149304504580e-03
1.902689379081460019e-01 1.399206428353927043e-03
1.910300136597785636e-01 1.299220660781663095e-01
1.917941337144176972e-01 1.001660760223542328e-02
1.925613102492753359e-01 2.925680726810727522e-02
1.933315554902724498e-01 2.133273726545579785e-01
1.941048817122335568e-01 5.988575346692915496e-02
1.948813012390824828e-01 4.517766836642517214e-02
1.956608264440388156e-01 5.273072066972448457e-01
1.964434697498149418e-01 3.056800124666677124e-02
1.972292436288141937e-01 1.259048227446959989e-01
1.980181606033294406e-01 2.839632027760073951e-01
1.988102332457427346e-01 8.317117965974918370e-02
1.996054741787257336e-01 6.122174052221580898e-02
2.004038960754406518e-01 7.043384810932502849e-02
2.012055116597424309e-01 6.168746276919466476e-02
2.020103337063813842e-01 7.564388685372891441e-02
2.028183750412069219e-01 8.013129343315456010e-02
2.036296485413717494e-01 3.549767127566619274e-02
2.044441671355372303e-01 1.872689737778001837e-02
2.052619438040793887e-01 7.147110215688069756e-02
2.060829915792957157e-01 3.503615071442407053e-02
2.069073235456129201e-01 3.082828088775504266e-02
2.077349528397953449e-01 3.873473140522003255e-02
2.085658926511545219e-01 6.598745753406121128e-02
2.094001562217591150e-01 7.099557563877789690e-02
2.102377568466461677e-01 5.645596572207346037e-02
2.110787078740327671e-01 2.910873797001248958e-02
2.119230227055288740e-01 6.018130218401141623e-02
2.127707147963510126e-01 8.410187101738582360e-02
2.136217976555363773e-01 1.155396054919640980e-01
2.144762848461585492e-01 1.868120513901262714e-02
2.153341899855431840e-01 1.051511517467496604e-01
2.161955267454853669e-01 2.208325682419134961e-01
2.170603088524672986e-01 3.104636918472080676e-01
2.179285500878772042e-01 8.572181907289577740e-02
2.188002642882286852e-01 8.397187616042850467e-02
2.196754653453815986e-01 4.262264333270307515e-01
2.205541672067631020e-01 1.937431435168787963e-01
2.214363838755901703e-01 2.281454835597579223e+00
2.223221294110925284e-01 1.731917290912353691e-01
2.232114179287369160e-01 6.299145771420495699e+00
2.241042636004518529e-01 1.396000502728541814e+00
2.250006806548536520e-01 1.682487225736865000e+01
2.259006833774730438e-01 3.726299753869497078e+00
2.268042861109829667e-01 7.991067693915795189e+00
2.277115032554268836e-01 1.140446759244026786e+01
2.286223492684485714e-01 9.459630489656499108e+00
2.295368386655223802e-01 7.171979474604825100e+01
2.304549860201844658e-01 1.314319266320642221e+00
2.313768059642651864e-01 3.660812124268497314e+01
2.323023131881222503e-01 2.154269488456920811e+01
2.332315224408747223e-01 7.323371042730866520e+01
2.341644485306381973e-01 1.407019792934792406e+02
2.351011063247607502e-01 6.833209492475005753e+00
2.360415107500598020e-01 2.331075852696125708e+02
2.369856767930600405e-01 4.129084168930456045e+00
2.379336195002322851e-01 2.803850129766776718e+02
2.388853539782332114e-01 1.402277649357612006e+02
2.398408953941461863e-01 1.801517862192865778e+03
2.408002589757227141e-01 1.890681605332485788e+03
2.417634600116256582e-01 1.041502825837860087e+02
2.427305138516721306e-01 3.334498304291755630e+03
2.437014359070788505e-01 1.342410822565317631e+03
2.446762416507071713e-01 1.206735415824268421e+04
2.456549466173099938e-01 2.290612852347728676e+03
2.466375664037792625e-01 5.468741549274494901e+03
2.476241166693943785e-01 3.665202938404898305e+03
2.486146131360719436e-01 1.460237606248888298e+01
2.496090715886161993e-01 6.097041419918288739e+03
2.506075078749706586e-01 2.829731362277337666e+03
2.516099379064705155e-01 5.461484537338483278e+03
2.526163776580964138e-01 2.692622407732450029e+03
2.536268431687287994e-01 1.436679631198245334e+05
2.546413505414037437e-01 1.125086290203823010e+05
2.556599159435693491e-01 7.742428080853044230e+04
2.566825556073435988e-01 6.447024529506071849e+04
2.577092858297729827e-01 7.094662289354093082e+04
2.587401229730920682e-01 3.468020974038288841e+04
2.597750834649844576e-01 9.274318400532445230e+04
2.608141837988444123e-01 6.149889684132737602e+04
2.618574405340398092e-01 4.887456840214401600e+05
2.629048702961759298e-01 1.598780844215683406e+06
2.639564897773606367e-01 1.581447644999149954e+06
2.650123157364701054e-01 1.556287957320178160e+06
2.660723649994159445e-01 8.676702089985004859e+05
2.671366544594135917e-01 1.176029131582068978e+06
2.682052010772512096e-01 1.214399687609117711e+06
2.692780218815602478e-01 6.399850593674005941e+05
2.703551339690865030e-01 1.891100438364987262e+06
2.714365545049627904e-01 8.748505155163574964e+05
2.725223007229827243e-01 5.718282994629386812e+05
2.736123899258746106e-01 1.085575119275028119e+06
2.747068394855781692e-01 8.707686974840949988e+05
2.758056668435204806e-01 2.954521004982348066e+06
2.769088895108945403e-01 8.670386079298669472e+06
2.780165250689380918e-01 6.288871058168341406e+06
2.791285911692138466e-01 7.630733960031089373e+06
2.802451055338907038e-01 5.007142696213806048e+06
2.813660859560263017e-01 3.172960570924089756e+06
2.824915502998503469e-01 1.563250282606385183e+06
2.836215165010497197e-01 5.496455441696419148e+05
2.847560025670539119e-01 3.150997012375766644e+04
2.858950265773221866e-01 9.616279705732452567e+04
2.870386066836315142e-01 1.059842876917846967e+06
2.881867611103660631e-01 5.454978760053670034e+06
2.893395081548075787e-01 1.411093072223859467e+07
2.904968661874267610e-01 2.360714449116332084e+07
2.916588536521764197e-01 3.590480717588819563e+07
2.928254890667851273e-01 3.575791280599750578e+07
2.939967910230522619e-01 2.671704437774875388e+07
2.951727781871444911e-01 1.917283704228536412e+07
2.963534692998930908e-01 2.545816931950514764e+07
2.975388831770926501e-01 2.770637799000695348e+07
2.987290387098009981e-01 4.829886991322024167e+07
2.999239548646402409e-01 3.639709092374319583e+07
3.011236506840988536e-01 9.207294763638077676e+07
3.023281452868351593e-01 2.232918200784176588e+07
3.035374578679824742e-01 1.403515273685834408e+08
3.047516076994544187e-01 1.342416481908412874e+08
3.059706141302522830e-01 1.888899108294739425e+08
3.071944965867733357e-01 4.697625848833853602e+08
3.084232745731204095e-01 6.959456708564896584e+08
3.096569676714128194e-01 6.231499094088325500e+08
3.108955955420985018e-01 9.990779528914279938e+08
3.121391779242668751e-01 1.144653723767791748e+09
3.133877346359639215e-01 1.458508083686944962e+09
3.146412855745078230e-01 1.912377212608417034e+09
3.158998507168058190e-01 1.896005868056257010e+09
3.171634501196730627e-01 2.992085510482145309e+09
3.184321039201517545e-01 2.108675771476596117e+09
3.197058323358323295e-01 1.713695653853906870e+09
3.209846556651756444e-01 3.029798984869317532e+09
3.222685942878363852e-01 3.669531884938409328e+09
3.235576686649877520e-01 3.024834535620039463e+09
3.248518993396476984e-01 4.830843258080688477e+09
3.261513069370062801e-01 5.396233175957049370e+09
3.274559121647543369e-01 6.481041386278413773e+09
3.287657358134133401e-01 7.107854165818403244e+09
3.300807987566670154e-01 4.561746635039047241e+09
3.314011219516936890e-01 9.669075661800598145e+09
3.327267264395004642e-01 1.039965259408521080e+10
3.340576333452584534e-01 1.216128059186621857e+10
3.353938638786395088e-01 1.119711034106248665e+10
3.367354393341540630e-01 1.055706502683914375e+10
3.380823810914907468e-01 1.197844155584039116e+10
3.394347106158566718e-01 1.477687482899829292e+10
3.407924494583201014e-01 1.424889387848665619e+10
3.421556192561533982e-01 1.286781932457906532e+10
3.435242417331779707e-01 5.221727901227708817e+09
3.448983387001106626e-01 6.641127672514065742e+09
3.462779320549111417e-01 8.214226735549432755e+09
3.476630437831307319e-01 5.596699412975764275e+09
3.490536959582632992e-01 5.951308811166135788e+09
3.504499107420963600e-01 1.912247261105780029e+10
3.518517103850647421e-01 1.627505260424551201e+10
3.532591172266050239e-01 2.479785346329249191e+10
3.546721536955114717e-01 3.186785054607364273e+10
3.560908423102934761e-01 1.415589538972829819e+10
3.575152056795346533e-01 7.917621573812844276e+09
3.589452665022527800e-01 1.808487402829882050e+10
3.603810475682617254e-01 2.631383348338360596e+10
3.618225717585348278e-01 2.021076661977116776e+10
3.632698620455689364e-01 2.177420975889283752e+10
3.647229414937512293e-01 1.889581583375499725e+10
3.661818332597261971e-01 4.061637818104647827e+10
3.676465605927651259e-01 2.263965229798447800e+10
3.691171468351361895e-01 2.578576508107227325e+10
3.705936154224767076e-01 1.005484063308984756e+10
3.720759898841666247e-01 2.552336509436463356e+09
3.735642938437032656e-01 2.590126235266441345e+09
3.750585510190780902e-01 5.014684061523956299e+09
3.765587852231543908e-01 1.861740210322545624e+10
3.780650203640470441e-01 4.745522388481149292e+10
3.795772804455032068e-01 2.809467981323384094e+10
3.810955895672852312e-01 3.406479573153247070e+10
3.826199719255543585e-01 9.400981524225896835e+09
3.841504518132565771e-01 2.233423173596950912e+10
3.856870536205096456e-01 5.478112781576996803e+09
3.872298018349916715e-01 1.553105170218425369e+10
3.887787210423316320e-01 1.180351930050403214e+10
3.903338359265008939e-01 2.072757898488428116e+10
3.918951712702069545e-01 2.637956222205839157e+10
3.934627519552877928e-01 2.835399428876514435e+10
3.950366029631089404e-01 6.455493184067636108e+10
3.966167493749613859e-01 5.502731491546984100e+10
3.982032163724612550e-01 8.983807503645085144e+10
3.997960292379510450e-01 9.288397024634330750e+10
4.013952133549028578e-01 1.086659567789948883e+11
4.030007942083224659e-01 1.270641809283202362e+11
4.046127973851557647e-01 8.202008162891880798e+10
4.062312485746963908e-01 9.246202449859556580e+10
4.078561735689951728e-01 9.882247694157128906e+10
4.094875982632711353e-01 1.070387036432423401e+11
4.111255486563242245e-01 1.172929418427765045e+11
4.127700508509495880e-01 9.650807944463435364e+10
4.144211310543532978e-01 7.887492190779502869e+10
4.160788155785707931e-01 8.251820679380419922e+10
4.177431308408850463e-01 5.236824209929296875e+10
4.194141033642486138e-01 3.391542576418391800e+10
4.210917597777056320e-01 1.159976523849769974e+10
4.227761268168164221e-01 1.114953307596857548e+09
4.244672313240837602e-01 1.359163467902084923e+10
4.261651002493800910e-01 3.096950885306904602e+10
4.278697606503775730e-01 4.798206584458832550e+10
4.295812396929790666e-01 5.704290556323611450e+10
4.312995646517510107e-01 6.586854108547548676e+10
4.330247629103580187e-01 8.492055245981057739e+10
4.347568619619994745e-01 9.684513894470404053e+10
4.364958894098474596e-01 8.648891777307408142e+10
4.382418729674867897e-01 7.510082491010392761e+10
4.399948404593567730e-01 9.268601039949403381e+10
4.417548198211941890e-01 1.083748496776788940e+11
4.435218391004789873e-01 7.934072544737905884e+10
4.452959264568808750e-01 8.968089272983451843e+10
4.470771101627084021e-01 8.839481455395359802e+10
4.488654186033592119e-01 1.006111535638455505e+11
4.506608802777726241e-01 1.080285933167843170e+11
4.524635237988837710e-01 1.183500052978602600e+11
4.542733778940792333e-01 1.170898635818576050e+11
4.560904714056555065e-01 1.126017507722636566e+11
4.579148332912781894e-01 1.366220009886169586e+11
4.597464926244433370e-01 7.914953252173684692e+10
4.615854785949410899e-01 1.319362319797190704e+11
4.634318205093208576e-01 8.246200250606968689e+10
4.652855477913582227e-01 1.123633005267764282e+11
4.671466899825236219e-01 1.156355360035696716e+11
4.690152767424536906e-01 1.281418234662175598e+11
4.708913378494234969e-01 1.557691623133233643e+11
4.727749032008212171e-01 1.356002202773870239e+11
4.746660028136244769e-01 1.576474810668343201e+11
4.765646668248789131e-01 9.367624075590757751e+10
4.784709254921784560e-01 7.583288096334017944e+10
4.803848091941470555e-01 1.110875608353341064e+11
4.823063484309236815e-01 1.246163188363631744e+11
4.842355738246474361e-01 1.548921342350364990e+11
4.861725161199459966e-01 1.381709931851699219e+11
4.881172061844257226e-01 1.915738607761288452e+11
4.900696750091634302e-01 1.645198123946735535e+11
4.920299537092001074e-01 2.140814686684680481e+11
4.939980735240369625e-01 2.648936546885454712e+11
4.959740658181330253e-01 1.467662251579440002e+11
4.979579620814056362e-01 1.950394665876254578e+11
4.999497939297311566e-01 1.738713096626555481e+11
5.019495931054501758e-01 1.500863063972325439e+11
5.039573914778719965e-01 2.017912285928605042e+11
5.059732210437835054e-01 1.421266187085137329e+11
5.079971139279585435e-01 1.603801653041582642e+11
5.100291023836703852e-01 1.430098785286448059e+11
5.120692187932051054e-01 1.403399904429021301e+11
5.141174956683780550e-01 1.365907717395130463e+11
5.161739656510514473e-01 1.102714689463490143e+11
5.182386615136556074e-01 6.978583780860562134e+10
5.203116161597103329e-01 1.121807493301352997e+11
5.223928626243490303e-01 1.873715479390482788e+11
5.244824340748465152e-01 1.454186377669975586e+11
5.265803638111459239e-01 1.434877384269328003e+11
5.286866852663905103e-01 1.435722766636194763e+11
5.308014320074561088e-01 1.586818115260012207e+11
5.329246377354859288e-01 1.247320687591857910e+11
5.350563362864277916e-01 1.271731165671783752e+11
5.371965616315735881e-01 9.143312199359480286e+10
5.393453478780998456e-01 1.026278386101241302e+11
5.415027292696121819e-01 9.671604859644641113e+10
5.436687401866906466e-01 9.544921990854586792e+10
5.458434151474373941e-01 6.354644450028797150e+10
5.480267888080271321e-01 8.180649678103948975e+10
5.502188959632591247e-01 8.260609594910075378e+10
5.524197715471121928e-01 9.324715797182043457e+10
5.546294506333006025e-01 1.073562788051407471e+11
5.568479684358338400e-01 9.356240313512351990e+10
5.590753603095770519e-01 7.420300203238336182e+10
5.613116617508153716e-01 5.134530684767434692e+10
5.635569083978186899e-01 3.341451087783301544e+10
5.658111360314097560e-01 4.809005072598269653e+10
5.680743805755354980e-01 3.852604585357938385e+10
5.703466780978375672e-01 5.124283768883563995e+10
5.726280648102289872e-01 5.558661306450676727e+10
5.749185770694699160e-01 6.777164700329308319e+10
5.772182513777477375e-01 5.977507566278330231e+10
5.795271243832587071e-01 8.406989597238409424e+10
5.818452328807918184e-01 8.434570236746397400e+10
5.841726138123150003e-01 7.192000516591683960e+10
5.865093042675643131e-01 4.120532127261375427e+10
5.888553414846344758e-01 9.514847302901226044e+09
5.912107628505729462e-01 1.771807091564957428e+10
5.935756059019753339e-01 2.758664927884889221e+10
5.959499083255832552e-01 2.605325123696406937e+10
5.983337079588855190e-01 3.558122404906230164e+10
6.007270427907210886e-01 4.258355372875652313e+10
6.031299509618840426e-01 5.739028929495825958e+10
6.055424707657315331e-01 7.845431546105101013e+10
6.079646406487945187e-01 1.043891429954344635e+11
6.103964992113897203e-01 1.274572703468924103e+11
6.128380852082353503e-01 1.552814004296867981e+11
6.152894375490681744e-01 1.280168422585981293e+11
6.177505952992645710e-01 7.037137799858615112e+10
6.202215976804615893e-01 4.997715237759543610e+10
6.227024840711834486e-01 2.861478076774533463e+10
6.251932940074681477e-01 3.919356964815197754e+10
6.276940671834980723e-01 4.618258396132228088e+10
6.302048434522321552e-01 6.641853465457107544e+10
6.327256628260409244e-01 9.770705107080130005e+10
6.352565654773452142e-01 1.224516875273824463e+11
6.377975917392545435e-01 1.321654923594253998e+11
6.403487821062116003e-01 2.144725393248218384e+11
6.429101772346363930e-01 2.451893909240050354e+11
6.454818179435749537e-01 3.045894481005740967e+11
6.480637452153492628e-01 3.223180818994939575e+11
6.506560001962106154e-01 3.527334998932555542e+11
6.532586241969955410e-01 4.177362347479337158e+11
6.558716586937833881e-01 2.568860304347088928e+11
6.584951453285585732e-01 2.186531124733774414e+11
6.611291259098727169e-01 1.627743498691272583e+11
6.637736424135122215e-01 1.179832460761466522e+11
6.664287369831662922e-01 1.048938555826453857e+11
6.690944519310989547e-01 9.699171326950735474e+10
6.717708297388232941e-01 9.954099234649606323e+10
6.744579130577786907e-01 1.125338305787941895e+11
6.771557447100098326e-01 1.580449125370438538e+11
6.798643676888498355e-01 1.549499874609219971e+11
6.825838251596052508e-01 1.867660995241299438e+11
6.853141604602436265e-01 1.703570644739918518e+11
6.880554171020846210e-01 1.629811894613033142e+11
6.908076387704928933e-01 1.941503048354925842e+11
6.935708693255748791e-01 2.604854687387607422e+11
6.963451528028771209e-01 3.684056573509464722e+11
6.991305334140887062e-01 4.347945102561235962e+11
7.019270555477450380e-01 4.824460868256404419e+11
7.047347637699360456e-01 6.261755252128116455e+11
7.075537028250157290e-01 4.721315012110762329e+11
7.103839176363159202e-01 3.756059511010538940e+11
7.132254533068611568e-01 3.138258296675960693e+11
7.160783551200886610e-01 3.531294143441589966e+11
7.189426685405689854e-01 3.902646704865114746e+11
7.218184392147313222e-01 3.692252611047329712e+11
7.247057129715901436e-01 4.673784745715169067e+11
7.276045358234763949e-01 5.367797780946586304e+11
7.305149539667704639e-01 6.750500475787818604e+11
7.334370137826373703e-01 8.087509193096335449e+11
7.363707618377679509e-01 8.939620210798846436e+11
7.393162448851190449e-01 9.587790955513928223e+11
7.422735098646596752e-01 1.006343011397087402e+12
7.452426039041182282e-01 9.781324692744315186e+11
7.482235743197346300e-01 1.063815092540811646e+12
7.512164686170136330e-01 1.067655770814334351e+12
7.542213344914817652e-01 1.168971315421580811e+12
7.572382198294477229e-01 1.173710900472834717e+12
7.602671727087656484e-01 1.042137751303874878e+12
7.633082413996006288e-01 9.707940158887838135e+11
7.663614743651989691e-01 3.969340975180979614e+11
7.694269202626597970e-01 4.474878303958497314e+11
7.725046279437104424e-01 7.437465415782674561e+11
7.755946464554852593e-01 7.355138529469094238e+11
7.786970250413072225e-01 7.358525613394138184e+11
7.818118131414724115e-01 8.549734084380402832e+11
7.849390603940383793e-01 5.921703415386412354e+11
7.880788166356144098e-01 7.325021646492447510e+11
7.912311319021569922e-01 6.339290496876590576e+11
7.943960564297655180e-01 7.396899473625991211e+11
7.975736406554845281e-01 7.431188131228599854e+11
8.007639352181065151e-01 8.720252367590106201e+11
8.039669909589789443e-01 9.978686569895323486e+11
8.071828589228148276e-01 1.212075032048857910e+12
8.104115903585061842e-01 1.346475245595452148e+12
8.136532367199402760e-01 1.576685403323268066e+12
8.169078496668199518e-01 1.615011057068007080e+12
8.201754810654874328e-01 1.274472373756100586e+12
8.234561829897493190e-01 1.488224212578268799e+12
8.267500077217083687e-01 1.454369907159310059e+12
8.300570077525952772e-01 1.260243230463963623e+12
8.333772357836056743e-01 1.388322542626685547e+12
8.367107447267401188e-01 1.322881163018417480e+12
8.400575877056470908e-01 1.376716684337170166e+12
8.434178180564695371e-01 1.053431246350889526e+12
8.467914893286955236e-01 6.821169307996563721e+11
8.501786552860102208e-01 7.716785782759754639e+11
8.535793699071543283e-01 7.907869672156369629e+11
8.569936873867830540e-01 9.187725097215407715e+11
8.604216621363300899e-01 1.059896893954404785e+12
8.638633487848753623e-01 1.239914822548022217e+12
8.673188021800150027e-01 1.381500363284801758e+12
8.707880773887352044e-01 1.442753082075011230e+12
8.742712296982900755e-01 1.568158471347575195e+12
8.777683146170831563e-01 1.765253817806356201e+12
8.812793878755513788e-01 1.880733066507259033e+12
8.848045054270535781e-01 1.957636640979666504e+12
8.883437234487617795e-01 1.513274389948032227e+12
8.918970983425568155e-01 1.871701171042946289e+12
8.954646867359271623e-01 1.556678819993563965e+12
8.990465454828707736e-01 1.773729977490797363e+12
9.026427316648023558e-01 1.704198977642439209e+12
9.062533025914615292e-01 1.742215035929834961e+12
9.098783158018273198e-01 1.862738106750606689e+12
9.135178290650346478e-01 1.926535430121551025e+12
9.171719003812948134e-01 2.036791332597102295e+12
9.208405879828199803e-01 2.096719656280934082e+12
9.245239503347512100e-01 2.011957511421313721e+12
9.282220461360901620e-01 1.951989408965666748e+12
9.319349343206346781e-01 1.887417748240786133e+12
9.356626740579171431e-01 1.939117208945369629e+12
9.394053247541488405e-01 1.966461322090259521e+12
9.431629460531654185e-01 2.016560229012761230e+12
9.469355978373780180e-01 2.134066707533176025e+12
9.507233402287275092e-01 2.167141113333986084e+12
9.545262335896426142e-01 2.223777601715978516e+12
9.583443385240012491e-01 2.217091490002675293e+12
9.621777158780971950e-01 2.244951733782919434e+12
9.660264267416096562e-01 2.277306892557041016e+12
9.698905324485760371e-01 2.316823556098464355e+12
9.737700945783701600e-01 2.023847911356392090e+12
9.776651749566835914e-01 2.022164903860033936e+12
9.815758356565105203e-01 1.995954515186460205e+12
9.855021389991363012e-01 1.974484361360638428e+12
9.894441475551331022e-01 1.897772083877332031e+12
9.934019241453534432e-01 1.587255092166657959e+12
9.973755318419349480e-01 1.781352394854392090e+12
1.001365033969302543e+00 1.819961225855351807e+12
1.005370494105179757e+00 1.801879277490395752e+12
1.009391976081600362e+00 1.904113298101724609e+12
1.013429543985926884e+00 1.997055932037727539e+12
1.017483262161870350e+00 2.019232198829808350e+12
1.021553195210518128e+00 2.084211922091453369e+12
1.025639407991360219e+00 2.041937720389460938e+12
1.029741965623325539e+00 2.041982655643426270e+12
1.033860933485818867e+00 2.100919133565076416e+12
1.037996377219762012e+00 2.220096723633381348e+12
1.042148362728641198e+00 2.225306903151800781e+12
1.046316956179555557e+00 2.331880114774771973e+12
1.050502224004274066e+00 2.326126701248277344e+12
1.054704232900291139e+00 2.373007106093862305e+12
1.058923049831892227e+00 2.353849305996905762e+12
1.063158742031219628e+00 2.371409306580346191e+12
1.067411376999344741e+00 2.328414697272967773e+12
1.071681022507342096e+00 2.338763609835326172e+12
1.075967746597371377e+00 2.411620203835592773e+12
1.080271617583760779e+00 2.378882470755520508e+12
1.084592704054095913e+00 2.436047687135383789e+12
1.088931074870312044e+00 2.359341678688625977e+12
1.093286799169793433e+00 2.320231168331727539e+12
1.097659946366472461e+00 2.221538100362877441e+12
1.102050586151938294e+00 2.184327906791591797e+12
1.106458788496546219e+00 2.092966452777728760e+12
1.110884623650532532e+00 2.086379105576617676e+12
1.115328162145134749e+00 2.151928818031841309e+12
1.119789474793714934e+00 2.130977922719151123e+12
1.124268632692889902e+00 2.193303467940752197e+12
1.128765707223661430e+00 2.195123867342039795e+12
1.133280770052556230e+00 2.159277021510729736e+12
1.137813893132766374e+00 2.012607594119599609e+12
1.142365148705297484e+00 2.012698036276005127e+12
1.146934609300118479e+00 2.211624363907053223e+12
1.151522347737319096e+00 2.230432015544522461e+12
1.156128437128268516e+00 2.214033674847251953e+12
1.160752950876781542e+00 2.217718821082928223e+12
1.165395962680288999e+00 2.244397633504928223e+12
1.170057546531009907e+00 2.160577641477781494e+12
1.174737776717134086e+00 2.211475108657343750e+12
1.179436727824002773e+00 2.053377862453627930e+12
1.184154474735298557e+00 2.185499268325026855e+12
1.188891092634239977e+00 2.211675883923314941e+12
1.193646657004777012e+00 2.209246317667272461e+12
1.198421243632796118e+00 2.112659539067829102e+12
1.203214928607327261e+00 2.137557508238035645e+12
1.208027788321756724e+00 2.215751897131583496e+12
1.212859899475043468e+00 2.173518994165560059e+12
1.217711339072943710e+00 2.237771450053682129e+12
1.222582184429235275e+00 2.214972494794301758e+12
1.227472513166952384e+00 2.272557541184331055e+12
1.232382403219620226e+00 2.263233353152666504e+12
1.237311932832498407e+00 2.259314761824812988e+12
1.242261180563828615e+00 2.108992969307584473e+12
1.247230225286083849e+00 2.204182520346626953e+12
1.252219146187228072e+00 2.135507823679856689e+12
1.257228022771976983e+00 2.183940623437041260e+12
1.262256934863064783e+00 2.172625782859003906e+12
1.267305962602517155e+00 2.238065796277292480e+12
1.272375186452927354e+00 2.217916313473987793e+12
1.277464687198738957e+00 2.236832181018486816e+12
1.282574545947533950e+00 2.255318912075817871e+12
1.287704844131324133e+00 2.168719581207959961e+12
1.292855663507849417e+00 2.175673432567882812e+12
1.298027086161880783e+00 2.198153457350272217e+12
1.303219194506528344e+00 2.211021765793744141e+12
1.308432071284554521e+00 2.152335211611286133e+12
1.313665799569692760e+00 2.171795518695305176e+12
1.318920462767971591e+00 2.153403287176662354e+12
1.324196144619043336e+00 2.062812292995088867e+12
1.329492929197519491e+00 1.925837203942023682e+12
1.334810900914309650e+00 1.515332762027103760e+12
1.340150144517967101e+00 1.465866754195517090e+12
1.345510745096038852e+00 1.410856238972900146e+12
1.350892788076423212e+00 1.387101053755269287e+12
1.356296359228728932e+00 1.326317198801085938e+12
1.361721544665643879e+00 1.288039873951619385e+12
1.367168430844306393e+00 1.321122518851638428e+12
1.372637104567683730e+00 1.273364338119312988e+12
1.378127652985954299e+00 1.328651455020691162e+12
1.383640163597898098e+00 1.319666803440857422e+12
1.389174724252289828e+00 1.261931141203411133e+12
1.394731423149298877e+00 1.226938918457060547e+12
1.400310348841896202e+00 1.184477989523682129e+12
1.405911590237263642e+00 1.198415318123748291e+12
1.411535236598212784e+00 1.112080320843622803e+12
1.417181377544605603e+00 1.063951563827173828e+12
1.422850103054784210e+00 1.076538530763674194e+12
1.428541503467003038e+00 1.059131921750798340e+12
1.434255669480871243e+00 1.057121401701664795e+12
1.439992692158794885e+00 1.077545171409302368e+12
1.445752662927429988e+00 1.093620463775554688e+12
1.451535673579139596e+00 1.091028263008660767e+12
1.457341816273456159e+00 1.137759618200371582e+12
1.463171183538549913e+00 1.077862883357239014e+12
1.469023868272704147e+00 1.055816282021036499e+12
1.474899963745795128e+00 1.074331216987857056e+12
1.480799563600778246e+00 1.084921123455750366e+12
1.486722761855181485e+00 1.082349873797158691e+12
1.492669652902602007e+00 1.093175109340853882e+12
1.498640331514212276e+00 1.102469993710887939e+12
1.504634892840269300e+00 1.124631657675968018e+12
1.510653432411630304e+00 1.131032366501196289e+12
1.516696046141276843e+00 1.151849884029507568e+12
1.522762830325842032e+00 1.165158215434791992e+12
1.528853881647145307e+00 1.171571297792398682e+12
1.534969297173733649e+00 1.172361958347876465e+12
1.541109174362428780e+00 1.170517022072199951e+12
1.547273611059878373e+00 1.202977830327540283e+12
1.553462705504118135e+00 1.218367785844431641e+12
1.559676556326134556e+00 1.215921630327837158e+12
1.565915262551438980e+00 1.245035214675926758e+12
1.572178923601644795e+00 1.252294062449230713e+12
1.578467639296051495e+00 1.290173834026505371e+12
1.584781509853235626e+00 1.300998519708653320e+12
1.591120635892648405e+00 1.301449628789639404e+12
1.597485118436219098e+00 1.326339674705870361e+12
1.603875058909963958e+00 1.342967037650941895e+12
1.610290559145603595e+00 1.345662172084351074e+12
1.616731721382186127e+00 1.364499564549275635e+12
1.623198648267714761e+00 1.373878388046791016e+12
1.629691442860785600e+00 1.388546414299289307e+12
1.636210208632228769e+00 1.413578599056155029e+12
1.642755049466757766e+00 1.427586612377637695e+12
1.649326069664624805e+00 1.434137142330043701e+12
1.655923373943283039e+00 1.449654069540504150e+12
1.662547067439056336e+00 1.453851412664048340e+12
1.669197255708812611e+00 1.463569981769986572e+12
1.675874044731648027e+00 1.475671494782371094e+12
1.682577540910574321e+00 1.466809812898616943e+12
1.689307851074216771e+00 1.433709519128227539e+12
1.696065082478513508e+00 1.403840947439218750e+12
1.702849342808427480e+00 1.373821947532180420e+12
1.709660740179661298e+00 1.321091544113174805e+12
1.716499383140379864e+00 1.222607524906025146e+12
1.723365380672941427e+00 1.212467663043231934e+12
1.730258842195633306e+00 1.184144330354780273e+12
1.737179877564415831e+00 1.118483038377605469e+12
1.744128597074673603e+00 1.106240554612201904e+12
1.751105111462972097e+00 1.066334598808175659e+12
1.758109531908824241e+00 1.001468106269645508e+12
1.765141970036459451e+00 9.758541359384056396e+11
1.772202537916605314e+00 9.357649713613768311e+11
1.779291348068271716e+00 8.794937853591541748e+11
1.786408513460544745e+00 8.649602762794040527e+11
1.793554147514387020e+00 8.337955790572459717e+11
1.800728364104444257e+00 8.155510603807017822e+11
1.807931277560862249e+00 7.694805168716484375e+11
1.815163002671105641e+00 7.888261241641711426e+11
1.822423654681789795e+00 7.683404432026450195e+11
1.829713349300517100e+00 7.569707980790595703e+11
1.837032202697718830e+00 7.470465928701801758e+11
1.844380331508509885e+00 6.896970821881276855e+11
1.851757852834543527e+00 6.813786480552414551e+11
1.859164884245881888e+00 6.106897394055458984e+11
1.866601543782865358e+00 6.587832605240681152e+11
1.874067949957996859e+00 6.552217193450117188e+11
1.881564221757828781e+00 6.641014149448596191e+11
1.889090478644860127e+00 6.839991980514018555e+11
1.896646840559439662e+00 6.823694293981968994e+11
1.904233427921677269e+00 6.893360671932155762e+11
1.911850361633363971e+00 6.883258328739382324e+11
1.919497763079897279e+00 6.749534920824843750e+11
1.927175754132217200e+00 6.720873965445633545e+11
1.934884457148745796e+00 6.777376396379904785e+11
1.942623994977340729e+00 6.543845643218386230e+11
1.950394490957250149e+00 6.733372275020781250e+11
1.958196068921079336e+00 6.663737287028137207e+11
1.966028853196763793e+00 6.624945475278513184e+11
1.973892968609550991e+00 6.498376974496810303e+11
1.981788540483989447e+00 6.299120914630770264e+11
1.989715694645925126e+00 6.244912117183308105e+11
1.997674557424508723e+00 6.133924666444445801e+11
2.005665255654207169e+00 6.033859948531300049e+11
2.013687916676823786e+00 6.011029653014117432e+11
2.021742668343530891e+00 6.087799614263887939e+11
2.029829639016905052e+00 5.977848909304937744e+11
2.037948957572972564e+00 5.967711961083984375e+11
2.046100753403264694e+00 5.995723704024064941e+11
2.054285156416877811e+00 6.076276890534825439e+11
2.062502297042545507e+00 6.039718672811868896e+11
2.070752306230715600e+00 6.117066501069421387e+11
2.079035315455638244e+00 6.137150241388090820e+11
2.087351456717461140e+00 6.113403946459541016e+11
2.095700862544330967e+00 6.214719886612828369e+11
2.104083665994508134e+00 6.323870763249659424e+11
2.112500000658485977e+00 6.363940208225036621e+11
2.120950000661120161e+00 6.410673981469030762e+11
2.129433800663764753e+00 6.363735358890607910e+11
2.137951535866419839e+00 6.446181457904620361e+11
2.146503342009885351e+00 6.603097999508909912e+11
2.155089355377924676e+00 6.597566407363094482e+11
2.163709712799436691e+00 6.689425827890664062e+11
2.172364551650634468e+00 6.715470714987397461e+11
2.181054009857236853e+00 6.712486487042272949e+11
2.189778225896665376e+00 6.745397215680751953e+11
2.198537338800252705e+00 6.820866493255324707e+11
2.207331488155453325e+00 6.769055541950856934e+11
2.216160814108075083e+00 6.847805200162086182e+11
2.225025457364507631e+00 6.883436942971928711e+11
2.233925559193965515e+00 6.879256109222226562e+11
2.242861261430741493e+00 6.925180143835242920e+11
2.251832706476463830e+00 6.879563771035825195e+11
2.260840037302370042e+00 6.813242769536702881e+11
2.269883397451579299e+00 6.848223890095551758e+11
2.278962931041386142e+00 6.793395453636943359e+11
2.288078782765551100e+00 6.825099278937069092e+11
2.297231097896613505e+00 6.073329856514726562e+11
2.306420022288200311e+00 6.496850129095178223e+11
2.315645702377353121e+00 6.265357626656136475e+11
2.324908285186861878e+00 5.737639508257116699e+11
2.334207918327609654e+00 6.006072193099338379e+11
2.343544750000919663e+00 5.840730748253769531e+11
2.352918929000923143e+00 5.473306649749447632e+11
2.362330604716927240e+00 5.541953296128226318e+11
2.371779927135795329e+00 5.514091496869272461e+11
2.381267046844337987e+00 5.223220811040135498e+11
2.390792115031715070e+00 5.055493325363494873e+11
2.400355283491842240e+00 4.873882104265239258e+11
2.409956704625809465e+00 4.527355597462028198e+11
2.419596531444312859e+00 4.484152021987169800e+11
2.429274917570089620e+00 4.176875173450008545e+11
2.438992017240370291e+00 4.011655977510867920e+11
2.448747985309331465e+00 3.823641727033911743e+11
2.458542977250568917e+00 3.670798395055901489e+11
2.468377149159570738e+00 3.592546468928923950e+11
2.478250657756209563e+00 3.265982326791845703e+11
2.488163660387234355e+00 3.271534159933225098e+11
2.498116315028783063e+00 3.235470621792734985e+11
2.508108780288898387e+00 2.946375466946172485e+11
2.518141215410053757e+00 2.941168153647510376e+11
2.528213780271693967e+00 2.807926297814783325e+11
2.538326635392781139e+00 2.772065626359536743e+11
2.548479941934351789e+00 2.738679192694855042e+11
2.558673861702089436e+00 2.669001541229379578e+11
2.568908557148898097e+00 2.703331699344793396e+11
2.579184191377493551e+00 2.541280232599507446e+11
2.589500928143003478e+00 2.659054495649996643e+11
2.599858931855575594e+00 2.686617419550224304e+11
2.610258367582998229e+00 2.715264242314582520e+11
2.620699401053329769e+00 2.617615231363680725e+11
2.631182198657543214e+00 2.641743296672686157e+11
2.641706927452173392e+00 2.612454628695040894e+11
2.652273755161981938e+00 2.719813607901321106e+11
2.662882850182629824e+00 2.733951980354642334e+11
2.673534381583360542e+00 2.536987387810287781e+11
2.684228519109693956e+00 2.558983334669125671e+11
2.694965433186132575e+00 2.426272475310356750e+11
2.705745294918877164e+00 2.421237591245212097e+11
2.716568276098552559e+00 2.354948199624402771e+11
2.727434549202946812e+00 2.250499911665022888e+11
2.738344287399758326e+00 2.210017430148953247e+11
2.749297664549357201e+00 2.192716835184170532e+11
2.760294855207554576e+00 2.199336715300148010e+11
2.771336034628385292e+00 2.118563779040321655e+11
2.782421378766898545e+00 2.027543879161332397e+11
2.793551064281966312e+00 2.070218678228138428e+11
2.804725268539093985e+00 1.966084642973319702e+11
2.815944169613250558e+00 1.907697986178659668e+11
2.827207946291703244e+00 2.010136721602315979e+11
2.838516778076869862e+00 1.892549076315613708e+11
2.849870845189177437e+00 1.883105470035779114e+11
2.861270328569933685e+00 1.923366079988175354e+11
2.872715409884213589e+00 1.887544953324410095e+11
2.884206271523750420e+00 1.866431874872925415e+11
2.895743096609845413e+00 1.902220923842667542e+11
2.907326068996284985e+00 1.748972295841205139e+11
2.918955373272270393e+00 1.771655188224622192e+11
2.930631194765359826e+00 1.809273885280133972e+11
2.942353719544420709e+00 1.734972627759476929e+11
2.954123134422598440e+00 1.752494102293107300e+11
2.965939626960289122e+00 1.707577488164337463e+11
2.977803385468130504e+00 1.765738524944947205e+11
2.989714599010003138e+00 1.694171221441023865e+11
3.001673457406043077e+00 1.710664839053670044e+11
3.013680151235667015e+00 1.708257940509320984e+11
3.025734871840609408e+00 1.641767099788793945e+11
3.037837811327972037e+00 1.735043483353458862e+11
3.049989162573283785e+00 1.643927247682011108e+11
3.062189119223576395e+00 1.726410061506847839e+11
3.074437875700470890e+00 1.661555894580831604e+11
3.086735627203272880e+00 1.665352805587040710e+11
3.099082569712085622e+00 1.685955637082439880e+11
3.111478899990933744e+00 1.629369753536861267e+11
3.123924815590897186e+00 1.671502954471245117e+11
3.136420514853261121e+00 1.647470423523337402e+11
3.148966196912674320e+00 1.646268008480371094e+11
3.161562061700325277e+00 1.666201529246582947e+11
3.174208309947126327e+00 1.612039933165462952e+11
3.186905143186915090e+00 1.703177786510275879e+11
3.199652763759662566e+00 1.568661328913091431e+11
3.212451374814701222e+00 1.683817489099343567e+11
3.225301180313960625e+00 1.643392937453977356e+11
3.238202385035215958e+00 1.633747816276206970e+11
3.251155194575356955e+00 1.671449926811289062e+11
3.264159815353658622e+00 1.665901831838921509e+11
3.277216454615073271e+00 1.642283403282781067e+11
3.290325320433533207e+00 1.648147938350437622e+11
3.303486621715267635e+00 1.656656356423355713e+11
3.316700568202128441e+00 1.622173687269827271e+11
3.329967370474937294e+00 1.684135612261873779e+11
3.343287239956836743e+00 1.603529047222070312e+11
3.356660388916663962e+00 1.636549304582668457e+11
3.370087030472330714e+00 1.646432973619831848e+11
3.383567378594220187e+00 1.611317494008177185e+11
3.397101648108596716e+00 1.619878526675747070e+11
3.410690054701031482e+00 1.612710797993261414e+11
3.424332814919834878e+00 1.614644880138294678e+11
3.438030146179514634e+00 1.597593046205864258e+11
3.451782266764232610e+00 1.612890828455263977e+11
3.465589395831289998e+00 1.613214629069845581e+11
3.479451753414614767e+00 1.594716631305165710e+11
3.493369560428273068e+00 1.550763816851233826e+11
3.507343038669985980e+00 1.611351792180788269e+11
3.521372410824665788e+00 1.550281189616419678e+11
3.535457900467964709e+00 1.564384733360314331e+11
3.549599732069836477e+00 1.557600573193106079e+11
3.563798130998116154e+00 1.551227997233105469e+11
3.578053323522108364e+00 1.550408678098955688e+11
3.592365536816196858e+00 1.546940717303390198e+11
3.606734998963461614e+00 1.534150838784021912e+11
3.621161938959315041e+00 1.518338641295520935e+11
3.635646586715152839e+00 1.517787083387998352e+11
3.650189173062013293e+00 1.512372963999199219e+11
3.664789929754260545e+00 1.510848092377409668e+11
3.679449089473277645e+00 1.488806918773095398e+11
3.694166885831170699e+00 1.485683678845761108e+11
3.708943553374495661e+00 1.502562834896019897e+11
3.723779327587993571e+00 1.498626558260190735e+11
3.738674444898345328e+00 1.456151122001497192e+11
3.753629142677938901e+00 1.481984538543235168e+11
3.768643659248651190e+00 1.458821496093895874e+11
3.783718233885645432e+00 1.477188793225187988e+11
3.798853106821188153e+00 1.455156866776988831e+11
3.814048519248473657e+00 1.450767230437824707e+11
3.829304713325467180e+00 1.404092344385581970e+11
3.844621932178768908e+00 1.420184667393214722e+11
3.860000419907484215e+00 1.422674938366738281e+11
3.875440421587113882e+00 1.402167908721018677e+11
3.890942183273462529e+00 1.380877272195737915e+11
3.906505952006555926e+00 1.370704315156081543e+11
3.922131975814582727e+00 1.358861544626439819e+11
3.937820503717840648e+00 1.337831664982156677e+11
3.953571785732711508e+00 1.305641791249152069e+11
3.969386072875642490e+00 1.286675598829799652e+11
3.985263617167145167e+00 1.245107348658283691e+11
4.001204671635814059e+00 1.230235794374756165e+11
4.017209490322357190e+00 1.220228634503335724e+11
4.033278328283646630e+00 1.182394012789304504e+11
4.049411441596781458e+00 1.156526362568532257e+11
4.065609087363168506e+00 1.129959181712530518e+11
4.081871523712622185e+00 1.068618760048452759e+11
4.098199009807472315e+00 1.082659460867682190e+11
4.114591805846702144e+00 1.050808843819353333e+11
4.131050173070089038e+00 1.038011624768951416e+11
4.147574373762369149e+00 1.037018611144396820e+11
4.164164671257418959e+00 9.802378300214524841e+10
4.180821329942449260e+00 9.859403761338180542e+10
4.197544615262219558e+00 9.720291843551425171e+10
4.214334793723269357e+00 9.401396840981245422e+10
4.231192132898162761e+00 9.579794102302474976e+10
4.248116901429755288e+00 8.870255791307649231e+10
4.265109369035473996e+00 8.833547255189624023e+10
4.282169806511615384e+00 8.812013931873880005e+10
4.299298485737661935e+00 8.562470929864509583e+10
4.316495679680612874e+00 8.576831408057839966e+10
4.333761662399335357e+00 8.321768768358807373e+10
4.351096709048932532e+00 8.140455979919898987e+10
4.368501095885127583e+00 7.902413629903501892e+10
4.385975100268668214e+00 7.738387178358377075e+10
4.403519000669743555e+00 7.494527854360632324e+10
4.421133076672422391e+00 7.310526906347990417e+10
4.438817608979111817e+00 7.014711026190927124e+10
4.456572879415028332e+00 7.024335012622662354e+10
4.474399170932688463e+00 6.707111347576615906e+10
4.492296767616419828e+00 6.641154063121170807e+10
4.510265954686884626e+00 6.679613729997719574e+10
4.528307018505633330e+00 6.349181790880011749e+10
4.546420246579655711e+00 6.424884420763987732e+10
4.564605927565974497e+00 6.141759109867185974e+10
4.582864351276237258e+00 6.348309540921966553e+10
4.601195808681342925e+00 6.034588024027135468e+10
4.619600591916067422e+00 6.031309855772609711e+10
4.638078994283731937e+00 5.931947885638603210e+10
4.656631310260867629e+00 5.927623387906076050e+10
4.675257835501911430e+00 5.707546089863980103e+10
4.693958866843916944e+00 5.798423709196134949e+10
4.712734702311292878e+00 5.660747475660071564e+10
4.731585641120538810e+00 5.641354504694914246e+10
4.750511983685020923e+00 5.556349557423875427e+10
4.769514031619761063e+00 5.431171786482624817e+10
4.788592087746240011e+00 5.345535252678896332e+10
4.807746456097224730e+00 5.314939440630183411e+10
4.826977441921613377e+00 5.305220500769480133e+10
4.846285351689299858e+00 5.193545713819444275e+10
4.865670493096057925e+00 5.137853968115301514e+10
4.885133175068442135e+00 5.022502510978807068e+10
4.904673707768715474e+00 5.005066050221768188e+10
4.924292402599791174e+00 4.895118613292247009e+10
4.943989572210189642e+00 4.809608203270568085e+10
4.963765530499030021e+00 4.658404418743589783e+10
4.983620592621027079e+00 4.787301064000880432e+10
5.003555074991511198e+00 4.599149346025492096e+10
5.023569295291476777e+00 4.409871555791336060e+10
5.043663572472643075e+00 4.582550262185815430e+10
5.063838226762532813e+00 4.369895807766333008e+10
5.084093579669583640e+00 4.307927851175820923e+10
5.104429953988261381e+00 4.254415714936281586e+10
5.124847673804215020e+00 4.242017678673570251e+10
5.145347064499431688e+00 4.124161226756358337e+10
5.165928452757428957e+00 3.997676117611714172e+10
5.186592166568458673e+00 4.054975825578858948e+10
5.207338535234733001e+00 3.931528570944281006e+10
5.228167889375671784e+00 3.929848660503936768e+10
5.249080560933174766e+00 3.752300725818688965e+10
5.270076883176907145e+00 3.743262649732226562e+10
5.291157190709615321e+00 3.714377037223853302e+10
5.312321819472453299e+00 3.656464985111497498e+10
5.333571106750343738e+00 3.664063238853865051e+10
5.354905391177344320e+00 3.474963513677024841e+10
5.376325012742054099e+00 3.542794857241495514e+10
5.397830312793021612e+00 3.417316413129391479e+10
5.419421634044193858e+00 3.234723643510364151e+10
5.441099320580370602e+00 3.347711665354352570e+10
5.462863717862692425e+00 3.254664916128654861e+10
5.484715172734142996e+00 3.233515824395862579e+10
5.506654033425078865e+00 3.265099109993193817e+10
5.528680649558780580e+00 3.027849522012005615e+10
5.550795372157015350e+00 3.036546832568023682e+10
5.572998553645643227e+00 2.986195707946250534e+10
5.595290547860225949e+00 3.070945208591183853e+10
5.617671710051667766e+00 2.943878689107957458e+10
5.640142396891874021e+00 2.969452156850315094e+10
5.662702966479441713e+00 2.910229041507011414e+10
5.685353778345359821e+00 2.790917379707538223e+10
5.708095193458740724e+00 2.828576490754557037e+10
5.730927574232576482e+00 2.695197529087087631e+10
5.753851284529505783e+00 2.831783583597109222e+10
5.776866689667624399e+00 2.666968633998084641e+10
5.799974156426294769e+00 2.738312952340241623e+10
5.823174053051999977e+00 2.604915111154716110e+10
5.846466749264207508e+00 2.592383729604146957e+10
5.869852616261264977e+00 2.605525228105887985e+10
5.893332026726310069e+00 2.546083954764281464e+10
5.916905354833215114e+00 2.589711666855835342e+10
5.940572976252548543e+00 2.468549438157492828e+10
5.964335268157558545e+00 2.509513777208849716e+10
5.988192609230189589e+00 2.466739811716170120e+10
6.012145379667110490e+00 2.492159707035451889e+10
6.036193961185778889e+00 2.355197282504307938e+10
6.060338737030522616e+00 2.383942975851403046e+10
6.084580091978644134e+00 2.449988001515493011e+10
6.108918412346558746e+00 2.319769518094570923e+10
6.133354085995945226e+00 2.440517177504841995e+10
6.157887502339929320e+00 2.347394755585301971e+10
6.182519052349287669e+00 2.294159969649895477e+10
6.207249128558685491e+00 2.313331474213191223e+10
6.232078125072920471e+00 2.287880683228982925e+10
6.257006437573212843e+00 2.228333294785920715e+10
6.282034463323505236e+00 2.210713675108406830e+10
6.307162601176800720e+00 2.187124981446969604e+10
6.332391251581507063e+00 2.166951572741201401e+10
6.357720816587833390e+00 2.121440859334623337e+10
6.383151699854184180e+00 2.049907331370642090e+10
6.408684306653601226e+00 1.971191846019441986e+10
6.434319043880215361e+00 1.973737415051355362e+10
6.460056320055736379e+00 1.841965066189838409e+10
6.485896545335958052e+00 1.688890511616878891e+10
6.511840131517302233e+00 1.726489786476499176e+10
6.537887492043371829e+00 1.653741268711756897e+10
6.564039042011545533e+00 1.582660237406039619e+10
6.590295198179591196e+00 1.510745336910957718e+10
6.616656378972309405e+00 1.495728813639444923e+10
6.643123004488199257e+00 1.433573241437659836e+10
6.669695496506150789e+00 1.444167479356945419e+10
6.696374278492176479e+00 1.428028747323005295e+10
6.723159775606144528e+00 1.455240671320630646e+10
6.750052414708568094e+00 1.426655323860269547e+10
6.777052624367403411e+00 1.356590380886171913e+10
6.804160834864871887e+00 1.371645151528613853e+10
6.831377478204331055e+00 1.321748015625949669e+10
6.858702988117148180e+00 1.350847586155547523e+10
6.886137800069615622e+00 1.329683507347997475e+10
6.913682351269895499e+00 1.309620476405521202e+10
6.941337080674975013e+00 1.309955172084747887e+10
6.969102428997675069e+00 1.297880777286949158e+10
6.996978838713665994e+00 1.293995157566758919e+10
7.024966754068519670e+00 1.275195843864518929e+10
7.053066621084793653e+00 1.244709557571173477e+10
7.081278887569133929e+00 1.225790620842382431e+10
7.109604003119409654e+00 1.175108531800160217e+10
7.138042419131887861e+00 1.216270489655193520e+10
7.166594588808414379e+00 1.207351034154090309e+10
7.195260967163648047e+00 1.181944981574142456e+10
7.224042011032302923e+00 1.162889078414627075e+10
7.252938179076432235e+00 1.146617505354685402e+10
7.281949931792737196e+00 1.146722252799167252e+10
7.311077731519908696e+00 1.133174056476530647e+10
7.340322042445988515e+00 1.096811970679885864e+10
7.369683330615771411e+00 1.082241968331282234e+10
7.399162063938235612e+00 1.113501754242277145e+10
7.428758712193988423e+00 1.043943585484916115e+10
7.458473747042765112e+00 1.065563097879856873e+10
7.488307642030935796e+00 1.052783191148319626e+10
7.518260872599060285e+00 1.021324600593292236e+10
7.548333916089456253e+00 1.045365265443600082e+10
7.578527251753813587e+00 9.925150996727233887e+09
7.608841360760829176e+00 9.433193300404073715e+09
7.639276726203872769e+00 9.841307876513248444e+09
7.669833833108687493e+00 9.406742879868928909e+09
7.700513168441122325e+00 9.501831175606004715e+09
7.731315221114887670e+00 9.333381663031114578e+09
7.762240481999347352e+00 9.047834136183200836e+09
7.793289443927344351e+00 9.145563144874486923e+09
7.824462601703054077e+00 9.175541683861179352e+09
7.855760452109866065e+00 8.873027466186450958e+09
7.887183493918306532e+00 8.338642547304211617e+09
7.918732227893980458e+00 8.523336616546409607e+09
7.950407156805555431e+00 8.425083389383755684e+09
7.982208785432777454e+00 8.113460962256917000e+09
8.014137620574508958e+00 8.343413735672017097e+09
8.046194171056805899e+00 7.947417551071795464e+09
8.078378947741034821e+00 7.951995013732555389e+09
8.110692463531997021e+00 7.698578557371899605e+09
8.143135233386125549e+00 7.755338389246354103e+09
8.175707774319670662e+00 7.672374397035140038e+09
8.208410605416949224e+00 7.320260085391163826e+09
8.241244247838615422e+00 7.495795561777963638e+09
8.274209224829968790e+00 7.092421624188061714e+09
8.307306061729288871e+00 7.278511183567230225e+09
8.340535285976207192e+00 6.932644633392075539e+09
8.373897427120111203e+00 6.790361511190395355e+09
8.407393016828594412e+00 6.998984235470458031e+09
8.441022588895906509e+00 6.672420462527296066e+09
8.474786679251490540e+00 6.882505828961613655e+09
8.508685825968495209e+00 6.601084282593579292e+09
8.542720569272368891e+00 6.605792766485448837e+09
8.576891451549458978e+00 6.418148652799834251e+09
8.611199017355655627e+00 6.507109219509422302e+09
8.645643813425078150e+00 6.469073024397464752e+09
8.680226388678779159e+00 6.280581514287318230e+09
8.714947294233493125e+00 6.261782629280096054e+09
8.749807083410427566e+00 5.950820410853851318e+09
8.784806311744070229e+00 6.103629394874263763e+09
8.819945536991047774e+00 5.983397570039555550e+09
8.855225319139009343e+00 5.914369611295730591e+09
8.890646220415566958e+00 5.994859645221768379e+09
8.926208805297228821e+00 5.939230821806273460e+09
8.961913640518417878e+00 5.647734099485819817e+09
8.997761295080492161e+00 5.767901643714674950e+09
9.033752340260813085e+00 5.706270864108743668e+09
9.069887349621856387e+00 5.643191011612693787e+09
9.106166899020346150e+00 5.531564749400802612e+09
9.142591566616424359e+00 5.509051579283486366e+09
9.179161932882891506e+00 5.468685755860039711e+09
9.215878580614422333e+00 5.343167269516101837e+09
9.252742094936881045e+00 5.188352410379035950e+09
9.289753063316627646e+00 5.208661889345498085e+09
9.326912075569895322e+00 5.134821186765219688e+09
9.364219723872173162e+00 5.233017166031929016e+09
9.401676602767663482e+00 4.972165098349473000e+09
9.439283309178733816e+00 4.938764478773808479e+09
9.477040442415447075e+00 4.961484763746842384e+09
9.514948604185111236e+00 4.847599901898077011e+09
9.553008398601852136e+00 4.936759037619275093e+09
9.591220432196260859e+00 4.700383475867733002e+09
9.629585313925044687e+00 4.620954475894563675e+09
9.668103655180747324e+00 4.607345230368436813e+09
9.706776069801470896e+00 4.512458005660058975e+09
9.745603174080676112e+00 4.549491495162637711e+09
9.784585586776998412e+00 4.518325518690388680e+09
9.823723929124106746e+00 4.375572862665785789e+09
9.863018824840601440e+00 4.332294397066966057e+09
9.902470900139965337e+00 4.043834474372926712e+09
9.942080783740523842e+00 4.240347000976171494e+09
9.981849106875488431e+00 4.124545705044095039e+09
1.002177650330298952e+01 4.094090045971499920e+09
1.006186360931619994e+01 3.991689450379749298e+09
1.010211106375346723e+01 3.870360164916759968e+09
1.014251950800847979e+01 3.929232231214472294e+09
1.018308958604051284e+01 3.903447822349954128e+09
1.022382194438467451e+01 3.761512612051467896e+09
1.026471723216221399e+01 3.725983869369951725e+09
1.030577610109086173e+01 3.651206663512372017e+09
1.034699920549522467e+01 3.580916141779272556e+09
1.038838720231720458e+01 3.552214274828480244e+09
1.042994075112647501e+01 3.468367031552831650e+09
1.047166051413097954e+01 3.410294621514188766e+09
1.051354715618750468e+01 3.411994340730719566e+09
1.055560134481225454e+01 3.318007083264463425e+09
1.059782375019150358e+01 3.215598911169096947e+09
1.064021504519226902e+01 3.259236966704413414e+09
1.068277590537303823e+01 3.243101193416528702e+09
1.072550700899452991e+01 3.100698384427371502e+09
1.076840903703050856e+01 3.025106094802911758e+09
1.081148267317863088e+01 3.048866291387959003e+09
1.085472860387134553e+01 3.082144935789692402e+09
1.089814751828683015e+01 2.875701351104240894e+09
1.094174010835997635e+01 2.901079583560237408e+09
1.098550706879341909e+01 2.751123256787630558e+09
1.102944909706859100e+01 2.747577313263292789e+09
1.107356689345686540e+01 2.740938572413308144e+09
1.111786116103069233e+01 2.690969534646329403e+09
1.116233260567481622e+01 2.647084312951232433e+09
1.120698193609751492e+01 2.572690152633419037e+09
1.125180986384190440e+01 2.558990841117420673e+09
1.129681710329727373e+01 2.508927037261123180e+09
1.134200437171046083e+01 2.491620498303192139e+09
1.138737238919730466e+01 2.450564469849770546e+09
1.143292187875409383e+01 2.395374995549552917e+09
1.147865356626910938e+01 2.384365316040561199e+09
1.152456818053418530e+01 2.330637840623006821e+09
1.157066645325632237e+01 2.256763908163661957e+09
1.161694911906934635e+01 2.231691415940592289e+09
1.166341691554562487e+01 2.225529429857013702e+09
1.171007058320780736e+01 2.160626777688737392e+09
1.175691086554063958e+01 2.068203234563263416e+09
1.180393850900279951e+01 2.089616987309213161e+09
1.185115426303881137e+01 2.043046295544097662e+09
1.189855888009096674e+01 2.038288196461728573e+09
1.194615311561133097e+01 2.009391522900831938e+09
1.199393772807377623e+01 1.986027101989263296e+09
1.204191347898607134e+01 1.958686126169154644e+09
1.209008113290201614e+01 1.912919587430251598e+09
1.213844145743362368e+01 1.866018911563463926e+09
1.218699522326335938e+01 1.888973919644691467e+09
1.223574320415641381e+01 1.816458643008040667e+09
1.228468617697303777e+01 1.834231764493170261e+09
1.233382492168093059e+01 1.762520646729001999e+09
1.238316022136765504e+01 1.752251266676853180e+09
1.243269286225312520e+01 1.639300621385080338e+09
1.248242363370213859e+01 1.703982775275424957e+09
1.253235332823694748e+01 1.618302734330053329e+09
1.258248274154989410e+01 1.644682064345215321e+09
1.263281267251609385e+01 1.610419705145325899e+09
1.268334392320615756e+01 1.572458596628397942e+09
1.273407729889898299e+01 1.593176632605829716e+09
1.278501360809457665e+01 1.501023227696431637e+09
1.283615366252695544e+01 1.470083069569330931e+09
1.288749827717706253e+01 1.524774293032388449e+09
1.293904827028577031e+01 1.424323784434376955e+09
1.299080446336691352e+01 1.459664877680798054e+09
1.304276768122038099e+01 1.400289609851030827e+09
1.309493875194526424e+01 1.410282130576617241e+09
1.314731850695304693e+01 1.370248446935549259e+09
1.319990778098085649e+01 1.339919738695401907e+09
1.325270741210477965e+01 1.301743250619362831e+09
1.330571824175319939e+01 1.285166481431281567e+09
1.335894111472021173e+01 1.285660084405078888e+09
1.341237687917909227e+01 1.282884767785615206e+09
1.346602638669580898e+01 1.214477710511214256e+09
1.351989049224258999e+01 1.243442500531417847e+09
1.357397005421156067e+01 1.191924724795862675e+09
1.362826593442840917e+01 1.186199862695782661e+09
1.368277899816612297e+01 1.175166362914564371e+09
1.373751011415878942e+01 1.117767005042557478e+09
1.379246015461542463e+01 1.156126166937799692e+09
1.384762999523388416e+01 1.082902618151881456e+09
1.390302051521481808e+01 1.131973093123610973e+09
1.395863259727567751e+01 1.092868798007827520e+09
1.401446712766477987e+01 1.045382374688922286e+09
1.407052499617543972e+01 1.082370156018461943e+09
1.412680709616014063e+01 1.008049372983522773e+09
1.418331432454478147e+01 9.792912692601083517e+08
1.424004758184296193e+01 9.985793770863499641e+08
1.429700777217033369e+01 1.010775389430812836e+09
1.435419580325901379e+01 9.507717398683041334e+08
1.441161258647204946e+01 9.576688258201977015e+08
1.446925903681793812e+01 9.120423461540541649e+08
1.452713607296521126e+01 9.295562929059168100e+08
1.458524461725707155e+01 9.094236661898667812e+08
1.464358559572609764e+01 8.724734970116585493e+08
1.470215993810900557e+01 8.640562869367880821e+08
1.476096857786143879e+01 8.922104994029558897e+08
1.482001245217288599e+01 8.585007665849657059e+08
1.487929250198157760e+01 8.288042244512513876e+08
1.493880967198950316e+01 8.250042673833316565e+08
1.499856491067746056e+01 8.151276140165250301e+08
1.505855917032016933e+01 8.083788009911738634e+08
1.511879340700144958e+01 7.849763127925540209e+08
1.517926858062945605e+01 7.627644508988671303e+08
1.523998565495197433e+01 7.835688108128371239e+08
1.530094559757178274e+01 7.492705333798506260e+08
1.536214937996206764e+01 7.376508199311738014e+08
1.542359797748191674e+01 7.247734867579876184e+08
1.548529236939184450e+01 7.240919840146857500e+08
1.554723353886941339e+01 6.889638110912389755e+08
1.560942247302489072e+01 7.118564440349662304e+08
1.567186016291699069e+01 6.928473587250478268e+08
1.573454760356865556e+01 6.686157116621944904e+08
1.579748579398293096e+01 6.745703591581209898e+08
1.586067573715886247e+01 6.539788600129195452e+08
1.592411844010749888e+01 6.653618487117440701e+08
1.598781491386792730e+01 6.115448064032173157e+08
1.605176617352340074e+01 6.245237424617305994e+08
1.611597323821749228e+01 5.993517062400535345e+08
1.618043713117036120e+01 6.106467919884704351e+08
1.624515887969504391e+01 5.737802433856056929e+08
1.631013951521382310e+01 6.013140486281141043e+08
1.637538007327468037e+01 5.921327775171136856e+08
1.644088159356778078e+01 5.820163205687369108e+08
1.650664511994205341e+01 5.566396007272821665e+08
1.657267170042182158e+01 5.444903006305059195e+08
1.663896238722350418e+01 5.181831539416422844e+08
1.670551823677240222e+01 5.392981468951435089e+08
1.677234030971949608e+01 5.453008533749591112e+08
1.683942967095837062e+01 5.226669994911261201e+08
1.690678738964220429e+01 5.092928993368726969e+08
1.697441453920077237e+01 5.138317764830272198e+08
1.704231219735757108e+01 5.314083109056620598e+08
1.711048144614700561e+01 4.685618928405967355e+08
1.717892337193159236e+01 4.876260275815790892e+08
1.724763906541932101e+01 4.614955180528895855e+08
1.731662962168099895e+01 4.599482244954385757e+08
1.738589614016772344e+01 4.478041907312620282e+08
1.745543972472839300e+01 4.616812938016213179e+08
1.752526148362730751e+01 4.477289450079229474e+08
1.759536252956181812e+01 4.315552124186338782e+08
1.766574397968006238e+01 4.259240648047767282e+08
1.773640695559878466e+01 4.235879983814754486e+08
1.780735258342117433e+01 4.231016505637171865e+08
1.787858199375486024e+01 4.249049557064666152e+08
1.795009632172988034e+01 4.004532852895103097e+08
1.802189670701679702e+01 4.095309936170805097e+08
1.809398429384486562e+01 4.000841210692474842e+08
1.816636023102024211e+01 3.646596388682281375e+08
1.823902567194432578e+01 3.931027133790237904e+08
1.831198177463210186e+01 3.872111628847576380e+08
1.838522970173062987e+01 3.764541382909992933e+08
1.845877062053754969e+01 3.711527337528081536e+08
1.853260570301970134e+01 3.449146025500541329e+08
1.860673612583178027e+01 3.338633386554734111e+08
1.868116307033510637e+01 3.458202500446960926e+08
1.875588772261644976e+01 3.380958061802938581e+08
1.883091127350691352e+01 3.523766891130967140e+08
1.890623491860094063e+01 3.330012803955365419e+08
1.898185985827534594e+01 3.224648489490532875e+08
1.905778729770844748e+01 3.373876306622273326e+08
1.913401844689928311e+01 3.318113262726761699e+08
1.921055452068688041e+01 3.007357062024288177e+08
1.928739673876962968e+01 3.093324590233929157e+08
1.936454632572470658e+01 3.101713334923626184e+08
1.944200451102760141e+01 2.792414544458152056e+08
1.951977252907171589e+01 3.096480400981221199e+08
1.959785161918800256e+01 2.839871832806575298e+08
1.967624302566475691e+01 2.847069912273582220e+08
1.991079942767366973e+01 2.751706546719841957e+08
