# Wavelength (micrometer), Flux (W / m2 / m)
1.000553076518779783e-01 2.461582116261276099e+01
1.004555288824854897e-01 5.295738172249012744e-20
1.008573509980154326e-01 2.322190184182855331e-19
1.012607804020075053e-01 3.232231443912522889e-19
1.016658235236155422e-01 1.151273691190372955e-19
1.020724868177099870e-01 2.713643243167933519e-16
1.024807767649808382e-01 1.761812942530718794e-18
1.028906998720407612e-01 1.164649404083443551e-18
1.033022626715289355e-01 2.864141703256302765e-15
1.037154717222150413e-01 7.225928093871918025e-19
1.041303336091038839e-01 5.305480652840889315e-18
1.045468549435403099e-01 5.993586707810723913e-17
1.049650423633144702e-01 5.011370226568068606e-19
1.053849025327677214e-01 6.817162302342804972e-16
1.058064421428987906e-01 3.304596570359581019e-18
1.062296679114703990e-01 1.436557226454937113e-15
1.066545865831162732e-01 2.426974536664106165e-16
1.070812049294487533e-01 6.821994649167400894e-17
1.075095297491665408e-01 2.207453628421069796e-14
1.079395678681632220e-01 1.066430068401677795e-16
1.083713261396358624e-01 2.185605619106636590e-14
1.088048114441943909e-01 1.017600027013183566e-14
1.092400306899711654e-01 3.046542585351618989e-11
1.096769908127310511e-01 2.082041073807226228e-14
1.101156987759819850e-01 1.957681253836406956e-14
1.105561615710859147e-01 2.162546470643069243e-11
1.109983862173702651e-01 2.313952127346056141e-12
1.114423797622397516e-01 1.521800685683140276e-13
1.118881492812886930e-01 4.176581795967383786e-14
1.123357018784138517e-01 1.853372236912187793e-13
1.127850446859275102e-01 1.007229014145742976e-09
1.132361848646712132e-01 2.650622935870531947e-10
1.136891296041298988e-01 3.016329312210711937e-10
1.141438861225464035e-01 3.788715584451651220e-10
1.146004616670366072e-01 4.918006282744962913e-10
1.150588635137047705e-01 4.028759820678517932e-10
1.155190989677595953e-01 2.680478273112469588e-10
1.159811753636306314e-01 5.503832470058491853e-10
1.164451000650851553e-01 5.785975537438420885e-11
1.169108804653455069e-01 6.178321088627297101e-11
1.173785239872068981e-01 1.995706766530046335e-11
1.178480380831557206e-01 6.985382581319787653e-12
1.183194302354883543e-01 3.696100844430846723e-11
1.187927079564302935e-01 2.007260181447376255e-12
1.192678787882560099e-01 2.255653309317789614e-12
1.197449503034090645e-01 1.105276890890741702e-12
1.202239301046226783e-01 1.715629800403283584e-13
1.207048258250411760e-01 6.048988221638817257e-12
1.211876451283413342e-01 3.470755515360627626e-13
1.216723957088547137e-01 1.101559778552641928e-15
1.221590852916901310e-01 1.321501774940802654e-12
1.226477216328568792e-01 2.225313142933656679e-11
1.231383125193883099e-01 3.616442131001841025e-14
1.236308657694658586e-01 8.023109284518596031e-13
1.241253892325437369e-01 7.377039848435208290e-13
1.246218907894739159e-01 2.115308124800070818e-13
1.251203783526317892e-01 9.377388219368234177e-12
1.256208598660423226e-01 4.087006881613111839e-11
1.261233433055065078e-01 1.144974274743135218e-11
1.266278366787285392e-01 1.577590957907246807e-13
1.271343480254434610e-01 3.092976029591019675e-10
1.276428854175452321e-01 6.565431350360923415e-11
1.281534569592154005e-01 6.370734291718232483e-12
1.286660707870522780e-01 1.138002509652326102e-10
1.291807350702004475e-01 3.586524145215627680e-10
1.296974580104812425e-01 4.991709773072959774e-10
1.302162478425231973e-01 1.076255556258979973e-13
1.307371128338932764e-01 3.368479292045928933e-11
1.312600612852288795e-01 3.216503574954588725e-09
1.317851015303697915e-01 1.214692126039812682e-11
1.323122419364912705e-01 4.082161819013839343e-10
1.328414909042372472e-01 1.453945517866996119e-09
1.333728568678542170e-01 4.145846614244947185e-10
1.339063482953256612e-01 2.457669378405954957e-12
1.344419736885069383e-01 5.982510218690732944e-10
1.349797415832609815e-01 1.351619288898630183e-09
1.355196605495940232e-01 7.111064401979212635e-10
1.360617391917924301e-01 1.532359947699394672e-09
1.366059861485595939e-01 1.946457590470024015e-10
1.371524100931538481e-01 3.207918233133765627e-12
1.377010197335264696e-01 3.803067590524677686e-11
1.382518238124605670e-01 2.065502807693964648e-08
1.388048311077104136e-01 2.891971790999999947e-09
1.393600504321412248e-01 5.603106447641905491e-11
1.399174906338697677e-01 3.351104934435278858e-11
1.404771605964052761e-01 1.422792027043777374e-08
1.410390692387908651e-01 5.134316227530592557e-10
1.416032255157460562e-01 4.745824950599325340e-08
1.421696384178090522e-01 2.844041085829473905e-12
1.427383169714803168e-01 4.800715351117356925e-09
1.433092702393662099e-01 1.028943544959543479e-06
1.438825073203236771e-01 2.597231884806806587e-08
1.444580373496049674e-01 5.116589233999535799e-07
1.450358694990033503e-01 1.850096480937503020e-08
1.456160129769993872e-01 1.127127215380103406e-06
1.461984770289073976e-01 4.350497486427134666e-06
1.467832709370230082e-01 1.272656737246482019e-07
1.473704040207710897e-01 1.824847653789343275e-06
1.479598856368541382e-01 2.088128940969299897e-09
1.485517251794015725e-01 3.454594512828881906e-07
1.491459320801191979e-01 1.167634571988879194e-06
1.497425158084396690e-01 8.348645216728390744e-08
1.503414858716734248e-01 1.593759800301900080e-05
1.509428518151600951e-01 2.552977863082471798e-07
1.515466232224207677e-01 1.044570823688845313e-10
1.521528097153104220e-01 8.201870669627376863e-09
1.527614209541716672e-01 1.016549199532758355e-12
1.533724666379883694e-01 7.654758926539400866e-13
1.539859565045403056e-01 2.864557242816740934e-13
1.546019003305584838e-01 3.742707756684093431e-15
1.552203079318807133e-01 3.525750739300607296e-14
1.558411891636082569e-01 2.766703640354881766e-14
1.564645539202626778e-01 2.195749559915941027e-14
1.570904121359437411e-01 6.629627523816993167e-14
1.577187737844875093e-01 1.372691210357030799e-14
1.583496488796254653e-01 1.164046831552972632e-13
1.589830474751439959e-01 4.697233355633198203e-13
1.596189796650445414e-01 7.448290610827834966e-14
1.602574555837047166e-01 1.324693076302120105e-13
1.608984854060395708e-01 3.696834213641392336e-13
1.615420793476636807e-01 2.469858813821491065e-13
1.621882476650543525e-01 3.525124202538301179e-13
1.628370006557145755e-01 3.771165736452512815e-13
1.634883486583374457e-01 7.128002313134689305e-13
1.641423020529707844e-01 1.114780386549298505e-12
1.647988712611826723e-01 1.310173080649388339e-12
1.654580667462274002e-01 3.063923836990415574e-13
1.661198990132123077e-01 3.282630848539202880e-12
1.667843786092651215e-01 3.257931600199082085e-12
1.674515161237022098e-01 1.034056129662350131e-11
1.681213221881969755e-01 3.651355528155391665e-11
1.687938074769497754e-01 1.317937433576670068e-11
1.694689827068575905e-01 3.904054456074406255e-10
1.701468586376850278e-01 1.334151644673224756e-10
1.708274460722357391e-01 1.626958996970684453e-10
1.715107558565246715e-01 2.581069907709933696e-10
1.721967988799507909e-01 1.879820356237017543e-10
1.728855860754705820e-01 4.575987721924896757e-10
1.735771284197724640e-01 2.299910253001266808e-10
1.742714369334515678e-01 1.179619243333980392e-10
1.749685226811853456e-01 1.975266239312641598e-09
1.756683967719100681e-01 4.350429126942698571e-10
1.763710703589977391e-01 8.237612603693440485e-09
1.770765546404337309e-01 1.248368775793451004e-08
1.777848608589954471e-01 6.091268022195966486e-10
1.784960003024314568e-01 3.922734466835802563e-08
1.792099843036411844e-01 1.892679962169100863e-08
1.799268242408557650e-01 1.586791648556020093e-08
1.806465315378191772e-01 2.782380632969730302e-07
1.813691176639704306e-01 3.129057738006315444e-09
1.820945941346263086e-01 3.096177549631883036e-08
1.828229725111648329e-01 2.044542614075106341e-08
1.835542644012094771e-01 1.205804998466952106e-09
1.842884814588143239e-01 1.252499842724078685e-07
1.850256353846495561e-01 3.830536463813126882e-06
1.857657379261881403e-01 1.423021797036534371e-08
1.865088008778928996e-01 2.781590348354085931e-06
1.872548360814044743e-01 3.868172439502591288e-07
1.880038554257300876e-01 2.421043952173100336e-08
1.887558708474330049e-01 5.975502168149541161e-06
1.895108943308226879e-01 5.022195994265506328e-07
1.902689379081460019e-01 7.339167951725784805e-08
1.910300136597785636e-01 2.109519452041158229e-05
1.917941337144176972e-01 4.643781000880081225e-07
1.925613102492753359e-01 1.902279697912436514e-06
1.933315554902724498e-01 2.751321621466801509e-05
1.941048817122335568e-01 4.671858715665903803e-06
1.948813012390824828e-01 2.155578080612738823e-06
1.956608264440388156e-01 4.854330611305543528e-05
1.964434697498149418e-01 1.378524675053571714e-06
1.972292436288141937e-01 5.454188880092282246e-06
1.980181606033294406e-01 1.749965619591361562e-05
1.988102332457427346e-01 3.808355279385221602e-06
1.996054741787257336e-01 2.213484316177795953e-06
2.004038960754406518e-01 3.709698462634768143e-06
2.012055116597424309e-01 2.890395044328110193e-06
2.020103337063813842e-01 1.769332647328048974e-06
2.028183750412069219e-01 7.482478112519952602e-07
2.036296485413717494e-01 2.501702203419878215e-06
2.044441671355372303e-01 1.500378483190165086e-06
2.052619438040793887e-01 5.384120384879721725e-06
2.060829915792957157e-01 3.615020595517131371e-06
2.069073235456129201e-01 3.761606473395264738e-06
2.077349528397953449e-01 4.813897759239784655e-06
2.085658926511545219e-01 7.525616447693933060e-06
2.094001562217591150e-01 9.062120690759851559e-06
2.102377568466461677e-01 8.591903755616089438e-06
2.110787078740327671e-01 5.922477733551378697e-06
2.119230227055288740e-01 1.076785399811686773e-05
2.127707147963510126e-01 1.502126709862816847e-05
2.136217976555363773e-01 2.352948431202823377e-05
2.144762848461585492e-01 6.264206120147523766e-06
2.153341899855431840e-01 2.319941175242591657e-05
2.161955267454853669e-01 4.727687419039890192e-05
2.170603088524672986e-01 6.182104141491127143e-05
2.179285500878772042e-01 2.472820943858800813e-05
2.188002642882286852e-01 2.534660110706945206e-05
2.196754653453815986e-01 1.025894444496006341e-04
2.205541672067631020e-01 5.413840286924621897e-05
2.214363838755901703e-01 7.376438786745146163e-04
2.223221294110925284e-01 5.871791918856610304e-05
2.232114179287369160e-01 2.123430931674958472e-03
2.241042636004518529e-01 3.087685014663453455e-04
2.250006806548536520e-01 8.832655182700537011e-03
2.259006833774730438e-01 1.076251349246703029e-03
2.268042861109829667e-01 2.391083390426636344e-03
2.277115032554268836e-01 3.269656224521296645e-03
2.286223492684485714e-01 2.772387208084212042e-03
2.295368386655223802e-01 4.179031751489491187e-02
2.304549860201844658e-01 3.908621354519793440e-04
2.313768059642651864e-01 2.234229687502703801e-02
2.323023131881222503e-01 7.047836178266436366e-03
2.332315224408747223e-01 5.849305679885923037e-02
2.341644485306381973e-01 1.361574658185227826e-01
2.351011063247607502e-01 2.512610582169351112e-03
2.360415107500598020e-01 2.752521146903881277e-01
2.369856767930600405e-01 1.757329638746533062e-03
2.379336195002322851e-01 3.847115186489864502e-01
2.388853539782332114e-01 1.170815778962274040e-01
2.398408953941461863e-01 4.460777126980278062e+00
2.408002589757227141e-01 4.562246308868264322e+00
2.417634600116256582e-01 6.117993384087461184e-02
2.427305138516721306e-01 7.132148962981841755e+00
2.437014359070788505e-01 1.749028058239451289e+00
2.446762416507071713e-01 2.257115291048376093e+01
2.456549466173099938e-01 3.621617666584300288e+00
2.466375664037792625e-01 5.524175759980923139e+00
2.476241166693943785e-01 3.149253677864643386e+00
2.486146131360719436e-01 9.476292317523295206e-02
2.496090715886161993e-01 4.966069379483181834e+00
2.506075078749706586e-01 3.777245264414302195e+00
2.516099379064705155e-01 4.411679647978705709e+00
2.526163776580964138e-01 3.387142615247877853e+00
2.536268431687287994e-01 5.157036137463155967e+01
2.546413505414037437e-01 4.537881561799457586e+01
2.556599159435693491e-01 1.026107524059007119e+02
2.566825556073435988e-01 1.520750308054900586e+02
2.577092858297729827e-01 1.720936969192253230e+02
2.587401229730920682e-01 9.890752081716532018e+01
2.597750834649844576e-01 2.526243280380665794e+02
2.608141837988444123e-01 1.291103636158067047e+02
2.618574405340398092e-01 6.074858489751343313e+02
2.629048702961759298e-01 1.173058214851355160e+03
2.639564897773606367e-01 1.219937052869419404e+03
2.650123157364701054e-01 1.002195371021894630e+03
2.660723649994159445e-01 6.705548854710065143e+02
2.671366544594135917e-01 6.103591746149118080e+02
2.682052010772512096e-01 6.854140950152643654e+02
2.692780218815602478e-01 3.646466634058599539e+02
2.703551339690865030e-01 4.945709961354958750e+02
2.714365545049627904e-01 2.129896259135093999e+02
2.725223007229827243e-01 1.395745985060358976e+02
2.736123899258746106e-01 1.886724523505126285e+02
2.747068394855781692e-01 1.540346351616859977e+02
2.758056668435204806e-01 1.752516801193071956e+02
2.769088895108945403e-01 1.902781106603992782e+02
2.780165250689380918e-01 1.058726062654948095e+02
2.791285911692138466e-01 7.969042827434091691e+01
2.802451055338907038e-01 4.817724979185219070e+01
2.813660859560263017e-01 2.643101238968693423e+01
2.824915502998503469e-01 1.397081669773591983e+01
2.836215165010497197e-01 5.690438506956207121e+00
2.847560025670539119e-01 8.093125802520513279e-01
2.858950265773221866e-01 1.667588071457763110e+00
2.870386066836315142e-01 1.056321039407736784e+01
2.881867611103660631e-01 3.166983852127981791e+01
2.893395081548075787e-01 7.989254138525328131e+01
2.904968661874267610e-01 1.833563009571271607e+02
2.916588536521764197e-01 3.830226237620881875e+02
2.928254890667851273e-01 7.383231700271068121e+02
2.939967910230522619e-01 1.184687897835633066e+03
2.951727781871444911e-01 1.719823986463247593e+03
2.963534692998930908e-01 2.627524980273361052e+03
2.975388831770926501e-01 3.619602456123315278e+03
2.987290387098009981e-01 5.710558781763495972e+03
2.999239548646402409e-01 6.423553547015611002e+03
3.011236506840988536e-01 1.194856783218997225e+04
3.023281452868351593e-01 6.381921892490054233e+03
3.035374578679824742e-01 2.312054250877653249e+04
3.047516076994544187e-01 2.742637867203449787e+04
3.059706141302522830e-01 3.881250688533567154e+04
3.071944965867733357e-01 1.212510320901850500e+05
3.084232745731204095e-01 2.213273398795738176e+05
3.096569676714128194e-01 2.570984659236856096e+05
3.108955955420985018e-01 4.634113765730128507e+05
3.121391779242668751e-01 5.981694321779363090e+05
3.133877346359639215e-01 8.385850244437588844e+05
3.146412855745078230e-01 1.037123171909096418e+06
3.158998507168058190e-01 1.463444174455154222e+06
3.171634501196730627e-01 1.890691581727071200e+06
3.184321039201517545e-01 1.050146331419252092e+06
3.197058323358323295e-01 7.020760807683918392e+05
3.209846556651756444e-01 2.390223210174469277e+06
3.222685942878363852e-01 3.033592263766622171e+06
3.235576686649877520e-01 2.785000004135143477e+06
3.248518993396476984e-01 5.528154768166217953e+06
3.261513069370062801e-01 6.801731802151756361e+06
3.274559121647543369e-01 9.662229549450403079e+06
3.287657358134133401e-01 9.548421952520770952e+06
3.300807987566670154e-01 1.975691944297896232e+06
3.314011219516936890e-01 9.279920506932241842e+06
3.327267264395004642e-01 1.799496198149568215e+07
3.340576333452584534e-01 1.638807282431125455e+07
3.353938638786395088e-01 1.517766770705508813e+07
3.367354393341540630e-01 1.540156992544353567e+07
3.380823810914907468e-01 1.549211428021086939e+07
3.394347106158566718e-01 2.711027632758663595e+07
3.407924494583201014e-01 2.302279609360295907e+07
3.421556192561533982e-01 1.273232076944566704e+07
3.435242417331779707e-01 1.952638929860495264e+06
3.448983387001106626e-01 2.666365903467764612e+06
3.462779320549111417e-01 3.858861053701265249e+06
3.476630437831307319e-01 2.353539955074833706e+06
3.490536959582632992e-01 2.435478597975581419e+06
3.504499107420963600e-01 2.109124225178920850e+07
3.518517103850647421e-01 2.314209389063257352e+07
3.532591172266050239e-01 4.824109428724803030e+07
3.546721536955114717e-01 9.515932202773407102e+07
3.560908423102934761e-01 3.294125090372255817e+07
3.575152056795346533e-01 1.443741423955737054e+07
3.589452665022527800e-01 5.092691664804732800e+07
3.603810475682617254e-01 7.988230761462503672e+07
3.618225717585348278e-01 5.722306070652318001e+07
3.632698620455689364e-01 4.279599588420976698e+07
3.647229414937512293e-01 3.042578278054265678e+07
3.661818332597261971e-01 7.182622576852592826e+07
3.676465605927651259e-01 2.330045858828102052e+07
3.691171468351361895e-01 2.283504513741061464e+07
3.705936154224767076e-01 6.600668126060375944e+06
3.720759898841666247e-01 2.110214663037802093e+06
3.735642938437032656e-01 2.494014494949151762e+06
3.750585510190780902e-01 5.534149644567602314e+06
3.765587852231543908e-01 2.995773573144676909e+07
3.780650203640470441e-01 9.336826770412881672e+07
3.795772804455032068e-01 6.976848920788063109e+07
3.810955895672852312e-01 7.660226061499238014e+07
3.826199719255543585e-01 1.344423603524487838e+07
3.841504518132565771e-01 3.341029881519562006e+07
3.856870536205096456e-01 5.930676285829718225e+06
3.872298018349916715e-01 1.546375398059137911e+07
3.887787210423316320e-01 1.125700521209465899e+07
3.903338359265008939e-01 2.413663111279023066e+07
3.918951712702069545e-01 3.412144670806693286e+07
3.934627519552877928e-01 7.843256563304433227e+07
3.950366029631089404e-01 2.357710666408265531e+08
3.966167493749613859e-01 4.206984906882572770e+08
3.982032163724612550e-01 4.457515680411812663e+08
3.997960292379510450e-01 4.633022676504611373e+08
4.013952133549028578e-01 6.902305420893386602e+08
4.030007942083224659e-01 8.236130787851932049e+08
4.046127973851557647e-01 3.231988365661509633e+08
4.062312485746963908e-01 5.812350492359344959e+08
4.078561735689951728e-01 4.593993827920050025e+08
4.094875982632711353e-01 4.738240390703353286e+08
4.111255486563242245e-01 4.676649210313474536e+08
4.127700508509495880e-01 3.607742100054374337e+08
4.144211310543532978e-01 2.745475439432660937e+08
4.160788155785707931e-01 2.054930351890195906e+08
4.177431308408850463e-01 1.356702212531650066e+08
4.194141033642486138e-01 9.956729552053569257e+07
4.210917597777056320e-01 7.009622864076942205e+07
4.227761268168164221e-01 6.785566943977862597e+07
4.244672313240837602e-01 8.232514112379989028e+07
4.261651002493800910e-01 1.049590516872411668e+08
4.278697606503775730e-01 1.466915746815480888e+08
4.295812396929790666e-01 2.127733979472936690e+08
4.312995646517510107e-01 3.185682597740012407e+08
4.330247629103580187e-01 5.314270017465490103e+08
4.347568619619994745e-01 6.234834552950392962e+08
4.364958894098474596e-01 4.543286223458186984e+08
4.382418729674867897e-01 4.629685582915626168e+08
4.399948404593567730e-01 9.930018168746943474e+08
4.417548198211941890e-01 1.327016419156684160e+09
4.435218391004789873e-01 9.668849130663393736e+08
4.452959264568808750e-01 1.571719562252404213e+09
4.470771101627084021e-01 1.362897833890132189e+09
4.488654186033592119e-01 1.683443841034864426e+09
4.506608802777726241e-01 2.390005796505887032e+09
4.524635237988837710e-01 2.549477923184447765e+09
4.542733778940792333e-01 2.637114784871827126e+09
4.560904714056555065e-01 2.863917435350825310e+09
4.579148332912781894e-01 3.499476843890346050e+09
4.597464926244433370e-01 1.804507156173310518e+09
4.615854785949410899e-01 4.180358452574775696e+09
4.634318205093208576e-01 2.124241473938632250e+09
4.652855477913582227e-01 3.358239976223296165e+09
4.671466899825236219e-01 3.105651721904267311e+09
4.690152767424536906e-01 3.854538757034839630e+09
4.708913378494234969e-01 5.695210856252729416e+09
4.727749032008212171e-01 4.954512085757054329e+09
4.746660028136244769e-01 5.883221050119740486e+09
4.765646668248789131e-01 2.639746195408226013e+09
4.784709254921784560e-01 2.104842507284225225e+09
4.803848091941470555e-01 2.900208621909647942e+09
4.823063484309236815e-01 3.383221541840802193e+09
4.842355738246474361e-01 5.266301990324337006e+09
4.861725161199459966e-01 4.720477992232874870e+09
4.881172061844257226e-01 7.570303033348228455e+09
4.900696750091634302e-01 4.599337312527348518e+09
4.920299537092001074e-01 7.412159806935090065e+09
4.939980735240369625e-01 9.973047653878128052e+09
4.959740658181330253e-01 4.163931524613505840e+09
4.979579620814056362e-01 4.191065141161118507e+09
4.999497939297311566e-01 3.790766293352331161e+09
5.019495931054501758e-01 3.071627106746626377e+09
5.039573914778719965e-01 4.677743549787386894e+09
5.059732210437835054e-01 3.799111758690045834e+09
5.079971139279585435e-01 4.393177592761660576e+09
5.100291023836703852e-01 3.671666583552217484e+09
5.120692187932051054e-01 3.440774058266773701e+09
5.141174956683780550e-01 3.237275316932809353e+09
5.161739656510514473e-01 2.387684553624589443e+09
5.182386615136556074e-01 1.347735317434818268e+09
5.203116161597103329e-01 2.457634572440007687e+09
5.223928626243490303e-01 4.858013716767520905e+09
5.244824340748465152e-01 4.044258191440466404e+09
5.265803638111459239e-01 3.559176320274749756e+09
5.286866852663905103e-01 4.344201646079530716e+09
5.308014320074561088e-01 4.310865018088450432e+09
5.329246377354859288e-01 3.354819162982862949e+09
5.350563362864277916e-01 3.671136486285170078e+09
5.371965616315735881e-01 2.876667658666319370e+09
5.393453478780998456e-01 3.220606820282596111e+09
5.415027292696121819e-01 3.103616123737544537e+09
5.436687401866906466e-01 2.975424462154470921e+09
5.458434151474373941e-01 2.273731118631469727e+09
5.480267888080271321e-01 2.795791867135759830e+09
5.502188959632591247e-01 2.702131172722402573e+09
5.524197715471121928e-01 2.898982239227174282e+09
5.546294506333006025e-01 3.110052320971646786e+09
5.568479684358338400e-01 2.800912407123064518e+09
5.590753603095770519e-01 2.453289690744326115e+09
5.613116617508153716e-01 2.161467722091034412e+09
5.635569083978186899e-01 2.034744530424487829e+09
5.658111360314097560e-01 2.169436787990513325e+09
5.680743805755354980e-01 2.015740138601378679e+09
5.703466780978375672e-01 2.056288112846081734e+09
5.726280648102289872e-01 1.948229154447106361e+09
5.749185770694699160e-01 1.804908073044316530e+09
5.772182513777477375e-01 1.581156932950836897e+09
5.795271243832587071e-01 1.394970990920063972e+09
5.818452328807918184e-01 1.106884198821484804e+09
5.841726138123150003e-01 8.062851726959763765e+08
5.865093042675643131e-01 3.672272615226269960e+08
5.888553414846344758e-01 5.187832611469705403e+07
5.912107628505729462e-01 1.946165528336410522e+08
5.935756059019753339e-01 7.442744021337140799e+08
5.959499083255832552e-01 1.311535106302996159e+09
5.983337079588855190e-01 1.853665894459300995e+09
6.007270427907210886e-01 2.420498604867061615e+09
6.031299509618840426e-01 3.080639937610130310e+09
6.055424707657315331e-01 3.835935478657821178e+09
6.079646406487945187e-01 4.701854740268908501e+09
6.103964992113897203e-01 5.559261722702902794e+09
6.128380852082353503e-01 6.657398268925902367e+09
6.152894375490681744e-01 6.520605644278516769e+09
6.177505952992645710e-01 5.365979945477055550e+09
6.202215976804615893e-01 5.465733956415409088e+09
6.227024840711834486e-01 5.466490680401912689e+09
6.251932940074681477e-01 6.096010385061307907e+09
6.276940671834980723e-01 6.658653942088699341e+09
6.302048434522321552e-01 7.609437595088718414e+09
6.327256628260409244e-01 8.936200763830368042e+09
6.352565654773452142e-01 9.835880316153224945e+09
6.377975917392545435e-01 9.657711335351530075e+09
6.403487821062116003e-01 1.451450751965969849e+10
6.429101772346363930e-01 1.612489217195045090e+10
6.454818179435749537e-01 2.147453743967955017e+10
6.480637452153492628e-01 2.328672462208892822e+10
6.506560001962106154e-01 2.638450453602464676e+10
6.532586241969955410e-01 3.358155988945123672e+10
6.558716586937833881e-01 2.049649316062953186e+10
6.584951453285585732e-01 1.836776194632371140e+10
6.611291259098727169e-01 1.604886037166168213e+10
6.637736424135122215e-01 1.402889856860609245e+10
6.664287369831662922e-01 1.333029149977232933e+10
6.690944519310989547e-01 1.341407294350969887e+10
6.717708297388232941e-01 1.367816147771663094e+10
6.744579130577786907e-01 1.472050466200044632e+10
6.771557447100098326e-01 1.841053945535981369e+10
6.798643676888498355e-01 1.737452825991544342e+10
6.825838251596052508e-01 1.943488482899898148e+10
6.853141604602436265e-01 1.792354608159317780e+10
6.880554171020846210e-01 1.850186755673389435e+10
6.908076387704928933e-01 1.916196731468827438e+10
6.935708693255748791e-01 2.255616762319049072e+10
6.963451528028771209e-01 3.089147456048722076e+10
6.991305334140887062e-01 3.940025061488722992e+10
7.019270555477450380e-01 4.831949901819202423e+10
7.047347637699360456e-01 6.264017483755625153e+10
7.075537028250157290e-01 3.370870363467921448e+10
7.103839176363159202e-01 2.631301637842473221e+10
7.132254533068611568e-01 2.650757856629092789e+10
7.160783551200886610e-01 2.855446575967808151e+10
7.189426685405689854e-01 3.614067894006230927e+10
7.218184392147313222e-01 3.599121587747047424e+10
7.247057129715901436e-01 4.950455641452509308e+10
7.276045358234763949e-01 5.821949782365914917e+10
7.305149539667704639e-01 7.612816091310481262e+10
7.334370137826373703e-01 8.984367854973548889e+10
7.363707618377679509e-01 9.980067637852101135e+10
7.393162448851190449e-01 1.017955309779395294e+11
7.422735098646596752e-01 1.052736624484628143e+11
7.452426039041182282e-01 9.570017048738795471e+10
7.482235743197346300e-01 9.897140520146249390e+10
7.512164686170136330e-01 9.238681310812841797e+10
7.542213344914817652e-01 9.210362370681501770e+10
7.572382198294477229e-01 8.281859693911544800e+10
7.602671727087656484e-01 5.742148670374968719e+10
7.633082413996006288e-01 3.066401668990346146e+10
7.663614743651989691e-01 3.255452459271107197e+09
7.694269202626597970e-01 4.253611150138314724e+09
7.725046279437104424e-01 2.138911342931449127e+10
7.755946464554852593e-01 4.036392161307842255e+10
7.786970250413072225e-01 5.667768676539282990e+10
7.818118131414724115e-01 7.562926698108160400e+10
7.849390603940383793e-01 5.737949473647174072e+10
7.880788166356144098e-01 7.697371254037307739e+10
7.912311319021569922e-01 7.311045634004945374e+10
7.943960564297655180e-01 9.451654175593975830e+10
7.975736406554845281e-01 1.014125815589457855e+11
8.007639352181065151e-01 1.316199913407602997e+11
8.039669909589789443e-01 1.481914498537890930e+11
8.071828589228148276e-01 1.850465424005652466e+11
8.104115903585061842e-01 2.103934080317835999e+11
8.136532367199402760e-01 2.558357774689197388e+11
8.169078496668199518e-01 2.562459778632498474e+11
8.201754810654874328e-01 1.807888756629653931e+11
8.234561829897493190e-01 2.497180201883040771e+11
8.267500077217083687e-01 2.431996892813545227e+11
8.300570077525952772e-01 2.089447180331658630e+11
8.333772357836056743e-01 2.470444782120521240e+11
8.367107447267401188e-01 2.333301323052290955e+11
8.400575877056470908e-01 2.460501529088799744e+11
8.434178180564695371e-01 1.785816171524941101e+11
8.467914893286955236e-01 9.586827684273460388e+10
8.501786552860102208e-01 1.216186099991573029e+11
8.535793699071543283e-01 1.276059053792425842e+11
8.569936873867830540e-01 1.606957580504340820e+11
8.604216621363300899e-01 1.963962890281499634e+11
8.638633487848753623e-01 1.918339807249497070e+11
8.673188021800150027e-01 2.617874501480771179e+11
8.707880773887352044e-01 2.008900289733035889e+11
8.742712296982900755e-01 2.323297797756664734e+11
8.777683146170831563e-01 2.896163661994824829e+11
8.812793878755513788e-01 3.220724134248177490e+11
8.848045054270535781e-01 3.729659644958226929e+11
8.883437234487617795e-01 2.281511006101054077e+11
8.918970983425568155e-01 3.503469874938407593e+11
8.954646867359271623e-01 2.917497374779404907e+11
8.990465454828707736e-01 3.671403163883352661e+11
9.026427316648023558e-01 3.038422419729147339e+11
9.062533025914615292e-01 3.120572327017710571e+11
9.098783158018273198e-01 3.754265178567447510e+11
9.135178290650346478e-01 4.090031100706882935e+11
9.171719003812948134e-01 4.701293516743707886e+11
9.208405879828199803e-01 4.876923677466062622e+11
9.245239503347512100e-01 4.402323527869538574e+11
9.282220461360901620e-01 4.593363007863603516e+11
9.319349343206346781e-01 4.222997683442400513e+11
9.356626740579171431e-01 4.468951682554850464e+11
9.394053247541488405e-01 3.701343216565555420e+11
9.431629460531654185e-01 4.540113599368625488e+11
9.469355978373780180e-01 5.065293005054186401e+11
9.507233402287275092e-01 5.486286448438744507e+11
9.545262335896426142e-01 5.832822330567347412e+11
9.583443385240012491e-01 5.277613279624447021e+11
9.621777158780971950e-01 5.639797160631751709e+11
9.660264267416096562e-01 5.588700877899128418e+11
9.698905324485760371e-01 6.105522184185096436e+11
9.737700945783701600e-01 5.183012506314097900e+11
9.776651749566835914e-01 4.978526311887103882e+11
9.815758356565105203e-01 5.317605694708447266e+11
9.855021389991363012e-01 5.143626883330220947e+11
9.894441475551331022e-01 4.514727056503936768e+11
9.934019241453534432e-01 2.585403569178954773e+11
9.973755318419349480e-01 3.435647359493229370e+11
1.001365033969302543e+00 3.183621328554589233e+11
1.005370494105179757e+00 3.235318405128263550e+11
1.009391976081600362e+00 3.682038420873916016e+11
1.013429543985926884e+00 4.090609059986069336e+11
1.017483262161870350e+00 4.302673489639819336e+11
1.021553195210518128e+00 4.569970573670347900e+11
1.025639407991360219e+00 4.486733290966042480e+11
1.029741965623325539e+00 4.256339841415806885e+11
1.033860933485818867e+00 4.302702704413192749e+11
1.037996377219762012e+00 5.145253207625815430e+11
1.042148362728641198e+00 5.235598862210827637e+11
1.046316956179555557e+00 5.875537354345421143e+11
1.050502224004274066e+00 5.811451636284499512e+11
1.054704232900291139e+00 6.406561731601444092e+11
1.058923049831892227e+00 6.347170910153930664e+11
1.063158742031219628e+00 6.333573085713283691e+11
1.067411376999344741e+00 6.010914819560281982e+11
1.071681022507342096e+00 6.147713749161992188e+11
1.075967746597371377e+00 6.786797998674788818e+11
1.080271617583760779e+00 6.808939064629584961e+11
1.084592704054095913e+00 7.285995030588350830e+11
1.088931074870312044e+00 6.570589369797232666e+11
1.093286799169793433e+00 7.410285737363089600e+11
1.097659946366472461e+00 7.284920579546152344e+11
1.102050586151938294e+00 7.442437314577700195e+11
1.106458788496546219e+00 7.047960761652457275e+11
1.110884623650532532e+00 6.732766869928964844e+11
1.115328162145134749e+00 7.761351677298190918e+11
1.119789474793714934e+00 7.818599663683389893e+11
1.124268632692889902e+00 8.155457614767167969e+11
1.128765707223661430e+00 8.355016584757530518e+11
1.133280770052556230e+00 8.067449394226768799e+11
1.137813893132766374e+00 6.578891580617011719e+11
1.142365148705297484e+00 7.151435470956452637e+11
1.146934609300118479e+00 8.673214416923602295e+11
1.151522347737319096e+00 9.149341273854921875e+11
1.156128437128268516e+00 9.117853404665427246e+11
1.160752950876781542e+00 9.212738364294830322e+11
1.165395962680288999e+00 9.146522710164110107e+11
1.170057546531009907e+00 7.108870899657596436e+11
1.174737776717134086e+00 7.504114700864405518e+11
1.179436727824002773e+00 6.374790359655804443e+11
1.184154474735298557e+00 8.428847130908818359e+11
1.188891092634239977e+00 9.150373925777888184e+11
1.193646657004777012e+00 8.984009491491132812e+11
1.198421243632796118e+00 7.702098049839012451e+11
1.203214928607327261e+00 7.912441612360738525e+11
1.208027788321756724e+00 8.828774807323071289e+11
1.212859899475043468e+00 8.244246620058217773e+11
1.217711339072943710e+00 8.835756465947521973e+11
1.222582184429235275e+00 8.488432740852117920e+11
1.227472513166952384e+00 9.275629730418070068e+11
1.232382403219620226e+00 9.126773051852834473e+11
1.237311932832498407e+00 8.919849237281352539e+11
1.242261180563828615e+00 6.206859577240321045e+11
1.247230225286083849e+00 8.413249915602246094e+11
1.252219146187228072e+00 6.139217483885997314e+11
1.257228022771976983e+00 8.409781800841195068e+11
1.262256934863064783e+00 8.498683168336713867e+11
1.267305962602517155e+00 9.201167398648763428e+11
1.272375186452927354e+00 9.060393412473271484e+11
1.277464687198738957e+00 9.144485316326291504e+11
1.282574545947533950e+00 9.277772562091162109e+11
1.287704844131324133e+00 8.307829171573619385e+11
1.292855663507849417e+00 8.353122339217612305e+11
1.298027086161880783e+00 8.669435078666542969e+11
1.303219194506528344e+00 8.888401064540195312e+11
1.308432071284554521e+00 8.824361528714274902e+11
1.313665799569692760e+00 9.228796932218395996e+11
1.318920462767971591e+00 9.295507183591041260e+11
1.324196144619043336e+00 8.882931751834360352e+11
1.329492929197519491e+00 8.815422767805025635e+11
1.334810900914309650e+00 8.031573883358526611e+11
1.340150144517967101e+00 7.773284297101248779e+11
1.345510745096038852e+00 7.848893531890343018e+11
1.350892788076423212e+00 7.984513399218963623e+11
1.356296359228728932e+00 7.846438035654122314e+11
1.361721544665643879e+00 8.214179846559321289e+11
1.367168430844306393e+00 8.414415372437418213e+11
1.372637104567683730e+00 8.648870032886955566e+11
1.378127652985954299e+00 8.665146717938123779e+11
1.383640163597898098e+00 8.655751909137354736e+11
1.389174724252289828e+00 8.576030027135903320e+11
1.394731423149298877e+00 8.434226942708134766e+11
1.400310348841896202e+00 8.341081993543562012e+11
1.405911590237263642e+00 8.415833997477880859e+11
1.411535236598212784e+00 8.131307728495429688e+11
1.417181377544605603e+00 8.132981321066584473e+11
1.422850103054784210e+00 8.154524098716168213e+11
1.428541503467003038e+00 8.006441919792497559e+11
1.434255669480871243e+00 8.141291278205969238e+11
1.439992692158794885e+00 8.240625693561320801e+11
1.445752662927429988e+00 8.369404166898540039e+11
1.451535673579139596e+00 8.424293438715876465e+11
1.457341816273456159e+00 8.541328668105177002e+11
1.463171183538549913e+00 8.484779047725241699e+11
1.469023868272704147e+00 8.396853010036242676e+11
1.474899963745795128e+00 8.552608917787867432e+11
1.480799563600778246e+00 8.602306854157891846e+11
1.486722761855181485e+00 8.573150584034913330e+11
1.492669652902602007e+00 8.642727430418370361e+11
1.498640331514212276e+00 8.648487755473774414e+11
1.504634892840269300e+00 8.698167559524727783e+11
1.510653432411630304e+00 8.695827677412961426e+11
1.516696046141276843e+00 8.324942498887866211e+11
1.522762830325842032e+00 8.845316861054150391e+11
1.528853881647145307e+00 8.913615208741267090e+11
1.534969297173733649e+00 8.857783458192111816e+11
1.541109174362428780e+00 8.900770529349287109e+11
1.547273611059878373e+00 8.912615916029598389e+11
1.553462705504118135e+00 8.871041464535131836e+11
1.559676556326134556e+00 8.547875707336823730e+11
1.565915262551438980e+00 8.827748771087861328e+11
1.572178923601644795e+00 8.894503169758343506e+11
1.578467639296051495e+00 8.702940778253065186e+11
1.584781509853235626e+00 8.787367272284229736e+11
1.591120635892648405e+00 8.903363206569099121e+11
1.597485118436219098e+00 8.753355293580074463e+11
1.603875058909963958e+00 8.657291430205473633e+11
1.610290559145603595e+00 8.746357897205015869e+11
1.616731721382186127e+00 8.693569419414095459e+11
1.623198648267714761e+00 8.618738741397497559e+11
1.629691442860785600e+00 8.709716828562513428e+11
1.636210208632228769e+00 8.735956115519766846e+11
1.642755049466757766e+00 8.601036653882308350e+11
1.649326069664624805e+00 8.670689911236862793e+11
1.655923373943283039e+00 8.642229683414376221e+11
1.662547067439056336e+00 8.557958262916816406e+11
1.669197255708812611e+00 8.551774971419012451e+11
1.675874044731648027e+00 8.513476162864912109e+11
1.682577540910574321e+00 8.464635073618659668e+11
1.689307851074216771e+00 8.403563217139079590e+11
1.696065082478513508e+00 8.321932829109438477e+11
1.702849342808427480e+00 8.248132466743398438e+11
1.709660740179661298e+00 8.107230354518002930e+11
1.716499383140379864e+00 7.937593600087314453e+11
1.723365380672941427e+00 7.846508043985059814e+11
1.730258842195633306e+00 7.680222749848935547e+11
1.737179877564415831e+00 7.510482270904943848e+11
1.744128597074673603e+00 7.320646856631246338e+11
1.751105111462972097e+00 7.204751915995543213e+11
1.758109531908824241e+00 6.944782944487325439e+11
1.765141970036459451e+00 6.749648925149943848e+11
1.772202537916605314e+00 6.629554731160019531e+11
1.779291348068271716e+00 6.336773471255842285e+11
1.786408513460544745e+00 6.214145337651361084e+11
1.793554147514387020e+00 5.998523970412640381e+11
1.800728364104444257e+00 5.982198688648660889e+11
1.807931277560862249e+00 5.742202481558239746e+11
1.815163002671105641e+00 5.820966370150487061e+11
1.822423654681789795e+00 5.809666407676185303e+11
1.829713349300517100e+00 5.609210124082109375e+11
1.837032202697718830e+00 5.661512574566942139e+11
1.844380331508509885e+00 5.394699219632412109e+11
1.851757852834543527e+00 5.263362986377072144e+11
1.859164884245881888e+00 4.858274769166830444e+11
1.866601543782865358e+00 5.177782909394952393e+11
1.874067949957996859e+00 5.111436874238683472e+11
1.881564221757828781e+00 5.278924560099228516e+11
1.889090478644860127e+00 5.345568396339718018e+11
1.896646840559439662e+00 5.454964898230773926e+11
1.904233427921677269e+00 5.390361114752268066e+11
1.911850361633363971e+00 5.484952641479392090e+11
1.919497763079897279e+00 5.311490207380015259e+11
1.927175754132217200e+00 5.052912771792773438e+11
1.934884457148745796e+00 5.019730550741951904e+11
1.942623994977340729e+00 4.480579159659586182e+11
1.950394490957250149e+00 4.686513960773535156e+11
1.958196068921079336e+00 4.817701198779619751e+11
1.966028853196763793e+00 4.892870153005397339e+11
1.973892968609550991e+00 4.411510518666062012e+11
1.981788540483989447e+00 4.426416603742455444e+11
1.989715694645925126e+00 4.432422116207498779e+11
1.997674557424508723e+00 4.676349498686771240e+11
2.005665255654207169e+00 4.711794945485083618e+11
2.013687916676823786e+00 4.658712864356583252e+11
2.021742668343530891e+00 4.754495622557421265e+11
2.029829639016905052e+00 4.682776766422958374e+11
2.037948957572972564e+00 4.727078883630331421e+11
2.046100753403264694e+00 4.731474952952549438e+11
2.054285156416877811e+00 4.808774121747163696e+11
2.062502297042545507e+00 4.762870745619768066e+11
2.070752306230715600e+00 4.812221204951019897e+11
2.079035315455638244e+00 4.805731771843648682e+11
2.087351456717461140e+00 4.789362850406055298e+11
2.095700862544330967e+00 4.793315019559005737e+11
2.104083665994508134e+00 4.803361313044415894e+11
2.112500000658485977e+00 4.789678685984591675e+11
2.120950000661120161e+00 4.765444102594998779e+11
2.129433800663764753e+00 4.727267392064661865e+11
2.137951535866419839e+00 4.708228381086008301e+11
2.146503342009885351e+00 4.695647158532161865e+11
2.155089355377924676e+00 4.651479841008151855e+11
2.163709712799436691e+00 4.614742002098688965e+11
2.172364551650634468e+00 4.572008778714891357e+11
2.181054009857236853e+00 4.504711094328416138e+11
2.189778225896665376e+00 4.462323774394537354e+11
2.198537338800252705e+00 4.414986263404958496e+11
2.207331488155453325e+00 4.232381665922299194e+11
2.216160814108075083e+00 4.318043048309299927e+11
2.225025457364507631e+00 4.258366998020438232e+11
2.233925559193965515e+00 4.226759801293547363e+11
2.242861261430741493e+00 4.177346561128906250e+11
2.251832706476463830e+00 4.121877640147067261e+11
2.260840037302370042e+00 4.070370886224967651e+11
2.269883397451579299e+00 4.027558021185762329e+11
2.278962931041386142e+00 3.975336547413315430e+11
2.288078782765551100e+00 3.927253116987728882e+11
2.297231097896613505e+00 2.823264114579791870e+11
2.306420022288200311e+00 3.150620911435358276e+11
2.315645702377353121e+00 3.220320600790053101e+11
2.324908285186861878e+00 2.654752693640185242e+11
2.334207918327609654e+00 2.935234511718242798e+11
2.343544750000919663e+00 3.009639070336106567e+11
2.352918929000923143e+00 2.768938783201568604e+11
2.362330604716927240e+00 2.768193312389469604e+11
2.371779927135795329e+00 2.862936583697102661e+11
2.381267046844337987e+00 2.753482358118240967e+11
2.390792115031715070e+00 2.674697995281709290e+11
2.400355283491842240e+00 2.792985841835158691e+11
2.409956704625809465e+00 2.672122519168733826e+11
2.419596531444312859e+00 2.586793296706525879e+11
2.429274917570089620e+00 2.553344972315171814e+11
2.438992017240370291e+00 2.468717915063482666e+11
2.448747985309331465e+00 2.334233886360189819e+11
2.458542977250568917e+00 2.333046082092532654e+11
2.468377149159570738e+00 2.373666438067012939e+11
2.478250657756209563e+00 2.276787098541063538e+11
2.488163660387234355e+00 2.266824893042324829e+11
2.498116315028783063e+00 2.294072018609648132e+11
2.508108780288898387e+00 2.136765007508909912e+11
2.518141215410053757e+00 2.144760406968982544e+11
2.528213780271693967e+00 2.039878401721210022e+11
2.538326635392781139e+00 2.036002275624960327e+11
2.548479941934351789e+00 2.018786891430962524e+11
2.558673861702089436e+00 2.024960369844414368e+11
2.568908557148898097e+00 2.058328065149406128e+11
2.579184191377493551e+00 1.976393005761959229e+11
2.589500928143003478e+00 2.049098769454361267e+11
2.599858931855575594e+00 2.090407470720630493e+11
2.610258367582998229e+00 2.180767334376879883e+11
2.620699401053329769e+00 2.137406799154743958e+11
2.631182198657543214e+00 2.135005962384993286e+11
2.641706927452173392e+00 2.194700601180884399e+11
2.652273755161981938e+00 2.246542026765831604e+11
2.662882850182629824e+00 2.224208799510364685e+11
2.673534381583360542e+00 1.978733085899086914e+11
2.684228519109693956e+00 1.922523595017078857e+11
2.694965433186132575e+00 1.830601020774928589e+11
2.705745294918877164e+00 1.813339427675282593e+11
2.716568276098552559e+00 1.763023250759090881e+11
2.727434549202946812e+00 1.748625140267401428e+11
2.738344287399758326e+00 1.712355838279156494e+11
2.749297664549357201e+00 1.791024229253624573e+11
2.760294855207554576e+00 1.763090678157473145e+11
2.771336034628385292e+00 1.695788846012954712e+11
2.782421378766898545e+00 1.637917890524528198e+11
2.793551064281966312e+00 1.759485869330610352e+11
2.804725268539093985e+00 1.583705105345637512e+11
2.815944169613250558e+00 1.589687706657433167e+11
2.827207946291703244e+00 1.735368637825589600e+11
2.838516778076869862e+00 1.552297211562047119e+11
2.849870845189177437e+00 1.564698648905042114e+11
2.861270328569933685e+00 1.645320381756203308e+11
2.872715409884213589e+00 1.556241401715347595e+11
2.884206271523750420e+00 1.573614207945852051e+11
2.895743096609845413e+00 1.589003183463050232e+11
2.907326068996284985e+00 1.505694246972373962e+11
2.918955373272270393e+00 1.548292608304086304e+11
2.930631194765359826e+00 1.536680660604258118e+11
2.942353719544420709e+00 1.488131135248386841e+11
2.954123134422598440e+00 1.516412184175863342e+11
2.965939626960289122e+00 1.477828966333768616e+11
2.977803385468130504e+00 1.523324730625620117e+11
2.989714599010003138e+00 1.482117489058279114e+11
3.001673457406043077e+00 1.488241620003826904e+11
3.013680151235667015e+00 1.521007419202879944e+11
3.025734871840609408e+00 1.415259481881667480e+11
3.037837811327972037e+00 1.539446978370846863e+11
3.049989162573283785e+00 1.424859034827021179e+11
3.062189119223576395e+00 1.494853266086582031e+11
3.074437875700470890e+00 1.438584852583904114e+11
3.086735627203272880e+00 1.424366693312608337e+11
3.099082569712085622e+00 1.452838163374449768e+11
3.111478899990933744e+00 1.382371379958112183e+11
3.123924815590897186e+00 1.415630015964881287e+11
3.136420514853261121e+00 1.373256098879327698e+11
3.148966196912674320e+00 1.360439560516639557e+11
3.161562061700325277e+00 1.356577276158507385e+11
3.174208309947126327e+00 1.331308614571214600e+11
3.186905143186915090e+00 1.376082551001901855e+11
3.199652763759662566e+00 1.303100715067957001e+11
3.212451374814701222e+00 1.403454931040196228e+11
3.225301180313960625e+00 1.382821219410384216e+11
3.238202385035215958e+00 1.388914158519929810e+11
3.251155194575356955e+00 1.434542024062609863e+11
3.264159815353658622e+00 1.419757245760862732e+11
3.277216454615073271e+00 1.434851070421407471e+11
3.290325320433533207e+00 1.448473271808339539e+11
3.303486621715267635e+00 1.427953061056139221e+11
3.316700568202128441e+00 1.217145537527496185e+11
3.329967370474937294e+00 1.033106934281569061e+11
3.343287239956836743e+00 1.067569697462470703e+11
3.356660388916663962e+00 1.218980573632725372e+11
3.370087030472330714e+00 1.347437246858948517e+11
3.383567378594220187e+00 1.358015324684366150e+11
3.397101648108596716e+00 1.381056575705020752e+11
3.410690054701031482e+00 1.357507209169070892e+11
3.424332814919834878e+00 1.348382653943640594e+11
3.438030146179514634e+00 1.329027837416825409e+11
3.451782266764232610e+00 1.320990022389526520e+11
3.465589395831289998e+00 1.335373033760886078e+11
3.479451753414614767e+00 1.324184181242300568e+11
3.493369560428273068e+00 1.295018819445717621e+11
3.507343038669985980e+00 1.316992409444881744e+11
3.521372410824665788e+00 1.288908208105382690e+11
3.535457900467964709e+00 1.291585631118759766e+11
3.549599732069836477e+00 1.287329633195852051e+11
3.563798130998116154e+00 1.277447775010495758e+11
3.578053323522108364e+00 1.277924142084527588e+11
3.592365536816196858e+00 1.292598930651733856e+11
3.606734998963461614e+00 1.284599981801463165e+11
3.621161938959315041e+00 1.280116065038312988e+11
3.635646586715152839e+00 1.279304925340536041e+11
3.650189173062013293e+00 1.260863080346314392e+11
3.664789929754260545e+00 1.260361761652254028e+11
3.679449089473277645e+00 1.260067445731007385e+11
3.694166885831170699e+00 1.255773989161004333e+11
3.708943553374495661e+00 1.252450020812709961e+11
3.723779327587993571e+00 1.248459882500604401e+11
3.738674444898345328e+00 1.216907148396276703e+11
3.753629142677938901e+00 1.232590335118234406e+11
3.768643659248651190e+00 1.218031909543255768e+11
3.783718233885645432e+00 1.199078868734758301e+11
3.798853106821188153e+00 1.192751455524157562e+11
3.814048519248473657e+00 1.183558596806565857e+11
3.829304713325467180e+00 1.164217435541613312e+11
3.844621932178768908e+00 1.163599218059700775e+11
3.860000419907484215e+00 1.142341770681299744e+11
3.875440421587113882e+00 1.136440016333227997e+11
3.890942183273462529e+00 1.118415403794913940e+11
3.906505952006555926e+00 1.109244282255247345e+11
3.922131975814582727e+00 1.092996490429651794e+11
3.937820503717840648e+00 1.072447743431244507e+11
3.953571785732711508e+00 1.059889520206334991e+11
3.969386072875642490e+00 1.039329903494705200e+11
3.985263617167145167e+00 1.017393607525450287e+11
4.001204671635814059e+00 9.708918489413412476e+10
4.017209490322357190e+00 9.460710372610882568e+10
4.033278328283646630e+00 9.382352793428843689e+10
4.049411441596781458e+00 8.676098788321841431e+10
4.065609087363168506e+00 8.781924159481301880e+10
4.081871523712622185e+00 8.296802014417582703e+10
4.098199009807472315e+00 8.309004673295159912e+10
4.114591805846702144e+00 8.257459870994255066e+10
4.131050173070089038e+00 7.783266126888198853e+10
4.147574373762369149e+00 8.004412973611691284e+10
4.164164671257418959e+00 7.629074580090867615e+10
4.180821329942449260e+00 7.616839636162571716e+10
4.197544615262219558e+00 7.647611693771424866e+10
4.214334793723269357e+00 7.331534443122225952e+10
4.231192132898162761e+00 7.533914923521632385e+10
4.248116901429755288e+00 7.156267261921432495e+10
4.265109369035473996e+00 7.147595193648606873e+10
4.282169806511615384e+00 7.107663641245260620e+10
4.299298485737661935e+00 6.070608818288312531e+10
4.316495679680612874e+00 5.404151752622612762e+10
4.333761662399335357e+00 5.027747283282759857e+10
4.351096709048932532e+00 4.729510286071082306e+10
4.368501095885127583e+00 4.327879225345260620e+10
4.385975100268668214e+00 4.002485662406050110e+10
4.403519000669743555e+00 3.785683725019024658e+10
4.421133076672422391e+00 3.615247497697315216e+10
4.438817608979111817e+00 3.348647268846952438e+10
4.456572879415028332e+00 3.187437878698737335e+10
4.474399170932688463e+00 3.011144945105001831e+10
4.492296767616419828e+00 2.979017068743835449e+10
4.510265954686884626e+00 2.885352677841566849e+10
4.528307018505633330e+00 2.832086023600291061e+10
4.546420246579655711e+00 2.790368608280203247e+10
4.564605927565974497e+00 2.663146156077495956e+10
4.582864351276237258e+00 2.733191545145166779e+10
4.601195808681342925e+00 2.808047871369237900e+10
4.619600591916067422e+00 2.778596791947323608e+10
4.638078994283731937e+00 2.736457028086605835e+10
4.656631310260867629e+00 3.021928530768758011e+10
4.675257835501911430e+00 2.914323903115970993e+10
4.693958866843916944e+00 2.898414714063052750e+10
4.712734702311292878e+00 2.871099374910520172e+10
4.731585641120538810e+00 2.863108007046053314e+10
4.750511983685020923e+00 2.669008334812324524e+10
4.769514031619761063e+00 2.676958279120758820e+10
4.788592087746240011e+00 2.672071536060608292e+10
4.807746456097224730e+00 2.686274559561846924e+10
4.826977441921613377e+00 2.704456222296995544e+10
4.846285351689299858e+00 2.619461170879217148e+10
4.865670493096057925e+00 2.670782190164479446e+10
4.885133175068442135e+00 2.554350297718784332e+10
4.904673707768715474e+00 2.573983758677057266e+10
4.924292402599791174e+00 2.400526812508560562e+10
4.943989572210189642e+00 2.517612654406796646e+10
4.963765530499030021e+00 2.407172881047802353e+10
4.983620592621027079e+00 2.613845093476073456e+10
5.003555074991511198e+00 2.492146153401391983e+10
5.023569295291476777e+00 2.375593573064242172e+10
5.043663572472643075e+00 2.603780193729687881e+10
5.063838226762532813e+00 2.582743001161696243e+10
5.084093579669583640e+00 2.545159872322322845e+10
5.104429953988261381e+00 2.640683339954685974e+10
5.124847673804215020e+00 2.587747634877116394e+10
5.145347064499431688e+00 2.696056743061166000e+10
5.165928452757428957e+00 2.514841849688974380e+10
5.186592166568458673e+00 2.697463820268206406e+10
5.207338535234733001e+00 2.529818903963546753e+10
5.228167889375671784e+00 2.648641040622797012e+10
5.249080560933174766e+00 2.541972959982566071e+10
5.270076883176907145e+00 2.567737888619968796e+10
5.291157190709615321e+00 2.522276294591913605e+10
5.312321819472453299e+00 2.615430330228760529e+10
5.333571106750343738e+00 2.623458389046466446e+10
5.354905391177344320e+00 2.539202381459725571e+10
5.376325012742054099e+00 2.547119531947697830e+10
5.397830312793021612e+00 2.573065636750572205e+10
5.419421634044193858e+00 2.395070758311298370e+10
5.441099320580370602e+00 2.606844716045637894e+10
5.462863717862692425e+00 2.478888785231457520e+10
5.484715172734142996e+00 2.521171200629439926e+10
5.506654033425078865e+00 2.524602800365952682e+10
5.528680649558780580e+00 2.498054038626511383e+10
5.550795372157015350e+00 2.345742989192569351e+10
5.572998553645643227e+00 2.389271480309177780e+10
5.595290547860225949e+00 2.493320684245336914e+10
5.617671710051667766e+00 2.430431567850923538e+10
5.640142396891874021e+00 2.488428723755895233e+10
5.662702966479441713e+00 2.441414967443533707e+10
5.685353778345359821e+00 2.306426287930244064e+10
5.708095193458740724e+00 2.352962947074079514e+10
5.730927574232576482e+00 2.264114404380253983e+10
5.753851284529505783e+00 2.232304037628771210e+10
5.776866689667624399e+00 2.142015234173504257e+10
5.799974156426294769e+00 2.293028686909032440e+10
5.823174053051999977e+00 2.126717568773861694e+10
5.846466749264207508e+00 2.161222778220798874e+10
5.869852616261264977e+00 2.149468682511348724e+10
5.893332026726310069e+00 2.133674458396210098e+10
5.916905354833215114e+00 2.231188593764691544e+10
5.940572976252548543e+00 2.042314389566127014e+10
5.964335268157558545e+00 2.045492958115507507e+10
5.988192609230189589e+00 2.030943217487910843e+10
6.012145379667110490e+00 2.063549207520757294e+10
6.036193961185778889e+00 2.018218064393390656e+10
6.060338737030522616e+00 2.016709321064817047e+10
6.084580091978644134e+00 2.065387661623905945e+10
6.108918412346558746e+00 1.944795523867229462e+10
6.133354085995945226e+00 2.211746233992660522e+10
6.157887502339929320e+00 2.035931512451452637e+10
6.182519052349287669e+00 1.892792285534692383e+10
6.207249128558685491e+00 1.958746722411765671e+10
6.232078125072920471e+00 1.936552746564294052e+10
6.257006437573212843e+00 1.915204990870998001e+10
6.282034463323505236e+00 1.973759067871525955e+10
6.307162601176800720e+00 1.850189730586302567e+10
6.332391251581507063e+00 1.901032668106293488e+10
6.357720816587833390e+00 1.871624208765317535e+10
6.383151699854184180e+00 1.803160257408430481e+10
6.408684306653601226e+00 1.640380591042132187e+10
6.434319043880215361e+00 1.697669416888442993e+10
6.460056320055736379e+00 1.539019917235169792e+10
6.485896545335958052e+00 1.375929909745543671e+10
6.511840131517302233e+00 1.402919697799865341e+10
6.537887492043371829e+00 1.378386239489650917e+10
6.564039042011545533e+00 1.296328633575314331e+10
6.590295198179591196e+00 1.236823224502715874e+10
6.616656378972309405e+00 1.240790855734222984e+10
6.643123004488199257e+00 1.219863179994118500e+10
6.669695496506150789e+00 1.223560842186473846e+10
6.696374278492176479e+00 1.217066893477792358e+10
6.723159775606144528e+00 1.184271530295304489e+10
6.750052414708568094e+00 1.241778758666687584e+10
6.777052624367403411e+00 1.143197512122026062e+10
6.804160834864871887e+00 1.132882940049593353e+10
6.831377478204331055e+00 1.083691161005178261e+10
6.858702988117148180e+00 1.123302468384144402e+10
6.886137800069615622e+00 1.139445737693134880e+10
6.913682351269895499e+00 1.119496403404628372e+10
6.941337080674975013e+00 1.113172549709767342e+10
6.969102428997675069e+00 1.093692990809375954e+10
6.996978838713665994e+00 1.113901455134300613e+10
7.024966754068519670e+00 1.054862344075155067e+10
7.053066621084793653e+00 1.031417544021256447e+10
7.081278887569133929e+00 1.028179010251870728e+10
7.109604003119409654e+00 9.927450659946815491e+09
7.138042419131887861e+00 1.017831745188674164e+10
7.166594588808414379e+00 1.007672359586877823e+10
7.195260967163648047e+00 9.885142724820808411e+09
7.224042011032302923e+00 9.497751983144403458e+09
7.252938179076432235e+00 9.382027190561510086e+09
7.281949931792737196e+00 9.348566639149873734e+09
7.311077731519908696e+00 9.375156912593809128e+09
7.340322042445988515e+00 8.802945310926383972e+09
7.369683330615771411e+00 8.769305753919542313e+09
7.399162063938235612e+00 8.970227285886871338e+09
7.428758712193988423e+00 8.504085322011478424e+09
7.458473747042765112e+00 8.577537397422679901e+09
7.488307642030935796e+00 8.539129499373792648e+09
7.518260872599060285e+00 8.657641586028566360e+09
7.548333916089456253e+00 8.602004345784418106e+09
7.578527251753813587e+00 8.091527274928989410e+09
7.608841360760829176e+00 7.791204572449300766e+09
7.639276726203872769e+00 8.240039176868438721e+09
7.669833833108687493e+00 7.661456412970369339e+09
7.700513168441122325e+00 7.471323467727631569e+09
7.731315221114887670e+00 7.068428450561182022e+09
7.762240481999347352e+00 6.816800911746170998e+09
7.793289443927344351e+00 6.668465914988969803e+09
7.824462601703054077e+00 6.671274740309565544e+09
7.855760452109866065e+00 6.473696525016086578e+09
7.887183493918306532e+00 6.187460711409994125e+09
7.918732227893980458e+00 6.293698444742019653e+09
7.950407156805555431e+00 6.204607064793074608e+09
7.982208785432777454e+00 6.101483752926447868e+09
8.014137620574508958e+00 6.124668996867601395e+09
8.046194171056805899e+00 5.775365409648436546e+09
8.078378947741034821e+00 6.066840408470624924e+09
8.110692463531997021e+00 5.791805604183057785e+09
8.143135233386125549e+00 5.819280896685785294e+09
8.175707774319670662e+00 5.726538051708443642e+09
8.208410605416949224e+00 5.534681899265511513e+09
8.241244247838615422e+00 5.678819927527369499e+09
8.274209224829968790e+00 5.491767588734280586e+09
8.307306061729288871e+00 5.558872275451734543e+09
8.340535285976207192e+00 5.301083706478155136e+09
8.373897427120111203e+00 5.230308355734707832e+09
8.407393016828594412e+00 5.563203547736775398e+09
8.441022588895906509e+00 5.199609685447233200e+09
8.474786679251490540e+00 5.373615188540385246e+09
8.508685825968495209e+00 5.134148022332701683e+09
8.542720569272368891e+00 5.253835258772631645e+09
8.576891451549458978e+00 5.163304771498561859e+09
8.611199017355655627e+00 5.264324723009490967e+09
8.645643813425078150e+00 5.185136478770777702e+09
8.680226388678779159e+00 5.072822927694231987e+09
8.714947294233493125e+00 5.074173541022222519e+09
8.749807083410427566e+00 4.929573888553012848e+09
8.784806311744070229e+00 5.048631362528738022e+09
8.819945536991047774e+00 4.899601642531912804e+09
8.855225319139009343e+00 4.918241813621335983e+09
8.890646220415566958e+00 5.053079347184320450e+09
8.926208805297228821e+00 4.934690699432054520e+09
8.961913640518417878e+00 4.771960642223261833e+09
8.997761295080492161e+00 4.814598229188081741e+09
9.033752340260813085e+00 4.786257976548995972e+09
9.069887349621856387e+00 4.813124421932098389e+09
9.106166899020346150e+00 4.662870723753571510e+09
9.142591566616424359e+00 4.746339658160393715e+09
9.179161932882891506e+00 4.706557059270087242e+09
9.215878580614422333e+00 4.665807164252301216e+09
9.252742094936881045e+00 4.580334636944658279e+09
9.289753063316627646e+00 4.595500006121941566e+09
9.326912075569895322e+00 4.576441606652410507e+09
9.364219723872173162e+00 4.669053024498542786e+09
9.401676602767663482e+00 4.411378915971439362e+09
9.439283309178733816e+00 4.370723754545013428e+09
9.477040442415447075e+00 4.406101897871630669e+09
9.514948604185111236e+00 4.383777186307309151e+09
9.553008398601852136e+00 4.433428995639080048e+09
9.591220432196260859e+00 4.244215939574787140e+09
9.629585313925044687e+00 4.187116751520325184e+09
9.668103655180747324e+00 4.189253336222078323e+09
9.706776069801470896e+00 4.126751002077014446e+09
9.745603174080676112e+00 4.130084564998742104e+09
9.784585586776998412e+00 4.170371007882699490e+09
9.823723929124106746e+00 3.969342678602041245e+09
9.863018824840601440e+00 4.015978661936603546e+09
9.902470900139965337e+00 3.563239062595788002e+09
9.942080783740523842e+00 3.899639324181074619e+09
9.981849106875488431e+00 3.817457280245545387e+09
1.002177650330298952e+01 3.820162463984250546e+09
1.006186360931619994e+01 3.694241445572999954e+09
1.010211106375346723e+01 3.544599748334700108e+09
1.014251950800847979e+01 3.680663956660893440e+09
1.018308958604051284e+01 3.610027834357302666e+09
1.022382194438467451e+01 3.495894627386387825e+09
1.026471723216221399e+01 3.398837844327186108e+09
1.030577610109086173e+01 3.385807627697228909e+09
1.034699920549522467e+01 3.289266930811116695e+09
1.038838720231720458e+01 3.183949312508164883e+09
1.042994075112647501e+01 3.126784014444516659e+09
1.047166051413097954e+01 3.055428484424461365e+09
1.051354715618750468e+01 3.156694630913895607e+09
1.055560134481225454e+01 3.046710559385227680e+09
1.059782375019150358e+01 2.958807238322801113e+09
1.064021504519226902e+01 3.018805183076473236e+09
1.068277590537303823e+01 3.009307013631835461e+09
1.072550700899452991e+01 2.866977505877755642e+09
1.076840903703050856e+01 2.816703210419600964e+09
1.081148267317863088e+01 2.857136834017642021e+09
1.085472860387134553e+01 2.897070970802826881e+09
1.089814751828683015e+01 2.592462606519864082e+09
1.094174010835997635e+01 2.694446764924695969e+09
1.098550706879341909e+01 2.428509600631323814e+09
1.102944909706859100e+01 2.478178014564727783e+09
1.107356689345686540e+01 2.488044875220761299e+09
1.111786116103069233e+01 2.487690207057969093e+09
1.116233260567481622e+01 2.413466236010235786e+09
1.120698193609751492e+01 2.367788899674069405e+09
1.125180986384190440e+01 2.351191403791924000e+09
1.129681710329727373e+01 2.306530212090012550e+09
1.134200437171046083e+01 2.263967598379850388e+09
1.138737238919730466e+01 2.299469151692065239e+09
1.143292187875409383e+01 2.219703435587501049e+09
1.147865356626910938e+01 2.180427797341697693e+09
1.152456818053418530e+01 2.115471739963858366e+09
1.157066645325632237e+01 2.035522172653990507e+09
1.161694911906934635e+01 2.002821470866886377e+09
1.166341691554562487e+01 2.061811029378874779e+09
1.171007058320780736e+01 1.928335237867795706e+09
1.175691086554063958e+01 1.794534643104180336e+09
1.180393850900279951e+01 1.884144813303064585e+09
1.185115426303881137e+01 1.834036652000489235e+09
1.189855888009096674e+01 1.829738044938073397e+09
1.194615311561133097e+01 1.822976221233061314e+09
1.199393772807377623e+01 1.794421510623649836e+09
1.204191347898607134e+01 1.781993916219010353e+09
1.209008113290201614e+01 1.660247018006816387e+09
1.213844145743362368e+01 1.646079320244813681e+09
1.218699522326335938e+01 1.724175554622457027e+09
1.223574320415641381e+01 1.608959467624884844e+09
1.228468617697303777e+01 1.650279007674850941e+09
1.233382492168093059e+01 1.557155638995569229e+09
1.238316022136765504e+01 1.544069172705040932e+09
1.243269286225312520e+01 1.411112814913873196e+09
1.248242363370213859e+01 1.524311319557384491e+09
1.253235332823694748e+01 1.397788609269610643e+09
1.258248274154989410e+01 1.438814493612815142e+09
1.263281267251609385e+01 1.409900662829961538e+09
1.268334392320615756e+01 1.397193236745163918e+09
1.273407729889898299e+01 1.425759169684266329e+09
1.278501360809457665e+01 1.304150477331078768e+09
1.283615366252695544e+01 1.277176183379037619e+09
1.288749827717706253e+01 1.372864239757458925e+09
1.293904827028577031e+01 1.240605568900048256e+09
1.299080446336691352e+01 1.278274562646701097e+09
1.304276768122038099e+01 1.206513522924611330e+09
1.309493875194526424e+01 1.234681374603296518e+09
1.314731850695304693e+01 1.190015473211570024e+09
1.319990778098085649e+01 1.198361175216169119e+09
1.325270741210477965e+01 1.100276924783329964e+09
1.330571824175319939e+01 1.083744219280375957e+09
1.335894111472021173e+01 1.118462236779486895e+09
1.341237687917909227e+01 1.120278981695515633e+09
1.346602638669580898e+01 1.032774657638044000e+09
1.351989049224258999e+01 1.087396305012414455e+09
1.357397005421156067e+01 1.041255055111155272e+09
1.362826593442840917e+01 1.024762696443809152e+09
1.368277899816612297e+01 1.010554484737852454e+09
1.373751011415878942e+01 9.458824777820988894e+08
1.379246015461542463e+01 9.971206714774192572e+08
1.384762999523388416e+01 8.935966024067958593e+08
1.390302051521481808e+01 9.657027325578955412e+08
1.395863259727567751e+01 9.356137850249489546e+08
1.401446712766477987e+01 8.756916432892359495e+08
1.407052499617543972e+01 9.601776662369974852e+08
1.412680709616014063e+01 8.651301234985849857e+08
1.418331432454478147e+01 8.253621239311985970e+08
1.424004758184296193e+01 8.484949823569018841e+08
1.429700777217033369e+01 8.821794812916041613e+08
1.435419580325901379e+01 8.089973369415627718e+08
1.441161258647204946e+01 8.026315987059689760e+08
1.446925903681793812e+01 7.683099864453874826e+08
1.452713607296521126e+01 7.911500029134504795e+08
1.458524461725707155e+01 7.820878559845151901e+08
1.464358559572609764e+01 7.507590335530669689e+08
1.470215993810900557e+01 7.437814105755165815e+08
1.476096857786143879e+01 7.925052643184751272e+08
1.482001245217288599e+01 7.238192465744711161e+08
1.487929250198157760e+01 6.855329777531909943e+08
1.493880967198950316e+01 7.141710219614654779e+08
1.499856491067746056e+01 6.896834620034079552e+08
1.505855917032016933e+01 6.863176344977451563e+08
1.511879340700144958e+01 6.637877171864590645e+08
1.517926858062945605e+01 6.544062167776753902e+08
1.523998565495197433e+01 6.808853298379482031e+08
1.530094559757178274e+01 6.633318685163080692e+08
1.536214937996206764e+01 6.283388502678458691e+08
1.542359797748191674e+01 6.063857001915816069e+08
1.548529236939184450e+01 6.131861063798891306e+08
1.554723353886941339e+01 5.772929056452797651e+08
1.560942247302489072e+01 5.966259981566102505e+08
1.567186016291699069e+01 5.951939326219333410e+08
1.573454760356865556e+01 5.528534243542612791e+08
1.579748579398293096e+01 5.738960694646587372e+08
1.586067573715886247e+01 5.565538402973432541e+08
1.592411844010749888e+01 5.862846765251622200e+08
1.598781491386792730e+01 5.031405668915054202e+08
1.605176617352340074e+01 5.271841087324818969e+08
1.611597323821749228e+01 5.045279675320787430e+08
1.618043713117036120e+01 5.350524890326637626e+08
1.624515887969504391e+01 4.781682547142813802e+08
1.631013951521382310e+01 5.108431428781529665e+08
1.637538007327468037e+01 5.125810024873757362e+08
1.644088159356778078e+01 4.887008569582278728e+08
1.650664511994205341e+01 4.653535333788240552e+08
1.657267170042182158e+01 4.613660225569098592e+08
1.663896238722350418e+01 4.256853438632253408e+08
1.670551823677240222e+01 4.586347194945061207e+08
1.677234030971949608e+01 4.790017589519454241e+08
1.683942967095837062e+01 4.528589690440674424e+08
1.690678738964220429e+01 4.300247688895712495e+08
1.697441453920077237e+01 4.255894346549994946e+08
1.704231219735757108e+01 4.647142583726814389e+08
1.711048144614700561e+01 3.817661600475746393e+08
1.717892337193159236e+01 4.223867195958124399e+08
1.724763906541932101e+01 3.882951118535604477e+08
1.731662962168099895e+01 3.861944500559641123e+08
1.738589614016772344e+01 3.619972744756790400e+08
1.745543972472839300e+01 3.949324059089044333e+08
1.752526148362730751e+01 3.828391518900699019e+08
1.759536252956181812e+01 3.645607753056927323e+08
1.766574397968006238e+01 3.543921839180567265e+08
1.773640695559878466e+01 3.546580651650876403e+08
1.780735258342117433e+01 3.510229368252021074e+08
1.787858199375486024e+01 3.693417768908672929e+08
1.795009632172988034e+01 3.293261572179511786e+08
1.802189670701679702e+01 3.567791072361817956e+08
1.809398429384486562e+01 3.389240577103361487e+08
1.816636023102024211e+01 3.013204287039960623e+08
1.823902567194432578e+01 3.327138121826465726e+08
1.831198177463210186e+01 3.341804552285283208e+08
1.838522970173062987e+01 3.140199126715607047e+08
1.845877062053754969e+01 3.073252104857534766e+08
1.853260570301970134e+01 2.834274113209664822e+08
1.860673612583178027e+01 2.727758700566926599e+08
1.868116307033510637e+01 2.918853779440240860e+08
1.875588772261644976e+01 2.818300124781914353e+08
1.883091127350691352e+01 3.048904412633343935e+08
1.890623491860094063e+01 2.801497166421888471e+08
1.898185985827534594e+01 2.648767817696557343e+08
1.905778729770844748e+01 2.868747778266866207e+08
1.913401844689928311e+01 2.813979478659916520e+08
1.921055452068688041e+01 2.506127969172172248e+08
1.928739673876962968e+01 2.550408294640546143e+08
1.936454632572470658e+01 2.628462370205332935e+08
1.944200451102760141e+01 2.272848099183973372e+08
1.951977252907171589e+01 2.659776754712466896e+08
1.959785161918800256e+01 2.346724375491740704e+08
1.967624302566475691e+01 2.369871926227177083e+08
1.991079942767366973e+01 2.303978568107769191e+08
