# Wavelength (micrometer), Flux (W / m2 / m)
1.000553076518779783e-01 8.983725411001554676e+03
1.004555288824854897e-01 4.321316851744192118e-12
1.008573509980154326e-01 5.823023390064023112e-12
1.012607804020075053e-01 8.135481081335614004e-12
1.016658235236155422e-01 9.140488017928172866e-12
1.020724868177099870e-01 1.802047385855995261e-11
1.024807767649808382e-01 1.780929326574577898e-11
1.028906998720407612e-01 1.889277992867816861e-11
1.033022626715289355e-01 4.259973536181880600e-11
1.037154717222150413e-01 2.839932864963961294e-11
1.041303336091038839e-01 3.400176726684294465e-11
1.045468549435403099e-01 4.082671896411502667e-11
1.049650423633144702e-01 5.525564998813335208e-11
1.053849025327677214e-01 9.127937911455386871e-11
1.058064421428987906e-01 1.039008263160665358e-10
1.062296679114703990e-01 1.165666903715470486e-10
1.066545865831162732e-01 1.600626559030470613e-10
1.070812049294487533e-01 1.563994380778085338e-10
1.075095297491665408e-01 3.437743933124089939e-10
1.079395678681632220e-01 3.216593714468545307e-10
1.083713261396358624e-01 4.112245758212045563e-10
1.088048114441943909e-01 4.632543912894835244e-10
1.092400306899711654e-01 6.042891194122400303e-09
1.096769908127310511e-01 7.437643678825438299e-10
1.101156987759819850e-01 1.202165449286204543e-09
1.105561615710859147e-01 5.019940469543201254e-09
1.109983862173702651e-01 2.866002198701943212e-09
1.114423797622397516e-01 2.567890839832255557e-09
1.118881492812886930e-01 1.751407544304975942e-09
1.123357018784138517e-01 2.929080014561822728e-09
1.127850446859275102e-01 1.396249222030949852e-07
1.132361848646712132e-01 5.026968686805519855e-08
1.136891296041298988e-01 4.846142225020284726e-08
1.141438861225464035e-01 5.876723481353664014e-08
1.146004616670366072e-01 6.195832359058716960e-08
1.150588635137047705e-01 6.672241742886732378e-08
1.155190989677595953e-01 4.662546793737401610e-08
1.159811753636306314e-01 1.186282720032106148e-07
1.164451000650851553e-01 4.579518411641075537e-08
1.169108804653455069e-01 5.473638607168053891e-08
1.173785239872068981e-01 2.360495342146356638e-07
1.178480380831557206e-01 7.398698579944085583e-07
1.183194302354883543e-01 4.273068929460939613e-07
1.187927079564302935e-01 2.408781545623726468e-07
1.192678787882560099e-01 7.647557747221483648e-07
1.197449503034090645e-01 1.410192532389262332e-06
1.202239301046226783e-01 1.775354919039654352e-07
1.207048258250411760e-01 1.326735526649472733e-06
1.211876451283413342e-01 7.258576900971212750e-07
1.216723957088547137e-01 3.283618507231964104e-07
1.221590852916901310e-01 2.140031729301573433e-06
1.226477216328568792e-01 4.785598317448599774e-06
1.231383125193883099e-01 7.504126476680484013e-07
1.236308657694658586e-01 1.639533699004513722e-06
1.241253892325437369e-01 1.449331719389349928e-06
1.246218907894739159e-01 5.526937997098098755e-07
1.251203783526317892e-01 1.032775974050980552e-06
1.256208598660423226e-01 1.772716503161230208e-06
1.261233433055065078e-01 1.424138187546857792e-06
1.266278366787285392e-01 7.069183849288248252e-07
1.271343480254434610e-01 7.616749091762598744e-06
1.276428854175452321e-01 3.567942874678556885e-06
1.281534569592154005e-01 1.153075082340310363e-06
1.286660707870522780e-01 1.981076641480357301e-06
1.291807350702004475e-01 2.066527291047029423e-05
1.296974580104812425e-01 1.471519523045694887e-05
1.302162478425231973e-01 3.711294733762263794e-06
1.307371128338932764e-01 6.161838733018294034e-06
1.312600612852288795e-01 1.825925764498124608e-05
1.317851015303697915e-01 1.213719439893907730e-05
1.323122419364912705e-01 2.145364652611351882e-05
1.328414909042372472e-01 1.696318765754729094e-05
1.333728568678542170e-01 2.013018519343220952e-05
1.339063482953256612e-01 2.345569596338848025e-05
1.344419736885069383e-01 1.988083894988894247e-05
1.349797415832609815e-01 7.433188005032710384e-05
1.355196605495940232e-01 6.483853434256203730e-05
1.360617391917924301e-01 1.831724407445979640e-04
1.366059861485595939e-01 7.796606586021684879e-05
1.371524100931538481e-01 7.973200157826762892e-05
1.377010197335264696e-01 1.712731097281249405e-04
1.382518238124605670e-01 2.761387651449073309e-04
1.388048311077104136e-01 3.359623693276323668e-04
1.393600504321412248e-01 3.471675337494691069e-04
1.399174906338697677e-01 2.321794195105724400e-04
1.404771605964052761e-01 1.152434807297428483e-03
1.410390692387908651e-01 7.633738341159718470e-04
1.416032255157460562e-01 2.737501754271451111e-03
1.421696384178090522e-01 3.162511089112652381e-04
1.427383169714803168e-01 1.384552511292280481e-03
1.433092702393662099e-01 1.927554395953718150e-02
1.438825073203236771e-01 3.418387276517438882e-03
1.444580373496049674e-01 1.317666986136516172e-02
1.450358694990033503e-01 6.670867083014461220e-03
1.456160129769993872e-01 3.386414196781663971e-02
1.461984770289073976e-01 1.129687729635120604e-02
1.467832709370230082e-01 1.241481706502809389e-02
1.473704040207710897e-01 3.170953688041670132e-02
1.479598856368541382e-01 5.521372149211373377e-03
1.485517251794015725e-01 2.303144266555070402e-02
1.491459320801191979e-01 1.057635947723457870e-01
1.497425158084396690e-01 2.601296187160949402e-02
1.503414858716734248e-01 4.160365944281138040e-01
1.509428518151600951e-01 9.304593419196431625e-02
1.515466232224207677e-01 1.902238190509921920e-02
1.521528097153104220e-01 3.927145692384333836e-02
1.527614209541716672e-01 1.085822933196462468e-02
1.533724666379883694e-01 1.060486439460957102e-02
1.539859565045403056e-01 1.751512153449567843e-02
1.546019003305584838e-01 1.795298117424043872e-03
1.552203079318807133e-01 3.860573501420799802e-03
1.558411891636082569e-01 3.013344011761295762e-03
1.564645539202626778e-01 2.320186608893056324e-03
1.570904121359437411e-01 2.311261027712281473e-03
1.577187737844875093e-01 1.740947913618893063e-03
1.583496488796254653e-01 2.559362936620405721e-03
1.589830474751439959e-01 6.055568460554042708e-03
1.596189796650445414e-01 2.619196093890211428e-03
1.602574555837047166e-01 3.026886371264308692e-03
1.608984854060395708e-01 4.925318745735704669e-03
1.615420793476636807e-01 4.632971349979456491e-03
1.621882476650543525e-01 5.287256601398225217e-03
1.628370006557145755e-01 5.409218580474177765e-03
1.634883486583374457e-01 7.209067755656079803e-03
1.641423020529707844e-01 8.629064594112945130e-03
1.647988712611826723e-01 1.051939294086477045e-02
1.654580667462274002e-01 7.083216518166352525e-03
1.661198990132123077e-01 1.635365086562704656e-02
1.667843786092651215e-01 1.775684299155937118e-02
1.674515161237022098e-01 2.554672715952475623e-02
1.681213221881969755e-01 4.971466550790482747e-02
1.687938074769497754e-01 3.780232501028615161e-02
1.694689827068575905e-01 1.256785704268905957e-01
1.701468586376850278e-01 1.018704211229303908e-01
1.708274460722357391e-01 1.286286689940353001e-01
1.715107558565246715e-01 1.686602481669949305e-01
1.721967988799507909e-01 1.634758106381890286e-01
1.728855860754705820e-01 2.594337934072463714e-01
1.735771284197724640e-01 1.950902848639868292e-01
1.742714369334515678e-01 1.850863120911225568e-01
1.749685226811853456e-01 5.281651157637397009e-01
1.756683967719100681e-01 2.993998646196222579e-01
1.763710703589977391e-01 8.167370735110500712e-01
1.770765546404337309e-01 1.034656744698648545e+00
1.777848608589954471e-01 4.311231442332314479e-01
1.784960003024314568e-01 1.536573579097036291e+00
1.792099843036411844e-01 1.206366011411790007e+00
1.799268242408557650e-01 1.406813189799017483e+00
1.806465315378191772e-01 3.198766639704748282e+00
1.813691176639704306e-01 8.984268356672366895e-01
1.820945941346263086e-01 2.547921352689654473e+00
1.828229725111648329e-01 5.128800736045479702e+00
1.835542644012094771e-01 9.261720968572346724e-01
1.842884814588143239e-01 4.144402302693484863e+00
1.850256353846495561e-01 1.050938729672796690e+01
1.857657379261881403e-01 2.552212041184177327e+00
1.865088008778928996e-01 1.108104847308634255e+01
1.872548360814044743e-01 9.164742637168954431e+00
1.880038554257300876e-01 3.899562076615246120e+00
1.887558708474330049e-01 1.778916459123552229e+01
1.895108943308226879e-01 1.116968530372426471e+01
1.902689379081460019e-01 7.811586143702530904e+00
1.910300136597785636e-01 3.565960041710798833e+01
1.917941337144176972e-01 1.868215976918448717e+01
1.925613102492753359e-01 2.404638081213705192e+01
1.933315554902724498e-01 6.016729895214614032e+01
1.941048817122335568e-01 4.221064405060840841e+01
1.948813012390824828e-01 4.152324635482283810e+01
1.956608264440388156e-01 1.172037572581265010e+02
1.964434697498149418e-01 5.089359674889416851e+01
1.972292436288141937e-01 8.411086352303334479e+01
1.980181606033294406e-01 1.550090729971064718e+02
1.988102332457427346e-01 1.061640711343186751e+02
1.996054741787257336e-01 9.756867157520241562e+01
2.004038960754406518e-01 1.333294148688811163e+02
2.012055116597424309e-01 1.423665931282951931e+02
2.020103337063813842e-01 1.544451307871712515e+02
2.028183750412069219e-01 1.716174896669968177e+02
2.036296485413717494e-01 1.527990013611528184e+02
2.044441671355372303e-01 1.400153284365649711e+02
2.052619438040793887e-01 1.963596138283932646e+02
2.060829915792957157e-01 1.816721324173751384e+02
2.069073235456129201e-01 1.804485482430944217e+02
2.077349528397953449e-01 1.973036709819819521e+02
2.085658926511545219e-01 2.413156268727718725e+02
2.094001562217591150e-01 2.452875388948022248e+02
2.102377568466461677e-01 2.498882015365011000e+02
2.110787078740327671e-01 1.991504424618911457e+02
2.119230227055288740e-01 2.642818886831664713e+02
2.127707147963510126e-01 2.929819745182416568e+02
2.136217976555363773e-01 3.457856112172523808e+02
2.144762848461585492e-01 2.154128876149935365e+02
2.153341899855431840e-01 3.420440850274357558e+02
2.161955267454853669e-01 4.506959085432378629e+02
2.170603088524672986e-01 5.208531506607666870e+02
2.179285500878772042e-01 3.660142238672287363e+02
2.188002642882286852e-01 4.296239458374083142e+02
2.196754653453815986e-01 7.027054015260747519e+02
2.205541672067631020e-01 6.111009623545157865e+02
2.214363838755901703e-01 1.204469183166493849e+03
2.223221294110925284e-01 5.876724443653911294e+02
2.232114179287369160e-01 2.162580990841115636e+03
2.241042636004518529e-01 1.285562575661956771e+03
2.250006806548536520e-01 3.529391940430379236e+03
2.259006833774730438e-01 1.826264825707272848e+03
2.268042861109829667e-01 3.049888658713782206e+03
2.277115032554268836e-01 3.781639896191978551e+03
2.286223492684485714e-01 4.211196562417789210e+03
2.295368386655223802e-01 8.893401938210206936e+03
2.304549860201844658e-01 2.481824687269296646e+03
2.313768059642651864e-01 8.371070564110759733e+03
2.323023131881222503e-01 7.709232816588209062e+03
2.332315224408747223e-01 1.359445529305993841e+04
2.341644485306381973e-01 1.593222230742786269e+04
2.351011063247607502e-01 4.271142176216396365e+03
2.360415107500598020e-01 1.817773877756485308e+04
2.369856767930600405e-01 4.615359141705008369e+03
2.379336195002322851e-01 2.254174475337689364e+04
2.388853539782332114e-01 1.750612191172592793e+04
2.398408953941461863e-01 5.231653748143419216e+04
2.408002589757227141e-01 6.568832053566198738e+04
2.417634600116256582e-01 1.875616984849311848e+04
2.427305138516721306e-01 1.003637473333639937e+05
2.437014359070788505e-01 7.528494133846562181e+04
2.446762416507071713e-01 2.171309138987525948e+05
2.456549466173099938e-01 9.557960582019250432e+04
2.466375664037792625e-01 1.186481852847718837e+05
2.476241166693943785e-01 1.167241709441377461e+05
2.486146131360719436e-01 2.408607015895537188e+04
2.496090715886161993e-01 1.204111462039072940e+05
2.506075078749706586e-01 1.143589281782789913e+05
2.516099379064705155e-01 1.373395227159953502e+05
2.526163776580964138e-01 1.448594659637662407e+05
2.536268431687287994e-01 6.051195711578744231e+05
2.546413505414037437e-01 6.313018172626538435e+05
2.556599159435693491e-01 8.072960038379224716e+05
2.566825556073435988e-01 7.076429906515062321e+05
2.577092858297729827e-01 8.515873799921832979e+05
2.587401229730920682e-01 5.318667472182449419e+05
2.597750834649844576e-01 1.084469806643795455e+06
2.608141837988444123e-01 9.654464026625246042e+05
2.618574405340398092e-01 3.279277645458764397e+06
2.629048702961759298e-01 8.026288423360930756e+06
2.639564897773606367e-01 7.969930185907094739e+06
2.650123157364701054e-01 8.249950758114518598e+06
2.660723649994159445e-01 5.870580504001835361e+06
2.671366544594135917e-01 6.292062829622077756e+06
2.682052010772512096e-01 7.031390828232408501e+06
2.692780218815602478e-01 4.329771813098660670e+06
2.703551339690865030e-01 7.596691617892364040e+06
2.714365545049627904e-01 3.313213388266964350e+06
2.725223007229827243e-01 2.517309877208429389e+06
2.736123899258746106e-01 3.810601392939577345e+06
2.747068394855781692e-01 3.727359638682796620e+06
2.758056668435204806e-01 6.437549770981315523e+06
2.769088895108945403e-01 1.281080702731030621e+07
2.780165250689380918e-01 1.058477275178080238e+07
2.791285911692138466e-01 1.140861151544590667e+07
2.802451055338907038e-01 9.693146015664888546e+06
2.813660859560263017e-01 8.477002226832929999e+06
2.824915502998503469e-01 6.963403105598320253e+06
2.836215165010497197e-01 4.832721275945827365e+06
2.847560025670539119e-01 1.832189837581111351e+06
2.858950265773221866e-01 2.863306595170226414e+06
2.870386066836315142e-01 6.792035513770495541e+06
2.881867611103660631e-01 1.262734457690131292e+07
2.893395081548075787e-01 2.011615421600597724e+07
2.904968661874267610e-01 2.795931616880998760e+07
2.916588536521764197e-01 3.670142745753020048e+07
2.928254890667851273e-01 4.186258149853144586e+07
2.939967910230522619e-01 3.640483619804051518e+07
2.951727781871444911e-01 3.149312914133155346e+07
2.963534692998930908e-01 4.061059728929328918e+07
2.975388831770926501e-01 4.072332513722723722e+07
2.987290387098009981e-01 5.602460224871122092e+07
2.999239548646402409e-01 4.551869353592409194e+07
3.011236506840988536e-01 8.039817142937105894e+07
3.023281452868351593e-01 3.513721684001086652e+07
3.035374578679824742e-01 1.199735493137898892e+08
3.047516076994544187e-01 1.296420889664613158e+08
3.059706141302522830e-01 1.880363092079282999e+08
3.071944965867733357e-01 5.621517432241863012e+08
3.084232745731204095e-01 1.096255175541352749e+09
3.096569676714128194e-01 8.837401432750771046e+08
3.108955955420985018e-01 1.922222976573405266e+09
3.121391779242668751e-01 2.090666880301045418e+09
3.133877346359639215e-01 2.701661083805899143e+09
3.146412855745078230e-01 3.200385572132850170e+09
3.158998507168058190e-01 3.649307137801388264e+09
3.171634501196730627e-01 4.787598493904081345e+09
3.184321039201517545e-01 2.175814329684233189e+09
3.197058323358323295e-01 1.216327268983820915e+09
3.209846556651756444e-01 3.779374519710584641e+09
3.222685942878363852e-01 5.223548807316839218e+09
3.235576686649877520e-01 4.713719828323556900e+09
3.248518993396476984e-01 7.915888387820397377e+09
3.261513069370062801e-01 8.986193467890682220e+09
3.274559121647543369e-01 1.172607223763914299e+10
3.287657358134133401e-01 1.163098432045398903e+10
3.300807987566670154e-01 5.713989706674574852e+09
3.314011219516936890e-01 1.265791275015902519e+10
3.327267264395004642e-01 1.690143568674343109e+10
3.340576333452584534e-01 1.288322476445743179e+10
3.353938638786395088e-01 9.956166298757961273e+09
3.367354393341540630e-01 9.680797731979867935e+09
3.380823810914907468e-01 1.007331061364450455e+10
3.394347106158566718e-01 1.861026225920244217e+10
3.407924494583201014e-01 1.761067037627578354e+10
3.421556192561533982e-01 1.363608036023461533e+10
3.435242417331779707e-01 3.255354974580222130e+09
3.448983387001106626e-01 4.074055832368491650e+09
3.462779320549111417e-01 5.447995364189901352e+09
3.476630437831307319e-01 2.955032839506877899e+09
3.490536959582632992e-01 3.070186290355207920e+09
3.504499107420963600e-01 1.757743430403400421e+10
3.518517103850647421e-01 1.328135910752921677e+10
3.532591172266050239e-01 2.548899699959598160e+10
3.546721536955114717e-01 3.552341646111585999e+10
3.560908423102934761e-01 1.005991574760779762e+10
3.575152056795346533e-01 4.602354575703671455e+09
3.589452665022527800e-01 1.546944018855166817e+10
3.603810475682617254e-01 2.252130222528697205e+10
3.618225717585348278e-01 1.500926494170879745e+10
3.632698620455689364e-01 1.139411254539520073e+10
3.647229414937512293e-01 8.838604836808334351e+09
3.661818332597261971e-01 3.032732137915800476e+10
3.676465605927651259e-01 1.654440264476652145e+10
3.691171468351361895e-01 1.674586761302828598e+10
3.705936154224767076e-01 5.211655954678092957e+09
3.720759898841666247e-01 1.369010089790484190e+09
3.735642938437032656e-01 1.425934279605489492e+09
3.750585510190780902e-01 2.529820318145625114e+09
3.765587852231543908e-01 1.149624732219231415e+10
3.780650203640470441e-01 3.641052340287830353e+10
3.795772804455032068e-01 1.955349533743001556e+10
3.810955895672852312e-01 2.474732917018807602e+10
3.826199719255543585e-01 5.197893846845250130e+09
3.841504518132565771e-01 1.312754343468432808e+10
3.856870536205096456e-01 2.879053331855429649e+09
3.872298018349916715e-01 7.899678093048782349e+09
3.887787210423316320e-01 5.768942306143493652e+09
3.903338359265008939e-01 1.221962082180617332e+10
3.918951712702069545e-01 1.518377572982173729e+10
3.934627519552877928e-01 1.983354084055661774e+10
3.950366029631089404e-01 4.480929477416636658e+10
3.966167493749613859e-01 4.090406668628253937e+10
3.982032163724612550e-01 7.067186280815771484e+10
3.997960292379510450e-01 7.633469760151728821e+10
4.013952133549028578e-01 1.144600578903479156e+11
4.030007942083224659e-01 1.410686155148557434e+11
4.046127973851557647e-01 8.327902991229397583e+10
4.062312485746963908e-01 9.914123952672808838e+10
4.078561735689951728e-01 9.645493723763040161e+10
4.094875982632711353e-01 1.215563000270887299e+11
4.111255486563242245e-01 1.273831782336150055e+11
4.127700508509495880e-01 1.050749572342240753e+11
4.144211310543532978e-01 8.468191805153831482e+10
4.160788155785707931e-01 7.614748238957019043e+10
4.177431308408850463e-01 4.605212407578307343e+10
4.194141033642486138e-01 2.323474607431363297e+10
4.210917597777056320e-01 7.891724532867786407e+09
4.227761268168164221e-01 2.320749662952510357e+09
4.244672313240837602e-01 9.254129194667510986e+09
4.261651002493800910e-01 2.099068832545770264e+10
4.278697606503775730e-01 3.796275951171810150e+10
4.295812396929790666e-01 3.852189837828596497e+10
4.312995646517510107e-01 7.451661123009912109e+10
4.330247629103580187e-01 1.216361860163019867e+11
4.347568619619994745e-01 1.716091217376558838e+11
4.364958894098474596e-01 1.396376858545917969e+11
4.382418729674867897e-01 9.633380243561227417e+10
4.399948404593567730e-01 1.742287377053634033e+11
4.417548198211941890e-01 1.907547502545223083e+11
4.435218391004789873e-01 1.528243661559119568e+11
4.452959264568808750e-01 1.710272257753662109e+11
4.470771101627084021e-01 2.747370928943509827e+11
4.488654186033592119e-01 2.826649650611676636e+11
4.506608802777726241e-01 3.625369307526793213e+11
4.524635237988837710e-01 2.556414381541477966e+11
4.542733778940792333e-01 2.778959280797025146e+11
4.560904714056555065e-01 3.589538160133212891e+11
4.579148332912781894e-01 3.378104845284722290e+11
4.597464926244433370e-01 3.868265623834531860e+11
4.615854785949410899e-01 4.674271057149143677e+11
4.634318205093208576e-01 4.102098381714655151e+11
4.652855477913582227e-01 4.219404767052346191e+11
4.671466899825236219e-01 3.539540194810932007e+11
4.690152767424536906e-01 3.822724215995825806e+11
4.708913378494234969e-01 5.084223708570042725e+11
4.727749032008212171e-01 5.101916766580391235e+11
4.746660028136244769e-01 5.218504937523104858e+11
4.765646668248789131e-01 3.822628384866335449e+11
4.784709254921784560e-01 2.461767813396665039e+11
4.803848091941470555e-01 3.144254710240882568e+11
4.823063484309236815e-01 3.645271326514578247e+11
4.842355738246474361e-01 4.277035317651660156e+11
4.861725161199459966e-01 5.338314377158923950e+11
4.881172061844257226e-01 5.542643154267552490e+11
4.900696750091634302e-01 4.946454040607109985e+11
4.920299537092001074e-01 5.454663687185309448e+11
4.939980735240369625e-01 6.005150796831610107e+11
4.959740658181330253e-01 4.952752202060499878e+11
4.979579620814056362e-01 4.325590502479238281e+11
4.999497939297311566e-01 3.106352643991961670e+11
5.019495931054501758e-01 2.989917355621495972e+11
5.039573914778719965e-01 3.768638517562022705e+11
5.059732210437835054e-01 3.718840892475607300e+11
5.079971139279585435e-01 3.825215761184497681e+11
5.100291023836703852e-01 2.955418585272046509e+11
5.120692187932051054e-01 2.535404617521293030e+11
5.141174956683780550e-01 2.303700761219577942e+11
5.161739656510514473e-01 1.980710584499398499e+11
5.182386615136556074e-01 1.366347529452342682e+11
5.203116161597103329e-01 2.418756705644465637e+11
5.223928626243490303e-01 4.879403693954375610e+11
5.244824340748465152e-01 5.325169051676452637e+11
5.265803638111459239e-01 3.459451651330098877e+11
5.286866852663905103e-01 5.349338364367395630e+11
5.308014320074561088e-01 5.190482089382955933e+11
5.329246377354859288e-01 3.814185400592571411e+11
5.350563362864277916e-01 5.440422430152332764e+11
5.371965616315735881e-01 4.582365765326785278e+11
5.393453478780998456e-01 5.237694639087239380e+11
5.415027292696121819e-01 5.423702660639637451e+11
5.436687401866906466e-01 4.131180592821914062e+11
5.458434151474373941e-01 3.983598986505718994e+11
5.480267888080271321e-01 5.030598890513401489e+11
5.502188959632591247e-01 4.463698144070303345e+11
5.524197715471121928e-01 5.057079118088370361e+11
5.546294506333006025e-01 5.299496656687443848e+11
5.568479684358338400e-01 5.130282990254719849e+11
5.590753603095770519e-01 4.068896371393890381e+11
5.613116617508153716e-01 4.175438959455347900e+11
5.635569083978186899e-01 4.086637741398617554e+11
5.658111360314097560e-01 4.455806572929992065e+11
5.680743805755354980e-01 3.691034393657058716e+11
5.703466780978375672e-01 4.202772913739099121e+11
5.726280648102289872e-01 4.057229047788751831e+11
5.749185770694699160e-01 3.995567576925302734e+11
5.772182513777477375e-01 3.454485337135324707e+11
5.795271243832587071e-01 3.322792968827694092e+11
5.818452328807918184e-01 2.802458539559080200e+11
5.841726138123150003e-01 2.082703500595485229e+11
5.865093042675643131e-01 1.112292463373686523e+11
5.888553414846344758e-01 4.180571473030270386e+10
5.912107628505729462e-01 7.260845724925720215e+10
5.935756059019753339e-01 1.423022944638547058e+11
5.959499083255832552e-01 1.991453687608704834e+11
5.983337079588855190e-01 2.763428969779730835e+11
6.007270427907210886e-01 3.560253330017257690e+11
6.031299509618840426e-01 4.526156654147395020e+11
6.055424707657315331e-01 5.642946144968262939e+11
6.079646406487945187e-01 6.698111011787214355e+11
6.103964992113897203e-01 7.181235338274420166e+11
6.128380852082353503e-01 7.553529120449847412e+11
6.152894375490681744e-01 6.442655905387449951e+11
6.177505952992645710e-01 4.972551680032476196e+11
6.202215976804615893e-01 4.583646225612460327e+11
6.227024840711834486e-01 3.518394102299340820e+11
6.251932940074681477e-01 4.807473697455097046e+11
6.276940671834980723e-01 5.731995382820314941e+11
6.302048434522321552e-01 6.599793484089340820e+11
6.327256628260409244e-01 7.769279180964548340e+11
6.352565654773452142e-01 7.310662703049171143e+11
6.377975917392545435e-01 4.478700320063261719e+11
6.403487821062116003e-01 7.882984566044604492e+11
6.429101772346363930e-01 1.040262702273017578e+12
6.454818179435749537e-01 1.149575332316355957e+12
6.480637452153492628e-01 1.341081016202572266e+12
6.506560001962106154e-01 1.390464828515173828e+12
6.532586241969955410e-01 1.625520922774641113e+12
6.558716586937833881e-01 1.464568747651181641e+12
6.584951453285585732e-01 1.366447927408601562e+12
6.611291259098727169e-01 1.399099953540226074e+12
6.637736424135122215e-01 1.292314780059456055e+12
6.664287369831662922e-01 1.158608338934867920e+12
6.690944519310989547e-01 1.072992061476216553e+12
6.717708297388232941e-01 1.012785992716331787e+12
6.744579130577786907e-01 1.010945177148168823e+12
6.771557447100098326e-01 1.073329229967324829e+12
6.798643676888498355e-01 8.351756862105344238e+11
6.825838251596052508e-01 7.880927433822239990e+11
6.853141604602436265e-01 5.718655335981457520e+11
6.880554171020846210e-01 4.211598610677117310e+11
6.908076387704928933e-01 3.652491434639367676e+11
6.935708693255748791e-01 5.915776726977744141e+11
6.963451528028771209e-01 8.422944729175439453e+11
6.991305334140887062e-01 1.036629894039402466e+12
7.019270555477450380e-01 1.306880772956668457e+12
7.047347637699360456e-01 1.923132003955821045e+12
7.075537028250157290e-01 1.767001209599512695e+12
7.103839176363159202e-01 1.470698826256306641e+12
7.132254533068611568e-01 1.311842429779340332e+12
7.160783551200886610e-01 1.453887582475388184e+12
7.189426685405689854e-01 1.653872739383669922e+12
7.218184392147313222e-01 1.668504724910651855e+12
7.247057129715901436e-01 1.890958815340370117e+12
7.276045358234763949e-01 2.099577735608697998e+12
7.305149539667704639e-01 2.277863546599100586e+12
7.334370137826373703e-01 2.292366721779897949e+12
7.363707618377679509e-01 2.312901180625263184e+12
7.393162448851190449e-01 2.329418636747710938e+12
7.422735098646596752e-01 2.298932729920100586e+12
7.452426039041182282e-01 2.241651717409296387e+12
7.482235743197346300e-01 2.222402033962264160e+12
7.512164686170136330e-01 2.222007877586881836e+12
7.542213344914817652e-01 2.260596119729409180e+12
7.572382198294477229e-01 2.274906813844567383e+12
7.602671727087656484e-01 2.185036020800278809e+12
7.633082413996006288e-01 2.012325754692987061e+12
7.663614743651989691e-01 5.885269718057812500e+11
7.694269202626597970e-01 6.908011845347969971e+11
7.725046279437104424e-01 1.787388601050669678e+12
7.755946464554852593e-01 2.123307708197980225e+12
7.786970250413072225e-01 2.257065020536085938e+12
7.818118131414724115e-01 2.303905444360648438e+12
7.849390603940383793e-01 2.314467382343492188e+12
7.880788166356144098e-01 2.451547543289220215e+12
7.912311319021569922e-01 2.498997687991793457e+12
7.943960564297655180e-01 2.600456717057919922e+12
7.975736406554845281e-01 2.682990371578543457e+12
8.007639352181065151e-01 2.787944309195405762e+12
8.039669909589789443e-01 2.766165837898665527e+12
8.071828589228148276e-01 2.747493707922268555e+12
8.104115903585061842e-01 2.776329106635242676e+12
8.136532367199402760e-01 2.796664494823412109e+12
8.169078496668199518e-01 2.423591618619560059e+12
8.201754810654874328e-01 1.784507103544703369e+12
8.234561829897493190e-01 2.787568373667917480e+12
8.267500077217083687e-01 2.854114267178352051e+12
8.300570077525952772e-01 2.848043230385874023e+12
8.333772357836056743e-01 2.840206865370735840e+12
8.367107447267401188e-01 2.696066461766885742e+12
8.400575877056470908e-01 2.732385338105645508e+12
8.434178180564695371e-01 2.502617721469249512e+12
8.467914893286955236e-01 2.478693947889917969e+12
8.501786552860102208e-01 2.583409033630296875e+12
8.535793699071543283e-01 2.627233033172379883e+12
8.569936873867830540e-01 2.802726723121272949e+12
8.604216621363300899e-01 2.860324600243170898e+12
8.638633487848753623e-01 2.651880664796011230e+12
8.673188021800150027e-01 2.634159499789914062e+12
8.707880773887352044e-01 2.270664292885008789e+12
8.742712296982900755e-01 2.353937331242707031e+12
8.777683146170831563e-01 2.566248388573526855e+12
8.812793878755513788e-01 2.571300098665636719e+12
8.848045054270535781e-01 2.768873316563971680e+12
8.883437234487617795e-01 2.458829762201604492e+12
8.918970983425568155e-01 2.723940881658348145e+12
8.954646867359271623e-01 2.701089402027082520e+12
8.990465454828707736e-01 2.805843273657575195e+12
9.026427316648023558e-01 2.611846971112225098e+12
9.062533025914615292e-01 2.543368990491266602e+12
9.098783158018273198e-01 2.717673365097457520e+12
9.135178290650346478e-01 2.765692246761894531e+12
9.171719003812948134e-01 2.855389468307642090e+12
9.208405879828199803e-01 2.946944103782754395e+12
9.245239503347512100e-01 2.941428636498177246e+12
9.282220461360901620e-01 2.934909746318069336e+12
9.319349343206346781e-01 2.850545572977436035e+12
9.356626740579171431e-01 2.852382356210432129e+12
9.394053247541488405e-01 2.490396280810224121e+12
9.431629460531654185e-01 2.770149586275464355e+12
9.469355978373780180e-01 2.865882324550576660e+12
9.507233402287275092e-01 2.939729847420423340e+12
9.545262335896426142e-01 2.956481130463481445e+12
9.583443385240012491e-01 2.818904258597659180e+12
9.621777158780971950e-01 2.818836097602037598e+12
9.660264267416096562e-01 2.728145244542531250e+12
9.698905324485760371e-01 2.849291280911306152e+12
9.737700945783701600e-01 2.780949653821575684e+12
9.776651749566835914e-01 2.680335113961769043e+12
9.815758356565105203e-01 2.960358916771560059e+12
9.855021389991363012e-01 2.929064938112763672e+12
9.894441475551331022e-01 2.600044285852640137e+12
9.934019241453534432e-01 1.885273415969243408e+12
9.973755318419349480e-01 2.161818253219204102e+12
1.001365033969302543e+00 2.230046889685411621e+12
1.005370494105179757e+00 2.152306423371890381e+12
1.009391976081600362e+00 2.359811416309766113e+12
1.013429543985926884e+00 2.397360216016962891e+12
1.017483262161870350e+00 2.426849357268285645e+12
1.021553195210518128e+00 2.476576947191631836e+12
1.025639407991360219e+00 2.336239855607307129e+12
1.029741965623325539e+00 2.261321040706077637e+12
1.033860933485818867e+00 2.290140785052833984e+12
1.037996377219762012e+00 2.510486986964833008e+12
1.042148362728641198e+00 2.474482144127721191e+12
1.046316956179555557e+00 2.631719872847589355e+12
1.050502224004274066e+00 2.617059689824611816e+12
1.054704232900291139e+00 2.736453250752937988e+12
1.058923049831892227e+00 2.707539769299449219e+12
1.063158742031219628e+00 2.708843334335161133e+12
1.067411376999344741e+00 2.600649147215446289e+12
1.071681022507342096e+00 2.636013378473009277e+12
1.075967746597371377e+00 2.750266097571020996e+12
1.080271617583760779e+00 2.752925366971564453e+12
1.084592704054095913e+00 2.826026399241117676e+12
1.088931074870312044e+00 2.771164260610677734e+12
1.093286799169793433e+00 2.852185505008595703e+12
1.097659946366472461e+00 2.819600253413205078e+12
1.102050586151938294e+00 2.868162681373169434e+12
1.106458788496546219e+00 2.872730297214363281e+12
1.110884623650532532e+00 2.773351222407383301e+12
1.115328162145134749e+00 2.924695573018028320e+12
1.119789474793714934e+00 2.910065991468894043e+12
1.124268632692889902e+00 2.951016696483972168e+12
1.128765707223661430e+00 2.934711249703351562e+12
1.133280770052556230e+00 2.926905971522418945e+12
1.137813893132766374e+00 2.425466147905052734e+12
1.142365148705297484e+00 2.497301166801044434e+12
1.146934609300118479e+00 2.935103951900216309e+12
1.151522347737319096e+00 3.027087501761727051e+12
1.156128437128268516e+00 2.982000963455604492e+12
1.160752950876781542e+00 2.952002272436069336e+12
1.165395962680288999e+00 3.002102336788531250e+12
1.170057546531009907e+00 2.765786339974579102e+12
1.174737776717134086e+00 2.882266812154181152e+12
1.179436727824002773e+00 2.582538904529120605e+12
1.184154474735298557e+00 2.900474935030917969e+12
1.188891092634239977e+00 2.910936821622261719e+12
1.193646657004777012e+00 2.920789545869404785e+12
1.198421243632796118e+00 2.665874272067297852e+12
1.203214928607327261e+00 2.731903420562386719e+12
1.208027788321756724e+00 2.848085890063624512e+12
1.212859899475043468e+00 2.775801117783741211e+12
1.217711339072943710e+00 2.865766318812301270e+12
1.222582184429235275e+00 2.796838639904863281e+12
1.227472513166952384e+00 2.893479901833394043e+12
1.232382403219620226e+00 2.847121531928014160e+12
1.237311932832498407e+00 2.809536144740555176e+12
1.242261180563828615e+00 2.483441186948424316e+12
1.247230225286083849e+00 2.743277165014097656e+12
1.252219146187228072e+00 2.456444791482762695e+12
1.257228022771976983e+00 2.727981356930897949e+12
1.262256934863064783e+00 2.720274954298040039e+12
1.267305962602517155e+00 2.788057080452948730e+12
1.272375186452927354e+00 2.765501805054605957e+12
1.277464687198738957e+00 2.764463020469440430e+12
1.282574545947533950e+00 2.745965739852829102e+12
1.287704844131324133e+00 2.623003419138453125e+12
1.292855663507849417e+00 2.606511679914069824e+12
1.298027086161880783e+00 2.669316653188876953e+12
1.303219194506528344e+00 2.685585496795794922e+12
1.308432071284554521e+00 2.661211545445636230e+12
1.313665799569692760e+00 2.713281542815378906e+12
1.318920462767971591e+00 2.708917508344256836e+12
1.324196144619043336e+00 2.642422654710540527e+12
1.329492929197519491e+00 2.604444540981292969e+12
1.334810900914309650e+00 2.457630562356356445e+12
1.340150144517967101e+00 2.419388795504779785e+12
1.345510745096038852e+00 2.423564221701188965e+12
1.350892788076423212e+00 2.435644595726999512e+12
1.356296359228728932e+00 2.420136756780535156e+12
1.361721544665643879e+00 2.454746839376687988e+12
1.367168430844306393e+00 2.477418370442756348e+12
1.372637104567683730e+00 2.506614052615539551e+12
1.378127652985954299e+00 2.495654448070957031e+12
1.383640163597898098e+00 2.483643261841168945e+12
1.389174724252289828e+00 2.446805273754785645e+12
1.394731423149298877e+00 2.421214144338837402e+12
1.400310348841896202e+00 2.398052779993867188e+12
1.405911590237263642e+00 2.399526312047078613e+12
1.411535236598212784e+00 2.343738742653358398e+12
1.417181377544605603e+00 2.329081992427543457e+12
1.422850103054784210e+00 2.334123255440907715e+12
1.428541503467003038e+00 2.293326314028350586e+12
1.434255669480871243e+00 2.313270390441210938e+12
1.439992692158794885e+00 2.312423030278264160e+12
1.445752662927429988e+00 2.320727411394407715e+12
1.451535673579139596e+00 2.313082071133516113e+12
1.457341816273456159e+00 2.312799714440563477e+12
1.463171183538549913e+00 2.297444245941147461e+12
1.469023868272704147e+00 2.269477872551254395e+12
1.474899963745795128e+00 2.284915456010857422e+12
1.480799563600778246e+00 2.280187823583949219e+12
1.486722761855181485e+00 2.265607037008061035e+12
1.492669652902602007e+00 2.271159368394666504e+12
1.498640331514212276e+00 2.264480300492469238e+12
1.504634892840269300e+00 2.250540873034307617e+12
1.510653432411630304e+00 2.255701377176179688e+12
1.516696046141276843e+00 2.219385511651126465e+12
1.522762830325842032e+00 2.262693847419762207e+12
1.528853881647145307e+00 2.265428427073090820e+12
1.534969297173733649e+00 2.240862283962536621e+12
1.541109174362428780e+00 2.238359279518640137e+12
1.547273611059878373e+00 2.234444522535365723e+12
1.553462705504118135e+00 2.225936227773479980e+12
1.559676556326134556e+00 2.215331637272123535e+12
1.565915262551438980e+00 2.214619533669555176e+12
1.572178923601644795e+00 2.204111750763300293e+12
1.578467639296051495e+00 2.213234321658275391e+12
1.584781509853235626e+00 2.200844161069089355e+12
1.591120635892648405e+00 2.191321922028579834e+12
1.597485118436219098e+00 2.184002803602253662e+12
1.603875058909963958e+00 2.162805046533520752e+12
1.610290559145603595e+00 2.151884501217091553e+12
1.616731721382186127e+00 2.116220743800144287e+12
1.623198648267714761e+00 2.122069062436181396e+12
1.629691442860785600e+00 2.120611766018147705e+12
1.636210208632228769e+00 2.113029725391722412e+12
1.642755049466757766e+00 2.089067847201423828e+12
1.649326069664624805e+00 2.077278358758050537e+12
1.655923373943283039e+00 2.059461792580087158e+12
1.662547067439056336e+00 2.037099016165355469e+12
1.669197255708812611e+00 2.022751630868346436e+12
1.675874044731648027e+00 2.002774225418789795e+12
1.682577540910574321e+00 1.980042084531500732e+12
1.689307851074216771e+00 1.956738980463588867e+12
1.696065082478513508e+00 1.929314543581719482e+12
1.702849342808427480e+00 1.901431669067465820e+12
1.709660740179661298e+00 1.861623283911719971e+12
1.716499383140379864e+00 1.823598871574366455e+12
1.723365380672941427e+00 1.799263895712776611e+12
1.730258842195633306e+00 1.765742203108937744e+12
1.737179877564415831e+00 1.723685550585855225e+12
1.744128597074673603e+00 1.687376693666007812e+12
1.751105111462972097e+00 1.656515885526717773e+12
1.758109531908824241e+00 1.605409408142501953e+12
1.765141970036459451e+00 1.571638360485539551e+12
1.772202537916605314e+00 1.538937329427211914e+12
1.779291348068271716e+00 1.489058681822583252e+12
1.786408513460544745e+00 1.460079902801539795e+12
1.793554147514387020e+00 1.421103022364940918e+12
1.800728364104444257e+00 1.408372168121192871e+12
1.807931277560862249e+00 1.370654808779172119e+12
1.815163002671105641e+00 1.371180887525037354e+12
1.822423654681789795e+00 1.357170890798180664e+12
1.829713349300517100e+00 1.326540764438604980e+12
1.837032202697718830e+00 1.322649314045448486e+12
1.844380331508509885e+00 1.258404509018442383e+12
1.851757852834543527e+00 1.245611030296205322e+12
1.859164884245881888e+00 1.179889675717116211e+12
1.866601543782865358e+00 1.230616720513188232e+12
1.874067949957996859e+00 1.202663409953268799e+12
1.881564221757828781e+00 1.217956085961197510e+12
1.889090478644860127e+00 1.217847815701173340e+12
1.896646840559439662e+00 1.221406506289443604e+12
1.904233427921677269e+00 1.207351221829491943e+12
1.911850361633363971e+00 1.212598277243280762e+12
1.919497763079897279e+00 1.183351359196835693e+12
1.927175754132217200e+00 1.124629716288830566e+12
1.934884457148745796e+00 1.129052921474305908e+12
1.942623994977340729e+00 1.029000027893563354e+12
1.950394490957250149e+00 1.050179300237716919e+12
1.958196068921079336e+00 1.093862027799340820e+12
1.966028853196763793e+00 1.094816006110058716e+12
1.973892968609550991e+00 9.936428401282642822e+11
1.981788540483989447e+00 9.824676860867116699e+11
1.989715694645925126e+00 9.863247627791064453e+11
1.997674557424508723e+00 1.027503699096618774e+12
2.005665255654207169e+00 1.024348960561107422e+12
2.013687916676823786e+00 1.007192419028147217e+12
2.021742668343530891e+00 1.010464257005391357e+12
2.029829639016905052e+00 9.925653554515035400e+11
2.037948957572972564e+00 9.890739795672551270e+11
2.046100753403264694e+00 9.810272644996019287e+11
2.054285156416877811e+00 9.854338745042760010e+11
2.062502297042545507e+00 9.693668101930864258e+11
2.070752306230715600e+00 9.696822718930040283e+11
2.079035315455638244e+00 9.633726644411789551e+11
2.087351456717461140e+00 9.538920164031097412e+11
2.095700862544330967e+00 9.492369949320980225e+11
2.104083665994508134e+00 9.457664965792573242e+11
2.112500000658485977e+00 9.393451596787153320e+11
2.120950000661120161e+00 9.321967860113985596e+11
2.129433800663764753e+00 9.215015657318454590e+11
2.137951535866419839e+00 9.153881202156633301e+11
2.146503342009885351e+00 9.111936186273824463e+11
2.155089355377924676e+00 9.019284309378603516e+11
2.163709712799436691e+00 8.943858886381485596e+11
2.172364551650634468e+00 8.855334126001431885e+11
2.181054009857236853e+00 8.739748395149564209e+11
2.189778225896665376e+00 8.660595520841652832e+11
2.198537338800252705e+00 8.582626143201558838e+11
2.207331488155453325e+00 8.223698138015991211e+11
2.216160814108075083e+00 8.396440596065129395e+11
2.225025457364507631e+00 8.289433627854130859e+11
2.233925559193965515e+00 8.210512128235457764e+11
2.242861261430741493e+00 8.123281187175843506e+11
2.251832706476463830e+00 8.023365457155937500e+11
2.260840037302370042e+00 7.921194266767446289e+11
2.269883397451579299e+00 7.839973862486590576e+11
2.278962931041386142e+00 7.742861695783853760e+11
2.288078782765551100e+00 7.659906700343142090e+11
2.297231097896613505e+00 6.983661995282758789e+11
2.306420022288200311e+00 7.168898745729448242e+11
2.315645702377353121e+00 7.121469337306597900e+11
2.324908285186861878e+00 6.644944040305795898e+11
2.334207918327609654e+00 6.772226433230238037e+11
2.343544750000919663e+00 6.771934465545489502e+11
2.352918929000923143e+00 6.508778527524864502e+11
2.362330604716927240e+00 6.476623845383502197e+11
2.371779927135795329e+00 6.492349424820810547e+11
2.381267046844337987e+00 6.294513074360716553e+11
2.390792115031715070e+00 6.186088591635638428e+11
2.400355283491842240e+00 6.136345997581827393e+11
2.409956704625809465e+00 5.955544936974783936e+11
2.419596531444312859e+00 5.810768522027864990e+11
2.429274917570089620e+00 5.720589280953471680e+11
2.438992017240370291e+00 5.609189599516258545e+11
2.448747985309331465e+00 5.407086721334934692e+11
2.458542977250568917e+00 5.312914952750961914e+11
2.468377149159570738e+00 5.277049383638356934e+11
2.478250657756209563e+00 4.961681318332849121e+11
2.488163660387234355e+00 4.955077548037396240e+11
2.498116315028783063e+00 4.916768747866916504e+11
2.508108780288898387e+00 4.652175152555209351e+11
2.518141215410053757e+00 4.652223759190729370e+11
2.528213780271693967e+00 4.477321077257033081e+11
2.538326635392781139e+00 4.418579324933936768e+11
2.548479941934351789e+00 4.404303565650926514e+11
2.558673861702089436e+00 4.372872797278872070e+11
2.568908557148898097e+00 4.409482987218938599e+11
2.579184191377493551e+00 4.274314215904907837e+11
2.589500928143003478e+00 4.358377229516071167e+11
2.599858931855575594e+00 4.390601692207165527e+11
2.610258367582998229e+00 4.454247777715427856e+11
2.620699401053329769e+00 4.391411006436096802e+11
2.631182198657543214e+00 4.383643568342196655e+11
2.641706927452173392e+00 4.435519100157474365e+11
2.652273755161981938e+00 4.469248207809642334e+11
2.662882850182629824e+00 4.448290401956125488e+11
2.673534381583360542e+00 4.158813426363229370e+11
2.684228519109693956e+00 4.070064774921732788e+11
2.694965433186132575e+00 3.918419299551015625e+11
2.705745294918877164e+00 3.870584393450559692e+11
2.716568276098552559e+00 3.751162434386810913e+11
2.727434549202946812e+00 3.670939673062228394e+11
2.738344287399758326e+00 3.615110877452814331e+11
2.749297664549357201e+00 3.656736764510179443e+11
2.760294855207554576e+00 3.624691813328469238e+11
2.771336034628385292e+00 3.517418435783315430e+11
2.782421378766898545e+00 3.457835873935065308e+11
2.793551064281966312e+00 3.557610696384608154e+11
2.804725268539093985e+00 3.337849803872189941e+11
2.815944169613250558e+00 3.303888735575282593e+11
2.827207946291703244e+00 3.449690555480071411e+11
2.838516778076869862e+00 3.222634600050795288e+11
2.849870845189177437e+00 3.204507243277559814e+11
2.861270328569933685e+00 3.317495833804094238e+11
2.872715409884213589e+00 3.149690209589894409e+11
2.884206271523750420e+00 3.173583649462888184e+11
2.895743096609845413e+00 3.173449639771492310e+11
2.907326068996284985e+00 3.029715883276150513e+11
2.918955373272270393e+00 3.091698484687239990e+11
2.930631194765359826e+00 3.025883744592786865e+11
2.942353719544420709e+00 2.933133848564860840e+11
2.954123134422598440e+00 2.979913828369498901e+11
2.965939626960289122e+00 2.891326360831495361e+11
2.977803385468130504e+00 2.944508445557473145e+11
2.989714599010003138e+00 2.863472440463383179e+11
3.001673457406043077e+00 2.864047150531928101e+11
3.013680151235667015e+00 2.882556180604125977e+11
3.025734871840609408e+00 2.712954061140573730e+11
3.037837811327972037e+00 2.890338761825875244e+11
3.049989162573283785e+00 2.720219770523170471e+11
3.062189119223576395e+00 2.812423480826167603e+11
3.074437875700470890e+00 2.728639970616014709e+11
3.086735627203272880e+00 2.714316791829497375e+11
3.099082569712085622e+00 2.763738351582067871e+11
3.111478899990933744e+00 2.673337793822770996e+11
3.123924815590897186e+00 2.715189844759366455e+11
3.136420514853261121e+00 2.677661393145591736e+11
3.148966196912674320e+00 2.675092197809218445e+11
3.161562061700325277e+00 2.669235596414560547e+11
3.174208309947126327e+00 2.616859941081534424e+11
3.186905143186915090e+00 2.689145032547861023e+11
3.199652763759662566e+00 2.565482317751434326e+11
3.212451374814701222e+00 2.676298041886725464e+11
3.225301180313960625e+00 2.622224849900512695e+11
3.238202385035215958e+00 2.600771335648148499e+11
3.251155194575356955e+00 2.615958141077834473e+11
3.264159815353658622e+00 2.592921048353209534e+11
3.277216454615073271e+00 2.574626498526547546e+11
3.290325320433533207e+00 2.566728452858246765e+11
3.303486621715267635e+00 2.569534623166437683e+11
3.316700568202128441e+00 2.530520591456284790e+11
3.329967370474937294e+00 2.576377043188493347e+11
3.343287239956836743e+00 2.492551006932889099e+11
3.356660388916663962e+00 2.507206432288639832e+11
3.370087030472330714e+00 2.495506222610007629e+11
3.383567378594220187e+00 2.459533075919432373e+11
3.397101648108596716e+00 2.459365203848443909e+11
3.410690054701031482e+00 2.414826480760261230e+11
3.424332814919834878e+00 2.418971656019963989e+11
3.438030146179514634e+00 2.404280993271429443e+11
3.451782266764232610e+00 2.373754030606898804e+11
3.465589395831289998e+00 2.364151449354667358e+11
3.479451753414614767e+00 2.340028731892121887e+11
3.493369560428273068e+00 2.297548008359893494e+11
3.507343038669985980e+00 2.318643131307532959e+11
3.521372410824665788e+00 2.261466671624690247e+11
3.535457900467964709e+00 2.257316375728914185e+11
3.549599732069836477e+00 2.238022959293003845e+11
3.563798130998116154e+00 2.210448128923432922e+11
3.578053323522108364e+00 2.193094965481791992e+11
3.592365536816196858e+00 2.177924056650743408e+11
3.606734998963461614e+00 2.151935506290670166e+11
3.621161938959315041e+00 2.126040531862067871e+11
3.635646586715152839e+00 2.106880833786888428e+11
3.650189173062013293e+00 2.087616226794281006e+11
3.664789929754260545e+00 2.064910656116556702e+11
3.679449089473277645e+00 2.037317369651701355e+11
3.694166885831170699e+00 2.018950075419936829e+11
3.708943553374495661e+00 2.006881270443970337e+11
3.723779327587993571e+00 1.985492898046062622e+11
3.738674444898345328e+00 1.949071305404582825e+11
3.753629142677938901e+00 1.946082090869119568e+11
3.768643659248651190e+00 1.913430082283344727e+11
3.783718233885645432e+00 1.901413557280769043e+11
3.798853106821188153e+00 1.876285654413596497e+11
3.814048519248473657e+00 1.854507607590529480e+11
3.829304713325467180e+00 1.821258447626696472e+11
3.844621932178768908e+00 1.808387960359723511e+11
3.860000419907484215e+00 1.789568365684854126e+11
3.875440421587113882e+00 1.762658614936909790e+11
3.890942183273462529e+00 1.738617384140738831e+11
3.906505952006555926e+00 1.717756974399443970e+11
3.922131975814582727e+00 1.696947736617522888e+11
3.937820503717840648e+00 1.670994897815130005e+11
3.953571785732711508e+00 1.644689396996322327e+11
3.969386072875642490e+00 1.620758898898682556e+11
3.985263617167145167e+00 1.586317248173977966e+11
4.001204671635814059e+00 1.563227958834509277e+11
4.017209490322357190e+00 1.541290301115246277e+11
4.033278328283646630e+00 1.513960152298501587e+11
4.049411441596781458e+00 1.467748576906971130e+11
4.065609087363168506e+00 1.462059329706860352e+11
4.081871523712622185e+00 1.409833532145481262e+11
4.098199009807472315e+00 1.407481329696302490e+11
4.114591805846702144e+00 1.386901469179994202e+11
4.131050173070089038e+00 1.351179379734585419e+11
4.147574373762369149e+00 1.350865342965730896e+11
4.164164671257418959e+00 1.309071973062588959e+11
4.180821329942449260e+00 1.300470114472015381e+11
4.197544615262219558e+00 1.288518425441224213e+11
4.214334793723269357e+00 1.254998027271053009e+11
4.231192132898162761e+00 1.260483382550502472e+11
4.248116901429755288e+00 1.213997585481898804e+11
4.265109369035473996e+00 1.203641682975664978e+11
4.282169806511615384e+00 1.196890643386055450e+11
4.299298485737661935e+00 1.089885408717724152e+11
4.316495679680612874e+00 1.048705976051308289e+11
4.333761662399335357e+00 1.011175897710179901e+11
4.351096709048932532e+00 9.664508326279728699e+10
4.368501095885127583e+00 9.132817320597532654e+10
4.385975100268668214e+00 8.778222683723532104e+10
4.403519000669743555e+00 8.532177886163471985e+10
4.421133076672422391e+00 8.294381592932479858e+10
4.438817608979111817e+00 7.992099144073715210e+10
4.456572879415028332e+00 7.810681330361854553e+10
4.474399170932688463e+00 7.545054269288505554e+10
4.492296767616419828e+00 7.467230331817742920e+10
4.510265954686884626e+00 7.336503719358953857e+10
4.528307018505633330e+00 7.189389337092481995e+10
4.546420246579655711e+00 7.127005563839147949e+10
4.564605927565974497e+00 6.895583002634271240e+10
4.582864351276237258e+00 6.934484839674888611e+10
4.601195808681342925e+00 6.979834251538366699e+10
4.619600591916067422e+00 6.899145687208439636e+10
4.638078994283731937e+00 6.748151362315459442e+10
4.656631310260867629e+00 6.999084993077186584e+10
4.675257835501911430e+00 6.796789925204386139e+10
4.693958866843916944e+00 6.778664549438104248e+10
4.712734702311292878e+00 6.669092214085422516e+10
4.731585641120538810e+00 6.739159128972685242e+10
4.750511983685020923e+00 6.485570986740680695e+10
4.769514031619761063e+00 6.369909692671691132e+10
4.788592087746240011e+00 6.336746613959384155e+10
4.807746456097224730e+00 6.255247577612724304e+10
4.826977441921613377e+00 6.250621030402567291e+10
4.846285351689299858e+00 6.106990379794981384e+10
4.865670493096057925e+00 6.082169575384616852e+10
4.885133175068442135e+00 5.912426837145335388e+10
4.904673707768715474e+00 5.845290423648773956e+10
4.924292402599791174e+00 5.664461697196194458e+10
4.943989572210189642e+00 5.644469980334056854e+10
4.963765530499030021e+00 5.438686533317047882e+10
4.983620592621027079e+00 5.659769663992682648e+10
5.003555074991511198e+00 5.356205512149103546e+10
5.023569295291476777e+00 5.194358338681873322e+10
5.043663572472643075e+00 5.362166051423825836e+10
5.063838226762532813e+00 5.290385543717514801e+10
5.084093579669583640e+00 5.101112917999880219e+10
5.104429953988261381e+00 5.159366236642350006e+10
5.124847673804215020e+00 5.073953719353644562e+10
5.145347064499431688e+00 5.114397972876509094e+10
5.165928452757428957e+00 4.842834333458019257e+10
5.186592166568458673e+00 5.017360718030432892e+10
5.207338535234733001e+00 4.770373085843286133e+10
5.228167889375671784e+00 4.845796374319728851e+10
5.249080560933174766e+00 4.651588754842185211e+10
5.270076883176907145e+00 4.686562498689731598e+10
5.291157190709615321e+00 4.557374189540375519e+10
5.312321819472453299e+00 4.618651149871374512e+10
5.333571106750343738e+00 4.591066362915440369e+10
5.354905391177344320e+00 4.477218800958772278e+10
5.376325012742054099e+00 4.423459179218798828e+10
5.397830312793021612e+00 4.445977915869917297e+10
5.419421634044193858e+00 4.207070598646653748e+10
5.441099320580370602e+00 4.382386184739811707e+10
5.462863717862692425e+00 4.227865132231782532e+10
5.484715172734142996e+00 4.220330312412771606e+10
5.506654033425078865e+00 4.191788190257527924e+10
5.528680649558780580e+00 4.117956641528734589e+10
5.550795372157015350e+00 4.031048155013563538e+10
5.572998553645643227e+00 3.978385986259668732e+10
5.595290547860225949e+00 4.061917821753633881e+10
5.617671710051667766e+00 3.944722216419590759e+10
5.640142396891874021e+00 3.961010243575717926e+10
5.662702966479441713e+00 3.880345080452087402e+10
5.685353778345359821e+00 3.739234405160734558e+10
5.708095193458740724e+00 3.770197624318734741e+10
5.730927574232576482e+00 3.649307555134987640e+10
5.753851284529505783e+00 3.726768618512647247e+10
5.776866689667624399e+00 3.596308465587392426e+10
5.799974156426294769e+00 3.654227889549918365e+10
5.823174053051999977e+00 3.467537706710796356e+10
5.846466749264207508e+00 3.471031791516141510e+10
5.869852616261264977e+00 3.470934553431742096e+10
5.893332026726310069e+00 3.404083977615146255e+10
5.916905354833215114e+00 3.463243505359199524e+10
5.940572976252548543e+00 3.309965954547249985e+10
5.964335268157558545e+00 3.313045658646611786e+10
5.988192609230189589e+00 3.306887502521120834e+10
6.012145379667110490e+00 3.309381967607873917e+10
6.036193961185778889e+00 3.157186122680307388e+10
6.060338737030522616e+00 3.188934175886567307e+10
6.084580091978644134e+00 3.223153179224085999e+10
6.108918412346558746e+00 3.079837364099855042e+10
6.133354085995945226e+00 3.220104487914246368e+10
6.157887502339929320e+00 3.103616208194189072e+10
6.182519052349287669e+00 3.008270294305451584e+10
6.207249128558685491e+00 3.027824539043270111e+10
6.232078125072920471e+00 3.002851524664310074e+10
6.257006437573212843e+00 2.939138914173778152e+10
6.282034463323505236e+00 2.928029773844484711e+10
6.307162601176800720e+00 2.866974123445639801e+10
6.332391251581507063e+00 2.850375516427891159e+10
6.357720816587833390e+00 2.786025688836830521e+10
6.383151699854184180e+00 2.701265887323096848e+10
6.408684306653601226e+00 2.587390181248927689e+10
6.434319043880215361e+00 2.598483100068748093e+10
6.460056320055736379e+00 2.395019476628799057e+10
6.485896545335958052e+00 2.241918981270050049e+10
6.511840131517302233e+00 2.242057327018068314e+10
6.537887492043371829e+00 2.193148231080978012e+10
6.564039042011545533e+00 2.095407619452851105e+10
6.590295198179591196e+00 2.032445635592051697e+10
6.616656378972309405e+00 2.023989831157311249e+10
6.643123004488199257e+00 1.979277865654108047e+10
6.669695496506150789e+00 1.957855083826474762e+10
6.696374278492176479e+00 1.931187715197767639e+10
6.723159775606144528e+00 1.910112644365879822e+10
6.750052414708568094e+00 1.927758184608403397e+10
6.777052624367403411e+00 1.821153167874889755e+10
6.804160834864871887e+00 1.818322875570696640e+10
6.831377478204331055e+00 1.761091761665623093e+10
6.858702988117148180e+00 1.794776825691502380e+10
6.886137800069615622e+00 1.779804435095909882e+10
6.913682351269895499e+00 1.738289740371117020e+10
6.941337080674975013e+00 1.723700756369373703e+10
6.969102428997675069e+00 1.712724496516999054e+10
6.996978838713665994e+00 1.709812673302545357e+10
7.024966754068519670e+00 1.657351099187992668e+10
7.053066621084793653e+00 1.639506781480668449e+10
7.081278887569133929e+00 1.613402955578831863e+10
7.109604003119409654e+00 1.573826670233713913e+10
7.138042419131887861e+00 1.597145607166076279e+10
7.166594588808414379e+00 1.580953086535003662e+10
7.195260967163648047e+00 1.549712115639309883e+10
7.224042011032302923e+00 1.508433049266194153e+10
7.252938179076432235e+00 1.491013547646840286e+10
7.281949931792737196e+00 1.492573846765171432e+10
7.311077731519908696e+00 1.494029139368930054e+10
7.340322042445988515e+00 1.427349167361294365e+10
7.369683330615771411e+00 1.411516816465652657e+10
7.399162063938235612e+00 1.436330226090378761e+10
7.428758712193988423e+00 1.362442051221673965e+10
7.458473747042765112e+00 1.375213954477481079e+10
7.488307642030935796e+00 1.361267122432901382e+10
7.518260872599060285e+00 1.341247286128865814e+10
7.548333916089456253e+00 1.335993247021660423e+10
7.578527251753813587e+00 1.274300805001059723e+10
7.608841360760829176e+00 1.234010257773683548e+10
7.639276726203872769e+00 1.263140657286700630e+10
7.669833833108687493e+00 1.223922866742393112e+10
7.700513168441122325e+00 1.225353353272990227e+10
7.731315221114887670e+00 1.186949958560221291e+10
7.762240481999347352e+00 1.161665877424962425e+10
7.793289443927344351e+00 1.150059265998746872e+10
7.824462601703054077e+00 1.158481071215073967e+10
7.855760452109866065e+00 1.126893684697192001e+10
7.887183493918306532e+00 1.062804309385380363e+10
7.918732227893980458e+00 1.082792107648713684e+10
7.950407156805555431e+00 1.061140372173477364e+10
7.982208785432777454e+00 1.025128722107653618e+10
8.014137620574508958e+00 1.038278223070326996e+10
8.046194171056805899e+00 9.929901612706212997e+09
8.078378947741034821e+00 9.983980329276576996e+09
8.110692463531997021e+00 9.673359780070720673e+09
8.143135233386125549e+00 9.723457590959070206e+09
8.175707774319670662e+00 9.570744383233917236e+09
8.208410605416949224e+00 9.285391001323253632e+09
8.241244247838615422e+00 9.389555324086929321e+09
8.274209224829968790e+00 9.039344752769824982e+09
8.307306061729288871e+00 9.112248487294954300e+09
8.340535285976207192e+00 8.802599971842964172e+09
8.373897427120111203e+00 8.594206211355478287e+09
8.407393016828594412e+00 8.892411342866222382e+09
8.441022588895906509e+00 8.482719108340430260e+09
8.474786679251490540e+00 8.607748487849176407e+09
8.508685825968495209e+00 8.311635920911402702e+09
8.542720569272368891e+00 8.339693679936004639e+09
8.576891451549458978e+00 8.165892652619568825e+09
8.611199017355655627e+00 8.212050764297910690e+09
8.645643813425078150e+00 8.090033371728303909e+09
8.680226388678779159e+00 7.947105168541640282e+09
8.714947294233493125e+00 7.895773947782254219e+09
8.749807083410427566e+00 7.614587989953785896e+09
8.784806311744070229e+00 7.730657372855500221e+09
8.819945536991047774e+00 7.519159744038039207e+09
8.855225319139009343e+00 7.429732354022687912e+09
8.890646220415566958e+00 7.541120126786505699e+09
8.926208805297228821e+00 7.426581259513635635e+09
8.961913640518417878e+00 7.173089359103745461e+09
8.997761295080492161e+00 7.196345239767130852e+09
9.033752340260813085e+00 7.122591086873097420e+09
9.069887349621856387e+00 7.078695727293139458e+09
9.106166899020346150e+00 6.895548351318680763e+09
9.142591566616424359e+00 6.905019037555472374e+09
9.179161932882891506e+00 6.811001490511132240e+09
9.215878580614422333e+00 6.712294525075172424e+09
9.252742094936881045e+00 6.544119097593521118e+09
9.289753063316627646e+00 6.544006165790811539e+09
9.326912075569895322e+00 6.449341339081846237e+09
9.364219723872173162e+00 6.543152648129344940e+09
9.401676602767663482e+00 6.242008052028155327e+09
9.439283309178733816e+00 6.145245899105944633e+09
9.477040442415447075e+00 6.129447871682579041e+09
9.514948604185111236e+00 6.066153346723505020e+09
9.553008398601852136e+00 6.125131989751639366e+09
9.591220432196260859e+00 5.873139942542670250e+09
9.629585313925044687e+00 5.803395306274703026e+09
9.668103655180747324e+00 5.753295225527494431e+09
9.706776069801470896e+00 5.676561537718970299e+09
9.745603174080676112e+00 5.666590809302835464e+09
9.784585586776998412e+00 5.648560583069235802e+09
9.823723929124106746e+00 5.469622371021805763e+09
9.863018824840601440e+00 5.423038389465140343e+09
9.902470900139965337e+00 4.992317292263624191e+09
9.942080783740523842e+00 5.248056250052296638e+09
9.981849106875488431e+00 5.111151211201964378e+09
1.002177650330298952e+01 5.113057784221197128e+09
1.006186360931619994e+01 4.939502183255496979e+09
1.010211106375346723e+01 4.779640266445950508e+09
1.014251950800847979e+01 4.857844632746644020e+09
1.018308958604051284e+01 4.790990955978177071e+09
1.022382194438467451e+01 4.654139974066766739e+09
1.026471723216221399e+01 4.545894297463313103e+09
1.030577610109086173e+01 4.498048404300015450e+09
1.034699920549522467e+01 4.416810236011814117e+09
1.038838720231720458e+01 4.308662172983073235e+09
1.042994075112647501e+01 4.228636484590171814e+09
1.047166051413097954e+01 4.134167706240593433e+09
1.051354715618750468e+01 4.150507745095610619e+09
1.055560134481225454e+01 4.035097662622947216e+09
1.059782375019150358e+01 3.958788205465766430e+09
1.064021504519226902e+01 3.990748149052949429e+09
1.068277590537303823e+01 3.911442855348423481e+09
1.072550700899452991e+01 3.753387432762201309e+09
1.076840903703050856e+01 3.716473758943240166e+09
1.081148267317863088e+01 3.688401112150146484e+09
1.085472860387134553e+01 3.775782642350891113e+09
1.089814751828683015e+01 3.429745771875074387e+09
1.094174010835997635e+01 3.525976461401803970e+09
1.098550706879341909e+01 3.304245438766443253e+09
1.102944909706859100e+01 3.325703494422423363e+09
1.107356689345686540e+01 3.293787309368626118e+09
1.111786116103069233e+01 3.237969119219483376e+09
1.116233260567481622e+01 3.190501721372318268e+09
1.120698193609751492e+01 3.105809776375301361e+09
1.125180986384190440e+01 3.097004599403192043e+09
1.129681710329727373e+01 3.018872468572407722e+09
1.134200437171046083e+01 2.983568887826289654e+09
1.138737238919730466e+01 2.979291452868182182e+09
1.143292187875409383e+01 2.887878382349485397e+09
1.147865356626910938e+01 2.853009565311071873e+09
1.152456818053418530e+01 2.769869322534122944e+09
1.157066645325632237e+01 2.710922796816174030e+09
1.161694911906934635e+01 2.660444462613850594e+09
1.166341691554562487e+01 2.707397856555335999e+09
1.171007058320780736e+01 2.592738492970918655e+09
1.175691086554063958e+01 2.463743031263712883e+09
1.180393850900279951e+01 2.505901970840500832e+09
1.185115426303881137e+01 2.436260085020270824e+09
1.189855888009096674e+01 2.443543483824259281e+09
1.194615311561133097e+01 2.415504170218128681e+09
1.199393772807377623e+01 2.374071774327631474e+09
1.204191347898607134e+01 2.345627005256224632e+09
1.209008113290201614e+01 2.251535845279782295e+09
1.213844145743362368e+01 2.211463259554348946e+09
1.218699522326335938e+01 2.253782348447335720e+09
1.223574320415641381e+01 2.158026919816382885e+09
1.228468617697303777e+01 2.206584273162881851e+09
1.233382492168093059e+01 2.082156867271027327e+09
1.238316022136765504e+01 2.088943864063416243e+09
1.243269286225312520e+01 1.952497794131890297e+09
1.248242363370213859e+01 2.026763053677540302e+09
1.253235332823694748e+01 1.923071688229350567e+09
1.258248274154989410e+01 1.950608453675320148e+09
1.263281267251609385e+01 1.910704393471593618e+09
1.268334392320615756e+01 1.876403448597257853e+09
1.273407729889898299e+01 1.914341715139583588e+09
1.278501360809457665e+01 1.780019082332411051e+09
1.283615366252695544e+01 1.748053346797652483e+09
1.288749827717706253e+01 1.816077654973660231e+09
1.293904827028577031e+01 1.697443418810278893e+09
1.299080446336691352e+01 1.716124906239316702e+09
1.304276768122038099e+01 1.654406035015954733e+09
1.309493875194526424e+01 1.668283603030034065e+09
1.314731850695304693e+01 1.625545327841814756e+09
1.319990778098085649e+01 1.601974173461635351e+09
1.325270741210477965e+01 1.534310707942792177e+09
1.330571824175319939e+01 1.515863621036071301e+09
1.335894111472021173e+01 1.509394578937431812e+09
1.341237687917909227e+01 1.523466346433031321e+09
1.346602638669580898e+01 1.442315002319319725e+09
1.351989049224258999e+01 1.473429934794722557e+09
1.357397005421156067e+01 1.425646721754482269e+09
1.362826593442840917e+01 1.401252537028999805e+09
1.368277899816612297e+01 1.385873920200833321e+09
1.373751011415878942e+01 1.326812419740298986e+09
1.379246015461542463e+01 1.369637823439192295e+09
1.384762999523388416e+01 1.281246034955848694e+09
1.390302051521481808e+01 1.342331238678014278e+09
1.395863259727567751e+01 1.300437629047199249e+09
1.401446712766477987e+01 1.242005298156257153e+09
1.407052499617543972e+01 1.298195579054059744e+09
1.412680709616014063e+01 1.198918033858535528e+09
1.418331432454478147e+01 1.169275507469106913e+09
1.424004758184296193e+01 1.181132928758458376e+09
1.429700777217033369e+01 1.187924966798445702e+09
1.435419580325901379e+01 1.132098729681550026e+09
1.441161258647204946e+01 1.123636999744514942e+09
1.446925903681793812e+01 1.080717583351777315e+09
1.452713607296521126e+01 1.106208361010031939e+09
1.458524461725707155e+01 1.080355857175910234e+09
1.464358559572609764e+01 1.042079480611110330e+09
1.470215993810900557e+01 1.030373796760682225e+09
1.476096857786143879e+01 1.068827086988251328e+09
1.482001245217288599e+01 1.012670355214003921e+09
1.487929250198157760e+01 9.736705233046452999e+08
1.493880967198950316e+01 9.842413807638152838e+08
1.499856491067746056e+01 9.608266289856662750e+08
1.505855917032016933e+01 9.515788337958652973e+08
1.511879340700144958e+01 9.250466544001926184e+08
1.517926858062945605e+01 9.167475415588096380e+08
1.523998565495197433e+01 9.212142036483521461e+08
1.530094559757178274e+01 8.979721926559277773e+08
1.536214937996206764e+01 8.717278981453835964e+08
1.542359797748191674e+01 8.533168343772982359e+08
1.548529236939184450e+01 8.542805445767016411e+08
1.554723353886941339e+01 8.244857827409393787e+08
1.560942247302489072e+01 8.302414344452522993e+08
1.567186016291699069e+01 8.177564074345399141e+08
1.573454760356865556e+01 7.902803739113241434e+08
1.579748579398293096e+01 7.973153851380163431e+08
1.586067573715886247e+01 7.739712665454084873e+08
1.592411844010749888e+01 7.848761169032164812e+08
1.598781491386792730e+01 7.273685105298177004e+08
1.605176617352340074e+01 7.359767765885303020e+08
1.611597323821749228e+01 7.142971922948001623e+08
1.618043713117036120e+01 7.235582360914893150e+08
1.624515887969504391e+01 6.888360889391452074e+08
1.631013951521382310e+01 7.075294517193951607e+08
1.637538007327468037e+01 7.033904002778909206e+08
1.644088159356778078e+01 6.829449423939939737e+08
1.650664511994205341e+01 6.560574586189900637e+08
1.657267170042182158e+01 6.440493247319812775e+08
1.663896238722350418e+01 6.208455603630897999e+08
1.670551823677240222e+01 6.392120575578409433e+08
1.677234030971949608e+01 6.457190306030559540e+08
1.683942967095837062e+01 6.198664532876051664e+08
1.690678738964220429e+01 6.040079767553464174e+08
1.697441453920077237e+01 5.973525099867111444e+08
1.704231219735757108e+01 6.199057001194586754e+08
1.711048144614700561e+01 5.569459161671774387e+08
1.717892337193159236e+01 5.789341609575105906e+08
1.724763906541932101e+01 5.483829434950240850e+08
1.731662962168099895e+01 5.427525416396855116e+08
1.738589614016772344e+01 5.307043475180768967e+08
1.745543972472839300e+01 5.437227823277461529e+08
1.752526148362730751e+01 5.321451471270707846e+08
1.759536252956181812e+01 5.140891499556781650e+08
1.766574397968006238e+01 5.004436298393500447e+08
1.773640695559878466e+01 4.982014053105332255e+08
1.780735258342117433e+01 4.950359139467727542e+08
1.787858199375486024e+01 5.020451658053550720e+08
1.795009632172988034e+01 4.714318364812788367e+08
1.802189670701679702e+01 4.858843353670957685e+08
1.809398429384486562e+01 4.709610890113417506e+08
1.816636023102024211e+01 4.382883499109581709e+08
1.823902567194432578e+01 4.588337053837515712e+08
1.831198177463210186e+01 4.568770393193054795e+08
1.838522970173062987e+01 4.393541713963879347e+08
1.845877062053754969e+01 4.320108015912615657e+08
1.853260570301970134e+01 4.101755561973329782e+08
1.860673612583178027e+01 4.003564192225368023e+08
1.868116307033510637e+01 4.088977471847423911e+08
1.875588772261644976e+01 4.015037019053841233e+08
1.883091127350691352e+01 4.113202447435411215e+08
1.890623491860094063e+01 3.917979206457006335e+08
1.898185985827534594e+01 3.797785709184491634e+08
1.905778729770844748e+01 3.909472175618702173e+08
1.913401844689928311e+01 3.857642965716810822e+08
1.921055452068688041e+01 3.580048265048544407e+08
1.928739673876962968e+01 3.642491893970695734e+08
1.936454632572470658e+01 3.640041914092651010e+08
1.944200451102760141e+01 3.376482528650393486e+08
1.951977252907171589e+01 3.629432488823423982e+08
1.959785161918800256e+01 3.361095438419432044e+08
1.967624302566475691e+01 3.351955663997231126e+08
1.991079942767366973e+01 3.230339785786334872e+08
