# Wavelength (micrometer), Flux (W / m2 / m)
1.000553076518779783e-01 6.521065613677538931e+06
1.004555288824854897e-01 1.106188200044882125e-09
1.008573509980154326e-01 1.716838474500048903e-09
1.012607804020075053e-01 1.721794630408952360e-09
1.016658235236155422e-01 2.637089912562339860e-09
1.020724868177099870e-01 5.078623210668386269e-08
1.024807767649808382e-01 2.406727105404497367e-08
1.028906998720407612e-01 6.525494875260497245e-09
1.033022626715289355e-01 9.220430292378307241e-08
1.037154717222150413e-01 7.889792865364898888e-09
1.041303336091038839e-01 7.690761418735719513e-09
1.045468549435403099e-01 3.176513084640543676e-08
1.049650423633144702e-01 4.131751064478002726e-09
1.053849025327677214e-01 6.162501066516524001e-08
1.058064421428987906e-01 8.288410551896029166e-09
1.062296679114703990e-01 8.755657144328094192e-08
1.066545865831162732e-01 7.218353942165424687e-08
1.070812049294487533e-01 3.546195388673436591e-08
1.075095297491665408e-01 4.697657995128405561e-07
1.079395678681632220e-01 4.736310994785350913e-08
1.083713261396358624e-01 3.924938471815977971e-07
1.088048114441943909e-01 2.562115571824843275e-07
1.092400306899711654e-01 4.725509690070646049e-06
1.096769908127310511e-01 4.172489953608593964e-07
1.101156987759819850e-01 5.523339595830253091e-07
1.105561615710859147e-01 4.659317744847673731e-06
1.109983862173702651e-01 2.446664967760486811e-06
1.114423797622397516e-01 1.292296052256514581e-06
1.118881492812886930e-01 6.321245411135250003e-07
1.123357018784138517e-01 1.850531865622151606e-06
1.127850446859275102e-01 4.819730930203456595e-05
1.132361848646712132e-01 3.508531998365231396e-05
1.136891296041298988e-01 3.241713825508245653e-05
1.141438861225464035e-01 4.016334657459499262e-05
1.146004616670366072e-01 3.512565441159484639e-05
1.150588635137047705e-01 3.926552948025213436e-05
1.155190989677595953e-01 3.236658259001000176e-05
1.159811753636306314e-01 6.571630138223183946e-05
1.164451000650851553e-01 3.217297208205497695e-05
1.169108804653455069e-01 3.892647185875527482e-05
1.173785239872068981e-01 1.114678247296095652e-04
1.178480380831557206e-01 2.590877036716434365e-04
1.183194302354883543e-01 1.769022948319484549e-04
1.187927079564302935e-01 1.383153030936829571e-04
1.192678787882560099e-01 2.713331774836791875e-04
1.197449503034090645e-01 4.262741150678248754e-04
1.202239301046226783e-01 1.215703673405478893e-04
1.207048258250411760e-01 5.098386889227439185e-04
1.211876451283413342e-01 3.698694835921822414e-04
1.216723957088547137e-01 5.577651394963903473e-04
1.221590852916901310e-01 9.781899109852446733e-04
1.226477216328568792e-01 1.598328468007465235e-03
1.231383125193883099e-01 7.833543996877290888e-04
1.236308657694658586e-01 1.196670710770471281e-03
1.241253892325437369e-01 9.814696935488028112e-04
1.246218907894739159e-01 6.402822972484141896e-04
1.251203783526317892e-01 8.222289606112536710e-04
1.256208598660423226e-01 1.300058860970258615e-03
1.261233433055065078e-01 1.280933324636242309e-03
1.266278366787285392e-01 7.450471744590038674e-04
1.271343480254434610e-01 3.268949995495992224e-03
1.276428854175452321e-01 2.041257479319650257e-03
1.281534569592154005e-01 1.123437159720003199e-03
1.286660707870522780e-01 1.643854798336147121e-03
1.291807350702004475e-01 6.657425378210993575e-03
1.296974580104812425e-01 5.849535652453125706e-03
1.302162478425231973e-01 2.278661916701938284e-03
1.307371128338932764e-01 3.253297638072627333e-03
1.312600612852288795e-01 7.563140868427440516e-03
1.317851015303697915e-01 5.613482288169198940e-03
1.323122419364912705e-01 8.694200196589112195e-03
1.328414909042372472e-01 7.197273211064440790e-03
1.333728568678542170e-01 8.384211111942469971e-03
1.339063482953256612e-01 9.776076650390364692e-03
1.344419736885069383e-01 8.577347165314599606e-03
1.349797415832609815e-01 2.169019366644058325e-02
1.355196605495940232e-01 2.095648460831315771e-02
1.360617391917924301e-01 3.939343483106718530e-02
1.366059861485595939e-01 2.478082502656561020e-02
1.371524100931538481e-01 2.585270802516352259e-02
1.377010197335264696e-01 4.484358442350706159e-02
1.382518238124605670e-01 6.333974762116791057e-02
1.388048311077104136e-01 7.413951043350100467e-02
1.393600504321412248e-01 7.658399180851686860e-02
1.399174906338697677e-01 5.713279579716517426e-02
1.404771605964052761e-01 1.550772590673439033e-01
1.410390692387908651e-01 1.280311151714681461e-01
1.416032255157460562e-01 3.008245829342779398e-01
1.421696384178090522e-01 8.097374180238435526e-02
1.427383169714803168e-01 2.079069423937707772e-01
1.433092702393662099e-01 9.622914742042266711e-01
1.438825073203236771e-01 4.086416050762198271e-01
1.444580373496049674e-01 9.595388315227141307e-01
1.450358694990033503e-01 6.077267334418645639e-01
1.456160129769993872e-01 1.438695534771724960e+00
1.461984770289073976e-01 1.248481261905822759e+00
1.467832709370230082e-01 1.011420075927737638e+00
1.473704040207710897e-01 1.754069079962146338e+00
1.479598856368541382e-01 7.043733437912544915e-01
1.485517251794015725e-01 1.881480677720362094e+00
1.491459320801191979e-01 3.966126044138055029e+00
1.497425158084396690e-01 2.226628575469250304e+00
1.503414858716734248e-01 8.803287606332466098e+00
1.509428518151600951e-01 4.680849140808768460e+00
1.515466232224207677e-01 2.374716616147554582e+00
1.521528097153104220e-01 7.390076065048191367e+00
1.527614209541716672e-01 3.627935505520877513e+00
1.533724666379883694e-01 3.618783531287145916e+00
1.539859565045403056e-01 5.178809589612131781e+00
1.546019003305584838e-01 6.970626489286733118e-01
1.552203079318807133e-01 1.898787945005127709e+00
1.558411891636082569e-01 1.715658567436379345e+00
1.564645539202626778e-01 8.440595707843124851e-01
1.570904121359437411e-01 1.206556734985953616e+00
1.577187737844875093e-01 8.421585800045557901e-01
1.583496488796254653e-01 9.705854461610818884e-01
1.589830474751439959e-01 2.314935410327632948e+00
1.596189796650445414e-01 6.844567999734864072e-01
1.602574555837047166e-01 7.376951957483576239e-01
1.608984854060395708e-01 1.429660612499176864e+00
1.615420793476636807e-01 1.542258453277044028e+00
1.621882476650543525e-01 1.819395800082591386e+00
1.628370006557145755e-01 1.664327607271343767e+00
1.634883486583374457e-01 2.196857574826559745e+00
1.641423020529707844e-01 2.487318891264295395e+00
1.647988712611826723e-01 2.814840275102211908e+00
1.654580667462274002e-01 1.296473388735451593e+00
1.661198990132123077e-01 4.087707980595882695e+00
1.667843786092651215e-01 4.277037093387132671e+00
1.674515161237022098e-01 6.225417411782554034e+00
1.681213221881969755e-01 1.236694086548786409e+01
1.687938074769497754e-01 9.460316411194320096e+00
1.694689827068575905e-01 2.766410228179156050e+01
1.701468586376850278e-01 2.249785556288095734e+01
1.708274460722357391e-01 2.806798364033579674e+01
1.715107558565246715e-01 3.521187064167280312e+01
1.721967988799507909e-01 3.540930761713286046e+01
1.728855860754705820e-01 5.188485706152223997e+01
1.735771284197724640e-01 4.190882114760571397e+01
1.742714369334515678e-01 4.229787173524863420e+01
1.749685226811853456e-01 1.005181052803609987e+02
1.756683967719100681e-01 5.980410630096547919e+01
1.763710703589977391e-01 1.444872147611511934e+02
1.770765546404337309e-01 1.705324679034108044e+02
1.777848608589954471e-01 8.634098744307661377e+01
1.784960003024314568e-01 2.419308014908673101e+02
1.792099843036411844e-01 1.897855897003117605e+02
1.799268242408557650e-01 2.163471333007931321e+02
1.806465315378191772e-01 4.209462420067167727e+02
1.813691176639704306e-01 1.570848088952590160e+02
1.820945941346263086e-01 3.672158948204378248e+02
1.828229725111648329e-01 7.115267177817694346e+02
1.835542644012094771e-01 1.665172003171668678e+02
1.842884814588143239e-01 5.532841070490322863e+02
1.850256353846495561e-01 1.083462008143357707e+03
1.857657379261881403e-01 3.909699069602621648e+02
1.865088008778928996e-01 1.290496190498956139e+03
1.872548360814044743e-01 1.178052338652057870e+03
1.880038554257300876e-01 6.075670182486456952e+02
1.887558708474330049e-01 1.856369912255277768e+03
1.895108943308226879e-01 1.424495854988987958e+03
1.902689379081460019e-01 1.117102773730609442e+03
1.910300136597785636e-01 3.340205117160042391e+03
1.917941337144176972e-01 2.371652101387560833e+03
1.925613102492753359e-01 2.630378941028702684e+03
1.933315554902724498e-01 5.296514393381517039e+03
1.941048817122335568e-01 4.394241933772008451e+03
1.948813012390824828e-01 4.528590698216248711e+03
1.956608264440388156e-01 9.388282378915848312e+03
1.964434697498149418e-01 5.697487346465749397e+03
1.972292436288141937e-01 7.684076045922454796e+03
1.980181606033294406e-01 1.365993887879144495e+04
1.988102332457427346e-01 1.073875053802802904e+04
1.996054741787257336e-01 1.002631031812422407e+04
2.004038960754406518e-01 1.389442248736011970e+04
2.012055116597424309e-01 1.542762705236656620e+04
2.020103337063813842e-01 1.662249574530030441e+04
2.028183750412069219e-01 2.045503268059872062e+04
2.036296485413717494e-01 1.686167281347974131e+04
2.044441671355372303e-01 1.562081697565698414e+04
2.052619438040793887e-01 2.083260020983248978e+04
2.060829915792957157e-01 1.939795735859657361e+04
2.069073235456129201e-01 1.875609472758925767e+04
2.077349528397953449e-01 2.060515021630399133e+04
2.085658926511545219e-01 2.385233502659815713e+04
2.094001562217591150e-01 2.311682259168062956e+04
2.102377568466461677e-01 2.385451765905543289e+04
2.110787078740327671e-01 1.908148827209970477e+04
2.119230227055288740e-01 2.377933605124437963e+04
2.127707147963510126e-01 2.573395129800994982e+04
2.136217976555363773e-01 2.939484293221615007e+04
2.144762848461585492e-01 1.940495214368383677e+04
2.153341899855431840e-01 2.766213680766770631e+04
2.161955267454853669e-01 3.492870509373859386e+04
2.170603088524672986e-01 3.898806796300009592e+04
2.179285500878772042e-01 2.888261538830086647e+04
2.188002642882286852e-01 3.230024017671791808e+04
2.196754653453815986e-01 4.896687898033396777e+04
2.205541672067631020e-01 4.424668212103006954e+04
2.214363838755901703e-01 7.548942175546158978e+04
2.223221294110925284e-01 4.062846343164680002e+04
2.232114179287369160e-01 1.203316489359473344e+05
2.241042636004518529e-01 8.132103345273471496e+04
2.250006806548536520e-01 1.809692862099959457e+05
2.259006833774730438e-01 1.031612599396367004e+05
2.268042861109829667e-01 1.626628690347234078e+05
2.277115032554268836e-01 2.032987128840404621e+05
2.286223492684485714e-01 2.305099836477051140e+05
2.295368386655223802e-01 4.195557736760273110e+05
2.304549860201844658e-01 1.441701178479627124e+05
2.313768059642651864e-01 3.957432881319848821e+05
2.323023131881222503e-01 3.861776788654298289e+05
2.332315224408747223e-01 6.038212465377480257e+05
2.341644485306381973e-01 6.174723160413154401e+05
2.351011063247607502e-01 2.148543141691289493e+05
2.360415107500598020e-01 6.436611240938635310e+05
2.369856767930600405e-01 2.425130965255708143e+05
2.379336195002322851e-01 7.906204884910569526e+05
2.388853539782332114e-01 6.818809944233290153e+05
2.398408953941461863e-01 1.403481681335628731e+06
2.408002589757227141e-01 1.777802400117849000e+06
2.417634600116256582e-01 7.263348118269173428e+05
2.427305138516721306e-01 2.341071204115648288e+06
2.437014359070788505e-01 2.282015972430859227e+06
2.446762416507071713e-01 4.584883680074940436e+06
2.456549466173099938e-01 2.838555836662253831e+06
2.466375664037792625e-01 3.570584179315579589e+06
2.476241166693943785e-01 4.828024710256448947e+06
2.486146131360719436e-01 1.359473949731655186e+06
2.496090715886161993e-01 3.963256226096442435e+06
2.506075078749706586e-01 3.495984149900446180e+06
2.516099379064705155e-01 4.809062620336435735e+06
2.526163776580964138e-01 8.174879803861542605e+06
2.536268431687287994e-01 1.852260577625810727e+07
2.546413505414037437e-01 2.313046278467171267e+07
2.556599159435693491e-01 1.277249803264503740e+07
2.566825556073435988e-01 9.218693166361557320e+06
2.577092858297729827e-01 1.165425956362659112e+07
2.587401229730920682e-01 8.981159426232712343e+06
2.597750834649844576e-01 1.459614786204060726e+07
2.608141837988444123e-01 1.571419930939800665e+07
2.618574405340398092e-01 2.788853533879475296e+07
2.629048702961759298e-01 5.331869781239252537e+07
2.639564897773606367e-01 5.297383311114861071e+07
2.650123157364701054e-01 5.154367783466259390e+07
2.660723649994159445e-01 4.407235957022606581e+07
2.671366544594135917e-01 4.437807210758237541e+07
2.682052010772512096e-01 5.583549699804563075e+07
2.692780218815602478e-01 4.498906792288703471e+07
2.703551339690865030e-01 7.399463265698990226e+07
2.714365545049627904e-01 6.942367111303400993e+07
2.725223007229827243e-01 6.976845155619476736e+07
2.736123899258746106e-01 8.485264267472647130e+07
2.747068394855781692e-01 1.080439197848966718e+08
2.758056668435204806e-01 1.306697097400455326e+08
2.769088895108945403e-01 2.400863074024350643e+08
2.780165250689380918e-01 2.028721859044298530e+08
2.791285911692138466e-01 2.611769332124989927e+08
2.802451055338907038e-01 2.362221292112042904e+08
2.813660859560263017e-01 2.232009196754836142e+08
2.824915502998503469e-01 2.088692854742328227e+08
2.836215165010497197e-01 1.994205581001530886e+08
2.847560025670539119e-01 1.034800450494726747e+08
2.858950265773221866e-01 1.592774524680197835e+08
2.870386066836315142e-01 2.772977047948751450e+08
2.881867611103660631e-01 4.402811457589244843e+08
2.893395081548075787e-01 6.520552701829223633e+08
2.904968661874267610e-01 7.977189292068066597e+08
2.916588536521764197e-01 1.008276707267429709e+09
2.928254890667851273e-01 9.669688640546567440e+08
2.939967910230522619e-01 9.943028555827553272e+08
2.951727781871444911e-01 8.248232544888865948e+08
2.963534692998930908e-01 9.314202791423151493e+08
2.975388831770926501e-01 9.885517218294941187e+08
2.987290387098009981e-01 1.344871628344223261e+09
2.999239548646402409e-01 1.091768827702384949e+09
3.011236506840988536e-01 2.053634561043856382e+09
3.023281452868351593e-01 1.051561980845825672e+09
3.035374578679824742e-01 2.826211827561903954e+09
3.047516076994544187e-01 2.601819082436918259e+09
3.059706141302522830e-01 3.131436550305415154e+09
3.071944965867733357e-01 5.570438312755254745e+09
3.084232745731204095e-01 7.377975416912691116e+09
3.096569676714128194e-01 6.541777291792602539e+09
3.108955955420985018e-01 9.812629473006816864e+09
3.121391779242668751e-01 1.083781130474057007e+10
3.133877346359639215e-01 1.323937520606915665e+10
3.146412855745078230e-01 1.663599395795792198e+10
3.158998507168058190e-01 1.624010266523828506e+10
3.171634501196730627e-01 2.412435106472267532e+10
3.184321039201517545e-01 1.792754694317805862e+10
3.197058323358323295e-01 1.507040736338076019e+10
3.209846556651756444e-01 2.310651512693846512e+10
3.222685942878363852e-01 2.721823170676066589e+10
3.235576686649877520e-01 2.554152517633702087e+10
3.248518993396476984e-01 3.515083641005379486e+10
3.261513069370062801e-01 3.954769999957933044e+10
3.274559121647543369e-01 4.623955116027445984e+10
3.287657358134133401e-01 4.909687606932928467e+10
3.300807987566670154e-01 4.595568140593511963e+10
3.314011219516936890e-01 6.498794981991942596e+10
3.327267264395004642e-01 6.714420144792836761e+10
3.340576333452584534e-01 6.848698726806687927e+10
3.353938638786395088e-01 5.788276806797401428e+10
3.367354393341540630e-01 5.726046069087519836e+10
3.380823810914907468e-01 6.310378757104158783e+10
3.394347106158566718e-01 8.555772047924070740e+10
3.407924494583201014e-01 8.399184434433377075e+10
3.421556192561533982e-01 8.102011159876080322e+10
3.435242417331779707e-01 4.790696876492020416e+10
3.448983387001106626e-01 5.588881823338990784e+10
3.462779320549111417e-01 6.597433913207186890e+10
3.476630437831307319e-01 5.236569539164347839e+10
3.490536959582632992e-01 5.659649524512297058e+10
3.504499107420963600e-01 1.144012745571513214e+11
3.518517103850647421e-01 9.829606595377030945e+10
3.532591172266050239e-01 1.299277480828298645e+11
3.546721536955114717e-01 1.580393313592783203e+11
3.560908423102934761e-01 8.247684125693911743e+10
3.575152056795346533e-01 5.428408230191011810e+10
3.589452665022527800e-01 9.808750847406809998e+10
3.603810475682617254e-01 1.307673440228378143e+11
3.618225717585348278e-01 1.075098343040298767e+11
3.632698620455689364e-01 1.024396609194028778e+11
3.647229414937512293e-01 8.434552064179219055e+10
3.661818332597261971e-01 1.839916996362004395e+11
3.676465605927651259e-01 1.347565873825126038e+11
3.691171468351361895e-01 1.515632051260099487e+11
3.705936154224767076e-01 8.608955025500764465e+10
3.720759898841666247e-01 3.961994874324385834e+10
3.735642938437032656e-01 3.832503510908167267e+10
3.750585510190780902e-01 4.805199829086270905e+10
3.765587852231543908e-01 1.113828703889729462e+11
3.780650203640470441e-01 2.261902493828758850e+11
3.795772804455032068e-01 1.479885491534208069e+11
3.810955895672852312e-01 1.712300368287057190e+11
3.826199719255543585e-01 6.982870936721440125e+10
3.841504518132565771e-01 1.242048187026292267e+11
3.856870536205096456e-01 6.448544214749775696e+10
3.872298018349916715e-01 1.204482960395413971e+11
3.887787210423316320e-01 1.079663376454671326e+11
3.903338359265008939e-01 1.399737153593095398e+11
3.918951712702069545e-01 1.475696823739570312e+11
3.934627519552877928e-01 9.276203862185133362e+10
3.950366029631089404e-01 2.208360845001393738e+11
3.966167493749613859e-01 1.465912428405705872e+11
3.982032163724612550e-01 2.837940114964063110e+11
3.997960292379510450e-01 3.313323083627680664e+11
4.013952133549028578e-01 4.111866736659765015e+11
4.030007942083224659e-01 4.712393581495014648e+11
4.046127973851557647e-01 3.926291188762899170e+11
4.062312485746963908e-01 4.009888040462896118e+11
4.078561735689951728e-01 4.467281732252496948e+11
4.094875982632711353e-01 4.867875437138776855e+11
4.111255486563242245e-01 5.383989060248018188e+11
4.127700508509495880e-01 4.999229872875637207e+11
4.144211310543532978e-01 4.670870366022755127e+11
4.160788155785707931e-01 4.961178884382317505e+11
4.177431308408850463e-01 4.071498063644122925e+11
4.194141033642486138e-01 2.879192392179496460e+11
4.210917597777056320e-01 1.551971115309631042e+11
4.227761268168164221e-01 4.262914674015662384e+10
4.244672313240837602e-01 1.686372041395166016e+11
4.261651002493800910e-01 3.033724595111697388e+11
4.278697606503775730e-01 3.722866505380378418e+11
4.295812396929790666e-01 3.031501735572500000e+11
4.312995646517510107e-01 4.428278159940296021e+11
4.330247629103580187e-01 5.903080169811101074e+11
4.347568619619994745e-01 7.157713043897567139e+11
4.364958894098474596e-01 6.791197978443436279e+11
4.382418729674867897e-01 5.169652386251948853e+11
4.399948404593567730e-01 6.879647608040938721e+11
4.417548198211941890e-01 6.901912627350869141e+11
4.435218391004789873e-01 5.970517502673735352e+11
4.452959264568808750e-01 6.372903044845186768e+11
4.470771101627084021e-01 8.360330652372393799e+11
4.488654186033592119e-01 8.308070411194196777e+11
4.506608802777726241e-01 9.392466505734627686e+11
4.524635237988837710e-01 7.747626999180583496e+11
4.542733778940792333e-01 8.275304631394562988e+11
4.560904714056555065e-01 9.587923358734755859e+11
4.579148332912781894e-01 9.132640556019497070e+11
4.597464926244433370e-01 9.906500040487208252e+11
4.615854785949410899e-01 1.071324895694643311e+12
4.634318205093208576e-01 1.013959599271027954e+12
4.652855477913582227e-01 1.035474758673068604e+12
4.671466899825236219e-01 1.001850773033252563e+12
4.690152767424536906e-01 9.890310044595325928e+11
4.708913378494234969e-01 1.126049111917125488e+12
4.727749032008212171e-01 1.118749694284414307e+12
4.746660028136244769e-01 1.137717975785834229e+12
4.765646668248789131e-01 9.827153059999230957e+11
4.784709254921784560e-01 7.355250126091777344e+11
4.803848091941470555e-01 9.106542280779747314e+11
4.823063484309236815e-01 9.549004072755843506e+11
4.842355738246474361e-01 1.013593851206674805e+12
4.861725161199459966e-01 1.234198773236631836e+12
4.881172061844257226e-01 1.241991614779011719e+12
4.900696750091634302e-01 1.184135738359579590e+12
4.920299537092001074e-01 1.241371630958536621e+12
4.939980735240369625e-01 1.342313873699830566e+12
4.959740658181330253e-01 1.242225820437429932e+12
4.979579620814056362e-01 1.194701218964647461e+12
4.999497939297311566e-01 1.032532831141092041e+12
5.019495931054501758e-01 1.004384522185108154e+12
5.039573914778719965e-01 1.110986827928350342e+12
5.059732210437835054e-01 1.127656372541443115e+12
5.079971139279585435e-01 1.106708306715423340e+12
5.100291023836703852e-01 9.627186191465541992e+11
5.120692187932051054e-01 9.102850819866950684e+11
5.141174956683780550e-01 9.089366889457590332e+11
5.161739656510514473e-01 8.326159950649812012e+11
5.182386615136556074e-01 7.360447779148710938e+11
5.203116161597103329e-01 9.673917363623630371e+11
5.223928626243490303e-01 1.351702848879826904e+12
5.244824340748465152e-01 1.417513769662447998e+12
5.265803638111459239e-01 1.158440810880256348e+12
5.286866852663905103e-01 1.484032258468600098e+12
5.308014320074561088e-01 1.483705763729515869e+12
5.329246377354859288e-01 1.270860642964216553e+12
5.350563362864277916e-01 1.504537548131374023e+12
5.371965616315735881e-01 1.416257931240153320e+12
5.393453478780998456e-01 1.552502513426501953e+12
5.415027292696121819e-01 1.601549566182672119e+12
5.436687401866906466e-01 1.323393718518877930e+12
5.458434151474373941e-01 1.406678763591371826e+12
5.480267888080271321e-01 1.536663979430741943e+12
5.502188959632591247e-01 1.504449495653763672e+12
5.524197715471121928e-01 1.596692824002107666e+12
5.546294506333006025e-01 1.672308909973181152e+12
5.568479684358338400e-01 1.680273986116745605e+12
5.590753603095770519e-01 1.482700470796829834e+12
5.613116617508153716e-01 1.621760695620915771e+12
5.635569083978186899e-01 1.760499316906837158e+12
5.658111360314097560e-01 1.855458577009690186e+12
5.680743805755354980e-01 1.735918483308585693e+12
5.703466780978375672e-01 1.909048817454676270e+12
5.726280648102289872e-01 1.929707508703917969e+12
5.749185770694699160e-01 1.986168137102675293e+12
5.772182513777477375e-01 1.938414522875503662e+12
5.795271243832587071e-01 1.991584988159753174e+12
5.818452328807918184e-01 1.950254904076724121e+12
5.841726138123150003e-01 1.858083612934984375e+12
5.865093042675643131e-01 1.385762736083412354e+12
5.888553414846344758e-01 4.951313495586323242e+11
5.912107628505729462e-01 9.909872118238642578e+11
5.935756059019753339e-01 1.565221930313869873e+12
5.959499083255832552e-01 1.709191251632263672e+12
5.983337079588855190e-01 1.856755141359781494e+12
6.007270427907210886e-01 1.992432667627572266e+12
6.031299509618840426e-01 2.128903440676281738e+12
6.055424707657315331e-01 2.244879690750848145e+12
6.079646406487945187e-01 2.351451364743877930e+12
6.103964992113897203e-01 2.326162965028501465e+12
6.128380852082353503e-01 2.301906267399316406e+12
6.152894375490681744e-01 2.112623885298853760e+12
6.177505952992645710e-01 1.962187025042467773e+12
6.202215976804615893e-01 1.934077047953481934e+12
6.227024840711834486e-01 1.734759153739823486e+12
6.251932940074681477e-01 1.931488552045243164e+12
6.276940671834980723e-01 2.046331341049532227e+12
6.302048434522321552e-01 2.160909729628043701e+12
6.327256628260409244e-01 2.283533402635904297e+12
6.352565654773452142e-01 2.162469129712898193e+12
6.377975917392545435e-01 1.721617517693475830e+12
6.403487821062116003e-01 2.109754452917483887e+12
6.429101772346363930e-01 2.465293833500336426e+12
6.454818179435749537e-01 2.559008790745412109e+12
6.480637452153492628e-01 2.770759143375366211e+12
6.506560001962106154e-01 2.763919494703282715e+12
6.532586241969955410e-01 2.997972602064325684e+12
6.558716586937833881e-01 2.897697264155474121e+12
6.584951453285585732e-01 2.845469859063914062e+12
6.611291259098727169e-01 2.880399598676431641e+12
6.637736424135122215e-01 2.825460549663584473e+12
6.664287369831662922e-01 2.716959519066872559e+12
6.690944519310989547e-01 2.628945575374161133e+12
6.717708297388232941e-01 2.531941031682993164e+12
6.744579130577786907e-01 2.462027169855173340e+12
6.771557447100098326e-01 2.464275909037502930e+12
6.798643676888498355e-01 2.217764350942686035e+12
6.825838251596052508e-01 2.176922672769284668e+12
6.853141604602436265e-01 1.916110563775087646e+12
6.880554171020846210e-01 1.679186350173889893e+12
6.908076387704928933e-01 1.674678035795423584e+12
6.935708693255748791e-01 2.135257519514717285e+12
6.963451528028771209e-01 2.349102865011614258e+12
6.991305334140887062e-01 2.463811607268180176e+12
7.019270555477450380e-01 2.585591226855591797e+12
7.047347637699360456e-01 3.251180014729795898e+12
7.075537028250157290e-01 3.160312835316610840e+12
7.103839176363159202e-01 2.964522637625478027e+12
7.132254533068611568e-01 2.842567496900970215e+12
7.160783551200886610e-01 2.941053343798753418e+12
7.189426685405689854e-01 3.106799457143509766e+12
7.218184392147313222e-01 3.144549081640075195e+12
7.247057129715901436e-01 3.281079393334784668e+12
7.276045358234763949e-01 3.430767955391970215e+12
7.305149539667704639e-01 3.534395277581384277e+12
7.334370137826373703e-01 3.549426371439950684e+12
7.363707618377679509e-01 3.523860590939710449e+12
7.393162448851190449e-01 3.545086576247484375e+12
7.422735098646596752e-01 3.538218175123488281e+12
7.452426039041182282e-01 3.529314660803612793e+12
7.482235743197346300e-01 3.536959106382726074e+12
7.512164686170136330e-01 3.552459859180991699e+12
7.542213344914817652e-01 3.586860083760091309e+12
7.572382198294477229e-01 3.612462605323935059e+12
7.602671727087656484e-01 3.600831659523863281e+12
7.633082413996006288e-01 3.681600792811284668e+12
7.663614743651989691e-01 3.184893333088836914e+12
7.694269202626597970e-01 3.356496910400006836e+12
7.725046279437104424e-01 3.707148508734348145e+12
7.755946464554852593e-01 3.692422306646026855e+12
7.786970250413072225e-01 3.718227799030532715e+12
7.818118131414724115e-01 3.699544323507163574e+12
7.849390603940383793e-01 3.731713521656536133e+12
7.880788166356144098e-01 3.792662629145876465e+12
7.912311319021569922e-01 3.817658671123753906e+12
7.943960564297655180e-01 3.860601756101494141e+12
7.975736406554845281e-01 3.904924218604966309e+12
8.007639352181065151e-01 3.956501602428125000e+12
8.039669909589789443e-01 3.939518505153345703e+12
8.071828589228148276e-01 3.929195929092097656e+12
8.104115903585061842e-01 3.951126237990448730e+12
8.136532367199402760e-01 3.971002724444550781e+12
8.169078496668199518e-01 3.862293728709572754e+12
8.201754810654874328e-01 3.545843027133979004e+12
8.234561829897493190e-01 4.001836011078884277e+12
8.267500077217083687e-01 4.014886739977109863e+12
8.300570077525952772e-01 4.011552574558375488e+12
8.333772357836056743e-01 3.990988319825625488e+12
8.367107447267401188e-01 3.900594764050020508e+12
8.400575877056470908e-01 3.940760001432989746e+12
8.434178180564695371e-01 3.810595787584244141e+12
8.467914893286955236e-01 3.871662436718436523e+12
8.501786552860102208e-01 3.867855013238218262e+12
8.535793699071543283e-01 3.838488386220406738e+12
8.569936873867830540e-01 4.002160961665665527e+12
8.604216621363300899e-01 4.045288671663336426e+12
8.638633487848753623e-01 3.927628601018008789e+12
8.673188021800150027e-01 3.818938092964661133e+12
8.707880773887352044e-01 3.742146519289941895e+12
8.742712296982900755e-01 3.789699552403693848e+12
8.777683146170831563e-01 3.879596519447948242e+12
8.812793878755513788e-01 3.882030404548274902e+12
8.848045054270535781e-01 3.984699806780875977e+12
8.883437234487617795e-01 3.822778700478581055e+12
8.918970983425568155e-01 3.950534949177783203e+12
8.954646867359271623e-01 3.960996448481959961e+12
8.990465454828707736e-01 3.988571475529115723e+12
9.026427316648023558e-01 3.908704770025368164e+12
9.062533025914615292e-01 3.873124766935160645e+12
9.098783158018273198e-01 3.950332422631737793e+12
9.135178290650346478e-01 3.980929265362679199e+12
9.171719003812948134e-01 4.013414797639899902e+12
9.208405879828199803e-01 4.065958854875800781e+12
9.245239503347512100e-01 4.065166527916738770e+12
9.282220461360901620e-01 4.050851859600921875e+12
9.319349343206346781e-01 4.008382784374463867e+12
9.356626740579171431e-01 4.002395428691024414e+12
9.394053247541488405e-01 3.781420313485625488e+12
9.431629460531654185e-01 3.946093690236185059e+12
9.469355978373780180e-01 3.979636214621581543e+12
9.507233402287275092e-01 4.023176619326324219e+12
9.545262335896426142e-01 4.031461349360432129e+12
9.583443385240012491e-01 3.936876881194685547e+12
9.621777158780971950e-01 3.956901530051307129e+12
9.660264267416096562e-01 3.943939588234441406e+12
9.698905324485760371e-01 4.000204467270722656e+12
9.737700945783701600e-01 3.952686445750350586e+12
9.776651749566835914e-01 3.908571645038556152e+12
9.815758356565105203e-01 4.011981366374442871e+12
9.855021389991363012e-01 3.983993110461718750e+12
9.894441475551331022e-01 3.847845078787994629e+12
9.934019241453534432e-01 3.539799440353916992e+12
9.973755318419349480e-01 3.669245684526416992e+12
1.001365033969302543e+00 3.697653103921254883e+12
1.005370494105179757e+00 3.641653487684595703e+12
1.009391976081600362e+00 3.730092714925130371e+12
1.013429543985926884e+00 3.765030216482458496e+12
1.017483262161870350e+00 3.776151327008231934e+12
1.021553195210518128e+00 3.801209317279597656e+12
1.025639407991360219e+00 3.682003638459318848e+12
1.029741965623325539e+00 3.655988555608002441e+12
1.033860933485818867e+00 3.666388533504031738e+12
1.037996377219762012e+00 3.767020464248707520e+12
1.042148362728641198e+00 3.730610259609202148e+12
1.046316956179555557e+00 3.816625562317719727e+12
1.050502224004274066e+00 3.808430657408914551e+12
1.054704232900291139e+00 3.852033126425085938e+12
1.058923049831892227e+00 3.820454707415322754e+12
1.063158742031219628e+00 3.812771664492647461e+12
1.067411376999344741e+00 3.743692171951213379e+12
1.071681022507342096e+00 3.745017285748867676e+12
1.075967746597371377e+00 3.798526264250620117e+12
1.080271617583760779e+00 3.780018123013161621e+12
1.084592704054095913e+00 3.815624566879551758e+12
1.088931074870312044e+00 3.773536522486420410e+12
1.093286799169793433e+00 3.804472688484171875e+12
1.097659946366472461e+00 3.792564326938625977e+12
1.102050586151938294e+00 3.802351390170756836e+12
1.106458788496546219e+00 3.801381106330901855e+12
1.110884623650532532e+00 3.731587162111373047e+12
1.115328162145134749e+00 3.802167561082268555e+12
1.119789474793714934e+00 3.792801242431014648e+12
1.124268632692889902e+00 3.798809652768769043e+12
1.128765707223661430e+00 3.787543409155973633e+12
1.133280770052556230e+00 3.775456374911844727e+12
1.137813893132766374e+00 3.580151442991311523e+12
1.142365148705297484e+00 3.607070443859045410e+12
1.146934609300118479e+00 3.760245703728517090e+12
1.151522347737319096e+00 3.796096100588348145e+12
1.156128437128268516e+00 3.758237929782103027e+12
1.160752950876781542e+00 3.733523486529382324e+12
1.165395962680288999e+00 3.752244429554841797e+12
1.170057546531009907e+00 3.718637916713981934e+12
1.174737776717134086e+00 3.691140116429925293e+12
1.179436727824002773e+00 3.633248769534141602e+12
1.184154474735298557e+00 3.647719736394047363e+12
1.188891092634239977e+00 3.660125631421038574e+12
1.193646657004777012e+00 3.673275397230818848e+12
1.198421243632796118e+00 3.557112452886841797e+12
1.203214928607327261e+00 3.581239507444645020e+12
1.208027788321756724e+00 3.616009143772259766e+12
1.212859899475043468e+00 3.582092684616881836e+12
1.217711339072943710e+00 3.607219080893666504e+12
1.222582184429235275e+00 3.573962280913228516e+12
1.227472513166952384e+00 3.608393878471784668e+12
1.232382403219620226e+00 3.581208122367771973e+12
1.237311932832498407e+00 3.557528620898741211e+12
1.242261180563828615e+00 3.433047736256732422e+12
1.247230225286083849e+00 3.503256496195658203e+12
1.252219146187228072e+00 3.453677386052392090e+12
1.257228022771976983e+00 3.481601592409991211e+12
1.262256934863064783e+00 3.462606735482297363e+12
1.267305962602517155e+00 3.487865842224163086e+12
1.272375186452927354e+00 3.464375115834646973e+12
1.277464687198738957e+00 3.457420441302789062e+12
1.282574545947533950e+00 3.426006444391815918e+12
1.287704844131324133e+00 3.376427820880253906e+12
1.292855663507849417e+00 3.360368276621671875e+12
1.298027086161880783e+00 3.382252110424555176e+12
1.303219194506528344e+00 3.373148762360003906e+12
1.308432071284554521e+00 3.353219275728938477e+12
1.313665799569692760e+00 3.370538961038668945e+12
1.318920462767971591e+00 3.366304936652629395e+12
1.324196144619043336e+00 3.321790746279965332e+12
1.329492929197519491e+00 3.301067213884849121e+12
1.334810900914309650e+00 3.254421295688454590e+12
1.340150144517967101e+00 3.237497948355969727e+12
1.345510745096038852e+00 3.234842054871621582e+12
1.350892788076423212e+00 3.233233971348765137e+12
1.356296359228728932e+00 3.218953997336642090e+12
1.361721544665643879e+00 3.229244248305764160e+12
1.367168430844306393e+00 3.221315085330725098e+12
1.372637104567683730e+00 3.229961828826605469e+12
1.378127652985954299e+00 3.210309479107690918e+12
1.383640163597898098e+00 3.206950246820242676e+12
1.389174724252289828e+00 3.187493966248526367e+12
1.394731423149298877e+00 3.173606645827985352e+12
1.400310348841896202e+00 3.159139264342083008e+12
1.405911590237263642e+00 3.145483717269687988e+12
1.411535236598212784e+00 3.130654836567344238e+12
1.417181377544605603e+00 3.120394584004721680e+12
1.422850103054784210e+00 3.115717921837012695e+12
1.428541503467003038e+00 3.074488595443690430e+12
1.434255669480871243e+00 3.099375076610001465e+12
1.439992692158794885e+00 3.086938591130833008e+12
1.445752662927429988e+00 3.081914824534728027e+12
1.451535673579139596e+00 3.075406282576957031e+12
1.457341816273456159e+00 3.058142817760776367e+12
1.463171183538549913e+00 3.055254403919864746e+12
1.469023868272704147e+00 3.030724070582694336e+12
1.474899963745795128e+00 3.037272528829243164e+12
1.480799563600778246e+00 3.029466680282362793e+12
1.486722761855181485e+00 3.000369910271356445e+12
1.492669652902602007e+00 3.015375417892707520e+12
1.498640331514212276e+00 3.003413690694870117e+12
1.504634892840269300e+00 2.916922905439587402e+12
1.510653432411630304e+00 2.993255984017042480e+12
1.516696046141276843e+00 2.983510767858677246e+12
1.522762830325842032e+00 2.990764358431113281e+12
1.528853881647145307e+00 2.992809365622698730e+12
1.534969297173733649e+00 2.971224531036316406e+12
1.541109174362428780e+00 2.977145845278649902e+12
1.547273611059878373e+00 2.969165445180644043e+12
1.553462705504118135e+00 2.958040491397319336e+12
1.559676556326134556e+00 2.948384374282792969e+12
1.565915262551438980e+00 2.958692859846769531e+12
1.572178923601644795e+00 2.939815863092124023e+12
1.578467639296051495e+00 2.941154582014781738e+12
1.584781509853235626e+00 2.955821427261120117e+12
1.591120635892648405e+00 2.956174666522755859e+12
1.597485118436219098e+00 2.951453966324105957e+12
1.603875058909963958e+00 2.934392408879023438e+12
1.610290559145603595e+00 2.943839132673296387e+12
1.616731721382186127e+00 2.805506881930708008e+12
1.623198648267714761e+00 2.899366464326571289e+12
1.629691442860785600e+00 2.937352606905305664e+12
1.636210208632228769e+00 2.940353304982738770e+12
1.642755049466757766e+00 2.885191632250613770e+12
1.649326069664624805e+00 2.890874065445328613e+12
1.655923373943283039e+00 2.872717897684253906e+12
1.662547067439056336e+00 2.829843468459388184e+12
1.669197255708812611e+00 2.821799652677244629e+12
1.675874044731648027e+00 2.798929330562223145e+12
1.682577540910574321e+00 2.766414745537115234e+12
1.689307851074216771e+00 2.743259864810035645e+12
1.696065082478513508e+00 2.717352774587755859e+12
1.702849342808427480e+00 2.685127594882778320e+12
1.709660740179661298e+00 2.597931787703203613e+12
1.716499383140379864e+00 2.613891027984862793e+12
1.723365380672941427e+00 2.585218429843038574e+12
1.730258842195633306e+00 2.552346188334826660e+12
1.737179877564415831e+00 2.509329648879242676e+12
1.744128597074673603e+00 2.480048430996446289e+12
1.751105111462972097e+00 2.443246278859916504e+12
1.758109531908824241e+00 2.396114798189470703e+12
1.765141970036459451e+00 2.366966096809858398e+12
1.772202537916605314e+00 2.328085707124306152e+12
1.779291348068271716e+00 2.285001164399014648e+12
1.786408513460544745e+00 2.253942545789129395e+12
1.793554147514387020e+00 2.215912034380949219e+12
1.800728364104444257e+00 2.193080656983550781e+12
1.807931277560862249e+00 2.153362276404290527e+12
1.815163002671105641e+00 2.143768043680601074e+12
1.822423654681789795e+00 2.116606457307646973e+12
1.829713349300517100e+00 2.085518493616135498e+12
1.837032202697718830e+00 2.069501430466512451e+12
1.844380331508509885e+00 1.989248609235816895e+12
1.851757852834543527e+00 1.991809959920549072e+12
1.859164884245881888e+00 1.931754236871029785e+12
1.866601543782865358e+00 1.959366734801316406e+12
1.874067949957996859e+00 1.922355059044880371e+12
1.881564221757828781e+00 1.920359226027034668e+12
1.889090478644860127e+00 1.903392727093864746e+12
1.896646840559439662e+00 1.892400051839391113e+12
1.904233427921677269e+00 1.874177613893041504e+12
1.911850361633363971e+00 1.866270588988819824e+12
1.919497763079897279e+00 1.835355720098410889e+12
1.927175754132217200e+00 1.732111102646934570e+12
1.934884457148745796e+00 1.741207362493390137e+12
1.942623994977340729e+00 1.610351044390269287e+12
1.950394490957250149e+00 1.622785443209428955e+12
1.958196068921079336e+00 1.731359195264928467e+12
1.966028853196763793e+00 1.721438855775636963e+12
1.973892968609550991e+00 1.559862945543455566e+12
1.981788540483989447e+00 1.527347216277246826e+12
1.989715694645925126e+00 1.525588152160254639e+12
1.997674557424508723e+00 1.619485296857618896e+12
2.005665255654207169e+00 1.617617070271982178e+12
2.013687916676823786e+00 1.595882231556824219e+12
2.021742668343530891e+00 1.583754613022411133e+12
2.029829639016905052e+00 1.561147558057280518e+12
2.037948957572972564e+00 1.546227303907793457e+12
2.046100753403264694e+00 1.528361987333958984e+12
2.054285156416877811e+00 1.522057131409034180e+12
2.062502297042545507e+00 1.498239500616415771e+12
2.070752306230715600e+00 1.489566123876657959e+12
2.079035315455638244e+00 1.475311367845781982e+12
2.087351456717461140e+00 1.458496982963718750e+12
2.095700862544330967e+00 1.439731044171643311e+12
2.104083665994508134e+00 1.435995487970780518e+12
2.112500000658485977e+00 1.423450093694166260e+12
2.120950000661120161e+00 1.411168442157977295e+12
2.129433800663764753e+00 1.393571503993455811e+12
2.137951535866419839e+00 1.382972234317520020e+12
2.146503342009885351e+00 1.374303290793718994e+12
2.155089355377924676e+00 1.361302307329554199e+12
2.163709712799436691e+00 1.350538115292940186e+12
2.172364551650634468e+00 1.336984132905119873e+12
2.181054009857236853e+00 1.315531560637287842e+12
2.189778225896665376e+00 1.305712409890189697e+12
2.198537338800252705e+00 1.296930277877726807e+12
2.207331488155453325e+00 1.244724163478891602e+12
2.216160814108075083e+00 1.274778965682849609e+12
2.225025457364507631e+00 1.245512559870768799e+12
2.233925559193965515e+00 1.245250776545653564e+12
2.242861261430741493e+00 1.235580712100729736e+12
2.251832706476463830e+00 1.223825782932169434e+12
2.260840037302370042e+00 1.198199848739637939e+12
2.269883397451579299e+00 1.196932617242626709e+12
2.278962931041386142e+00 1.179721217212466064e+12
2.288078782765551100e+00 1.171225759967575195e+12
2.297231097896613505e+00 1.042953826243116089e+12
2.306420022288200311e+00 1.093961186197855591e+12
2.315645702377353121e+00 1.090399597055976074e+12
2.324908285186861878e+00 9.883019331435301514e+11
2.334207918327609654e+00 1.025134840586074951e+12
2.343544750000919663e+00 1.030686976888987061e+12
2.352918929000923143e+00 9.598664413402863770e+11
2.362330604716927240e+00 9.734274185904423828e+11
2.371779927135795329e+00 9.841633822384313965e+11
2.381267046844337987e+00 9.335824614149239502e+11
2.390792115031715070e+00 9.216719941390424805e+11
2.400355283491842240e+00 9.287345078363692627e+11
2.409956704625809465e+00 8.999608963617296143e+11
2.419596531444312859e+00 8.715050277927232666e+11
2.429274917570089620e+00 8.692740130297160645e+11
2.438992017240370291e+00 8.619969758483066406e+11
2.448747985309331465e+00 8.186921643823200684e+11
2.458542977250568917e+00 8.079979122359291992e+11
2.468377149159570738e+00 8.210396116413361816e+11
2.478250657756209563e+00 7.783525099298033447e+11
2.488163660387234355e+00 7.718343863403037109e+11
2.498116315028783063e+00 7.816116516376627197e+11
2.508108780288898387e+00 7.617402797845417480e+11
2.518141215410053757e+00 7.457620370119628906e+11
2.528213780271693967e+00 7.371483791824272461e+11
2.538326635392781139e+00 7.359132228649602051e+11
2.548479941934351789e+00 7.239463935183439941e+11
2.558673861702089436e+00 7.178832929882612305e+11
2.568908557148898097e+00 7.175021229360294189e+11
2.579184191377493551e+00 7.019882437462783203e+11
2.589500928143003478e+00 7.026580347064257812e+11
2.599858931855575594e+00 7.009946031106789551e+11
2.610258367582998229e+00 7.006306617892893066e+11
2.620699401053329769e+00 6.889076211040246582e+11
2.631182198657543214e+00 6.874152987703592529e+11
2.641706927452173392e+00 6.841583072602419434e+11
2.652273755161981938e+00 6.826002735595231934e+11
2.662882850182629824e+00 6.778366431656014404e+11
2.673534381583360542e+00 6.586516528337188721e+11
2.684228519109693956e+00 6.506140321856424561e+11
2.694965433186132575e+00 6.341735600791173096e+11
2.705745294918877164e+00 6.287314248373591309e+11
2.716568276098552559e+00 6.143997714014825439e+11
2.727434549202946812e+00 5.993983848639304199e+11
2.738344287399758326e+00 5.899409672402857666e+11
2.749297664549357201e+00 5.858178239337900391e+11
2.760294855207554576e+00 5.800809774752635498e+11
2.771336034628385292e+00 5.678395556021169434e+11
2.782421378766898545e+00 5.594989417528666992e+11
2.793551064281966312e+00 5.586142579623297119e+11
2.804725268539093985e+00 5.415394531685706177e+11
2.815944169613250558e+00 5.307426782192653809e+11
2.827207946291703244e+00 5.373938420736786499e+11
2.838516778076869862e+00 5.194348514190379639e+11
2.849870845189177437e+00 5.126536115720056763e+11
2.861270328569933685e+00 5.166184601965231934e+11
2.872715409884213589e+00 5.020581372844298096e+11
2.884206271523750420e+00 4.989086747934683838e+11
2.895743096609845413e+00 4.968657311880504150e+11
2.907326068996284985e+00 4.787789040303386230e+11
2.918955373272270393e+00 4.815691047949729004e+11
2.930631194765359826e+00 4.717822927225490723e+11
2.942353719544420709e+00 4.607383887863007812e+11
2.954123134422598440e+00 4.624831250148838501e+11
2.965939626960289122e+00 4.515526569710117798e+11
2.977803385468130504e+00 4.522338305142802734e+11
2.989714599010003138e+00 4.412671416207376099e+11
3.001673457406043077e+00 4.387832087568017578e+11
3.013680151235667015e+00 4.352156789173619995e+11
3.025734871840609408e+00 4.201928840910488892e+11
3.037837811327972037e+00 4.296714421908634644e+11
3.049989162573283785e+00 4.142863090937985229e+11
3.062189119223576395e+00 4.177637938819805908e+11
3.074437875700470890e+00 4.081662865925064697e+11
3.086735627203272880e+00 4.033436068284984131e+11
3.099082569712085622e+00 4.031698215088900757e+11
3.111478899990933744e+00 3.938514511333587646e+11
3.123924815590897186e+00 3.938237085340229492e+11
3.136420514853261121e+00 3.877458748160437012e+11
3.148966196912674320e+00 3.844761353454456787e+11
3.161562061700325277e+00 3.813414497501704712e+11
3.174208309947126327e+00 3.745301512779644775e+11
3.186905143186915090e+00 3.759372206819219360e+11
3.199652763759662566e+00 3.650485563967239990e+11
3.212451374814701222e+00 3.697369185261266479e+11
3.225301180313960625e+00 3.625571641655042114e+11
3.238202385035215958e+00 3.591043616567844238e+11
3.251155194575356955e+00 3.567563741538419800e+11
3.264159815353658622e+00 3.527894860078629150e+11
3.277216454615073271e+00 3.491854238600614014e+11
3.290325320433533207e+00 3.455773009561718750e+11
3.303486621715267635e+00 3.436009452961237793e+11
3.316700568202128441e+00 3.382217925375444946e+11
3.329967370474937294e+00 3.381893719694596558e+11
3.343287239956836743e+00 3.313009961050809326e+11
3.356660388916663962e+00 3.297095970906846924e+11
3.370087030472330714e+00 3.264069886473681030e+11
3.383567378594220187e+00 3.220950664704205322e+11
3.397101648108596716e+00 3.196730103426672974e+11
3.410690054701031482e+00 3.139455798464110107e+11
3.424332814919834878e+00 3.129440742998322144e+11
3.438030146179514634e+00 3.092480184519397583e+11
3.451782266764232610e+00 3.058849947959916992e+11
3.465589395831289998e+00 3.028163118679921265e+11
3.479451753414614767e+00 2.991920382408388672e+11
3.493369560428273068e+00 2.948624244830313721e+11
3.507343038669985980e+00 2.933668601252711792e+11
3.521372410824665788e+00 2.881419095171405640e+11
3.535457900467964709e+00 2.857016046670361328e+11
3.549599732069836477e+00 2.824649082097280884e+11
3.563798130998116154e+00 2.788416662938663330e+11
3.578053323522108364e+00 2.757415511737332764e+11
3.592365536816196858e+00 2.726169006675530090e+11
3.606734998963461614e+00 2.692260575049823914e+11
3.621161938959315041e+00 2.657978668698046570e+11
3.635646586715152839e+00 2.626211903348215637e+11
3.650189173062013293e+00 2.595609076843022461e+11
3.664789929754260545e+00 2.563709522579374084e+11
3.679449089473277645e+00 2.529446622367514954e+11
3.694166885831170699e+00 2.499336343682283325e+11
3.708943553374495661e+00 2.472736393368821106e+11
3.723779327587993571e+00 2.441698358400985413e+11
3.738674444898345328e+00 2.405497219510037842e+11
3.753629142677938901e+00 2.384165828638683167e+11
3.768643659248651190e+00 2.348537494712557983e+11
3.783718233885645432e+00 2.323876915372569275e+11
3.798853106821188153e+00 2.292155637738135376e+11
3.814048519248473657e+00 2.263842544012819519e+11
3.829304713325467180e+00 2.227921829609204407e+11
3.844621932178768908e+00 2.203720334948505859e+11
3.860000419907484215e+00 2.176233634983802490e+11
3.875440421587113882e+00 2.145116278219750366e+11
3.890942183273462529e+00 2.115852162859344482e+11
3.906505952006555926e+00 2.088854939063502197e+11
3.922131975814582727e+00 2.061138215783373413e+11
3.937820503717840648e+00 2.031645641081308899e+11
3.953571785732711508e+00 1.996374259968658447e+11
3.969386072875642490e+00 1.974105241484054565e+11
3.985263617167145167e+00 1.933989277227185669e+11
4.001204671635814059e+00 1.907038141664665527e+11
4.017209490322357190e+00 1.880480066214436035e+11
4.033278328283646630e+00 1.856445834653622742e+11
4.049411441596781458e+00 1.797055020541984863e+11
4.065609087363168506e+00 1.795852544414129028e+11
4.081871523712622185e+00 1.743460011560754089e+11
4.098199009807472315e+00 1.731003830316596375e+11
4.114591805846702144e+00 1.716627191898050232e+11
4.131050173070089038e+00 1.665872563961585693e+11
4.147574373762369149e+00 1.663709430066206360e+11
4.164164671257418959e+00 1.622059942897396851e+11
4.180821329942449260e+00 1.607737625223814392e+11
4.197544615262219558e+00 1.594107933894175415e+11
4.214334793723269357e+00 1.554808812923576050e+11
4.231192132898162761e+00 1.550616887374823608e+11
4.248116901429755288e+00 1.512061432405306702e+11
4.265109369035473996e+00 1.493129517933141479e+11
4.282169806511615384e+00 1.483129497092084961e+11
4.299298485737661935e+00 1.358335376566207428e+11
4.316495679680612874e+00 1.348553354591988220e+11
4.333761662399335357e+00 1.322337010171605072e+11
4.351096709048932532e+00 1.262865746053653564e+11
4.368501095885127583e+00 1.222053704594407043e+11
4.385975100268668214e+00 1.193009420267412720e+11
4.403519000669743555e+00 1.156630681526949463e+11
4.421133076672422391e+00 1.127324305932546082e+11
4.438817608979111817e+00 1.100742731938525696e+11
4.456572879415028332e+00 1.080669737357458954e+11
4.474399170932688463e+00 1.037719535806318512e+11
4.492296767616419828e+00 1.033508303348176270e+11
4.510265954686884626e+00 1.023506324617763672e+11
4.528307018505633330e+00 9.922049935554843140e+10
4.546420246579655711e+00 9.840255085017399597e+10
4.564605927565974497e+00 9.652749785837316895e+10
4.582864351276237258e+00 9.567313110616670227e+10
4.601195808681342925e+00 9.472547986512074280e+10
4.619600591916067422e+00 9.463311140354997253e+10
4.638078994283731937e+00 9.276149338365858459e+10
4.656631310260867629e+00 9.411859951965200806e+10
4.675257835501911430e+00 9.192262044128788757e+10
4.693958866843916944e+00 9.079000066620324707e+10
4.712734702311292878e+00 8.990127814842622375e+10
4.731585641120538810e+00 8.967479355773645020e+10
4.750511983685020923e+00 8.760380016565162659e+10
4.769514031619761063e+00 8.647766288991545105e+10
4.788592087746240011e+00 8.560779349376106262e+10
4.807746456097224730e+00 8.433327501928153992e+10
4.826977441921613377e+00 8.436764978369187927e+10
4.846285351689299858e+00 8.276112586883753967e+10
4.865670493096057925e+00 8.202905437689312744e+10
4.885133175068442135e+00 7.995492364501599121e+10
4.904673707768715474e+00 7.946484766454028320e+10
4.924292402599791174e+00 7.741584743354968262e+10
4.943989572210189642e+00 7.677756646928445435e+10
4.963765530499030021e+00 7.488031522966458130e+10
4.983620592621027079e+00 7.535312761918345642e+10
5.003555074991511198e+00 7.345783453118310547e+10
5.023569295291476777e+00 7.175564720647785950e+10
5.043663572472643075e+00 7.297018839877790833e+10
5.063838226762532813e+00 7.140247026088011169e+10
5.084093579669583640e+00 6.964066609603849792e+10
5.104429953988261381e+00 6.954742681079382324e+10
5.124847673804215020e+00 6.841967745001149750e+10
5.145347064499431688e+00 6.872598960672686768e+10
5.165928452757428957e+00 6.619601319913050842e+10
5.186592166568458673e+00 6.689448869802754974e+10
5.207338535234733001e+00 6.479711685219612885e+10
5.228167889375671784e+00 6.507505423390297699e+10
5.249080560933174766e+00 6.319473981046976471e+10
5.270076883176907145e+00 6.330041156352813721e+10
5.291157190709615321e+00 6.174089659528080750e+10
5.312321819472453299e+00 6.192178059221708679e+10
5.333571106750343738e+00 6.076181808486206055e+10
5.354905391177344320e+00 5.993556988651606750e+10
5.376325012742054099e+00 5.915708753590266418e+10
5.397830312793021612e+00 5.902614495528882599e+10
5.419421634044193858e+00 5.699551950287449646e+10
5.441099320580370602e+00 5.761533606176320648e+10
5.462863717862692425e+00 5.604479368890730286e+10
5.484715172734142996e+00 5.564812089868723297e+10
5.506654033425078865e+00 5.510975173184015656e+10
5.528680649558780580e+00 5.479929419954116058e+10
5.550795372157015350e+00 5.338122195330612946e+10
5.572998553645643227e+00 5.285587967895819092e+10
5.595290547860225949e+00 5.277021621000819397e+10
5.617671710051667766e+00 5.190308439109324646e+10
5.640142396891874021e+00 5.145179034248696136e+10
5.662702966479441713e+00 5.098878146605496979e+10
5.685353778345359821e+00 4.952486238000126648e+10
5.708095193458740724e+00 4.961164138544271088e+10
5.730927574232576482e+00 4.874206417322003937e+10
5.753851284529505783e+00 4.868424914730261230e+10
5.776866689667624399e+00 4.800748601454243469e+10
5.799974156426294769e+00 4.752217954563194275e+10
5.823174053051999977e+00 4.647409765445993042e+10
5.846466749264207508e+00 4.602808277864977264e+10
5.869852616261264977e+00 4.573267171129936981e+10
5.893332026726310069e+00 4.493757587974037170e+10
5.916905354833215114e+00 4.476377047847420502e+10
5.940572976252548543e+00 4.396580106055878448e+10
5.964335268157558545e+00 4.346957630722204590e+10
5.988192609230189589e+00 4.288351521100739288e+10
6.012145379667110490e+00 4.252213867861183929e+10
6.036193961185778889e+00 4.157901012215217590e+10
6.060338737030522616e+00 4.132780733744842529e+10
6.084580091978644134e+00 4.099820835543003845e+10
6.108918412346558746e+00 4.008842833939585876e+10
6.133354085995945226e+00 4.004251869768336487e+10
6.157887502339929320e+00 3.941793524173793030e+10
6.182519052349287669e+00 3.862915893732312012e+10
6.207249128558685491e+00 3.826237940055371094e+10
6.232078125072920471e+00 3.775321046513025665e+10
6.257006437573212843e+00 3.713240369283577728e+10
6.282034463323505236e+00 3.669363085877090454e+10
6.307162601176800720e+00 3.612916421698582458e+10
6.332391251581507063e+00 3.566218256063819885e+10
6.357720816587833390e+00 3.504746492510735321e+10
6.383151699854184180e+00 3.437885891366587067e+10
6.408684306653601226e+00 3.368682136488712311e+10
6.434319043880215361e+00 3.326474890410723114e+10
6.460056320055736379e+00 3.214205008249286270e+10
6.485896545335958052e+00 3.109707324173574066e+10
6.511840131517302233e+00 3.083495887195764160e+10
6.537887492043371829e+00 3.015050433716485977e+10
6.564039042011545533e+00 2.940567818668284988e+10
6.590295198179591196e+00 2.863786812135533142e+10
6.616656378972309405e+00 2.836560339679273224e+10
6.643123004488199257e+00 2.774426590103092957e+10
6.669695496506150789e+00 2.741367639392709351e+10
6.696374278492176479e+00 2.691960470636170959e+10
6.723159775606144528e+00 2.681097745399613571e+10
6.750052414708568094e+00 2.645061654858269882e+10
6.777052624367403411e+00 2.555246203218288803e+10
6.804160834864871887e+00 2.542817443725907135e+10
6.831377478204331055e+00 2.490808610435523224e+10
6.858702988117148180e+00 2.491142968586831284e+10
6.886137800069615622e+00 2.450490930338573456e+10
6.913682351269895499e+00 2.397775736696606445e+10
6.941337080674975013e+00 2.373748540157507706e+10
6.969102428997675069e+00 2.348810055204161835e+10
6.996978838713665994e+00 2.318721958571336746e+10
7.024966754068519670e+00 2.284658961723999023e+10
7.053066621084793653e+00 2.250469155546561813e+10
7.081278887569133929e+00 2.212593179749286270e+10
7.109604003119409654e+00 2.163455958822756577e+10
7.138042419131887861e+00 2.162611027579002380e+10
7.166594588808414379e+00 2.133822338043904877e+10
7.195260967163648047e+00 2.095269535717528534e+10
7.224042011032302923e+00 2.059825880986132812e+10
7.252938179076432235e+00 2.031375445748650360e+10
7.281949931792737196e+00 2.013719057073288345e+10
7.311077731519908696e+00 1.987822892026659775e+10
7.340322042445988515e+00 1.940952649847219467e+10
7.369683330615771411e+00 1.915067665325300598e+10
7.399162063938235612e+00 1.915559103280270386e+10
7.428758712193988423e+00 1.854509674673326874e+10
7.458473747042765112e+00 1.853638413107039261e+10
7.488307642030935796e+00 1.822060393978489685e+10
7.518260872599060285e+00 1.787731617000722122e+10
7.548333916089456253e+00 1.778656659637138748e+10
7.578527251753813587e+00 1.729358142942545319e+10
7.608841360760829176e+00 1.688448244977231216e+10
7.639276726203872769e+00 1.671638405230424309e+10
7.669833833108687493e+00 1.639723557314403534e+10
7.700513168441122325e+00 1.626753917788010216e+10
7.731315221114887670e+00 1.580992543729389191e+10
7.762240481999347352e+00 1.560980428075799942e+10
7.793289443927344351e+00 1.515124206005040169e+10
7.824462601703054077e+00 1.520411996852381516e+10
7.855760452109866065e+00 1.478084688573794174e+10
7.887183493918306532e+00 1.441052477692658997e+10
7.918732227893980458e+00 1.430336006079924774e+10
7.950407156805555431e+00 1.409385445984984970e+10
7.982208785432777454e+00 1.365859393354443550e+10
8.014137620574508958e+00 1.369117978200789833e+10
8.046194171056805899e+00 1.326794820327933502e+10
8.078378947741034821e+00 1.327163858377038574e+10
8.110692463531997021e+00 1.292942268013918304e+10
8.143135233386125549e+00 1.284131370656980515e+10
8.175707774319670662e+00 1.261280072936600113e+10
8.208410605416949224e+00 1.245569368527143097e+10
8.241244247838615422e+00 1.235981890532567787e+10
8.274209224829968790e+00 1.205105247490909195e+10
8.307306061729288871e+00 1.193690807312274933e+10
8.340535285976207192e+00 1.166927170873896790e+10
8.373897427120111203e+00 1.154456411815787315e+10
8.407393016828594412e+00 1.153562977883526230e+10
8.441022588895906509e+00 1.118920887638936996e+10
8.474786679251490540e+00 1.112144586694737244e+10
8.508685825968495209e+00 1.089282866942995262e+10
8.542720569272368891e+00 1.084546215938094330e+10
8.576891451549458978e+00 1.067661976816333580e+10
8.611199017355655627e+00 1.057793250652544594e+10
8.645643813425078150e+00 1.041976532873071289e+10
8.680226388678779159e+00 1.025763299364783287e+10
8.714947294233493125e+00 1.016005094995681763e+10
8.749807083410427566e+00 9.939476866921054840e+09
8.784806311744070229e+00 9.912888455371652603e+09
8.819945536991047774e+00 9.687391530309658051e+09
8.855225319139009343e+00 9.594067117937450409e+09
8.890646220415566958e+00 9.545808350694166183e+09
8.926208805297228821e+00 9.378576989047790527e+09
8.961913640518417878e+00 9.211303350674037933e+09
8.997761295080492161e+00 9.112405018440504074e+09
9.033752340260813085e+00 9.026156839345750809e+09
9.069887349621856387e+00 8.905702243501960754e+09
9.106166899020346150e+00 8.714337328950576782e+09
9.142591566616424359e+00 8.584784826779335976e+09
9.179161932882891506e+00 8.518336807515096664e+09
9.215878580614422333e+00 8.374204924937942505e+09
9.252742094936881045e+00 8.237893248753782272e+09
9.289753063316627646e+00 8.176204756331359863e+09
9.326912075569895322e+00 8.018059382028170586e+09
9.364219723872173162e+00 7.946596233036949158e+09
9.401676602767663482e+00 7.785119669282725334e+09
9.439283309178733816e+00 7.667750789218582153e+09
9.477040442415447075e+00 7.592913334304420471e+09
9.514948604185111236e+00 7.474996671660216331e+09
9.553008398601852136e+00 7.398765123457068443e+09
9.591220432196260859e+00 7.250416292154953957e+09
9.629585313925044687e+00 7.139978699460849762e+09
9.668103655180747324e+00 7.055733905519886971e+09
9.706776069801470896e+00 6.961887907377354622e+09
9.745603174080676112e+00 6.860992935071953773e+09
9.784585586776998412e+00 6.782960185461791039e+09
9.823723929124106746e+00 6.653606455425306320e+09
9.863018824840601440e+00 6.559117264581528664e+09
9.902470900139965337e+00 6.364591218628285408e+09
9.942080783740523842e+00 6.361802430279197693e+09
9.981849106875488431e+00 6.246670686321207047e+09
1.002177650330298952e+01 6.189932077246115685e+09
1.006186360931619994e+01 6.061451826962478638e+09
1.010211106375346723e+01 5.946307801935126305e+09
1.014251950800847979e+01 5.886732979690881729e+09
1.018308958604051284e+01 5.824506087827245712e+09
1.022382194438467451e+01 5.702587403517444611e+09
1.026471723216221399e+01 5.616823440972308159e+09
1.030577610109086173e+01 5.521238416741010666e+09
1.034699920549522467e+01 5.428834373150166512e+09
1.038838720231720458e+01 5.348398076422410965e+09
1.042994075112647501e+01 5.264487651823984146e+09
1.047166051413097954e+01 5.176558438840151787e+09
1.051354715618750468e+01 5.097743325457646370e+09
1.055560134481225454e+01 5.010322577541005135e+09
1.059782375019150358e+01 4.931470301733366013e+09
1.064021504519226902e+01 4.886608841735870361e+09
1.068277590537303823e+01 4.813443260157239914e+09
1.072550700899452991e+01 4.681296269413340569e+09
1.076840903703050856e+01 4.620241919327316284e+09
1.081148267317863088e+01 4.563628019610630035e+09
1.085472860387134553e+01 4.564739009272398949e+09
1.089814751828683015e+01 4.375730504550082207e+09
1.094174010835997635e+01 4.363426980842474937e+09
1.098550706879341909e+01 4.231581704653061390e+09
1.102944909706859100e+01 4.189738098634531498e+09
1.107356689345686540e+01 4.136629625430480003e+09
1.111786116103069233e+01 4.064685990837123394e+09
1.116233260567481622e+01 4.014219796844322205e+09
1.120698193609751492e+01 3.922490241241721153e+09
1.125180986384190440e+01 3.893096035356626987e+09
1.129681710329727373e+01 3.817134061418169498e+09
1.134200437171046083e+01 3.771231509949858665e+09
1.138737238919730466e+01 3.717346629225787163e+09
1.143292187875409383e+01 3.626616620354685783e+09
1.147865356626910938e+01 3.600824641602722168e+09
1.152456818053418530e+01 3.515646058216627598e+09
1.157066645325632237e+01 3.460233156274665356e+09
1.161694911906934635e+01 3.401986050412746429e+09
1.166341691554562487e+01 3.384640569165601254e+09
1.171007058320780736e+01 3.303516866047905445e+09
1.175691086554063958e+01 3.217521740596547604e+09
1.180393850900279951e+01 3.208172596270927429e+09
1.185115426303881137e+01 3.135055811966475964e+09
1.189855888009096674e+01 3.118661475570814610e+09
1.194615311561133097e+01 3.066115438209665775e+09
1.199393772807377623e+01 3.021628673634068489e+09
1.204191347898607134e+01 2.973265583082194805e+09
1.209008113290201614e+01 2.913019248660730839e+09
1.213844145743362368e+01 2.863764441259329319e+09
1.218699522326335938e+01 2.848859703854052544e+09
1.223574320415641381e+01 2.786277756001251221e+09
1.228468617697303777e+01 2.776906204871067524e+09
1.233382492168093059e+01 2.681764614309357166e+09
1.238316022136765504e+01 2.669746766565912247e+09
1.243269286225312520e+01 2.575430043454132557e+09
1.248242363370213859e+01 2.594992934816952229e+09
1.253235332823694748e+01 2.518399378611355782e+09
1.258248274154989410e+01 2.509398203528918266e+09
1.263281267251609385e+01 2.470399125307086468e+09
1.268334392320615756e+01 2.411538987525812626e+09
1.273407729889898299e+01 2.421020665417003632e+09
1.278501360809457665e+01 2.329940793626373768e+09
1.283615366252695544e+01 2.289858509773361683e+09
1.288749827717706253e+01 2.299711304907338142e+09
1.293904827028577031e+01 2.216602254050877094e+09
1.299080446336691352e+01 2.220743153091599464e+09
1.304276768122038099e+01 2.165102638813288212e+09
1.309493875194526424e+01 2.147003053218147993e+09
1.314731850695304693e+01 2.101150648104627609e+09
1.319990778098085649e+01 2.067008890761583328e+09
1.325270741210477965e+01 2.032568893214030981e+09
1.330571824175319939e+01 1.997952534739477396e+09
1.335894111472021173e+01 1.968812879409093142e+09
1.341237687917909227e+01 1.961881968043220043e+09
1.346602638669580898e+01 1.895589093688640833e+09
1.351989049224258999e+01 1.901185011181501865e+09
1.357397005421156067e+01 1.852943197040718794e+09
1.362826593442840917e+01 1.825820619351320982e+09
1.368277899816612297e+01 1.806085974042932272e+09
1.373751011415878942e+01 1.753404616521971464e+09
1.379246015461542463e+01 1.753306631155280590e+09
1.384762999523388416e+01 1.703339088652399540e+09
1.390302051521481808e+01 1.714979203791854620e+09
1.395863259727567751e+01 1.673056737574544191e+09
1.401446712766477987e+01 1.634619959836490631e+09
1.407052499617543972e+01 1.642069169793905497e+09
1.412680709616014063e+01 1.572798351831436872e+09
1.418331432454478147e+01 1.539757652262670517e+09
1.424004758184296193e+01 1.547083794189582586e+09
1.429700777217033369e+01 1.535226931913887262e+09
1.435419580325901379e+01 1.488490563004297256e+09
1.441161258647204946e+01 1.476416971314118147e+09
1.446925903681793812e+01 1.430709243700381279e+09
1.452713607296521126e+01 1.437222232242531538e+09
1.458524461725707155e+01 1.407058211908471823e+09
1.464358559572609764e+01 1.372004178233540773e+09
1.470215993810900557e+01 1.347463837348441601e+09
1.476096857786143879e+01 1.359732533804674864e+09
1.482001245217288599e+01 1.320744315773013830e+09
1.487929250198157760e+01 1.295435234714501381e+09
1.493880967198950316e+01 1.279045074001844168e+09
1.499856491067746056e+01 1.256210930725648642e+09
1.505855917032016933e+01 1.243160882187917471e+09
1.511879340700144958e+01 1.219609609088985682e+09
1.517926858062945605e+01 1.200791093154302359e+09
1.523998565495197433e+01 1.192947865954884052e+09
1.530094559757178274e+01 1.163639129984668016e+09
1.536214937996206764e+01 1.141341832340108395e+09
1.542359797748191674e+01 1.126023572154982805e+09
1.548529236939184450e+01 1.115623776393380404e+09
1.554723353886941339e+01 1.088482228794881344e+09
1.560942247302489072e+01 1.088388292418898344e+09
1.567186016291699069e+01 1.061675638904665232e+09
1.573454760356865556e+01 1.040746629772064090e+09
1.579748579398293096e+01 1.036519050274743199e+09
1.586067573715886247e+01 1.015192011035011649e+09
1.592411844010749888e+01 1.007708989865945816e+09
1.598781491386792730e+01 9.686526441099185944e+08
1.605176617352340074e+01 9.679065086971522570e+08
1.611597323821749228e+01 9.439942061244300604e+08
1.618043713117036120e+01 9.356756032680116892e+08
1.624515887969504391e+01 9.139765652550829649e+08
1.631013951521382310e+01 9.160555082924920321e+08
1.637538007327468037e+01 9.046761717800376415e+08
1.644088159356778078e+01 8.872647705107526779e+08
1.650664511994205341e+01 8.628681469797676802e+08
1.657267170042182158e+01 8.480516414802817106e+08
1.663896238722350418e+01 8.299396249627676010e+08
1.670551823677240222e+01 8.320087105587449074e+08
1.677234030971949608e+01 8.252227294548006058e+08
1.683942967095837062e+01 8.047860587664705515e+08
1.690678738964220429e+01 7.898504085380800962e+08
1.697441453920077237e+01 7.815369902095291615e+08
1.704231219735757108e+01 7.829674498866964579e+08
1.711048144614700561e+01 7.436813848603514433e+08
1.717892337193159236e+01 7.478082188234956264e+08
1.724763906541932101e+01 7.236313740911264420e+08
1.731662962168099895e+01 7.148712632939844131e+08
1.738589614016772344e+01 7.058838120285956860e+08
1.745543972472839300e+01 7.037100282282861471e+08
1.752526148362730751e+01 6.913057087225135565e+08
1.759536252956181812e+01 6.741469369795758724e+08
1.766574397968006238e+01 6.636279055405874252e+08
1.773640695559878466e+01 6.549240830059094429e+08
1.780735258342117433e+01 6.500613712812891006e+08
1.787858199375486024e+01 6.461422124786481857e+08
1.795009632172988034e+01 6.234128346289016008e+08
1.802189670701679702e+01 6.222369151955312490e+08
1.809398429384486562e+01 6.101925912716796398e+08
1.816636023102024211e+01 5.834633949139158726e+08
1.823902567194432578e+01 5.943125388569446802e+08
1.831198177463210186e+01 5.840822872712949514e+08
1.838522970173062987e+01 5.725754457217170000e+08
1.845877062053754969e+01 5.656663561309738159e+08
1.853260570301970134e+01 5.460394436102826595e+08
1.860673612583178027e+01 5.365403020034550428e+08
1.868116307033510637e+01 5.371249149957262278e+08
1.875588772261644976e+01 5.283126247657595873e+08
1.883091127350691352e+01 5.268574446998782158e+08
1.890623491860094063e+01 5.138240014642343521e+08
1.898185985827534594e+01 5.014047339041559696e+08
1.905778729770844748e+01 5.031869946675273776e+08
1.913401844689928311e+01 4.972759983757314086e+08
1.921055452068688041e+01 4.728380338333212137e+08
1.928739673876962968e+01 4.779610289653579593e+08
1.936454632572470658e+01 4.712874814739886522e+08
1.944200451102760141e+01 4.518865115769190192e+08
1.951977252907171589e+01 4.618549848080647588e+08
1.959785161918800256e+01 4.424802326403676867e+08
1.967624302566475691e+01 4.377986370526294708e+08
1.991079942767366973e+01 4.230147427792235017e+08
