# Wavelength (micrometer), Flux (W / m2 / m)
1.000553076518779783e-01 1.972898093985378418e+11
1.004555288824854897e-01 2.195133709892241016e+13
1.008573509980154326e-01 2.278257338159992969e+13
1.012607804020075053e-01 2.363975750312928125e+13
1.016658235236155422e-01 2.452383177699903906e+13
1.020724868177099870e-01 2.543503209238941406e+13
1.024807767649808382e-01 2.632326140431650781e+13
1.028906998720407612e-01 2.733755474504614844e+13
1.033022626715289355e-01 2.833955865030082812e+13
1.037154717222150413e-01 2.901356056999398828e+13
1.041303336091038839e-01 3.042363639316323047e+13
1.045468549435403099e-01 3.151116450297967969e+13
1.049650423633144702e-01 3.263177000503628906e+13
1.053849025327677214e-01 3.377662513026723047e+13
1.058064421428987906e-01 3.496902451456844922e+13
1.062296679114703990e-01 3.611573716656060156e+13
1.066545865831162732e-01 3.738007143060504688e+13
1.070812049294487533e-01 3.871578206781021094e+13
1.075095297491665408e-01 3.998116443133983594e+13
1.079395678681632220e-01 4.141929202486235938e+13
1.083713261396358624e-01 4.278415960971036719e+13
1.088048114441943909e-01 4.421828981555211719e+13
1.092400306899711654e-01 4.570947749929119531e+13
1.096769908127310511e-01 4.709636905322625000e+13
1.101156987759819850e-01 4.874104572570726562e+13
1.105561615710859147e-01 5.037765168264564844e+13
1.109983862173702651e-01 5.200295776604152344e+13
1.114423797622397516e-01 5.368969460767936719e+13
1.118881492812886930e-01 5.541785396633239844e+13
1.123357018784138517e-01 5.708463079722757812e+13
1.127850446859275102e-01 5.883212861616612500e+13
1.132361848646712132e-01 6.077258404743072656e+13
1.136891296041298988e-01 6.271601976694838281e+13
1.141438861225464035e-01 6.463346266465943750e+13
1.146004616670366072e-01 6.635723444198907812e+13
1.150588635137047705e-01 6.854765692025025781e+13
1.155190989677595953e-01 7.074568339670670312e+13
1.159811753636306314e-01 7.294390284562551562e+13
1.164451000650851553e-01 7.513248469683150000e+13
1.169108804653455069e-01 7.734538900027020312e+13
1.173785239872068981e-01 7.965030525387817188e+13
1.178480380831557206e-01 8.199237404032212500e+13
1.183194302354883543e-01 8.437654156460392188e+13
1.187927079564302935e-01 8.682128371476068750e+13
1.192678787882560099e-01 8.931592115630865625e+13
1.197449503034090645e-01 9.187364880863889062e+13
1.202239301046226783e-01 9.448018896050034375e+13
1.207048258250411760e-01 9.714214702722285938e+13
1.211876451283413342e-01 9.985262221897390625e+13
1.216723957088547137e-01 1.022754565781487031e+14
1.221590852916901310e-01 1.054631842212784688e+14
1.226477216328568792e-01 1.083498989046794844e+14
1.231383125193883099e-01 1.112980408773122188e+14
1.236308657694658586e-01 1.143013778270435156e+14
1.241253892325437369e-01 1.173630254020975781e+14
1.246218907894739159e-01 1.204930585509718281e+14
1.251203783526317892e-01 1.236779026325852500e+14
1.256208598660423226e-01 1.269237941393369844e+14
1.261233433055065078e-01 1.301528405707021094e+14
1.266278366787285392e-01 1.334989288997959375e+14
1.271343480254434610e-01 1.369579629196172656e+14
1.276428854175452321e-01 1.404527786596373750e+14
1.281534569592154005e-01 1.440803835505804062e+14
1.286660707870522780e-01 1.477041993192562188e+14
1.291807350702004475e-01 1.513897036401552500e+14
1.296974580104812425e-01 1.551365619832264375e+14
1.302162478425231973e-01 1.587875630414557500e+14
1.307371128338932764e-01 1.627102952456751250e+14
1.312600612852288795e-01 1.667774632111106250e+14
1.317851015303697915e-01 1.707878353955049688e+14
1.323122419364912705e-01 1.748641428366944062e+14
1.328414909042372472e-01 1.790013446570996250e+14
1.333728568678542170e-01 1.808301539640869375e+14
1.339063482953256612e-01 1.874917842728123438e+14
1.344419736885069383e-01 1.918311815485771875e+14
1.349797415832609815e-01 1.962439172971047500e+14
1.355196605495940232e-01 2.007206974589541562e+14
1.360617391917924301e-01 2.052629539880616875e+14
1.366059861485595939e-01 2.098739051040090625e+14
1.371524100931538481e-01 2.145532536799461250e+14
1.377010197335264696e-01 2.193014951609796875e+14
1.382518238124605670e-01 2.241179484566323438e+14
1.388048311077104136e-01 2.290003869448099062e+14
1.393600504321412248e-01 2.339497885104838125e+14
1.399174906338697677e-01 2.389672189434173750e+14
1.404771605964052761e-01 2.440303037473856562e+14
1.410390692387908651e-01 2.491946927050022500e+14
1.416032255157460562e-01 2.544201531570924062e+14
1.421696384178090522e-01 2.597108452759012812e+14
1.427383169714803168e-01 2.650496402449272188e+14
1.433092702393662099e-01 2.704606215078051562e+14
1.438825073203236771e-01 2.759730405918285625e+14
1.444580373496049674e-01 2.815187536358810000e+14
1.450358694990033503e-01 2.871528011845388750e+14
1.456160129769993872e-01 2.928396293041978750e+14
1.461984770289073976e-01 2.985908641408081250e+14
1.467832709370230082e-01 3.044093971507856250e+14
1.473704040207710897e-01 3.102913606599133750e+14
1.479598856368541382e-01 3.162382031662133750e+14
1.485517251794015725e-01 3.222492304958979375e+14
1.491459320801191979e-01 3.283233905062930000e+14
1.497425158084396690e-01 3.344606214738176875e+14
1.503414858716734248e-01 3.406603122098911250e+14
1.509428518151600951e-01 3.469220144644291250e+14
1.515466232224207677e-01 3.532446285189431250e+14
1.521528097153104220e-01 3.596258254763842500e+14
1.527614209541716672e-01 3.660724316637360625e+14
1.533724666379883694e-01 3.725773623870609375e+14
1.539859565045403056e-01 3.791396743390722500e+14
1.546019003305584838e-01 3.857556405894219375e+14
1.552203079318807133e-01 3.923691152595333750e+14
1.558411891636082569e-01 3.988270566897717500e+14
1.564645539202626778e-01 4.052675008590002500e+14
1.570904121359437411e-01 4.124988876260201875e+14
1.577187737844875093e-01 4.193532129812338750e+14
1.583496488796254653e-01 4.261510743421386250e+14
1.589830474751439959e-01 4.335806932762315000e+14
1.596189796650445414e-01 4.407224655233810000e+14
1.602574555837047166e-01 4.478087353558432500e+14
1.608984854060395708e-01 4.543165723248133750e+14
1.615420793476636807e-01 4.614328497166138750e+14
1.621882476650543525e-01 4.689558845503223750e+14
1.628370006557145755e-01 4.758384536743242500e+14
1.634883486583374457e-01 4.831773912222380625e+14
1.641423020529707844e-01 4.909492005168757500e+14
1.647988712611826723e-01 4.987344267140131875e+14
1.654580667462274002e-01 5.062385663422510000e+14
1.661198990132123077e-01 5.133193506895407500e+14
1.667843786092651215e-01 5.210274872296882500e+14
1.674515161237022098e-01 5.287865693105879375e+14
1.681213221881969755e-01 5.366135247888041250e+14
1.687938074769497754e-01 5.440521982180605000e+14
1.694689827068575905e-01 5.518676732133960000e+14
1.701468586376850278e-01 5.591838587562612500e+14
1.708274460722357391e-01 5.672450231901181250e+14
1.715107558565246715e-01 5.749793302718795000e+14
1.721967988799507909e-01 5.829507411755788750e+14
1.728855860754705820e-01 5.908970330150638750e+14
1.735771284197724640e-01 5.988758248065682500e+14
1.742714369334515678e-01 6.067820122251967500e+14
1.749685226811853456e-01 6.147053193259356250e+14
1.756683967719100681e-01 6.226578196064046250e+14
1.763710703589977391e-01 6.306201877186632500e+14
1.770765546404337309e-01 6.386133522983348750e+14
1.777848608589954471e-01 6.466212719611331250e+14
1.784960003024314568e-01 6.546360518566017500e+14
1.792099843036411844e-01 6.626781752675396250e+14
1.799268242408557650e-01 6.707284740968981250e+14
1.806465315378191772e-01 6.787882211927470000e+14
1.813691176639704306e-01 6.868592068786203750e+14
1.820945941346263086e-01 6.949296376253343750e+14
1.828229725111648329e-01 7.030166003726541250e+14
1.835542644012094771e-01 7.110759828630452500e+14
1.842884814588143239e-01 7.191583588909303750e+14
1.850256353846495561e-01 7.272967746516570000e+14
1.857657379261881403e-01 7.353757552987951250e+14
1.865088008778928996e-01 7.434891799067557500e+14
1.872548360814044743e-01 7.515809246673145000e+14
1.880038554257300876e-01 7.596576107702026250e+14
1.887558708474330049e-01 7.677456254309310000e+14
1.895108943308226879e-01 7.758143237599132500e+14
1.902689379081460019e-01 7.838640870789052500e+14
1.910300136597785636e-01 7.919097316875851250e+14
1.917941337144176972e-01 7.999663399302008750e+14
1.925613102492753359e-01 8.079883268159572500e+14
1.933315554902724498e-01 8.159908964789007500e+14
1.941048817122335568e-01 8.239832577020570000e+14
1.948813012390824828e-01 8.319507871744758750e+14
1.956608264440388156e-01 8.398970107862857500e+14
1.964434697498149418e-01 8.478197659874933750e+14
1.972292436288141937e-01 8.557175235927482500e+14
1.980181606033294406e-01 8.635897484858583750e+14
1.988102332457427346e-01 8.714332268073258750e+14
1.996054741787257336e-01 8.792465081540647500e+14
2.004038960754406518e-01 8.870216281817715000e+14
2.012055116597424309e-01 8.947668103090853750e+14
2.020103337063813842e-01 9.024843792388376250e+14
2.028183750412069219e-01 9.101697318620248750e+14
2.036296485413717494e-01 9.178064000606298750e+14
2.044441671355372303e-01 9.254052924541978750e+14
2.052619438040793887e-01 9.329629681992247500e+14
2.060829915792957157e-01 9.404808326310452500e+14
2.069073235456129201e-01 9.479542232412622500e+14
2.077349528397953449e-01 9.553786100528325000e+14
2.085658926511545219e-01 9.627583978751891250e+14
2.094001562217591150e-01 9.700863068836123750e+14
2.102377568466461677e-01 9.773660924933167500e+14
2.110787078740327671e-01 9.845900433540652500e+14
2.119230227055288740e-01 9.917632753245393750e+14
2.127707147963510126e-01 9.988799415598012500e+14
2.136217976555363773e-01 1.005929048281695000e+15
2.144762848461585492e-01 1.012934594603240000e+15
2.153341899855431840e-01 1.019881491936500500e+15
2.161955267454853669e-01 1.026758319290368000e+15
2.170603088524672986e-01 1.033582387116473875e+15
2.179285500878772042e-01 1.040336012656375125e+15
2.188002642882286852e-01 1.047026029805891875e+15
2.196754653453815986e-01 1.053649789942736000e+15
2.205541672067631020e-01 1.060203141955793750e+15
2.214363838755901703e-01 1.066688083970505625e+15
2.223221294110925284e-01 1.073100934298707375e+15
2.232114179287369160e-01 1.079443054081520625e+15
2.241042636004518529e-01 1.085701305979219000e+15
2.250006806548536520e-01 1.091466524047566500e+15
2.259006833774730438e-01 1.097823407518919000e+15
2.268042861109829667e-01 1.103903762870589625e+15
2.277115032554268836e-01 1.109940605843286000e+15
2.286223492684485714e-01 1.115919765733100250e+15
2.295368386655223802e-01 1.121725279926394375e+15
2.304549860201844658e-01 1.127448939257878500e+15
2.313768059642651864e-01 1.133089679801382750e+15
2.323023131881222503e-01 1.138145209964279500e+15
2.332315224408747223e-01 1.142505443419591750e+15
2.341644485306381973e-01 1.146355860733769250e+15
2.351011063247607502e-01 1.152706090549091750e+15
2.360415107500598020e-01 1.156963491380858500e+15
2.369856767930600405e-01 1.163789320097755500e+15
2.379336195002322851e-01 1.165595784607688250e+15
2.388853539782332114e-01 1.173402389008001250e+15
2.398408953941461863e-01 1.176497300928292750e+15
2.408002589757227141e-01 1.179389668079772250e+15
2.417634600116256582e-01 1.188560565871011000e+15
2.427305138516721306e-01 1.193972278604172000e+15
2.437014359070788505e-01 1.198457801551068500e+15
2.446762416507071713e-01 1.202813897283046750e+15
2.456549466173099938e-01 1.207136346798381500e+15
2.466375664037792625e-01 1.211323840129526500e+15
2.476241166693943785e-01 1.215410587612803500e+15
2.486146131360719436e-01 1.219397044085299000e+15
2.496090715886161993e-01 1.223300110031102500e+15
2.506075078749706586e-01 1.227121738700798000e+15
2.516099379064705155e-01 1.230819454742133750e+15
2.526163776580964138e-01 1.234405515147446750e+15
2.536268431687287994e-01 1.237916474431146500e+15
2.546413505414037437e-01 1.241335015907270500e+15
2.556599159435693491e-01 1.244649820214494750e+15
2.566825556073435988e-01 1.247318778354597250e+15
2.577092858297729827e-01 1.250902969157894500e+15
2.587401229730920682e-01 1.252233543590071250e+15
2.597750834649844576e-01 1.253385406938837000e+15
2.608141837988444123e-01 1.256538114843919500e+15
2.618574405340398092e-01 1.259892349134252000e+15
2.629048702961759298e-01 1.260935276631639250e+15
2.639564897773606367e-01 1.267392145575234500e+15
2.650123157364701054e-01 1.269771593932854500e+15
2.660723649994159445e-01 1.272046815382009250e+15
2.671366544594135917e-01 1.274218846279382250e+15
2.682052010772512096e-01 1.276287245589439250e+15
2.692780218815602478e-01 1.278249453354000500e+15
2.703551339690865030e-01 1.280112041141869000e+15
2.714365545049627904e-01 1.281770362740341500e+15
2.725223007229827243e-01 1.283424956559352750e+15
2.736123899258746106e-01 1.284589448591359500e+15
2.747068394855781692e-01 1.284885268789169000e+15
2.758056668435204806e-01 1.287279978326892750e+15
2.769088895108945403e-01 1.289089091187996000e+15
2.780165250689380918e-01 1.290230543839608000e+15
2.791285911692138466e-01 1.287157405042779250e+15
2.802451055338907038e-01 1.288244508998972500e+15
2.813660859560263017e-01 1.293020450111949750e+15
2.824915502998503469e-01 1.293744900475156000e+15
2.836215165010497197e-01 1.294365899804544500e+15
2.847560025670539119e-01 1.294885201169031250e+15
2.858950265773221866e-01 1.295305650464163250e+15
2.870386066836315142e-01 1.295622686840498500e+15
2.881867611103660631e-01 1.295833357604168250e+15
2.893395081548075787e-01 1.295956741625723500e+15
2.904968661874267610e-01 1.295974124832317500e+15
2.916588536521764197e-01 1.295891015397924750e+15
2.928254890667851273e-01 1.295693236324234750e+15
2.939967910230522619e-01 1.295424421161273500e+15
2.951727781871444911e-01 1.295027797793816500e+15
2.963534692998930908e-01 1.294570399266312250e+15
2.975388831770926501e-01 1.293991321096339750e+15
2.987290387098009981e-01 1.293314126161783000e+15
2.999239548646402409e-01 1.292562317492728000e+15
3.011236506840988536e-01 1.291705980158343750e+15
3.023281452868351593e-01 1.290750681214730750e+15
3.035374578679824742e-01 1.289701312225624750e+15
3.047516076994544187e-01 1.288558584653651500e+15
3.059706141302522830e-01 1.287322424543800750e+15
3.071944965867733357e-01 1.285969347985674000e+15
3.084232745731204095e-01 1.284541525381489250e+15
3.096569676714128194e-01 1.283067746484573750e+15
3.108955955420985018e-01 1.281468137095346750e+15
3.121391779242668751e-01 1.279780128956213500e+15
3.133877346359639215e-01 1.278003217236462500e+15
3.146412855745078230e-01 1.276137152973791750e+15
3.158998507168058190e-01 1.274176932873887250e+15
3.171634501196730627e-01 1.272148539532861750e+15
3.184321039201517545e-01 1.270023712339685500e+15
3.197058323358323295e-01 1.267817326452001000e+15
3.209846556651756444e-01 1.265530680856871500e+15
3.222685942878363852e-01 1.263146312189583000e+15
3.235576686649877520e-01 1.260632475490908500e+15
3.248518993396476984e-01 1.258161604886086750e+15
3.261513069370062801e-01 1.255558229823240750e+15
3.274559121647543369e-01 1.252863448996650000e+15
3.287657358134133401e-01 1.250093071389007500e+15
3.300807987566670154e-01 1.247244110607987500e+15
3.314011219516936890e-01 1.244318428742313500e+15
3.327267264395004642e-01 1.241306080149576250e+15
3.340576333452584534e-01 1.238233601848093500e+15
3.353938638786395088e-01 1.235070927749020000e+15
3.367354393341540630e-01 1.231820716074503750e+15
3.380823810914907468e-01 1.228570412714043750e+15
3.394347106158566718e-01 1.225213754637863500e+15
3.407924494583201014e-01 1.221790620514776000e+15
3.421556192561533982e-01 1.218290737248618500e+15
3.435242417331779707e-01 1.214723122025630750e+15
3.448983387001106626e-01 1.211087911304096250e+15
3.462779320549111417e-01 1.207388663779979250e+15
3.476630437831307319e-01 1.203624828656103250e+15
3.490536959582632992e-01 1.199797628434255500e+15
3.504499107420963600e-01 1.195908277102642250e+15
3.518517103850647421e-01 1.191957532029502750e+15
3.532591172266050239e-01 1.187946218561160250e+15
3.546721536955114717e-01 1.183875666366404000e+15
3.560908423102934761e-01 1.179746867412312500e+15
3.575152056795346533e-01 1.175560869766487750e+15
3.589452665022527800e-01 1.171318698944336000e+15
3.603810475682617254e-01 1.167021670406407250e+15
3.618225717585348278e-01 1.162670425253117000e+15
3.632698620455689364e-01 1.158266250855994000e+15
3.647229414937512293e-01 1.153810063194497500e+15
3.661818332597261971e-01 1.149303020748962000e+15
3.676465605927651259e-01 1.144746205486522750e+15
3.691171468351361895e-01 1.140136157750525000e+15
3.705936154224767076e-01 1.135486705021504750e+15
3.720759898841666247e-01 1.130786864820810750e+15
3.735642938437032656e-01 1.126040404233281750e+15
3.750585510190780902e-01 1.121250805442594875e+15
3.765587852231543908e-01 1.116408459183674250e+15
3.780650203640470441e-01 1.111540428004551625e+15
3.795772804455032068e-01 1.106622497589694125e+15
3.810955895672852312e-01 1.101664037295745375e+15
3.826199719255543585e-01 1.096666286908390875e+15
3.841504518132565771e-01 1.091630081891539375e+15
3.856870536205096456e-01 1.086556538662352750e+15
3.872298018349916715e-01 1.081446651308700625e+15
3.887787210423316320e-01 1.076301434470650125e+15
3.903338359265008939e-01 1.071121794541775500e+15
3.918951712702069545e-01 1.065909013714789375e+15
3.934627519552877928e-01 1.058503893035760750e+15
3.950366029631089404e-01 1.055387661091907125e+15
3.966167493749613859e-01 1.048306273839707625e+15
3.982032163724612550e-01 1.044745017852779250e+15
3.997960292379510450e-01 1.039380750356216250e+15
4.013952133549028578e-01 1.033989091932736125e+15
4.030007942083224659e-01 1.028571152337268125e+15
4.046127973851557647e-01 1.023127813398959750e+15
4.062312485746963908e-01 1.017660029726429250e+15
4.078561735689951728e-01 1.012168778220156125e+15
4.094875982632711353e-01 1.006655001689298750e+15
4.111255486563242245e-01 1.001119644034677125e+15
4.127700508509495880e-01 9.955636376309233750e+14
4.144211310543532978e-01 9.899879195429143750e+14
4.160788155785707931e-01 9.843933956739066250e+14
4.177431308408850463e-01 9.787809348913280000e+14
4.194141033642486138e-01 9.731516183311795000e+14
4.210917597777056320e-01 9.675061577390007500e+14
4.227761268168164221e-01 9.618454690592001250e+14
4.244672313240837602e-01 9.561705480498531250e+14
4.261651002493800910e-01 9.504821558883130000e+14
4.278697606503775730e-01 9.447811964082021250e+14
4.295812396929790666e-01 9.390683741530495000e+14
4.312995646517510107e-01 9.333449173008135000e+14
4.330247629103580187e-01 9.276114225018120000e+14
4.347568619619994745e-01 9.218686903230766250e+14
4.364958894098474596e-01 9.161176145571121250e+14
4.382418729674867897e-01 9.103589595984877500e+14
4.399948404593567730e-01 9.045934846697031250e+14
4.417548198211941890e-01 8.988222177115936250e+14
4.435218391004789873e-01 8.930456554519255000e+14
4.452959264568808750e-01 8.872648357619175000e+14
4.470771101627084021e-01 8.814802739741841250e+14
4.488654186033592119e-01 8.756930049804855000e+14
4.506608802777726241e-01 8.699034776804675000e+14
4.524635237988837710e-01 8.641127356653001250e+14
4.542733778940792333e-01 8.583211744087366250e+14
4.560904714056555065e-01 8.525299426437585000e+14
4.579148332912781894e-01 8.467393972974533750e+14
4.597464926244433370e-01 8.409504103234495000e+14
4.615854785949410899e-01 8.351635886883192500e+14
4.634318205093208576e-01 8.293796448072341250e+14
4.652855477913582227e-01 8.235992725779195000e+14
4.671466899825236219e-01 8.178231207522503750e+14
4.690152767424536906e-01 8.120518480468995000e+14
4.708913378494234969e-01 8.062860990649390000e+14
4.727749032008212171e-01 8.005265113823402500e+14
4.746660028136244769e-01 7.947737074564348750e+14
4.765646668248789131e-01 7.890283027345008750e+14
4.784709254921784560e-01 7.832909073060388750e+14
4.803848091941470555e-01 7.775621094438825000e+14
4.823063484309236815e-01 7.718425073435135000e+14
4.842355738246474361e-01 7.661326668573663750e+14
4.861725161199459966e-01 7.604331576453282500e+14
4.881172061844257226e-01 7.547445370751197500e+14
4.900696750091634302e-01 7.490673523547155000e+14
4.920299537092001074e-01 7.434021068368935000e+14
4.939980735240369625e-01 7.377494303479945000e+14
4.959740658181330253e-01 7.321097389517665000e+14
4.979579620814056362e-01 7.264835750756975000e+14
4.999497939297311566e-01 7.208714378213523750e+14
5.019495931054501758e-01 7.152737741886407500e+14
5.039573914778719965e-01 7.096911884963615000e+14
5.059732210437835054e-01 7.041240267298372500e+14
5.079971139279585435e-01 6.985727909910736250e+14
5.100291023836703852e-01 6.930379323304768750e+14
5.120692187932051054e-01 6.875198919693990000e+14
5.141174956683780550e-01 6.820191044901370000e+14
5.161739656510514473e-01 6.765358949432198750e+14
5.182386615136556074e-01 6.710709605258750000e+14
5.203116161597103329e-01 6.656244323753426250e+14
5.223928626243490303e-01 6.601967874304246250e+14
5.244824340748465152e-01 6.547884203655147500e+14
5.265803638111459239e-01 6.493997034921302500e+14
5.286866852663905103e-01 6.440310117399786250e+14
5.308014320074561088e-01 6.386826939266946250e+14
5.329246377354859288e-01 6.333551135350296250e+14
5.350563362864277916e-01 6.280486053958757500e+14
5.371965616315735881e-01 6.227635018241403750e+14
5.393453478780998456e-01 6.175001299449108750e+14
5.415027292696121819e-01 6.122588041540236250e+14
5.436687401866906466e-01 6.070398330387822500e+14
5.458434151474373941e-01 6.018435148492935000e+14
5.480267888080271321e-01 5.966701405835295000e+14
5.502188959632591247e-01 5.915199922906190000e+14
5.524197715471121928e-01 5.863933443246797500e+14
5.546294506333006025e-01 5.812904622354636250e+14
5.568479684358338400e-01 5.762116042788693750e+14
5.590753603095770519e-01 5.711570202641640000e+14
5.613116617508153716e-01 5.661269519131030000e+14
5.635569083978186899e-01 5.611216334951676875e+14
5.658111360314097560e-01 5.561412913881496250e+14
5.680743805755354980e-01 5.511861441947811875e+14
5.703466780978375672e-01 5.462564031191537500e+14
5.726280648102289872e-01 5.413522717433448750e+14
5.749185770694699160e-01 5.364739460764255625e+14
5.772182513777477375e-01 5.316216151131603125e+14
5.795271243832587071e-01 5.267954603694894375e+14
5.818452328807918184e-01 5.219956562801249375e+14
5.841726138123150003e-01 5.172223699989591250e+14
5.865093042675643131e-01 5.124757620412673125e+14
5.888553414846344758e-01 5.077559856884036250e+14
5.912107628505729462e-01 5.030631874407058750e+14
5.935756059019753339e-01 4.983975072340480000e+14
5.959499083255832552e-01 4.937590782395310000e+14
5.983337079588855190e-01 4.891480270215003125e+14
6.007270427907210886e-01 4.845644736831146250e+14
6.031299509618840426e-01 4.800085320341701875e+14
6.055424707657315331e-01 4.754803094861175000e+14
6.079646406487945187e-01 4.709799072310517500e+14
6.103964992113897203e-01 4.665074203926644375e+14
6.128380852082353503e-01 4.620629379860878125e+14
6.152894375490681744e-01 4.576465431451150000e+14
6.177505952992645710e-01 4.532583130073506875e+14
6.202215976804615893e-01 4.488983191465574375e+14
6.227024840711834486e-01 4.445666274325398750e+14
6.251932940074681477e-01 4.402632977728161250e+14
6.276940671834980723e-01 4.359883849633205625e+14
6.302048434522321552e-01 4.317419382992691250e+14
6.327256628260409244e-01 4.275240016303857500e+14
6.352565654773452142e-01 4.233346135845300000e+14
6.377975917392545435e-01 4.191738077153096875e+14
6.403487821062116003e-01 4.150416123595215625e+14
6.429101772346363930e-01 4.109380509574530000e+14
6.454818179435749537e-01 4.068631420233730000e+14
6.480637452153492628e-01 4.028168995891412500e+14
6.506560001962106154e-01 3.987993318865443750e+14
6.532586241969955410e-01 3.948104434491491250e+14
6.558716586937833881e-01 3.908502342499700000e+14
6.584951453285585732e-01 3.869186993223303750e+14
6.611291259098727169e-01 3.830158296305020000e+14
6.637736424135122215e-01 3.791416116442947500e+14
6.664287369831662922e-01 3.752960276783955625e+14
6.690944519310989547e-01 3.714790558666638125e+14
6.717708297388232941e-01 3.676906702359474375e+14
6.744579130577786907e-01 3.639308408579745625e+14
6.771557447100098326e-01 3.601995339113691250e+14
6.798643676888498355e-01 3.564967117096367500e+14
6.825838251596052508e-01 3.528223327977743750e+14
6.853141604602436265e-01 3.491763520735810625e+14
6.880554171020846210e-01 3.455587208204367500e+14
6.908076387704928933e-01 3.419693868542069375e+14
6.935708693255748791e-01 3.384082944234121875e+14
6.963451528028771209e-01 3.348753845042155625e+14
6.991305334140887062e-01 3.313705947660544375e+14
7.019270555477450380e-01 3.278938596207989375e+14
7.047347637699360456e-01 3.244451103955853125e+14
7.075537028250157290e-01 3.210242752863650000e+14
7.103839176363159202e-01 3.176312795159032500e+14
7.132254533068611568e-01 3.142660453698181875e+14
7.160783551200886610e-01 3.109284922804188750e+14
7.189426685405689854e-01 3.076185368780688125e+14
7.218184392147313222e-01 3.043360930959834375e+14
7.247057129715901436e-01 3.010810721669038125e+14
7.276045358234763949e-01 2.978533828354388125e+14
7.305149539667704639e-01 2.946529312412301875e+14
7.334370137826373703e-01 2.914796211176443750e+14
7.363707618377679509e-01 2.883333537922758750e+14
7.393162448851190449e-01 2.852140283018183125e+14
7.422735098646596752e-01 2.821215414262838750e+14
7.452426039041182282e-01 2.790557877422670312e+14
7.482235743197346300e-01 2.760166596889065312e+14
7.512164686170136330e-01 2.730040476678888125e+14
7.542213344914817652e-01 2.700178400663488438e+14
7.572382198294477229e-01 2.670579233026876875e+14
7.602671727087656484e-01 2.641241819519993438e+14
7.633082413996006288e-01 2.612164987465427812e+14
7.663614743651989691e-01 2.583347546488430938e+14
7.694269202626597970e-01 2.554788288987050000e+14
7.725046279437104424e-01 2.526485991200610938e+14
7.755946464554852593e-01 2.498439412871956875e+14
7.786970250413072225e-01 2.470647298819261875e+14
7.818118131414724115e-01 2.443108378662808125e+14
7.849390603940383793e-01 2.415821367815826875e+14
7.880788166356144098e-01 2.388784967778920000e+14
7.912311319021569922e-01 2.361997866823211250e+14
7.943960564297655180e-01 2.335458740332713438e+14
7.975736406554845281e-01 2.309166251429984375e+14
8.007639352181065151e-01 2.283119051600446250e+14
8.039669909589789443e-01 2.257315780839795938e+14
8.071828589228148276e-01 2.231755068293821250e+14
8.104115903585061842e-01 2.206435535003284375e+14
8.136532367199402760e-01 2.181355785653628125e+14
8.169078496668199518e-01 2.156514421969291562e+14
8.201754810654874328e-01 2.131910034529661875e+14
8.234561829897493190e-01 2.107541205370594688e+14
8.267500077217083687e-01 2.083406508380085312e+14
8.300570077525952772e-01 2.059504509874324688e+14
8.333772357836056743e-01 2.035833768869358438e+14
8.367107447267401188e-01 2.012392837485345312e+14
8.400575877056470908e-01 1.989180261540136250e+14
8.434178180564695371e-01 1.966194580704560312e+14
8.467914893286955236e-01 1.943434330314686875e+14
8.501786552860102208e-01 1.920891120925174375e+14
8.535793699071543283e-01 1.898527614913083750e+14
8.569936873867830540e-01 1.876491414500962812e+14
8.604216621363300899e-01 1.854618120849053125e+14
8.638633487848753623e-01 1.832962855420352500e+14
8.673188021800150027e-01 1.811493562712397812e+14
8.707880773887352044e-01 1.790300438506725938e+14
8.742712296982900755e-01 1.769290294278308125e+14
8.777683146170831563e-01 1.748492193454084062e+14
8.812793878755513788e-01 1.727904633773125625e+14
8.848045054270535781e-01 1.707526111197015312e+14
8.883437234487617795e-01 1.687355120220995000e+14
8.918970983425568155e-01 1.667390154178717500e+14
8.954646867359271623e-01 1.647629705540691250e+14
8.990465454828707736e-01 1.628072266206448125e+14
9.026427316648023558e-01 1.608716327790516562e+14
9.062533025914615292e-01 1.589560381902274688e+14
9.098783158018273198e-01 1.570602920419721562e+14
9.135178290650346478e-01 1.551842435757247500e+14
9.171719003812948134e-01 1.533277421127463438e+14
9.208405879828199803e-01 1.514906370797170312e+14
9.245239503347512100e-01 1.496727780337500938e+14
9.282220461360901620e-01 1.478740146868344688e+14
9.319349343206346781e-01 1.460941969297070312e+14
9.356626740579171431e-01 1.443331748551672500e+14
9.394053247541488405e-01 1.425907987808357188e+14
9.431629460531654185e-01 1.408669192713659688e+14
9.469355978373780180e-01 1.391613871601158594e+14
9.507233402287275092e-01 1.374740535702854844e+14
9.545262335896426142e-01 1.358047699355269531e+14
9.583443385240012491e-01 1.341533880200354844e+14
9.621777158780971950e-01 1.325197599381254375e+14
9.660264267416096562e-01 1.309037381733002500e+14
9.698905324485760371e-01 1.293051755968225781e+14
9.737700945783701600e-01 1.277239254857906875e+14
9.776651749566835914e-01 1.261598415407283906e+14
9.815758356565105203e-01 1.246127779026953906e+14
9.855021389991363012e-01 1.230825891699244531e+14
9.894441475551331022e-01 1.215691304139916250e+14
9.934019241453534432e-01 1.200722571955277969e+14
9.973755318419349480e-01 1.185918255794758438e+14
1.001365033969302543e+00 1.171276921499027031e+14
1.005370494105179757e+00 1.156797140243700312e+14
1.009391976081600362e+00 1.142477488678733438e+14
1.013429543985926884e+00 1.128316549063530781e+14
1.017483262161870350e+00 1.114312909397861875e+14
1.021553195210518128e+00 1.100465163548634219e+14
1.025639407991360219e+00 1.086771911372604688e+14
1.029741965623325539e+00 1.073231758835070156e+14
1.033860933485818867e+00 1.059843318124622500e+14
1.037996377219762012e+00 1.046605207764019531e+14
1.042148362728641198e+00 1.033516052717240000e+14
1.046316956179555557e+00 1.020574484492783906e+14
1.050502224004274066e+00 1.007779141243274688e+14
1.054704232900291139e+00 9.951286678614471875e+13
1.058923049831892227e+00 9.826217160725410938e+13
1.063158742031219628e+00 9.702569445232068750e+13
1.067411376999344741e+00 9.580330188669596875e+13
1.071681022507342096e+00 9.459486118462398438e+13
1.075967746597371377e+00 9.340024033711490625e+13
1.080271617583760779e+00 9.221930805949182812e+13
1.084592704054095913e+00 9.105193379861635938e+13
1.088931074870312044e+00 8.989798773979940625e+13
1.093286799169793433e+00 8.875734081340145312e+13
1.097659946366472461e+00 8.762986470113050000e+13
1.102050586151938294e+00 8.651543184204071875e+13
1.106458788496546219e+00 8.541391543823934375e+13
1.110884623650532532e+00 8.432518946030576562e+13
1.115328162145134749e+00 8.324912865243059375e+13
1.119789474793714934e+00 8.218560853727664062e+13
1.124268632692889902e+00 8.113450542057096875e+13
1.128765707223661430e+00 8.009569639543101562e+13
1.133280770052556230e+00 7.906905934643015625e+13
1.137813893132766374e+00 7.805447295340960938e+13
1.142365148705297484e+00 7.705181669503890625e+13
1.146934609300118479e+00 7.606097085213339062e+13
1.151522347737319096e+00 7.508181651073109375e+13
1.156128437128268516e+00 7.411423556493567188e+13
1.160752950876781542e+00 7.315811071952925000e+13
1.165395962680288999e+00 7.221332549236050000e+13
1.170057546531009907e+00 7.127976421651303125e+13
1.174737776717134086e+00 7.035731204225792188e+13
1.179436727824002773e+00 6.944585493879661719e+13
1.184154474735298557e+00 6.854527970082657812e+13
1.188891092634239977e+00 6.765547392472912500e+13
1.193646657004777012e+00 6.677632606000224219e+13
1.198421243632796118e+00 6.590772535991190625e+13
1.203214928607327261e+00 6.504956190739761719e+13
1.208027788321756724e+00 6.420172661061671875e+13
1.212859899475043468e+00 6.336411120333992969e+13
1.217711339072943710e+00 6.253660824517057812e+13
1.222582184429235275e+00 6.171911112159409375e+13
1.227472513166952384e+00 6.091151404385941406e+13
1.232382403219620226e+00 6.011371204869891406e+13
1.237311932832498407e+00 5.932560099788834375e+13
1.242261180563828615e+00 5.854707757765236719e+13
1.247230225286083849e+00 5.777803929791971875e+13
1.252219146187228072e+00 5.701838449143009375e+13
1.257228022771976983e+00 5.626801231269846094e+13
1.262256934863064783e+00 5.552682273683945312e+13
1.267305962602517155e+00 5.479471655825571875e+13
1.272375186452927354e+00 5.407159538919392188e+13
1.277464687198738957e+00 5.335736165817176562e+13
1.282574545947533950e+00 5.265191860827977344e+13
1.287704844131324133e+00 5.195517029536098438e+13
1.292855663507849417e+00 5.126702158607226562e+13
1.298027086161880783e+00 5.058737815583012500e+13
1.303219194506528344e+00 4.991614648664498438e+13
1.308432071284554521e+00 4.925323386484618750e+13
1.313665799569692760e+00 4.859854837870187500e+13
1.318920462767971591e+00 4.795199891593614062e+13
1.324196144619043336e+00 4.731349516114714062e+13
1.329492929197519491e+00 4.668294759312823438e+13
1.334810900914309650e+00 4.606026748209636719e+13
1.340150144517967101e+00 4.544536688682965625e+13
1.345510745096038852e+00 4.483815865171721875e+13
1.350892788076423212e+00 4.423855640372439062e+13
1.356296359228728932e+00 4.364647454927583594e+13
1.361721544665643879e+00 4.306182827105925781e+13
1.367168430844306393e+00 4.248453352475249219e+13
1.372637104567683730e+00 4.191450703567649219e+13
1.378127652985954299e+00 4.135166629537686719e+13
1.383640163597898098e+00 4.079592955813639062e+13
1.389174724252289828e+00 4.024721583742107031e+13
1.394731423149298877e+00 3.970544490226225000e+13
1.400310348841896202e+00 3.917053727357682031e+13
1.405911590237263642e+00 3.864241422042835156e+13
1.411535236598212784e+00 3.812099775623092969e+13
1.417181377544605603e+00 3.760621063489850000e+13
1.422850103054784210e+00 3.709797634694143750e+13
1.428541503467003038e+00 3.659621911551282031e+13
1.434255669480871243e+00 3.610086389240626562e+13
1.439992692158794885e+00 3.561183635400777344e+13
1.445752662927429988e+00 3.512906289720341016e+13
1.451535673579139596e+00 3.465247063524465625e+13
1.457341816273456159e+00 3.418198739357355078e+13
1.463171183538549913e+00 3.371754170560987500e+13
1.469023868272704147e+00 3.325906280850158984e+13
1.474899963745795128e+00 3.280648063884086719e+13
1.480799563600778246e+00 3.235972582834742969e+13
1.486722761855181485e+00 3.191872969952062500e+13
1.492669652902602007e+00 3.148342426126267188e+13
1.498640331514212276e+00 3.105374220447387500e+13
1.504634892840269300e+00 3.062961689762216797e+13
1.510653432411630304e+00 3.021098238228854688e+13
1.516696046141276843e+00 2.979777336868920312e+13
1.522762830325842032e+00 2.938992523117692969e+13
1.528853881647145307e+00 2.898737400372295703e+13
1.534969297173733649e+00 2.859005637538014062e+13
1.541109174362428780e+00 2.819790968572974609e+13
1.547273611059878373e+00 2.781087192031294531e+13
1.553462705504118135e+00 2.742888170604807812e+13
1.559676556326134556e+00 2.705187830663558984e+13
1.565915262551438980e+00 2.667980161795150000e+13
1.572178923601644795e+00 2.631259216343095703e+13
1.578467639296051495e+00 2.595019108944300781e+13
1.584781509853235626e+00 2.559254016065790234e+13
1.591120635892648405e+00 2.523958175540792188e+13
1.597485118436219098e+00 2.489125886104317969e+13
1.603875058909963958e+00 2.454751506928333203e+13
1.610290559145603595e+00 2.420829457156637500e+13
1.616731721382186127e+00 2.387354215439549609e+13
1.623198648267714761e+00 2.354320319468533984e+13
1.629691442860785600e+00 2.321722365510829688e+13
1.636210208632228769e+00 2.289555007944209766e+13
1.642755049466757766e+00 2.257812958791958984e+13
1.649326069664624805e+00 2.226490987258174219e+13
1.655923373943283039e+00 2.195583919263454688e+13
1.662547067439056336e+00 2.165086636981097656e+13
1.669197255708812611e+00 2.134994078373884766e+13
1.675874044731648027e+00 2.105301236731525000e+13
1.682577540910574321e+00 2.076003160208844141e+13
1.689307851074216771e+00 2.047094951364817578e+13
1.696065082478513508e+00 2.018571766702505469e+13
1.702849342808427480e+00 1.990428816209964453e+13
1.709660740179661298e+00 1.962661362902231250e+13
1.716499383140379864e+00 1.935264722364414453e+13
1.723365380672941427e+00 1.908234262296004688e+13
1.730258842195633306e+00 1.881565402056428516e+13
1.737179877564415831e+00 1.855253612211953516e+13
1.744128597074673603e+00 1.829294414083952344e+13
1.751105111462972097e+00 1.803683379298658594e+13
1.758109531908824241e+00 1.778416129338403516e+13
1.765141970036459451e+00 1.753488335094439062e+13
1.772202537916605314e+00 1.728895716421374609e+13
1.779291348068271716e+00 1.704634041693293164e+13
1.786408513460544745e+00 1.680699127361606055e+13
1.793554147514387020e+00 1.657086837514669727e+13
1.800728364104444257e+00 1.633793083439241992e+13
1.807931277560862249e+00 1.610813823183806055e+13
1.815163002671105641e+00 1.588145061123816992e+13
1.822423654681789795e+00 1.565782847528900977e+13
1.829713349300517100e+00 1.543723278132065234e+13
1.837032202697718830e+00 1.521962493700950977e+13
1.844380331508509885e+00 1.500496679611154883e+13
1.851757852834543527e+00 1.479322065421688477e+13
1.859164884245881888e+00 1.458434924452569141e+13
1.866601543782865358e+00 1.437831573364621680e+13
1.874067949957996859e+00 1.417508371741477930e+13
1.881564221757828781e+00 1.397461721673843750e+13
1.889090478644860127e+00 1.377688067346037891e+13
1.896646840559439662e+00 1.358183894624847461e+13
1.904233427921677269e+00 1.338945730650715234e+13
1.911850361633363971e+00 1.319970143431294531e+13
1.919497763079897279e+00 1.301253741437387109e+13
1.927175754132217200e+00 1.282793173201296484e+13
1.934884457148745796e+00 1.264585126917619141e+13
1.942623994977340729e+00 1.246626330046477539e+13
1.950394490957250149e+00 1.228913548919245312e+13
1.958196068921079336e+00 1.211443588346754883e+13
1.966028853196763793e+00 1.194213291230018945e+13
1.973892968609550991e+00 1.177219538173493164e+13
1.981788540483989447e+00 1.160459247100861523e+13
1.989715694645925126e+00 1.143929372873404688e+13
1.997674557424508723e+00 1.127626906910925391e+13
2.005665255654207169e+00 1.111548876815268164e+13
2.013687916676823786e+00 1.095692345996444531e+13
2.021742668343530891e+00 1.080054413301345898e+13
2.029829639016905052e+00 1.064632212645099219e+13
2.037948957572972564e+00 1.049422912645041211e+13
2.046100753403264694e+00 1.034423716257328906e+13
2.054285156416877811e+00 1.019631860416203516e+13
2.062502297042545507e+00 1.005044615675890820e+13
2.070752306230715600e+00 9.906592858551814453e+12
2.079035315455638244e+00 9.764732076846503906e+12
2.087351456717461140e+00 9.624837504565625000e+12
2.095700862544330967e+00 9.486883156774408203e+12
2.104083665994508134e+00 9.350843367233117188e+12
2.112500000658485977e+00 9.216692784976218750e+12
2.120950000661120161e+00 9.084406370918433594e+12
2.129433800663764753e+00 8.953959394487496094e+12
2.137951535866419839e+00 8.825327430283761719e+12
2.146503342009885351e+00 8.698486354766541992e+12
2.155089355377924676e+00 8.573412342967322266e+12
2.163709712799436691e+00 8.450081865229691406e+12
2.172364551650634468e+00 8.328471683976041016e+12
2.181054009857236853e+00 8.208558850500977539e+12
2.189778225896665376e+00 8.090320701791443359e+12
2.198537338800252705e+00 7.973734857373470703e+12
2.207331488155453325e+00 7.858779216185672852e+12
2.216160814108075083e+00 7.745431953479093750e+12
2.225025457364507631e+00 7.633671517743783203e+12
2.233925559193965515e+00 7.523476627661720703e+12
2.242861261430741493e+00 7.414826269086184570e+12
2.251832706476463830e+00 7.307699692047476562e+12
2.260840037302370042e+00 7.202076407784850586e+12
2.269883397451579299e+00 7.097936185804754883e+12
2.278962931041386142e+00 6.995259050965097656e+12
2.288078782765551100e+00 6.894025280585590820e+12
2.297231097896613505e+00 6.794215401584036133e+12
2.306420022288200311e+00 6.695810187638547852e+12
2.315645702377353121e+00 6.598790656375451172e+12
2.324908285186861878e+00 6.503138066582949219e+12
2.334207918327609654e+00 6.408833915450293945e+12
2.343544750000919663e+00 6.315859935832584961e+12
2.352918929000923143e+00 6.224198093540734375e+12
2.362330604716927240e+00 6.133830584656918945e+12
2.371779927135795329e+00 6.044739832875079102e+12
2.381267046844337987e+00 5.956908486866470703e+12
2.390792115031715070e+00 5.870319417670193359e+12
2.400355283491842240e+00 5.784955716108502930e+12
2.409956704625809465e+00 5.700800690226877930e+12
2.419596531444312859e+00 5.617837862758573242e+12
2.429274917570089620e+00 5.536050968613719727e+12
2.438992017240370291e+00 5.455423952392662109e+12
2.448747985309331465e+00 5.375940965923577148e+12
2.458542977250568917e+00 5.297586365824090820e+12
2.468377149159570738e+00 5.220344711086853516e+12
2.478250657756209563e+00 5.144200760688933594e+12
2.488163660387234355e+00 5.069139471224839844e+12
2.498116315028783063e+00 4.995145994563095703e+12
2.508108780288898387e+00 4.922205675526173828e+12
2.518141215410053757e+00 4.850304049593720703e+12
2.528213780271693967e+00 4.779426840628834961e+12
2.538326635392781139e+00 4.709559958627316406e+12
2.548479941934351789e+00 4.640689497489810547e+12
2.558673861702089436e+00 4.572801732816465820e+12
2.568908557148898097e+00 4.505883119724282227e+12
2.579184191377493551e+00 4.439920290686722656e+12
2.589500928143003478e+00 4.374900053395610352e+12
2.599858931855575594e+00 4.310809388645062500e+12
2.610258367582998229e+00 4.247635448237397949e+12
2.620699401053329769e+00 4.185365552910792480e+12
2.631182198657543214e+00 4.123987190288543457e+12
2.641706927452173392e+00 4.063488012849852539e+12
2.652273755161981938e+00 4.003855835921882324e+12
2.662882850182629824e+00 3.945078635692995605e+12
2.673534381583360542e+00 3.887144547247015625e+12
2.684228519109693956e+00 3.830041862618324707e+12
2.694965433186132575e+00 3.773759028867659668e+12
2.705745294918877164e+00 3.718284646178459961e+12
2.716568276098552559e+00 3.663607465973625488e+12
2.727434549202946812e+00 3.609716389052455078e+12
2.738344287399758326e+00 3.556600463747716797e+12
2.749297664549357201e+00 3.504248884102593262e+12
2.760294855207554576e+00 3.452650988067417480e+12
2.771336034628385292e+00 3.401796255715993652e+12
2.782421378766898545e+00 3.351674307481393066e+12
2.793551064281966312e+00 3.302274902411015137e+12
2.804725268539093985e+00 3.253587936440788086e+12
2.815944169613250558e+00 3.205603440688368652e+12
2.827207946291703244e+00 3.158311579765144531e+12
2.838516778076869862e+00 3.111702650106884277e+12
2.849870845189177437e+00 3.065767078322938477e+12
2.861270328569933685e+00 3.020495419563768555e+12
2.872715409884213589e+00 2.975878355906659668e+12
2.884206271523750420e+00 2.931906694759490723e+12
2.895743096609845413e+00 2.888571367282398926e+12
2.907326068996284985e+00 2.845863426827130859e+12
2.918955373272270393e+00 2.803774047394024414e+12
2.930631194765359826e+00 2.762294522106368164e+12
2.942353719544420709e+00 2.721416261702044434e+12
2.954123134422598440e+00 2.681130793042272461e+12
2.965939626960289122e+00 2.641429757637331543e+12
2.977803385468130504e+00 2.602304910189077148e+12
2.989714599010003138e+00 2.563748117150100586e+12
3.001673457406043077e+00 2.525751355299410156e+12
3.013680151235667015e+00 2.488306710334449707e+12
3.025734871840609408e+00 2.451406375479324707e+12
3.037837811327972037e+00 2.415042650109077637e+12
3.049989162573283785e+00 2.379207938389865234e+12
3.062189119223576395e+00 2.343894747934872070e+12
3.074437875700470890e+00 2.309095688475847168e+12
3.086735627203272880e+00 2.274803470550098633e+12
3.099082569712085622e+00 2.241010904202778320e+12
3.111478899990933744e+00 2.207710897704336914e+12
3.123924815590897186e+00 2.174896456282999756e+12
3.136420514853261121e+00 2.142560680872121094e+12
3.148966196912674320e+00 2.110696766872249756e+12
3.161562061700325277e+00 2.079298002927792725e+12
3.174208309947126327e+00 2.048357769718118652e+12
3.186905143186915090e+00 2.017869538762947998e+12
3.199652763759662566e+00 1.987826871241931641e+12
3.212451374814701222e+00 1.958223416828214355e+12
3.225301180313960625e+00 1.929052912535906250e+12
3.238202385035215958e+00 1.900309181581273193e+12
3.251155194575356955e+00 1.871986132257544922e+12
3.264159815353658622e+00 1.844077756823179443e+12
3.277216454615073271e+00 1.816578130403460205e+12
3.290325320433533207e+00 1.789481409905294434e+12
3.303486621715267635e+00 1.762781832945049561e+12
3.316700568202128441e+00 1.736473716789348389e+12
3.329967370474937294e+00 1.710551457308617676e+12
3.343287239956836743e+00 1.685009527943342529e+12
3.356660388916663962e+00 1.659842478682801270e+12
3.370087030472330714e+00 1.635044935056248779e+12
3.383567378594220187e+00 1.610611597136331543e+12
3.397101648108596716e+00 1.586537238554670898e+12
3.410690054701031482e+00 1.562816705529438965e+12
3.424332814919834878e+00 1.539444915904851807e+12
3.438030146179514634e+00 1.516416858202387695e+12
3.451782266764232610e+00 1.493727590683675293e+12
3.465589395831289998e+00 1.471372240424880371e+12
3.479451753414614767e+00 1.449346002402487793e+12
3.493369560428273068e+00 1.427644138590341309e+12
3.507343038669985980e+00 1.406261977067852051e+12
3.521372410824665788e+00 1.385194911139211182e+12
3.535457900467964709e+00 1.364438398463532715e+12
3.549599732069836477e+00 1.343987960195767822e+12
3.563798130998116154e+00 1.323839180138302734e+12
3.578053323522108364e+00 1.303987703903108887e+12
3.592365536816196858e+00 1.284429238084330322e+12
3.606734998963461614e+00 1.265159549441213379e+12
3.621161938959315041e+00 1.246174464091216064e+12
3.635646586715152839e+00 1.227469866713252441e+12
3.650189173062013293e+00 1.209041699760909180e+12
3.664789929754260545e+00 1.190885962685530518e+12
3.679449089473277645e+00 1.172998711169079834e+12
3.694166885831170699e+00 1.155376056366665283e+12
3.708943553374495661e+00 1.138014164158601807e+12
3.723779327587993571e+00 1.120909254411925293e+12
3.738674444898345328e+00 1.104057600251234131e+12
3.753629142677938901e+00 1.087455527338774658e+12
3.768643659248651190e+00 1.071099413163639771e+12
3.783718233885645432e+00 1.054985686340002563e+12
3.798853106821188153e+00 1.039110825914259521e+12
3.814048519248473657e+00 1.023471360681003174e+12
3.829304713325467180e+00 1.008063868507705933e+12
3.844621932178768908e+00 9.928849756680244141e+11
3.860000419907484215e+00 9.779313561836232910e+11
3.875440421587113882e+00 9.631997311744246826e+11
3.890942183273462529e+00 9.486868682171711426e+11
3.906505952006555926e+00 9.343895807122359619e+11
3.922131975814582727e+00 9.203047272585379639e+11
3.937820503717840648e+00 9.064292110365305176e+11
3.953571785732711508e+00 8.927599791990972900e+11
3.969386072875642490e+00 8.792940222703365479e+11
3.985263617167145167e+00 8.660283735520764160e+11
4.001204671635814059e+00 8.529601085380803223e+11
4.017209490322357190e+00 8.400863443358208008e+11
4.033278328283646630e+00 8.274042390957456055e+11
4.049411441596781458e+00 8.149109914479500732e+11
4.065609087363168506e+00 8.026038399461639404e+11
4.081871523712622185e+00 7.904800625189554443e+11
4.098199009807472315e+00 7.785369759281002197e+11
4.114591805846702144e+00 7.667719352339804688e+11
4.131050173070089038e+00 7.551823332679788818e+11
4.147574373762369149e+00 7.437656001117536621e+11
4.164164671257418959e+00 7.325192025833231201e+11
4.180821329942449260e+00 7.214406437298781738e+11
4.197544615262219558e+00 7.105274623272366943e+11
4.214334793723269357e+00 6.997772323858686523e+11
4.231192132898162761e+00 6.891875626634040527e+11
4.248116901429755288e+00 6.787560961835505371e+11
4.265109369035473996e+00 6.684805097613428955e+11
4.282169806511615384e+00 6.583585135346461182e+11
4.299298485737661935e+00 6.483878505018366699e+11
4.316495679680612874e+00 6.385662960655856934e+11
4.333761662399335357e+00 6.288916575826756592e+11
4.351096709048932532e+00 6.193617739197686768e+11
4.368501095885127583e+00 6.099745150150562744e+11
4.385975100268668214e+00 6.007277814457216797e+11
4.403519000669743555e+00 5.916195040011442871e+11
4.421133076672422391e+00 5.826476432617692871e+11
4.438817608979111817e+00 5.738101891835755615e+11
4.456572879415028332e+00 5.651051606880771484e+11
4.474399170932688463e+00 5.565306052577845459e+11
4.492296767616419828e+00 5.480845985370610962e+11
4.510265954686884626e+00 5.397652439383086548e+11
4.528307018505633330e+00 5.315706722534055176e+11
4.546420246579655711e+00 5.234990412703580933e+11
4.564605927565974497e+00 5.155485353950650635e+11
4.582864351276237258e+00 5.077173652781623535e+11
4.601195808681342925e+00 5.000037674468641357e+11
4.619600591916067422e+00 4.924060039417531738e+11
4.638078994283731937e+00 4.849223619584422607e+11
4.656631310260867629e+00 4.775511534940622559e+11
4.675257835501911430e+00 4.702907149985035400e+11
4.693958866843916944e+00 4.631394070303593140e+11
4.712734702311292878e+00 4.560956139174991455e+11
4.731585641120538810e+00 4.491577434222393188e+11
4.750511983685020923e+00 4.423242264110206909e+11
4.769514031619761063e+00 4.355935165285585938e+11
4.788592087746240011e+00 4.289640898764036865e+11
4.807746456097224730e+00 4.224344446958503418e+11
4.826977441921613377e+00 4.160031010551487427e+11
4.846285351689299858e+00 4.096686005409556885e+11
4.865670493096057925e+00 4.034295059539771729e+11
4.885133175068442135e+00 3.972844010087468262e+11
4.904673707768715474e+00 3.912318900374832764e+11
4.924292402599791174e+00 3.852705976979844360e+11
4.943989572210189642e+00 3.793991686854959717e+11
4.963765530499030021e+00 3.736162674485108032e+11
4.983620592621027079e+00 3.679205779084426880e+11
5.003555074991511198e+00 3.623108031831340332e+11
5.023569295291476777e+00 3.567856653141347656e+11
5.043663572472643075e+00 3.513439049977153931e+11
5.063838226762532813e+00 3.459842813195631714e+11
5.084093579669583640e+00 3.407055714931072998e+11
5.104429953988261381e+00 3.355065706014380493e+11
5.124847673804215020e+00 3.303860913427583618e+11
5.145347064499431688e+00 3.253429637793400879e+11
5.165928452757428957e+00 3.203760350899210205e+11
5.186592166568458673e+00 3.154841693255116577e+11
5.207338535234733001e+00 3.106662471685610352e+11
5.228167889375671784e+00 3.059211656954382935e+11
5.249080560933174766e+00 3.012478381421884155e+11
5.270076883176907145e+00 2.966451936735195923e+11
5.291157190709615321e+00 2.921121771549766846e+11
5.312321819472453299e+00 2.876477489282623901e+11
5.333571106750343738e+00 2.832508845896648560e+11
5.354905391177344320e+00 2.789205747715490723e+11
5.376325012742054099e+00 2.746558249268717651e+11
5.397830312793021612e+00 2.704556551166829529e+11
5.419421634044193858e+00 2.663190998005715332e+11
5.441099320580370602e+00 2.622452076300187988e+11
5.462863717862692425e+00 2.582330412446184082e+11
5.484715172734142996e+00 2.542816770711284485e+11
5.506654033425078865e+00 2.503902051253154602e+11
5.528680649558780580e+00 2.465577288165556946e+11
5.550795372157015350e+00 2.427833647551549683e+11
5.572998553645643227e+00 2.390662425623522949e+11
5.595290547860225949e+00 2.354055046829715881e+11
5.617671710051667766e+00 2.318003062006857300e+11
5.640142396891874021e+00 2.282498146558607483e+11
5.662702966479441713e+00 2.247532098659394226e+11
5.685353778345359821e+00 2.213096837483390198e+11
5.708095193458740724e+00 2.179184401458230896e+11
5.730927574232576482e+00 2.145786946543167725e+11
5.753851284529505783e+00 2.112896744531339111e+11
5.776866689667624399e+00 2.080506181375802612e+11
5.799974156426294769e+00 2.048607755539062195e+11
5.823174053051999977e+00 2.017194076365718384e+11
5.846466749264207508e+00 1.986257862477984009e+11
5.869852616261264977e+00 1.955791940193710632e+11
5.893332026726310069e+00 1.925789241966659851e+11
5.916905354833215114e+00 1.896242804848704529e+11
5.940572976252548543e+00 1.867145768973670044e+11
5.964335268157558545e+00 1.838491376062508850e+11
5.988192609230189589e+00 1.810272967949543152e+11
6.012145379667110490e+00 1.782483985129479980e+11
6.036193961185778889e+00 1.755117965324913330e+11
6.060338737030522616e+00 1.728168542074040527e+11
6.084580091978644134e+00 1.701629443338335266e+11
6.108918412346558746e+00 1.675494490129863281e+11
6.133354085995945226e+00 1.649757595158037720e+11
6.157887502339929320e+00 1.624412761495489807e+11
6.182519052349287669e+00 1.599454081262823792e+11
6.207249128558685491e+00 1.574875734332010498e+11
6.232078125072920471e+00 1.550671987048138428e+11
6.257006437573212843e+00 1.526837190969299316e+11
6.282034463323505236e+00 1.503365781624331055e+11
6.307162601176800720e+00 1.480252277288195801e+11
6.332391251581507063e+00 1.457491277774771118e+11
6.357720816587833390e+00 1.435077463246748352e+11
6.383151699854184180e+00 1.413005593042496643e+11
6.408684306653601226e+00 1.391270504519576111e+11
6.434319043880215361e+00 1.369867111914729767e+11
6.460056320055736379e+00 1.348790405220098572e+11
6.485896545335958052e+00 1.328035449075451660e+11
6.511840131517302233e+00 1.307597381676196442e+11
6.537887492043371829e+00 1.287471413696978455e+11
6.564039042011545533e+00 1.267652827230619659e+11
6.590295198179591196e+00 1.248136974742222443e+11
6.616656378972309405e+00 1.228919278038197021e+11
6.643123004488199257e+00 1.209995227250030518e+11
6.669695496506150789e+00 1.191360379832594757e+11
6.696374278492176479e+00 1.173010359576755829e+11
6.723159775606144528e+00 1.154940855636148682e+11
6.750052414708568094e+00 1.137147621567859650e+11
6.777052624367403411e+00 1.119626474386871796e+11
6.804160834864871887e+00 1.102373293634058228e+11
6.831377478204331055e+00 1.085384020457528992e+11
6.858702988117148180e+00 1.068654656707180939e+11
6.886137800069615622e+00 1.052181264042222443e+11
6.913682351269895499e+00 1.035959963051528625e+11
6.941337080674975013e+00 1.019986932386637421e+11
6.969102428997675069e+00 1.004258407907200928e+11
6.996978838713665994e+00 9.887706818387251282e+10
7.024966754068519670e+00 9.735201019424411011e+10
7.053066621084793653e+00 9.585030706971122742e+10
7.081278887569133929e+00 9.437160444926405334e+10
7.109604003119409654e+00 9.291555328352812195e+10
7.138042419131887861e+00 9.148180975643074036e+10
7.166594588808414379e+00 9.007003520800001526e+10
7.195260967163648047e+00 8.867989605827406311e+10
7.224042011032302923e+00 8.731106373231202698e+10
7.252938179076432235e+00 8.596321458628578186e+10
7.281949931792737196e+00 8.463602983464054871e+10
7.311077731519908696e+00 8.332919547830787659e+10
7.340322042445988515e+00 8.204240223395712280e+10
7.369683330615771411e+00 8.077534546427056885e+10
7.399162063938235612e+00 7.952772510922680664e+10
7.428758712193988423e+00 7.829924561838053894e+10
7.458473747042765112e+00 7.708961588412246704e+10
7.488307642030935796e+00 7.589854917590646362e+10
7.518260872599060285e+00 7.472576307543057251e+10
7.548333916089456253e+00 7.357097941275840759e+10
7.578527251753813587e+00 7.243392420336712646e+10
7.608841360760829176e+00 7.131432758610922241e+10
7.639276726203872769e+00 7.021192376207594299e+10
7.669833833108687493e+00 6.912645093434852600e+10
7.700513168441122325e+00 6.805765124862454224e+10
7.731315221114887670e+00 6.700527073470932007e+10
7.762240481999347352e+00 6.596905924885660553e+10
7.793289443927344351e+00 6.494877041694961548e+10
7.824462601703054077e+00 6.394416157850897217e+10
7.855760452109866065e+00 6.295499373151570129e+10
7.887183493918306532e+00 6.198103147803905487e+10
7.918732227893980458e+00 6.102204297065621185e+10
7.950407156805555431e+00 6.007779985965364075e+10
7.982208785432777454e+00 5.914807724099818420e+10
8.014137620574508958e+00 5.823265360506835175e+10
8.046194171056805899e+00 5.733131078613352966e+10
8.078378947741034821e+00 5.644383391257045746e+10
8.110692463531997021e+00 5.557001135780879211e+10
8.143135233386125549e+00 5.470963469199146271e+10
8.175707774319670662e+00 5.386249863434389496e+10
8.208410605416949224e+00 5.302840100623856354e+10
8.241244247838615422e+00 5.220714268494685364e+10
8.274209224829968790e+00 5.139852755806779480e+10
8.307306061729288871e+00 5.060236247862458801e+10
8.340535285976207192e+00 4.981845722081810760e+10
8.373897427120111203e+00 4.904662443642974091e+10
8.407393016828594412e+00 4.828667961186204529e+10
8.441022588895906509e+00 4.753844102581156158e+10
8.474786679251490540e+00 4.680172970755994415e+10
8.508685825968495209e+00 4.607636939587947845e+10
8.542720569272368891e+00 4.536218649854072571e+10
8.576891451549458978e+00 4.465901005241487885e+10
8.611199017355655627e+00 4.396667168416294098e+10
8.645643813425078150e+00 4.328500557150195312e+10
8.680226388678779159e+00 4.261384840504090118e+10
8.714947294233493125e+00 4.195303935067848969e+10
8.749807083410427566e+00 4.130242001255278015e+10
8.784806311744070229e+00 4.066183439653765106e+10
8.819945536991047774e+00 4.003112887427565765e+10
8.855225319139009343e+00 3.941015214774097443e+10
8.890646220415566958e+00 3.879875521432405853e+10
8.926208805297228821e+00 3.819679133243161011e+10
8.961913640518417878e+00 3.760411598759287262e+10
8.997761295080492161e+00 3.702058685906626129e+10
9.033752340260813085e+00 3.644606378693831635e+10
9.069887349621856387e+00 3.588040873970835876e+10
9.106166899020346150e+00 3.532348578235173035e+10
9.142591566616424359e+00 3.477516104485448456e+10
9.179161932882891506e+00 3.423530269121260834e+10
9.215878580614422333e+00 3.370378088889007187e+10
9.252742094936881045e+00 3.318046777872750473e+10
9.289753063316627646e+00 3.266523744529643631e+10
9.326912075569895322e+00 3.215796588769136047e+10
9.364219723872173162e+00 3.165853099075465393e+10
9.401676602767663482e+00 3.116681259991755295e+10
9.439283309178733816e+00 3.068269212919734192e+10
9.477040442415447075e+00 3.020605295169325256e+10
9.514948604185111236e+00 2.973678027198743057e+10
9.553008398601852136e+00 2.927476098585756683e+10
9.591220432196260859e+00 2.881988371077237701e+10
9.629585313925044687e+00 2.837203876295188522e+10
9.668103655180747324e+00 2.793111812628575516e+10
9.706776069801470896e+00 2.749701543081879044e+10
9.745603174080676112e+00 2.706962592613169479e+10
9.784585586776998412e+00 2.664884645999835205e+10
9.823723929124106746e+00 2.623457544895689774e+10
9.863018824840601440e+00 2.582671286127556229e+10
9.902470900139965337e+00 2.542516018781654358e+10
9.942080783740523842e+00 2.502982042212713242e+10
9.981849106875488431e+00 2.464059803677473831e+10
1.002177650330298952e+01 2.425739896135443115e+10
1.006186360931619994e+01 2.388013056075600815e+10
1.010211106375346723e+01 2.350870161250944138e+10
1.014251950800847979e+01 2.314302228694706345e+10
1.018308958604051284e+01 2.278300412392792130e+10
1.022382194438467451e+01 2.242856001591789246e+10
1.026471723216221399e+01 2.207960418245388031e+10
1.030577610109086173e+01 2.173605215476160431e+10
1.034699920549522467e+01 2.139782075339936447e+10
1.038838720231720458e+01 2.106482806918375397e+10
1.042994075112647501e+01 2.073699344464074326e+10
1.047166051413097954e+01 2.041423745423608398e+10
1.051354715618750468e+01 2.009648188596045685e+10
1.055560134481225454e+01 1.978364972354882431e+10
1.059782375019150358e+01 1.947566512799063492e+10
1.064021504519226902e+01 1.917245341953568649e+10
1.068277590537303823e+01 1.887394105958926392e+10
1.072550700899452991e+01 1.858005563564648819e+10
1.076840903703050856e+01 1.829072584153767776e+10
1.081148267317863088e+01 1.800588146234933090e+10
1.085472860387134553e+01 1.772545335697114944e+10
1.089814751828683015e+01 1.744937344309736633e+10
1.094174010835997635e+01 1.717757467925241470e+10
1.098550706879341909e+01 1.690999105111337662e+10
1.102944909706859100e+01 1.664655755429872894e+10
1.107356689345686540e+01 1.638721017980830193e+10
1.111786116103069233e+01 1.613188589916901398e+10
1.116233260567481622e+01 1.588052264878520393e+10
1.120698193609751492e+01 1.563305931571062279e+10
1.125180986384190440e+01 1.538943572329152298e+10
1.129681710329727373e+01 1.514959261717709541e+10
1.134200437171046083e+01 1.491347165062828827e+10
1.138737238919730466e+01 1.468101537131095123e+10
1.143292187875409383e+01 1.445216720719083023e+10
1.147865356626910938e+01 1.422687145435262108e+10
1.152456818053418530e+01 1.400507326184707642e+10
1.157066645325632237e+01 1.378671862063434982e+10
1.161694911906934635e+01 1.357175435004437447e+10
1.166341691554562487e+01 1.336012808433598137e+10
1.171007058320780736e+01 1.315178826187805176e+10
1.175691086554063958e+01 1.294668411183765793e+10
1.180393850900279951e+01 1.274476564246929169e+10
1.185115426303881137e+01 1.254598362961964989e+10
1.189855888009096674e+01 1.235028960413027191e+10
1.194615311561133097e+01 1.215763584097219658e+10
1.199393772807377623e+01 1.196797534849230957e+10
1.204191347898607134e+01 1.178126185577045059e+10
1.209008113290201614e+01 1.159744980310085487e+10
1.213844145743362368e+01 1.141649433041378021e+10
1.218699522326335938e+01 1.123835126639946175e+10
1.223574320415641381e+01 1.106297711895471764e+10
1.228468617697303777e+01 1.089032906363727188e+10
1.233382492168093059e+01 1.072036493471537590e+10
1.238316022136765504e+01 1.055304321395090294e+10
1.243269286225312520e+01 1.038832302181373215e+10
1.248242363370213859e+01 1.022616410689261436e+10
1.253235332823694748e+01 1.006652683668791199e+10
1.258248274154989410e+01 9.909372188332178116e+09
1.263281267251609385e+01 9.754661738878213882e+09
1.268334392320615756e+01 9.602357656554567337e+09
1.273407729889898299e+01 9.452422691281444550e+09
1.278501360809457665e+01 9.304820166379304886e+09
1.283615366252695544e+01 9.159513969294569016e+09
1.288749827717706253e+01 9.016468543454221725e+09
1.293904827028577031e+01 8.875648879200931549e+09
1.299080446336691352e+01 8.737020506019159317e+09
1.304276768122038099e+01 8.600549483794305801e+09
1.309493875194526424e+01 8.466202395318099976e+09
1.314731850695304693e+01 8.333946337519538879e+09
1.319990778098085649e+01 8.203748959288116455e+09
1.325270741210477965e+01 8.075578295166355133e+09
1.330571824175319939e+01 7.949402939580467224e+09
1.335894111472021173e+01 7.825191993432463646e+09
1.341237687917909227e+01 7.702915011624578476e+09
1.346602638669580898e+01 7.582542016963004112e+09
1.351989049224258999e+01 7.464043495381757736e+09
1.357397005421156067e+01 7.347390387023774147e+09
1.362826593442840917e+01 7.232554080711407661e+09
1.368277899816612297e+01 7.119506405212578773e+09
1.373751011415878942e+01 7.008219624424827576e+09
1.379246015461542463e+01 6.898666430282298088e+09
1.384762999523388416e+01 6.790819934637892723e+09
1.390302051521481808e+01 6.684653665061144829e+09
1.395863259727567751e+01 6.580141557421500206e+09
1.401446712766477987e+01 6.477257949110557556e+09
1.407052499617543972e+01 6.375977573392505646e+09
1.412680709616014063e+01 6.276275554308359146e+09
1.418331432454478147e+01 6.178127399175380707e+09
1.424004758184296193e+01 6.081508993079168320e+09
1.429700777217033369e+01 5.986396593715850830e+09
1.435419580325901379e+01 5.892766825294669151e+09
1.441161258647204946e+01 5.800596672661992073e+09
1.446925903681793812e+01 5.709863476083492279e+09
1.452713607296521126e+01 5.620544926001107216e+09
1.458524461725707155e+01 5.532619057215155602e+09
1.464358559572609764e+01 5.446064243650289536e+09
1.470215993810900557e+01 5.360859193612680435e+09
1.476096857786143879e+01 5.276982943801280022e+09
1.482001245217288599e+01 5.194414855496142387e+09
1.487929250198157760e+01 5.113134608226812363e+09
1.493880967198950316e+01 5.033122195910939217e+09
1.499856491067746056e+01 4.954357921728795052e+09
1.505855917032016933e+01 4.876822392938026428e+09
1.511879340700144958e+01 4.800496516950041771e+09
1.517926858062945605e+01 4.725361496184717178e+09
1.523998565495197433e+01 4.651398823621845245e+09
1.530094559757178274e+01 4.578590278627669334e+09
1.536214937996206764e+01 4.506917922029385567e+09
1.542359797748191674e+01 4.436364092284001350e+09
1.548529236939184450e+01 4.366911401144747734e+09
1.554723353886941339e+01 4.298542729132961273e+09
1.560942247302489072e+01 4.231241221788183212e+09
1.567186016291699069e+01 4.164990285307317257e+09
1.573454760356865556e+01 4.099773582620111465e+09
1.579748579398293096e+01 4.035575029610188007e+09
1.586067573715886247e+01 3.972378790983677387e+09
1.592411844010749888e+01 3.910169276747035980e+09
1.598781491386792730e+01 3.848931138013925552e+09
1.605176617352340074e+01 3.788649263448974609e+09
1.611597323821749228e+01 3.729308775972145081e+09
1.618043713117036120e+01 3.670895028745939255e+09
1.624515887969504391e+01 3.613393601462631702e+09
1.631013951521382310e+01 3.556790297827376366e+09
1.637538007327468037e+01 3.501071140587931633e+09
1.644088159356778078e+01 3.446222369582285404e+09
1.650664511994205341e+01 3.392230437672372818e+09
1.657267170042182158e+01 3.339082007531842709e+09
1.663896238722350418e+01 3.286763948443267345e+09
1.670551823677240222e+01 3.235263333475386143e+09
1.677234030971949608e+01 3.184567435590356350e+09
1.683942967095837062e+01 3.134663725360337734e+09
1.690678738964220429e+01 3.085539867241972923e+09
1.697441453920077237e+01 3.037183717281310558e+09
1.704231219735757108e+01 2.989583319381446362e+09
1.711048144614700561e+01 2.942726903322359562e+09
1.717892337193159236e+01 2.896602880841923714e+09
1.724763906541932101e+01 2.851199843754776478e+09
1.731662962168099895e+01 2.806506560679994583e+09
1.738589614016772344e+01 2.762511974377447605e+09
1.745543972472839300e+01 2.719205199254393101e+09
1.752526148362730751e+01 2.676575518384135246e+09
1.759536252956181812e+01 2.634612381357100010e+09
1.766574397968006238e+01 2.593305401231041908e+09
1.773640695559878466e+01 2.552644352321425438e+09
1.780735258342117433e+01 2.512619167632558823e+09
1.787858199375486024e+01 2.473219936420985222e+09
1.795009632172988034e+01 2.434436901669244766e+09
1.802189670701679702e+01 2.396260457935953140e+09
1.809398429384486562e+01 2.358681148814838409e+09
1.816636023102024211e+01 2.321689664660379887e+09
1.823902567194432578e+01 2.285276840436869621e+09
1.831198177463210186e+01 2.249433653455162525e+09
1.838522970173062987e+01 2.214151221023548603e+09
1.845877062053754969e+01 2.179420798479401112e+09
1.853260570301970134e+01 2.145233776934814453e+09
1.860673612583178027e+01 2.111581681227090597e+09
1.868116307033510637e+01 2.078456167783758879e+09
1.875588772261644976e+01 2.045849022798683405e+09
1.883091127350691352e+01 2.013752159946742058e+09
1.890623491860094063e+01 1.982157618524095774e+09
1.898185985827534594e+01 1.951057561647502899e+09
1.905778729770844748e+01 1.920444274181343079e+09
1.913401844689928311e+01 1.890310160769260168e+09
1.921055452068688041e+01 1.860647744230186701e+09
1.928739673876962968e+01 1.831449663594174385e+09
1.936454632572470658e+01 1.802708672258060932e+09
1.944200451102760141e+01 1.774417636345274687e+09
1.951977252907171589e+01 1.746569532754572630e+09
1.959785161918800256e+01 1.719157447798200369e+09
1.967624302566475691e+01 1.692174575097300768e+09
1.991079942767366973e+01 1.614538752352406740e+09
