# Wavelength (micrometer), Flux (W / m2 / m)
1.000553076518779783e-01 2.213028288806079407e+11
1.004555288824854897e-01 1.370158765658002883e-07
1.008573509980154326e-01 2.136564123878505928e-07
1.012607804020075053e-01 2.152017170298738754e-07
1.016658235236155422e-01 3.604600838185290409e-07
1.020724868177099870e-01 8.991925240391597217e-06
1.024807767649808382e-01 2.565926431773039245e-06
1.028906998720407612e-01 7.367554688714662601e-07
1.033022626715289355e-01 1.263168835901601266e-05
1.037154717222150413e-01 1.021402477423832059e-06
1.041303336091038839e-01 9.120670875138663630e-07
1.045468549435403099e-01 3.156820789752245643e-06
1.049650423633144702e-01 6.341323052354683547e-07
1.053849025327677214e-01 5.385129824632592254e-06
1.058064421428987906e-01 1.115781540706036191e-06
1.062296679114703990e-01 7.372510360045224388e-06
1.066545865831162732e-01 6.963918355089102069e-06
1.070812049294487533e-01 3.618735750213658190e-06
1.075095297491665408e-01 3.658918667267431891e-05
1.079395678681632220e-01 4.385817835416405641e-06
1.083713261396358624e-01 2.842545672352469861e-05
1.088048114441943909e-01 1.802431193371671983e-05
1.092400306899711654e-01 6.265977896535346228e-04
1.096769908127310511e-01 2.902268988708296457e-05
1.101156987759819850e-01 3.778649620678352139e-05
1.105561615710859147e-01 4.075622645747058789e-04
1.109983862173702651e-01 1.595657160138350226e-04
1.114423797622397516e-01 7.631790562689742949e-05
1.118881492812886930e-01 4.136102799958307259e-05
1.123357018784138517e-01 1.129315123373656951e-04
1.127850446859275102e-01 8.061806571081872250e-03
1.132361848646712132e-01 6.491736161528248797e-03
1.136891296041298988e-01 3.634346548673793569e-03
1.141438861225464035e-01 3.978290851061252499e-03
1.146004616670366072e-01 2.724081620759767966e-03
1.150588635137047705e-01 3.036098501686180541e-03
1.155190989677595953e-01 1.997868367374066364e-03
1.159811753636306314e-01 4.731306396449704021e-03
1.164451000650851553e-01 1.689243277966156597e-03
1.169108804653455069e-01 1.976731577063625418e-03
1.173785239872068981e-01 6.253319794274848388e-03
1.178480380831557206e-01 1.668979076123073765e-02
1.183194302354883543e-01 9.414104467000632137e-03
1.187927079564302935e-01 4.781063223413002834e-03
1.192678787882560099e-01 7.666274194383275800e-03
1.197449503034090645e-01 9.269701653439573266e-03
1.202239301046226783e-01 2.632071537495931160e-03
1.207048258250411760e-01 6.124188941385563280e-03
1.211876451283413342e-01 4.004113997955807518e-03
1.216723957088547137e-01 3.535396828229791285e-03
1.221590852916901310e-01 4.904622907866188451e-03
1.226477216328568792e-01 5.784063535373655009e-03
1.231383125193883099e-01 6.524013411614341951e-03
1.236308657694658586e-01 9.427273904648161840e-03
1.241253892325437369e-01 7.197263824611397146e-03
1.246218907894739159e-01 5.654183746274936070e-03
1.251203783526317892e-01 5.700444586404144684e-03
1.256208598660423226e-01 1.702168975871839324e-02
1.261233433055065078e-01 1.835114096991865076e-02
1.266278366787285392e-01 5.316602390721674766e-03
1.271343480254434610e-01 1.426035371600857006e-02
1.276428854175452321e-01 1.403320008145458875e-02
1.281534569592154005e-01 8.385270603980253187e-03
1.286660707870522780e-01 1.695074475272631206e-02
1.291807350702004475e-01 2.222262669064528975e-02
1.296974580104812425e-01 2.402018885805944776e-02
1.302162478425231973e-01 1.453820235051333891e-02
1.307371128338932764e-01 3.090058932599582323e-02
1.312600612852288795e-01 4.763329172343706147e-02
1.317851015303697915e-01 3.380165233121600055e-02
1.323122419364912705e-01 5.897976925594115155e-02
1.328414909042372472e-01 7.349686631779185630e-02
1.333728568678542170e-01 6.752901573011917125e-02
1.339063482953256612e-01 3.369662035512396847e-02
1.344419736885069383e-01 7.189605373821411627e-02
1.349797415832609815e-01 9.224178914108564775e-02
1.355196605495940232e-01 1.073762717008989731e-01
1.360617391917924301e-01 1.239450323710177410e-01
1.366059861485595939e-01 8.783666513667891251e-02
1.371524100931538481e-01 6.047463954788204199e-02
1.377010197335264696e-01 1.004920163642717135e-01
1.382518238124605670e-01 2.977452291197483780e-01
1.388048311077104136e-01 2.268518712259614822e-01
1.393600504321412248e-01 1.464337553265370462e-01
1.399174906338697677e-01 1.243793255957945099e-01
1.404771605964052761e-01 3.517956692730662693e-01
1.410390692387908651e-01 2.443667469266328773e-01
1.416032255157460562e-01 6.598905717265101112e-01
1.421696384178090522e-01 1.578619991616426466e-01
1.427383169714803168e-01 4.481035977100489842e-01
1.433092702393662099e-01 2.108239611653842882e+00
1.438825073203236771e-01 8.988181344727047550e-01
1.444580373496049674e-01 2.113967450075694199e+00
1.450358694990033503e-01 1.002775115366184355e+00
1.456160129769993872e-01 2.861492596273214062e+00
1.461984770289073976e-01 5.243061747646103221e+00
1.467832709370230082e-01 1.992101797130191088e+00
1.473704040207710897e-01 3.610613942361719619e+00
1.479598856368541382e-01 1.124573052493180514e+00
1.485517251794015725e-01 3.654301235077836552e+00
1.491459320801191979e-01 6.229008916699185328e+00
1.497425158084396690e-01 3.932916442158109316e+00
1.503414858716734248e-01 1.473314696732106555e+01
1.509428518151600951e-01 6.946373948413863353e+00
1.515466232224207677e-01 3.864484831484820138e+00
1.521528097153104220e-01 1.404024753712220530e+01
1.527614209541716672e-01 6.422707751195543047e+00
1.533724666379883694e-01 6.760037489387770826e+00
1.539859565045403056e-01 9.319720820678840667e+00
1.546019003305584838e-01 1.838119437220671504e+00
1.552203079318807133e-01 4.465369299869776043e+00
1.558411891636082569e-01 4.336199297266421837e+00
1.564645539202626778e-01 2.843865289345014258e+00
1.570904121359437411e-01 4.139991079734771873e+00
1.577187737844875093e-01 3.303265225347383982e+00
1.583496488796254653e-01 3.885508215731757087e+00
1.589830474751439959e-01 6.865118814137215253e+00
1.596189796650445414e-01 3.131921951524907488e+00
1.602574555837047166e-01 3.314391193063151775e+00
1.608984854060395708e-01 5.157180719081720710e+00
1.615420793476636807e-01 6.197077765402448257e+00
1.621882476650543525e-01 7.345145541998375549e+00
1.628370006557145755e-01 7.103117427485940993e+00
1.634883486583374457e-01 8.852123938730068531e+00
1.641423020529707844e-01 9.685736279500476442e+00
1.647988712611826723e-01 1.121701271934299804e+01
1.654580667462274002e-01 6.295811343923561232e+00
1.661198990132123077e-01 1.481964436666105200e+01
1.667843786092651215e-01 1.633197860193036632e+01
1.674515161237022098e-01 2.135972925225777885e+01
1.681213221881969755e-01 3.456626993251884983e+01
1.687938074769497754e-01 2.995054150777911772e+01
1.694689827068575905e-01 6.321790756485942353e+01
1.701468586376850278e-01 5.575003921286636199e+01
1.708274460722357391e-01 6.966720611865731883e+01
1.715107558565246715e-01 8.813869148741601123e+01
1.721967988799507909e-01 8.782789062779777112e+01
1.728855860754705820e-01 1.281977242150526308e+02
1.735771284197724640e-01 1.111770070653366673e+02
1.742714369334515678e-01 1.226600302426146527e+02
1.749685226811853456e-01 2.257054852987606353e+02
1.756683967719100681e-01 1.575531351068736114e+02
1.763710703589977391e-01 3.021838969531341377e+02
1.770765546404337309e-01 3.477775023254306461e+02
1.777848608589954471e-01 2.301458651934113391e+02
1.784960003024314568e-01 4.895323195672912675e+02
1.792099843036411844e-01 4.030916512284455280e+02
1.799268242408557650e-01 4.560129750127653097e+02
1.806465315378191772e-01 7.891948370809762991e+02
1.813691176639704306e-01 3.883362086448300374e+02
1.820945941346263086e-01 7.384270475465601749e+02
1.828229725111648329e-01 1.266700626092715311e+03
1.835542644012094771e-01 4.841638265059169726e+02
1.842884814588143239e-01 1.123479394670561987e+03
1.850256353846495561e-01 1.874655169591364029e+03
1.857657379261881403e-01 9.577927794661241023e+02
1.865088008778928996e-01 2.252415829205975569e+03
1.872548360814044743e-01 2.291551003464777750e+03
1.880038554257300876e-01 1.503402683180316217e+03
1.887558708474330049e-01 3.355828302634565262e+03
1.895108943308226879e-01 2.953684572159292202e+03
1.902689379081460019e-01 2.560347322691246973e+03
1.910300136597785636e-01 5.721987868995481222e+03
1.917941337144176972e-01 4.778067645704508323e+03
1.925613102492753359e-01 5.003450853588844438e+03
1.933315554902724498e-01 8.820202669799662544e+03
1.941048817122335568e-01 8.102964527365244066e+03
1.948813012390824828e-01 8.473416174151159794e+03
1.956608264440388156e-01 1.494325773683352054e+04
1.964434697498149418e-01 1.113911594520782819e+04
1.972292436288141937e-01 1.343428564428382924e+04
1.980181606033294406e-01 2.190477481627298403e+04
1.988102332457427346e-01 1.919320795649888169e+04
1.996054741787257336e-01 1.848244807144395600e+04
2.004038960754406518e-01 2.492834501675903812e+04
2.012055116597424309e-01 2.788414487729705070e+04
2.020103337063813842e-01 2.966881539831990085e+04
2.028183750412069219e-01 3.654520683661344810e+04
2.036296485413717494e-01 3.347240021132642141e+04
2.044441671355372303e-01 3.252708039243222811e+04
2.052619438040793887e-01 4.109579365593742841e+04
2.060829915792957157e-01 4.064365915401441453e+04
2.069073235456129201e-01 4.067871230341647606e+04
2.077349528397953449e-01 4.498055439133766777e+04
2.085658926511545219e-01 5.074211164861776342e+04
2.094001562217591150e-01 5.038042601161234052e+04
2.102377568466461677e-01 5.274917582709108683e+04
2.110787078740327671e-01 4.697019224331338773e+04
2.119230227055288740e-01 5.550043173699606268e+04
2.127707147963510126e-01 6.009902275703763007e+04
2.136217976555363773e-01 6.702533490265166620e+04
2.144762848461585492e-01 5.127063135689187766e+04
2.153341899855431840e-01 6.610426350867781730e+04
2.161955267454853669e-01 7.855797326470377448e+04
2.170603088524672986e-01 8.648821556345961289e+04
2.179285500878772042e-01 7.128970980610392871e+04
2.188002642882286852e-01 7.878315774449218588e+04
2.196754653453815986e-01 1.082844306791143899e+05
2.205541672067631020e-01 1.039659242953510548e+05
2.214363838755901703e-01 1.490151910075741471e+05
2.223221294110925284e-01 9.733363894445875485e+04
2.232114179287369160e-01 2.172944655458540074e+05
2.241042636004518529e-01 1.662074584623917472e+05
2.250006806548536520e-01 3.113029145085439086e+05
2.259006833774730438e-01 1.951269055538319517e+05
2.268042861109829667e-01 2.925385997213224182e+05
2.277115032554268836e-01 3.597064976104141097e+05
2.286223492684485714e-01 4.142323059333588462e+05
2.295368386655223802e-01 6.551437566813312005e+05
2.304549860201844658e-01 2.827120371271966142e+05
2.313768059642651864e-01 6.409347336186399916e+05
2.323023131881222503e-01 6.750117812231107382e+05
2.332315224408747223e-01 9.720111614272289444e+05
2.341644485306381973e-01 9.506398099957434461e+05
2.351011063247607502e-01 4.394753765748073929e+05
2.360415107500598020e-01 1.015085899025549996e+06
2.369856767930600405e-01 5.243500955813860055e+05
2.379336195002322851e-01 1.250796012867445126e+06
2.388853539782332114e-01 1.154759932778311661e+06
2.398408953941461863e-01 2.026316392368077766e+06
2.408002589757227141e-01 2.523707121470538434e+06
2.417634600116256582e-01 1.207147583168698940e+06
2.427305138516721306e-01 3.101114640167224221e+06
2.437014359070788505e-01 3.240711456459706649e+06
2.446762416507071713e-01 5.724494286518614739e+06
2.456549466173099938e-01 4.058347767979282886e+06
2.466375664037792625e-01 4.893165869296325371e+06
2.476241166693943785e-01 6.385821314291357994e+06
2.486146131360719436e-01 2.446740436927615665e+06
2.496090715886161993e-01 5.328156305255676620e+06
2.506075078749706586e-01 5.098897616873876192e+06
2.516099379064705155e-01 6.686608662044049241e+06
2.526163776580964138e-01 1.097054542811867036e+07
2.536268431687287994e-01 2.016237710182979703e+07
2.546413505414037437e-01 2.547079326668975875e+07
2.556599159435693491e-01 1.531838936583119072e+07
2.566825556073435988e-01 1.164999254735360667e+07
2.577092858297729827e-01 1.452772693090622313e+07
2.587401229730920682e-01 1.215212265323239192e+07
2.597750834649844576e-01 1.805790477671281248e+07
2.608141837988444123e-01 1.977492126929458976e+07
2.618574405340398092e-01 3.025004509518159181e+07
2.629048702961759298e-01 4.875192135100051761e+07
2.639564897773606367e-01 4.893606879797746241e+07
2.650123157364701054e-01 4.808821862739426643e+07
2.660723649994159445e-01 4.552009731728731841e+07
2.671366544594135917e-01 4.480201839498000592e+07
2.682052010772512096e-01 5.668490750830167532e+07
2.692780218815602478e-01 4.979334142321570963e+07
2.703551339690865030e-01 7.220572635145097971e+07
2.714365545049627904e-01 7.345052907966338098e+07
2.725223007229827243e-01 7.669230534270682931e+07
2.736123899258746106e-01 8.946681440759423375e+07
2.747068394855781692e-01 1.143129584086034000e+08
2.758056668435204806e-01 1.239946425059094280e+08
2.769088895108945403e-01 1.980790050388155580e+08
2.780165250689380918e-01 1.778104067742355764e+08
2.791285911692138466e-01 2.257487371695078611e+08
2.802451055338907038e-01 2.205450528841266632e+08
2.813660859560263017e-01 2.233757009868858755e+08
2.824915502998503469e-01 2.246361004360255003e+08
2.836215165010497197e-01 2.396795825990565121e+08
2.847560025670539119e-01 1.369016610053003430e+08
2.858950265773221866e-01 2.109742165662353933e+08
2.870386066836315142e-01 3.334827491713615060e+08
2.881867611103660631e-01 4.785474239210735559e+08
2.893395081548075787e-01 6.359516945795525312e+08
2.904968661874267610e-01 7.291095041675677299e+08
2.916588536521764197e-01 8.420863280259395838e+08
2.928254890667851273e-01 8.103873896158943176e+08
2.939967910230522619e-01 8.732861602375320196e+08
2.951727781871444911e-01 8.357844836470874548e+08
2.963534692998930908e-01 9.819754326232144833e+08
2.975388831770926501e-01 1.038494868085222960e+09
2.987290387098009981e-01 1.378540188659888268e+09
2.999239548646402409e-01 1.157598199285694361e+09
3.011236506840988536e-01 2.067593942986932278e+09
3.023281452868351593e-01 1.137797161346649408e+09
3.035374578679824742e-01 2.749155917995347500e+09
3.047516076994544187e-01 2.532128198707872391e+09
3.059706141302522830e-01 3.042832212771402836e+09
3.071944965867733357e-01 3.595577009565701008e+09
3.084232745731204095e-01 4.417033197869529724e+09
3.096569676714128194e-01 4.240999114143484116e+09
3.108955955420985018e-01 5.491434856582306862e+09
3.121391779242668751e-01 6.092013288428956985e+09
3.133877346359639215e-01 7.396286416492446899e+09
3.146412855745078230e-01 9.303934280699462891e+09
3.158998507168058190e-01 9.030126692617013931e+09
3.171634501196730627e-01 1.411431403429344940e+10
3.184321039201517545e-01 1.149133136594510841e+10
3.197058323358323295e-01 1.297290094243872833e+10
3.209846556651756444e-01 1.476904537963047028e+10
3.222685942878363852e-01 1.754080537237366867e+10
3.235576686649877520e-01 1.809349709890129471e+10
3.248518993396476984e-01 2.134537476472348022e+10
3.261513069370062801e-01 2.342194556795726395e+10
3.274559121647543369e-01 2.647334084008591080e+10
3.287657358134133401e-01 2.961942496492844772e+10
3.300807987566670154e-01 3.140620858608789444e+10
3.314011219516936890e-01 4.070498212207492065e+10
3.327267264395004642e-01 4.189135657330643463e+10
3.340576333452584534e-01 5.198849921479834747e+10
3.353938638786395088e-01 4.826501007165563965e+10
3.367354393341540630e-01 5.091516124386344147e+10
3.380823810914907468e-01 5.415744967813321686e+10
3.394347106158566718e-01 6.283626366262136078e+10
3.407924494583201014e-01 6.810466760008766937e+10
3.421556192561533982e-01 6.483582308441757202e+10
3.435242417331779707e-01 4.420430321353491974e+10
3.448983387001106626e-01 5.342216089330081940e+10
3.462779320549111417e-01 6.142461177701132965e+10
3.476630437831307319e-01 5.467179219047446442e+10
3.490536959582632992e-01 6.046363341681525421e+10
3.504499107420963600e-01 1.022720368729382477e+11
3.518517103850647421e-01 9.319497832979217529e+10
3.532591172266050239e-01 1.155299007415567169e+11
3.546721536955114717e-01 1.490071370533788757e+11
3.560908423102934761e-01 8.730028841048936462e+10
3.575152056795346533e-01 6.334174367760909271e+10
3.589452665022527800e-01 1.010414405499972382e+11
3.603810475682617254e-01 1.335889072850782928e+11
3.618225717585348278e-01 1.159271102893949738e+11
3.632698620455689364e-01 1.195358408179389954e+11
3.647229414937512293e-01 1.017185108190061951e+11
3.661818332597261971e-01 1.972867735716968689e+11
3.676465605927651259e-01 1.529143992804976501e+11
3.691171468351361895e-01 1.728974152007598267e+11
3.705936154224767076e-01 1.084034385843342438e+11
3.720759898841666247e-01 5.509850604383217621e+10
3.735642938437032656e-01 5.320786212066784668e+10
3.750585510190780902e-01 6.331775911378283691e+10
3.765587852231543908e-01 1.358302549500919037e+11
3.780650203640470441e-01 2.674370902999855957e+11
3.795772804455032068e-01 1.765895357000499573e+11
3.810955895672852312e-01 2.059734817318251648e+11
3.826199719255543585e-01 8.819375377857189941e+10
3.841504518132565771e-01 1.520608704372924194e+11
3.856870536205096456e-01 8.761105236945463562e+10
3.872298018349916715e-01 1.526368804286611938e+11
3.887787210423316320e-01 1.413160192426363525e+11
3.903338359265008939e-01 1.819067570066795654e+11
3.918951712702069545e-01 2.080039009299111023e+11
3.934627519552877928e-01 1.668089778924003906e+11
3.950366029631089404e-01 3.035359151630935669e+11
3.966167493749613859e-01 2.393866480902130737e+11
3.982032163724612550e-01 3.985239933694511719e+11
3.997960292379510450e-01 4.159229881143294067e+11
4.013952133549028578e-01 4.950524224417038574e+11
4.030007942083224659e-01 5.726788925386683350e+11
4.046127973851557647e-01 4.615426452793709106e+11
4.062312485746963908e-01 4.687825586159840698e+11
4.078561735689951728e-01 5.215510747937774658e+11
4.094875982632711353e-01 5.630334920564118652e+11
4.111255486563242245e-01 6.363185898885158691e+11
4.127700508509495880e-01 5.637158843990386963e+11
4.144211310543532978e-01 5.062300342892255249e+11
4.160788155785707931e-01 5.488845878407286987e+11
4.177431308408850463e-01 4.225805934913615723e+11
4.194141033642486138e-01 3.112487446538391113e+11
4.210917597777056320e-01 1.747663088544163208e+11
4.227761268168164221e-01 5.602456184464406586e+10
4.244672313240837602e-01 1.892527297362357788e+11
4.261651002493800910e-01 3.141975970766533813e+11
4.278697606503775730e-01 3.843084367423920898e+11
4.295812396929790666e-01 3.397768658992258301e+11
4.312995646517510107e-01 4.253665599742130127e+11
4.330247629103580187e-01 5.438628318939223022e+11
4.347568619619994745e-01 6.524097313365963135e+11
4.364958894098474596e-01 6.057756120990212402e+11
4.382418729674867897e-01 4.865389130893345947e+11
4.399948404593567730e-01 5.766467993372299805e+11
4.417548198211941890e-01 6.370479089134082031e+11
4.435218391004789873e-01 5.019966604632463989e+11
4.452959264568808750e-01 5.215584593844680176e+11
4.470771101627084021e-01 6.039202043077814941e+11
4.488654186033592119e-01 6.340119123692132568e+11
4.506608802777726241e-01 6.802091107543393555e+11
4.524635237988837710e-01 6.350157615949924316e+11
4.542733778940792333e-01 6.402800336964110107e+11
4.560904714056555065e-01 7.039998536541235352e+11
4.579148332912781894e-01 7.539725963012980957e+11
4.597464926244433370e-01 5.791706638776051025e+11
4.615854785949410899e-01 7.613802518824488525e+11
4.634318205093208576e-01 5.826422581363859863e+11
4.652855477913582227e-01 6.907029410669814453e+11
4.671466899825236219e-01 6.932599478571201172e+11
4.690152767424536906e-01 7.350523445516529541e+11
4.708913378494234969e-01 8.308566157926356201e+11
4.727749032008212171e-01 7.896706918370943604e+11
4.746660028136244769e-01 8.671072191411398926e+11
4.765646668248789131e-01 6.059781266911336670e+11
4.784709254921784560e-01 5.034681043303392944e+11
4.803848091941470555e-01 6.189270600873371582e+11
4.823063484309236815e-01 6.599080749811038818e+11
4.842355738246474361e-01 7.652227942717363281e+11
4.861725161199459966e-01 7.962865575495515137e+11
4.881172061844257226e-01 9.529452919249572754e+11
4.900696750091634302e-01 8.402131251283299561e+11
4.920299537092001074e-01 1.000755978458338135e+12
4.939980735240369625e-01 1.208373861704470947e+12
4.959740658181330253e-01 8.632303361069537354e+11
4.979579620814056362e-01 1.010506304373260986e+12
4.999497939297311566e-01 8.524424101886214600e+11
5.019495931054501758e-01 8.031199069812624512e+11
5.039573914778719965e-01 9.807988730020456543e+11
5.059732210437835054e-01 7.847677304930926514e+11
5.079971139279585435e-01 8.556381186446677246e+11
5.100291023836703852e-01 7.889502512502613525e+11
5.120692187932051054e-01 8.223736368050877686e+11
5.141174956683780550e-01 8.318491763933011475e+11
5.161739656510514473e-01 7.213019795359016113e+11
5.182386615136556074e-01 5.234571376151940308e+11
5.203116161597103329e-01 7.411900609328176270e+11
5.223928626243490303e-01 1.099616042027166748e+12
5.244824340748465152e-01 1.013989779726626221e+12
5.265803638111459239e-01 8.780044210218908691e+11
5.286866852663905103e-01 9.725790254238166504e+11
5.308014320074561088e-01 9.712813723949768066e+11
5.329246377354859288e-01 8.751537739822966309e+11
5.350563362864277916e-01 9.469407306283547363e+11
5.371965616315735881e-01 8.364324508710002441e+11
5.393453478780998456e-01 8.808505662109191895e+11
5.415027292696121819e-01 8.688467533747436523e+11
5.436687401866906466e-01 8.035448953359383545e+11
5.458434151474373941e-01 6.361204814308531494e+11
5.480267888080271321e-01 7.676317860102952881e+11
5.502188959632591247e-01 7.235327660591562500e+11
5.524197715471121928e-01 7.763307407243319092e+11
5.546294506333006025e-01 8.445647304552189941e+11
5.568479684358338400e-01 8.120688441487844238e+11
5.590753603095770519e-01 7.267347838522364502e+11
5.613116617508153716e-01 6.132804865058565674e+11
5.635569083978186899e-01 5.162610459272158813e+11
5.658111360314097560e-01 6.046223520618188477e+11
5.680743805755354980e-01 5.471932303601892090e+11
5.703466780978375672e-01 6.239544910353612061e+11
5.726280648102289872e-01 6.515537113683171387e+11
5.749185770694699160e-01 7.303465445713635254e+11
5.772182513777477375e-01 6.781056297553170166e+11
5.795271243832587071e-01 8.006547223309963379e+11
5.818452328807918184e-01 8.099638313271308594e+11
5.841726138123150003e-01 7.741202469955759277e+11
5.865093042675643131e-01 5.953036708781597900e+11
5.888553414846344758e-01 3.865722778074116211e+11
5.912107628505729462e-01 4.321413362353242798e+11
5.935756059019753339e-01 4.994744784168890991e+11
5.959499083255832552e-01 4.851595184619240112e+11
5.983337079588855190e-01 5.517780908396363525e+11
6.007270427907210886e-01 6.005523558569232178e+11
6.031299509618840426e-01 6.883321197996550293e+11
6.055424707657315331e-01 8.078733887118153076e+11
6.079646406487945187e-01 9.267672497464860840e+11
6.103964992113897203e-01 1.048602116627038696e+12
6.128380852082353503e-01 1.151497920840565186e+12
6.152894375490681744e-01 1.024358967277816284e+12
6.177505952992645710e-01 7.449055228711519775e+11
6.202215976804615893e-01 6.453798209429577637e+11
6.227024840711834486e-01 5.140410625680376587e+11
6.251932940074681477e-01 5.951706656183167725e+11
6.276940671834980723e-01 6.524603705099276123e+11
6.302048434522321552e-01 7.784589824120638428e+11
6.327256628260409244e-01 9.326651512497436523e+11
6.352565654773452142e-01 1.007897580689659546e+12
6.377975917392545435e-01 9.930987013555002441e+11
6.403487821062116003e-01 1.265168666770223877e+12
6.429101772346363930e-01 1.407736679959823242e+12
6.454818179435749537e-01 1.557176803176750977e+12
6.480637452153492628e-01 1.635700783618335449e+12
6.506560001962106154e-01 1.708891075066471924e+12
6.532586241969955410e-01 1.911261209419488281e+12
6.558716586937833881e-01 1.542969506795213379e+12
6.584951453285585732e-01 1.428651634644059570e+12
6.611291259098727169e-01 1.279941694569924316e+12
6.637736424135122215e-01 1.104203790052513184e+12
6.664287369831662922e-01 1.030329425242444336e+12
6.690944519310989547e-01 9.644658199102198486e+11
6.717708297388232941e-01 9.658898873293376465e+11
6.744579130577786907e-01 1.002884880229674683e+12
6.771557447100098326e-01 1.173977231384572021e+12
6.798643676888498355e-01 1.108164580798231934e+12
6.825838251596052508e-01 1.145889411241645752e+12
6.853141604602436265e-01 1.112610958674573975e+12
6.880554171020846210e-01 1.106827375907489746e+12
6.908076387704928933e-01 1.223114979880374023e+12
6.935708693255748791e-01 1.441048178840084961e+12
6.963451528028771209e-01 1.724980698875421143e+12
6.991305334140887062e-01 1.904642817239513184e+12
7.019270555477450380e-01 2.062648760789064209e+12
7.047347637699360456e-01 2.584042428474932617e+12
7.075537028250157290e-01 2.248069402902967773e+12
7.103839176363159202e-01 1.948896393219218506e+12
7.132254533068611568e-01 1.749763226697294678e+12
7.160783551200886610e-01 1.850239205070484131e+12
7.189426685405689854e-01 1.939452566403337158e+12
7.218184392147313222e-01 1.882329045526997559e+12
7.247057129715901436e-01 2.119597439824423584e+12
7.276045358234763949e-01 2.309528241174327637e+12
7.305149539667704639e-01 2.610382884223903809e+12
7.334370137826373703e-01 2.908601183691839844e+12
7.363707618377679509e-01 3.092197879977862305e+12
7.393162448851190449e-01 3.253633569882167480e+12
7.422735098646596752e-01 3.314275583986097656e+12
7.452426039041182282e-01 3.343721492943842773e+12
7.482235743197346300e-01 3.454207871875860840e+12
7.512164686170136330e-01 3.466960208015094238e+12
7.542213344914817652e-01 3.582272374630843750e+12
7.572382198294477229e-01 3.576886734319320801e+12
7.602671727087656484e-01 3.248329830906231445e+12
7.633082413996006288e-01 3.232588209576141602e+12
7.663614743651989691e-01 2.488424832755292480e+12
7.694269202626597970e-01 2.546646717487434570e+12
7.725046279437104424e-01 2.734597729960351074e+12
7.755946464554852593e-01 2.646603664071232910e+12
7.786970250413072225e-01 2.667963153955965332e+12
7.818118131414724115e-01 2.854276789529827148e+12
7.849390603940383793e-01 2.541762039783174316e+12
7.880788166356144098e-01 2.792224563757186523e+12
7.912311319021569922e-01 2.724205209080069824e+12
7.943960564297655180e-01 2.940351154154609375e+12
7.975736406554845281e-01 3.069788263733694824e+12
8.007639352181065151e-01 3.262126318954401855e+12
8.039669909589789443e-01 3.438764914199729492e+12
8.071828589228148276e-01 3.655370548851597168e+12
8.104115903585061842e-01 3.803808366573236328e+12
8.136532367199402760e-01 4.029504195449301758e+12
8.169078496668199518e-01 3.995819948661314453e+12
8.201754810654874328e-01 3.402137376317787109e+12
8.234561829897493190e-01 3.865793271948199219e+12
8.267500077217083687e-01 3.833038071176328125e+12
8.300570077525952772e-01 3.556040726353199707e+12
8.333772357836056743e-01 3.714639497527492188e+12
8.367107447267401188e-01 3.580361454214378418e+12
8.400575877056470908e-01 3.669249731246150391e+12
8.434178180564695371e-01 3.260009666418263184e+12
8.467914893286955236e-01 2.757891271310983887e+12
8.501786552860102208e-01 2.896467058684432617e+12
8.535793699071543283e-01 2.969576628492058594e+12
8.569936873867830540e-01 3.194560095007556152e+12
8.604216621363300899e-01 3.413296294953463867e+12
8.638633487848753623e-01 3.619770397733248047e+12
8.673188021800150027e-01 3.754073400779210449e+12
8.707880773887352044e-01 3.812282535685991211e+12
8.742712296982900755e-01 3.934854118300669922e+12
8.777683146170831563e-01 4.148047435201670898e+12
8.812793878755513788e-01 4.222987587642656250e+12
8.848045054270535781e-01 4.275386431297345215e+12
8.883437234487617795e-01 3.671514977706791504e+12
8.918970983425568155e-01 4.062876038764768066e+12
8.954646867359271623e-01 3.680276444165090820e+12
8.990465454828707736e-01 3.934261821490450195e+12
9.026427316648023558e-01 3.854642821426843262e+12
9.062533025914615292e-01 3.863703676477647461e+12
9.098783158018273198e-01 4.039754234218432617e+12
9.135178290650346478e-01 4.141399600499868164e+12
9.171719003812948134e-01 4.281447751594431641e+12
9.208405879828199803e-01 4.383935607994623535e+12
9.245239503347512100e-01 4.373832401267437500e+12
9.282220461360901620e-01 4.385271837445398926e+12
9.319349343206346781e-01 4.300691069209712891e+12
9.356626740579171431e-01 4.319172355711645996e+12
9.394053247541488405e-01 4.176024227258615234e+12
9.431629460531654185e-01 4.334929429412669434e+12
9.469355978373780180e-01 4.426305606601132812e+12
9.507233402287275092e-01 4.478113559638889648e+12
9.545262335896426142e-01 4.498482600513567383e+12
9.583443385240012491e-01 4.423335471211974609e+12
9.621777158780971950e-01 4.473388608637442383e+12
9.660264267416096562e-01 4.474780974564276367e+12
9.698905324485760371e-01 4.546038789647862305e+12
9.737700945783701600e-01 4.234529353016668945e+12
9.776651749566835914e-01 4.196201022886668457e+12
9.815758356565105203e-01 4.202937440261839844e+12
9.855021389991363012e-01 4.142033340850030762e+12
9.894441475551331022e-01 4.053985891903573242e+12
9.934019241453534432e-01 3.689245731710852539e+12
9.973755318419349480e-01 3.906009565328466797e+12
1.001365033969302543e+00 3.939534424040904785e+12
1.005370494105179757e+00 3.910644481654169922e+12
1.009391976081600362e+00 3.997492053593255371e+12
1.013429543985926884e+00 4.095155812867993652e+12
1.017483262161870350e+00 4.107324863497890137e+12
1.021553195210518128e+00 4.176879684903067383e+12
1.025639407991360219e+00 4.072036818046012695e+12
1.029741965623325539e+00 4.055422548814579590e+12
1.033860933485818867e+00 4.083216084396194336e+12
1.037996377219762012e+00 4.218343595075110352e+12
1.042148362728641198e+00 4.199924888058629395e+12
1.046316956179555557e+00 4.314873087194439453e+12
1.050502224004274066e+00 4.319907479700730469e+12
1.054704232900291139e+00 4.375133310607226562e+12
1.058923049831892227e+00 4.336981364917553711e+12
1.063158742031219628e+00 4.325167533941389160e+12
1.067411376999344741e+00 4.250130685355719727e+12
1.071681022507342096e+00 4.241697845044506348e+12
1.075967746597371377e+00 4.310072123661081543e+12
1.080271617583760779e+00 4.263515585086880371e+12
1.084592704054095913e+00 4.316836251980358887e+12
1.088931074870312044e+00 4.230214637175596680e+12
1.093286799169793433e+00 4.296247237636112305e+12
1.097659946366472461e+00 4.244757678507752930e+12
1.102050586151938294e+00 4.236247226435648438e+12
1.106458788496546219e+00 4.155126023870467285e+12
1.110884623650532532e+00 4.106190387657253418e+12
1.115328162145134749e+00 4.219134229575940430e+12
1.119789474793714934e+00 4.193095926178624512e+12
1.124268632692889902e+00 4.226352899083552734e+12
1.128765707223661430e+00 4.220421570134167969e+12
1.133280770052556230e+00 4.210993736163300293e+12
1.137813893132766374e+00 3.927739753289299805e+12
1.142365148705297484e+00 3.979118144163108398e+12
1.146934609300118479e+00 4.223419936409161621e+12
1.151522347737319096e+00 4.282654964425329590e+12
1.156128437128268516e+00 4.231136625436113770e+12
1.160752950876781542e+00 4.201135404118223633e+12
1.165395962680288999e+00 4.238465388494833008e+12
1.170057546531009907e+00 4.120133389133511719e+12
1.174737776717134086e+00 4.137940860868500488e+12
1.179436727824002773e+00 3.970367117164968262e+12
1.184154474735298557e+00 4.064142140606836426e+12
1.188891092634239977e+00 4.111137491721844238e+12
1.193646657004777012e+00 4.138756824705855957e+12
1.198421243632796118e+00 3.985973850923782227e+12
1.203214928607327261e+00 4.028853755378890625e+12
1.208027788321756724e+00 4.066570419450845215e+12
1.212859899475043468e+00 4.025979969059795898e+12
1.217711339072943710e+00 4.060201761689812988e+12
1.222582184429235275e+00 4.014852141232935059e+12
1.227472513166952384e+00 4.062274445646502441e+12
1.232382403219620226e+00 4.029104350023599121e+12
1.237311932832498407e+00 4.000406772479380859e+12
1.242261180563828615e+00 3.822335963168260742e+12
1.247230225286083849e+00 3.905219592011000977e+12
1.252219146187228072e+00 3.812045388928300293e+12
1.257228022771976983e+00 3.865054885079348145e+12
1.262256934863064783e+00 3.839854513258018555e+12
1.267305962602517155e+00 3.861693497457216797e+12
1.272375186452927354e+00 3.848013307090032227e+12
1.277464687198738957e+00 3.841159179050446777e+12
1.282574545947533950e+00 3.808933852751923828e+12
1.287704844131324133e+00 3.748252711821458496e+12
1.292855663507849417e+00 3.734928861973037598e+12
1.298027086161880783e+00 3.764225723022024414e+12
1.303219194506528344e+00 3.750853328311523438e+12
1.308432071284554521e+00 3.725005918761505371e+12
1.313665799569692760e+00 3.751154201431020996e+12
1.318920462767971591e+00 3.751112220606534180e+12
1.324196144619043336e+00 3.688858925790469727e+12
1.329492929197519491e+00 3.662640474590437500e+12
1.334810900914309650e+00 3.625269189397689941e+12
1.340150144517967101e+00 3.604763357061883789e+12
1.345510745096038852e+00 3.607646800083024902e+12
1.350892788076423212e+00 3.604233071413351074e+12
1.356296359228728932e+00 3.586975924300586914e+12
1.361721544665643879e+00 3.600561348269193848e+12
1.367168430844306393e+00 3.586217888059619141e+12
1.372637104567683730e+00 3.601025522087537109e+12
1.378127652985954299e+00 3.573682926356260742e+12
1.383640163597898098e+00 3.575736686368252930e+12
1.389174724252289828e+00 3.552798809378756836e+12
1.394731423149298877e+00 3.539200792950773926e+12
1.400310348841896202e+00 3.520940015073736816e+12
1.405911590237263642e+00 3.501621476449158203e+12
1.411535236598212784e+00 3.490171691976018555e+12
1.417181377544605603e+00 3.476820106044442871e+12
1.422850103054784210e+00 3.462387107681435547e+12
1.428541503467003038e+00 3.383958855412759766e+12
1.434255669480871243e+00 3.450333156079551270e+12
1.439992692158794885e+00 3.436464594237965820e+12
1.445752662927429988e+00 3.427727731830952148e+12
1.451535673579139596e+00 3.420823495029611328e+12
1.457341816273456159e+00 3.395077809911181152e+12
1.463171183538549913e+00 3.398563825269092285e+12
1.469023868272704147e+00 3.367560973355595215e+12
1.474899963745795128e+00 3.372898323974263672e+12
1.480799563600778246e+00 3.360050754874519043e+12
1.486722761855181485e+00 3.307468771234088379e+12
1.492669652902602007e+00 3.347402153222360840e+12
1.498640331514212276e+00 3.324329204542095703e+12
1.504634892840269300e+00 3.158877195571063477e+12
1.510653432411630304e+00 3.306687500648492188e+12
1.516696046141276843e+00 3.272035676419784668e+12
1.522762830325842032e+00 3.310592768063600098e+12
1.528853881647145307e+00 3.312494809232819336e+12
1.534969297173733649e+00 3.289585079687338867e+12
1.541109174362428780e+00 3.297016488850595703e+12
1.547273611059878373e+00 3.281721796043621582e+12
1.553462705504118135e+00 3.267384669527072754e+12
1.559676556326134556e+00 3.228932882243033691e+12
1.565915262551438980e+00 3.253853816838573730e+12
1.572178923601644795e+00 3.217705006029105469e+12
1.578467639296051495e+00 3.193945915171209473e+12
1.584781509853235626e+00 3.232092048200110352e+12
1.591120635892648405e+00 3.242449042654138184e+12
1.597485118436219098e+00 3.225669297165356934e+12
1.603875058909963958e+00 3.186025816452568848e+12
1.610290559145603595e+00 3.213759775964228516e+12
1.616731721382186127e+00 2.950362270777249023e+12
1.623198648267714761e+00 3.107074338728519531e+12
1.629691442860785600e+00 3.199355202702604492e+12
1.636210208632228769e+00 3.203676078656225586e+12
1.642755049466757766e+00 3.119209081693896973e+12
1.649326069664624805e+00 3.143312646511040039e+12
1.655923373943283039e+00 3.137454726463494629e+12
1.662547067439056336e+00 3.057176803891503418e+12
1.669197255708812611e+00 3.072080250976142578e+12
1.675874044731648027e+00 3.055991373780228027e+12
1.682577540910574321e+00 3.006483272735024414e+12
1.689307851074216771e+00 2.992334535689673340e+12
1.696065082478513508e+00 2.966506118037309570e+12
1.702849342808427480e+00 2.936629390944642090e+12
1.709660740179661298e+00 2.791013520659093262e+12
1.716499383140379864e+00 2.862810653014416992e+12
1.723365380672941427e+00 2.830905787402489746e+12
1.730258842195633306e+00 2.788989040020979004e+12
1.737179877564415831e+00 2.752118939604208496e+12
1.744128597074673603e+00 2.730725265051533203e+12
1.751105111462972097e+00 2.667485449156653809e+12
1.758109531908824241e+00 2.642404253795207031e+12
1.765141970036459451e+00 2.612226635251902344e+12
1.772202537916605314e+00 2.572957246391121094e+12
1.779291348068271716e+00 2.530334532845092773e+12
1.786408513460544745e+00 2.498777851845160156e+12
1.793554147514387020e+00 2.458284888947891113e+12
1.800728364104444257e+00 2.428909569507139160e+12
1.807931277560862249e+00 2.388050721886921387e+12
1.815163002671105641e+00 2.377625560113237305e+12
1.822423654681789795e+00 2.346464784243141602e+12
1.829713349300517100e+00 2.307130724409416992e+12
1.837032202697718830e+00 2.292502651080512695e+12
1.844380331508509885e+00 2.155879813216730469e+12
1.851757852834543527e+00 2.202620276996430664e+12
1.859164884245881888e+00 2.147893491138078369e+12
1.866601543782865358e+00 2.172698070307964355e+12
1.874067949957996859e+00 2.133521981890177979e+12
1.881564221757828781e+00 2.127762916751007568e+12
1.889090478644860127e+00 2.093968148098727051e+12
1.896646840559439662e+00 2.083017632364182129e+12
1.904233427921677269e+00 2.062475231218345459e+12
1.911850361633363971e+00 2.044723718437715088e+12
1.919497763079897279e+00 2.017095429941440918e+12
1.927175754132217200e+00 1.861392189636640381e+12
1.934884457148745796e+00 1.869614343521930908e+12
1.942623994977340729e+00 1.708274033455126709e+12
1.950394490957250149e+00 1.705799215891716064e+12
1.958196068921079336e+00 1.892749214097343750e+12
1.966028853196763793e+00 1.879935989479991211e+12
1.973892968609550991e+00 1.658085903189785889e+12
1.981788540483989447e+00 1.599966037202879150e+12
1.989715694645925126e+00 1.616168215302482666e+12
1.997674557424508723e+00 1.759332054016273682e+12
2.005665255654207169e+00 1.785644866932764893e+12
2.013687916676823786e+00 1.765373251030384033e+12
2.021742668343530891e+00 1.746626942876689697e+12
2.029829639016905052e+00 1.726468269879427002e+12
2.037948957572972564e+00 1.709249719203842041e+12
2.046100753403264694e+00 1.686737908259127930e+12
2.054285156416877811e+00 1.680605921992711914e+12
2.062502297042545507e+00 1.648886230484472412e+12
2.070752306230715600e+00 1.641510731933203857e+12
2.079035315455638244e+00 1.627848742945017334e+12
2.087351456717461140e+00 1.608998445238311279e+12
2.095700862544330967e+00 1.561923405235199707e+12
2.104083665994508134e+00 1.583150484213752930e+12
2.112500000658485977e+00 1.567535075997344482e+12
2.120950000661120161e+00 1.554453748131936523e+12
2.129433800663764753e+00 1.534732500959965332e+12
2.137951535866419839e+00 1.521366403873079346e+12
2.146503342009885351e+00 1.507220793152033691e+12
2.155089355377924676e+00 1.496728053978084229e+12
2.163709712799436691e+00 1.486950119747824463e+12
2.172364551650634468e+00 1.471013940213259277e+12
2.181054009857236853e+00 1.443814060673543945e+12
2.189778225896665376e+00 1.433777108925342285e+12
2.198537338800252705e+00 1.420526403068445557e+12
2.207331488155453325e+00 1.326627990655194580e+12
2.216160814108075083e+00 1.401635999990776611e+12
2.225025457364507631e+00 1.351274701324281250e+12
2.233925559193965515e+00 1.360075887444711182e+12
2.242861261430741493e+00 1.357610805685620117e+12
2.251832706476463830e+00 1.347098028026990234e+12
2.260840037302370042e+00 1.298667571553151123e+12
2.269883397451579299e+00 1.314925312153453613e+12
2.278962931041386142e+00 1.288197853615376953e+12
2.288078782765551100e+00 1.288906441830817871e+12
2.297231097896613505e+00 1.117756648504292236e+12
2.306420022288200311e+00 1.189175901325613770e+12
2.315645702377353121e+00 1.188909101422596436e+12
2.324908285186861878e+00 1.054008223031451782e+12
2.334207918327609654e+00 1.086635454878254395e+12
2.343544750000919663e+00 1.108547803942358154e+12
2.352918929000923143e+00 1.018943815302467773e+12
2.362330604716927240e+00 1.039966397585624268e+12
2.371779927135795329e+00 1.059040795480592163e+12
2.381267046844337987e+00 9.924791420389923096e+11
2.390792115031715070e+00 9.804279182910787354e+11
2.400355283491842240e+00 9.995725378656217041e+11
2.409956704625809465e+00 9.660671278015452881e+11
2.419596531444312859e+00 9.259895354129594727e+11
2.429274917570089620e+00 9.368134758351992188e+11
2.438992017240370291e+00 9.254634175765157471e+11
2.448747985309331465e+00 8.735254967815960693e+11
2.458542977250568917e+00 8.693997387927946777e+11
2.468377149159570738e+00 8.796088103094616699e+11
2.478250657756209563e+00 8.251103146227762451e+11
2.488163660387234355e+00 8.223851839339273682e+11
2.498116315028783063e+00 8.304016325764124756e+11
2.508108780288898387e+00 8.059443610280472412e+11
2.518141215410053757e+00 7.873378349026166992e+11
2.528213780271693967e+00 7.792404490608024902e+11
2.538326635392781139e+00 7.927389536625480957e+11
2.548479941934351789e+00 7.658123431771551514e+11
2.558673861702089436e+00 7.663104649769918213e+11
2.568908557148898097e+00 7.682944609061947021e+11
2.579184191377493551e+00 7.543113128985695801e+11
2.589500928143003478e+00 7.485722040551716309e+11
2.599858931855575594e+00 7.513555528431821289e+11
2.610258367582998229e+00 7.549347250487358398e+11
2.620699401053329769e+00 7.350460733762478027e+11
2.631182198657543214e+00 7.381369488166679688e+11
2.641706927452173392e+00 7.314394464625183105e+11
2.652273755161981938e+00 7.320905030299405518e+11
2.662882850182629824e+00 7.258032126850355225e+11
2.673534381583360542e+00 7.102235921251961670e+11
2.684228519109693956e+00 7.042386464800623779e+11
2.694965433186132575e+00 6.872612470484848633e+11
2.705745294918877164e+00 6.830433431081956787e+11
2.716568276098552559e+00 6.686512059413536377e+11
2.727434549202946812e+00 6.520046018980961914e+11
2.738344287399758326e+00 6.414092357105363770e+11
2.749297664549357201e+00 6.364259406456022949e+11
2.760294855207554576e+00 6.302036129335769043e+11
2.771336034628385292e+00 6.171582627637331543e+11
2.782421378766898545e+00 6.078871138895802002e+11
2.793551064281966312e+00 6.057124641270826416e+11
2.804725268539093985e+00 5.887638543916752930e+11
2.815944169613250558e+00 5.758277794265977783e+11
2.827207946291703244e+00 5.821850129994532471e+11
2.838516778076869862e+00 5.638786011810955811e+11
2.849870845189177437e+00 5.560317743721420898e+11
2.861270328569933685e+00 5.592115206510720215e+11
2.872715409884213589e+00 5.447465667630847778e+11
2.884206271523750420e+00 5.400265181047946777e+11
2.895743096609845413e+00 5.379580516200241089e+11
2.907326068996284985e+00 5.182553756872893677e+11
2.918955373272270393e+00 5.193540704615888062e+11
2.930631194765359826e+00 5.056528460048512573e+11
2.942353719544420709e+00 4.979082503554555664e+11
2.954123134422598440e+00 4.995289938341270142e+11
2.965939626960289122e+00 4.878274688220234375e+11
2.977803385468130504e+00 4.880957291814541016e+11
2.989714599010003138e+00 4.759440804489546509e+11
3.001673457406043077e+00 4.733882348737567139e+11
3.013680151235667015e+00 4.688280826181574707e+11
3.025734871840609408e+00 4.531317286811361084e+11
3.037837811327972037e+00 4.625295007389996338e+11
3.049989162573283785e+00 4.461519393910667114e+11
3.062189119223576395e+00 4.491980621864290161e+11
3.074437875700470890e+00 4.390681074723934326e+11
3.086735627203272880e+00 4.332903266250232544e+11
3.099082569712085622e+00 4.329909849469215088e+11
3.111478899990933744e+00 4.230987992882960205e+11
3.123924815590897186e+00 4.228658997796088867e+11
3.136420514853261121e+00 4.158773885164451904e+11
3.148966196912674320e+00 4.123239536481581421e+11
3.161562061700325277e+00 4.087194341497063599e+11
3.174208309947126327e+00 4.015402639605301514e+11
3.186905143186915090e+00 4.026447416772389526e+11
3.199652763759662566e+00 3.910017753226506348e+11
3.212451374814701222e+00 3.957885885625352173e+11
3.225301180313960625e+00 3.878120532720677490e+11
3.238202385035215958e+00 3.841562300786880493e+11
3.251155194575356955e+00 3.814604384134461670e+11
3.264159815353658622e+00 3.770980468377595215e+11
3.277216454615073271e+00 3.730016618705466919e+11
3.290325320433533207e+00 3.690380135249758911e+11
3.303486621715267635e+00 3.667387877702081909e+11
3.316700568202128441e+00 3.606563160086235352e+11
3.329967370474937294e+00 3.605964836426063843e+11
3.343287239956836743e+00 3.533929274272103882e+11
3.356660388916663962e+00 3.514341596287509155e+11
3.370087030472330714e+00 3.476981977882153320e+11
3.383567378594220187e+00 3.431738047499267578e+11
3.397101648108596716e+00 3.401192484958102417e+11
3.410690054701031482e+00 3.317135861600308838e+11
3.424332814919834878e+00 3.331089806809274902e+11
3.438030146179514634e+00 3.288880138156440430e+11
3.451782266764232610e+00 3.255560591007978516e+11
3.465589395831289998e+00 3.220917738057360229e+11
3.479451753414614767e+00 3.181194114299996948e+11
3.493369560428273068e+00 3.135633220875569458e+11
3.507343038669985980e+00 3.116607981579802856e+11
3.521372410824665788e+00 3.061991142647679443e+11
3.535457900467964709e+00 3.034878365736337280e+11
3.549599732069836477e+00 3.000094900218624268e+11
3.563798130998116154e+00 2.961206647925746460e+11
3.578053323522108364e+00 2.926823965674633789e+11
3.592365536816196858e+00 2.894113006619649658e+11
3.606734998963461614e+00 2.857492968641716309e+11
3.621161938959315041e+00 2.820398272322296143e+11
3.635646586715152839e+00 2.783354978818785400e+11
3.650189173062013293e+00 2.751140530388623047e+11
3.664789929754260545e+00 2.713122247778074341e+11
3.679449089473277645e+00 2.677527101877319641e+11
3.694166885831170699e+00 2.647923132651939392e+11
3.708943553374495661e+00 2.611000518220106201e+11
3.723779327587993571e+00 2.586405811508878479e+11
3.738674444898345328e+00 2.540070786177293091e+11
3.753629142677938901e+00 2.524824432037389221e+11
3.768643659248651190e+00 2.487031715800424805e+11
3.783718233885645432e+00 2.459195412744754639e+11
3.798853106821188153e+00 2.425443072363765869e+11
3.814048519248473657e+00 2.395611815151533813e+11
3.829304713325467180e+00 2.357757605337273254e+11
3.844621932178768908e+00 2.327885829842059631e+11
3.860000419907484215e+00 2.299931799612220459e+11
3.875440421587113882e+00 2.267496244921844788e+11
3.890942183273462529e+00 2.234818461657916565e+11
3.906505952006555926e+00 2.208626350619053040e+11
3.922131975814582727e+00 2.179005795509199219e+11
3.937820503717840648e+00 2.144194284028892517e+11
3.953571785732711508e+00 2.091594839699393616e+11
3.969386072875642490e+00 2.084302178502746277e+11
3.985263617167145167e+00 2.029819695985719299e+11
4.001204671635814059e+00 1.990038923910229492e+11
4.017209490322357190e+00 1.965642203813623352e+11
4.033278328283646630e+00 1.952877907992116699e+11
4.049411441596781458e+00 1.848366217784890137e+11
4.065609087363168506e+00 1.876928004366031189e+11
4.081871523712622185e+00 1.808985489200665588e+11
4.098199009807472315e+00 1.800713027120637207e+11
4.114591805846702144e+00 1.794234045803394775e+11
4.131050173070089038e+00 1.721028480460996094e+11
4.147574373762369149e+00 1.732030982839722595e+11
4.164164671257418959e+00 1.682377706488334351e+11
4.180821329942449260e+00 1.670609945476171265e+11
4.197544615262219558e+00 1.656393829210264587e+11
4.214334793723269357e+00 1.603625922885805359e+11
4.231192132898162761e+00 1.602689871017266235e+11
4.248116901429755288e+00 1.558038424121975708e+11
4.265109369035473996e+00 1.538742246849695129e+11
4.282169806511615384e+00 1.530960035951036072e+11
4.299298485737661935e+00 1.380059833087758484e+11
4.316495679680612874e+00 1.379623754176489258e+11
4.333761662399335357e+00 1.360101945823098755e+11
4.351096709048932532e+00 1.293715701724480286e+11
4.368501095885127583e+00 1.259154840659149475e+11
4.385975100268668214e+00 1.228697244652133942e+11
4.403519000669743555e+00 1.187715827509669952e+11
4.421133076672422391e+00 1.159184682140353241e+11
4.438817608979111817e+00 1.134814670593896179e+11
4.456572879415028332e+00 1.113308441745685120e+11
4.474399170932688463e+00 1.064284838875339661e+11
4.492296767616419828e+00 1.065867822430845490e+11
4.510265954686884626e+00 1.054099835239280853e+11
4.528307018505633330e+00 1.019671096174727936e+11
4.546420246579655711e+00 1.014269164377908630e+11
4.564605927565974497e+00 9.961579453296339417e+10
4.582864351276237258e+00 9.831003540204339600e+10
4.601195808681342925e+00 9.748013950990127563e+10
4.619600591916067422e+00 9.730262310731277466e+10
4.638078994283731937e+00 9.546567710284376526e+10
4.656631310260867629e+00 9.658601923320500183e+10
4.675257835501911430e+00 9.457267374424041748e+10
4.693958866843916944e+00 9.332064360205744934e+10
4.712734702311292878e+00 9.226390047675732422e+10
4.731585641120538810e+00 9.198763318224780273e+10
4.750511983685020923e+00 9.020778932678561401e+10
4.769514031619761063e+00 8.905050359744975281e+10
4.788592087746240011e+00 8.808295351686309814e+10
4.807746456097224730e+00 8.677518491791090393e+10
4.826977441921613377e+00 8.701173068444543457e+10
4.846285351689299858e+00 8.537902893699531555e+10
4.865670493096057925e+00 8.451209292544357300e+10
4.885133175068442135e+00 8.243456393733184814e+10
4.904673707768715474e+00 8.204367579181677246e+10
4.924292402599791174e+00 7.983320906440286255e+10
4.943989572210189642e+00 7.913013567358151245e+10
4.963765530499030021e+00 7.733327749138157654e+10
4.983620592621027079e+00 7.766520633015188599e+10
5.003555074991511198e+00 7.588300283181826782e+10
5.023569295291476777e+00 7.410138911150833130e+10
5.043663572472643075e+00 7.551847914604537964e+10
5.063838226762532813e+00 7.383380127826121521e+10
5.084093579669583640e+00 7.200554713193508911e+10
5.104429953988261381e+00 7.178785236591398621e+10
5.124847673804215020e+00 7.076482206650749207e+10
5.145347064499431688e+00 7.103997557869216919e+10
5.165928452757428957e+00 6.853598589599270630e+10
5.186592166568458673e+00 6.903714299313723755e+10
5.207338535234733001e+00 6.702542098349880219e+10
5.228167889375671784e+00 6.734555315146958923e+10
5.249080560933174766e+00 6.544333648408891296e+10
5.270076883176907145e+00 6.557962817317852783e+10
5.291157190709615321e+00 6.398432814651677704e+10
5.312321819472453299e+00 6.413788968693428802e+10
5.333571106750343738e+00 6.285200844318545532e+10
5.354905391177344320e+00 6.205587179174893951e+10
5.376325012742054099e+00 6.145671806409870911e+10
5.397830312793021612e+00 6.122075737392728424e+10
5.419421634044193858e+00 5.920030251992924500e+10
5.441099320580370602e+00 5.982352836932794952e+10
5.462863717862692425e+00 5.808518476287757874e+10
5.484715172734142996e+00 5.771020727246096802e+10
5.506654033425078865e+00 5.714934183214152527e+10
5.528680649558780580e+00 5.697510886119713593e+10
5.550795372157015350e+00 5.544683729780284882e+10
5.572998553645643227e+00 5.491055517676367188e+10
5.595290547860225949e+00 5.487095350759268188e+10
5.617671710051667766e+00 5.387624053208338928e+10
5.640142396891874021e+00 5.343843418097256470e+10
5.662702966479441713e+00 5.303107076953012085e+10
5.685353778345359821e+00 5.154933140420877838e+10
5.708095193458740724e+00 5.152595045329141998e+10
5.730927574232576482e+00 5.071404635376927185e+10
5.753851284529505783e+00 5.059286396091370392e+10
5.776866689667624399e+00 4.996687498350459290e+10
5.799974156426294769e+00 4.930100784024424744e+10
5.823174053051999977e+00 4.838680371590570068e+10
5.846466749264207508e+00 4.783279490154700470e+10
5.869852616261264977e+00 4.755786430976034546e+10
5.893332026726310069e+00 4.674014353742977142e+10
5.916905354833215114e+00 4.655996153419184113e+10
5.940572976252548543e+00 4.577448723158891296e+10
5.964335268157558545e+00 4.520225344681948853e+10
5.988192609230189589e+00 4.465802142128919220e+10
6.012145379667110490e+00 4.427656431236439514e+10
6.036193961185778889e+00 4.333027622433324432e+10
6.060338737030522616e+00 4.306434732437359619e+10
6.084580091978644134e+00 4.268060619510147095e+10
6.108918412346558746e+00 4.185723191038571167e+10
6.133354085995945226e+00 4.170636093876401520e+10
6.157887502339929320e+00 4.108899988644210815e+10
6.182519052349287669e+00 4.033551592772492218e+10
6.207249128558685491e+00 3.988814976582526398e+10
6.232078125072920471e+00 3.938499440285712433e+10
6.257006437573212843e+00 3.877750542700651550e+10
6.282034463323505236e+00 3.831105874110524750e+10
6.307162601176800720e+00 3.775766289909080505e+10
6.332391251581507063e+00 3.725499093109251404e+10
6.357720816587833390e+00 3.665249366143336487e+10
6.383151699854184180e+00 3.598133780343585205e+10
6.408684306653601226e+00 3.529455737584465027e+10
6.434319043880215361e+00 3.482805332149446869e+10
6.460056320055736379e+00 3.377801070134919739e+10
6.485896545335958052e+00 3.272412762716780090e+10
6.511840131517302233e+00 3.242216582697753143e+10
6.537887492043371829e+00 3.169368773868170547e+10
6.564039042011545533e+00 3.095555511575059128e+10
6.590295198179591196e+00 3.014105107156695557e+10
6.616656378972309405e+00 2.985031377516007233e+10
6.643123004488199257e+00 2.917442637169717026e+10
6.669695496506150789e+00 2.881539864143534088e+10
6.696374278492176479e+00 2.830005514973528290e+10
6.723159775606144528e+00 2.820889862794421387e+10
6.750052414708568094e+00 2.775338167170321655e+10
6.777052624367403411e+00 2.685230705455919647e+10
6.804160834864871887e+00 2.673783056341679764e+10
6.831377478204331055e+00 2.618402248207042313e+10
6.858702988117148180e+00 2.615138562900407791e+10
6.886137800069615622e+00 2.569272361510882950e+10
6.913682351269895499e+00 2.515100229806664276e+10
6.941337080674975013e+00 2.491709584211405563e+10
6.969102428997675069e+00 2.461414761651543808e+10
6.996978838713665994e+00 2.430495922926464844e+10
7.024966754068519670e+00 2.397931069997241592e+10
7.053066621084793653e+00 2.360503820086578369e+10
7.081278887569133929e+00 2.321398578818188477e+10
7.109604003119409654e+00 2.267389747698168182e+10
7.138042419131887861e+00 2.266754728175014496e+10
7.166594588808414379e+00 2.234832847888512039e+10
7.195260967163648047e+00 2.195034441179541779e+10
7.224042011032302923e+00 2.159510057188459396e+10
7.252938179076432235e+00 2.129263460762185287e+10
7.281949931792737196e+00 2.109199981127567673e+10
7.311077731519908696e+00 2.080328803016380692e+10
7.340322042445988515e+00 2.034098183852865982e+10
7.369683330615771411e+00 2.007188599701364517e+10
7.399162063938235612e+00 2.005603353459668732e+10
7.428758712193988423e+00 1.943168746628742981e+10
7.458473747042765112e+00 1.941120945033947372e+10
7.488307642030935796e+00 1.907122718121721268e+10
7.518260872599060285e+00 1.869881900021298218e+10
7.548333916089456253e+00 1.860158123166795349e+10
7.578527251753813587e+00 1.806192313556735992e+10
7.608841360760829176e+00 1.767226096655402374e+10
7.639276726203872769e+00 1.710593835466337967e+10
7.669833833108687493e+00 1.707981232639043045e+10
7.700513168441122325e+00 1.667197297382468796e+10
7.731315221114887670e+00 1.627750923679731560e+10
7.762240481999347352e+00 1.620153843797326851e+10
7.793289443927344351e+00 1.563147999646199226e+10
7.824462601703054077e+00 1.559698155850286484e+10
7.855760452109866065e+00 1.525649607027038765e+10
7.887183493918306532e+00 1.481261693845091629e+10
7.918732227893980458e+00 1.478287210429142380e+10
7.950407156805555431e+00 1.452313533797405815e+10
7.982208785432777454e+00 1.410674182608657455e+10
8.014137620574508958e+00 1.410640817696862411e+10
8.046194171056805899e+00 1.373178015519822884e+10
8.078378947741034821e+00 1.366160650009315681e+10
8.110692463531997021e+00 1.331054652299263763e+10
8.143135233386125549e+00 1.319023136266314125e+10
8.175707774319670662e+00 1.301235702584032059e+10
8.208410605416949224e+00 1.271557068943815804e+10
8.241244247838615422e+00 1.273266049625275040e+10
8.274209224829968790e+00 1.238090082505822182e+10
8.307306061729288871e+00 1.230634306508454323e+10
8.340535285976207192e+00 1.201792562614068985e+10
8.373897427120111203e+00 1.179593023735427666e+10
8.407393016828594412e+00 1.186432546333998299e+10
8.441022588895906509e+00 1.155383222649730492e+10
8.474786679251490540e+00 1.141928072048825264e+10
8.508685825968495209e+00 1.116721639584133911e+10
8.542720569272368891e+00 1.106682644205681610e+10
8.576891451549458978e+00 1.090139227354730225e+10
8.611199017355655627e+00 1.083918593886747169e+10
8.645643813425078150e+00 1.070059836659632874e+10
8.680226388678779159e+00 1.051762351072853851e+10
8.714947294233493125e+00 1.041778212376972008e+10
8.749807083410427566e+00 1.019806386959271622e+10
8.784806311744070229e+00 1.015552697582629967e+10
8.819945536991047774e+00 9.920678730242170334e+09
8.855225319139009343e+00 9.798515515278404236e+09
8.890646220415566958e+00 9.768406397973707199e+09
8.926208805297228821e+00 9.626676334714225769e+09
8.961913640518417878e+00 9.453448789444013596e+09
8.997761295080492161e+00 9.364829826678421021e+09
9.033752340260813085e+00 9.245080648499769211e+09
9.069887349621856387e+00 9.160042767433229446e+09
9.106166899020346150e+00 8.918043136834011078e+09
9.142591566616424359e+00 8.830217433136812210e+09
9.179161932882891506e+00 8.709821210084608078e+09
9.215878580614422333e+00 8.595652052019554138e+09
9.252742094936881045e+00 8.475071885220462799e+09
9.289753063316627646e+00 8.410113644270655632e+09
9.326912075569895322e+00 8.226806638375786781e+09
9.364219723872173162e+00 8.166014259410673141e+09
9.401676602767663482e+00 8.025641932988004684e+09
9.439283309178733816e+00 7.897330221505473137e+09
9.477040442415447075e+00 7.786062639533029556e+09
9.514948604185111236e+00 7.688115598109829903e+09
9.553008398601852136e+00 7.574679164746369362e+09
9.591220432196260859e+00 7.468074086781843185e+09
9.629585313925044687e+00 7.355921450523956299e+09
9.668103655180747324e+00 7.271743867393152237e+09
9.706776069801470896e+00 7.177468194712717056e+09
9.745603174080676112e+00 7.051190321072304726e+09
9.784585586776998412e+00 6.992200923336199760e+09
9.823723929124106746e+00 6.860457856397469521e+09
9.863018824840601440e+00 6.768827856234813690e+09
9.902470900139965337e+00 6.577528266758060455e+09
9.942080783740523842e+00 6.551142458667593002e+09
9.981849106875488431e+00 6.441941792091223717e+09
1.002177650330298952e+01 6.384944022118362427e+09
1.006186360931619994e+01 6.269793090189248085e+09
1.010211106375346723e+01 6.146881413594515800e+09
1.014251950800847979e+01 6.078634016387335777e+09
1.018308958604051284e+01 6.011556724755113602e+09
1.022382194438467451e+01 5.902835970608367920e+09
1.026471723216221399e+01 5.816223017895931244e+09
1.030577610109086173e+01 5.715563062105093956e+09
1.034699920549522467e+01 5.616055485688454628e+09
1.038838720231720458e+01 5.548090212660476685e+09
1.042994075112647501e+01 5.458551414159126282e+09
1.047166051413097954e+01 5.376972404104558945e+09
1.051354715618750468e+01 5.277817395143285751e+09
1.055560134481225454e+01 5.199028833619739532e+09
1.059782375019150358e+01 5.115654902637088776e+09
1.064021504519226902e+01 5.066922375617623329e+09
1.068277590537303823e+01 4.995841363835585594e+09
1.072550700899452991e+01 4.859315606606648445e+09
1.076840903703050856e+01 4.797335508816272736e+09
1.081148267317863088e+01 4.738515050920190811e+09
1.085472860387134553e+01 4.729535476327830315e+09
1.089814751828683015e+01 4.550129352231975555e+09
1.094174010835997635e+01 4.526462279903302193e+09
1.098550706879341909e+01 4.397215967900236130e+09
1.102944909706859100e+01 4.348775424135364532e+09
1.107356689345686540e+01 4.297427157510787964e+09
1.111786116103069233e+01 4.220488804831698895e+09
1.116233260567481622e+01 4.174219212974972248e+09
1.120698193609751492e+01 4.070562396467432499e+09
1.125180986384190440e+01 4.042243539630128384e+09
1.129681710329727373e+01 3.964227511083695412e+09
1.134200437171046083e+01 3.917467794471033096e+09
1.138737238919730466e+01 3.860323994772170067e+09
1.143292187875409383e+01 3.766878724996119022e+09
1.147865356626910938e+01 3.737337582315462112e+09
1.152456818053418530e+01 3.651478664800026894e+09
1.157066645325632237e+01 3.596559401047125816e+09
1.161694911906934635e+01 3.531203056611274719e+09
1.166341691554562487e+01 3.508360218494754791e+09
1.171007058320780736e+01 3.435492800854818344e+09
1.175691086554063958e+01 3.351023635464388371e+09
1.180393850900279951e+01 3.338602062056797981e+09
1.185115426303881137e+01 3.256976706956386089e+09
1.189855888009096674e+01 3.243936100712578773e+09
1.194615311561133097e+01 3.183649381483056068e+09
1.199393772807377623e+01 3.140888969208406448e+09
1.204191347898607134e+01 3.086647921479874134e+09
1.209008113290201614e+01 3.036645406810048103e+09
1.213844145743362368e+01 2.982239112694234371e+09
1.218699522326335938e+01 2.960461241438699722e+09
1.223574320415641381e+01 2.897386350841924191e+09
1.228468617697303777e+01 2.880202638056418419e+09
1.233382492168093059e+01 2.789456858941964626e+09
1.238316022136765504e+01 2.772081124923437595e+09
1.243269286225312520e+01 2.687038768573570251e+09
1.248242363370213859e+01 2.697398483910054684e+09
1.253235332823694748e+01 2.625944649211292744e+09
1.258248274154989410e+01 2.606799507681557178e+09
1.263281267251609385e+01 2.573554306798122883e+09
1.268334392320615756e+01 2.506004588887563229e+09
1.273407729889898299e+01 2.511246832974897861e+09
1.278501360809457665e+01 2.426249210978153229e+09
1.283615366252695544e+01 2.387738948617401600e+09
1.288749827717706253e+01 2.387755918295738697e+09
1.293904827028577031e+01 2.309880897765092850e+09
1.299080446336691352e+01 2.309715793236454487e+09
1.304276768122038099e+01 2.256169697522162437e+09
1.309493875194526424e+01 2.232720003397862911e+09
1.314731850695304693e+01 2.179610433559932709e+09
1.319990778098085649e+01 2.151215820059350014e+09
1.325270741210477965e+01 2.118443423258923054e+09
1.330571824175319939e+01 2.081374109171321154e+09
1.335894111472021173e+01 2.050231509303932905e+09
1.341237687917909227e+01 2.036358137249920368e+09
1.346602638669580898e+01 1.976052990846971035e+09
1.351989049224258999e+01 1.975617923822650433e+09
1.357397005421156067e+01 1.929105379576474428e+09
1.362826593442840917e+01 1.900854097704658747e+09
1.368277899816612297e+01 1.879785228565826654e+09
1.373751011415878942e+01 1.826996800561305046e+09
1.379246015461542463e+01 1.821125760648085594e+09
1.384762999523388416e+01 1.777593939227207899e+09
1.390302051521481808e+01 1.780552396657338619e+09
1.395863259727567751e+01 1.738284048444836855e+09
1.401446712766477987e+01 1.702763439057251453e+09
1.407052499617543972e+01 1.702382922004199505e+09
1.412680709616014063e+01 1.640102449956869841e+09
1.418331432454478147e+01 1.605262325771298647e+09
1.424004758184296193e+01 1.608298993626920462e+09
1.429700777217033369e+01 1.597379839414947987e+09
1.435419580325901379e+01 1.548435623592166662e+09
1.441161258647204946e+01 1.540405813149536848e+09
1.446925903681793812e+01 1.491144505579553843e+09
1.452713607296521126e+01 1.495218987682005167e+09
1.458524461725707155e+01 1.464919687258424520e+09
1.464358559572609764e+01 1.427863582007951260e+09
1.470215993810900557e+01 1.402806526947739601e+09
1.476096857786143879e+01 1.410566358623305798e+09
1.482001245217288599e+01 1.374184440319010735e+09
1.487929250198157760e+01 1.353481001868946552e+09
1.493880967198950316e+01 1.330316294421737194e+09
1.499856491067746056e+01 1.308223107289731264e+09
1.505855917032016933e+01 1.295473321056396961e+09
1.511879340700144958e+01 1.271848553096693516e+09
1.517926858062945605e+01 1.250297238979223967e+09
1.523998565495197433e+01 1.238822396122085333e+09
1.530094559757178274e+01 1.210215388940995216e+09
1.536214937996206764e+01 1.186794999523884058e+09
1.542359797748191674e+01 1.173517254398736954e+09
1.548529236939184450e+01 1.161199117980978489e+09
1.554723353886941339e+01 1.135214881664019108e+09
1.560942247302489072e+01 1.131573255232068539e+09
1.567186016291699069e+01 1.104563137266387224e+09
1.573454760356865556e+01 1.081961966288962364e+09
1.579748579398293096e+01 1.077208298719326735e+09
1.586067573715886247e+01 1.056707468948978305e+09
1.592411844010749888e+01 1.046650877593420267e+09
1.598781491386792730e+01 1.009308641743524075e+09
1.605176617352340074e+01 1.007348237967523932e+09
1.611597323821749228e+01 9.847002691097459793e+08
1.618043713117036120e+01 9.712472440724077225e+08
1.624515887969504391e+01 9.527287010380192995e+08
1.631013951521382310e+01 9.510788832985699177e+08
1.637538007327468037e+01 9.395435744133280516e+08
1.644088159356778078e+01 9.221644566106269360e+08
1.650664511994205341e+01 8.990437545230118036e+08
1.657267170042182158e+01 8.839413951412602663e+08
1.663896238722350418e+01 8.673403180348795652e+08
1.670551823677240222e+01 8.650365255442732573e+08
1.677234030971949608e+01 8.548514386001328230e+08
1.683942967095837062e+01 8.384725672075079679e+08
1.690678738964220429e+01 8.225362557129167318e+08
1.697441453920077237e+01 8.143540051607344151e+08
1.704231219735757108e+01 8.110527096223179102e+08
1.711048144614700561e+01 7.759988822161900997e+08
1.717892337193159236e+01 7.769182252681736946e+08
1.724763906541932101e+01 7.528515906713490486e+08
1.731662962168099895e+01 7.451286286467711926e+08
1.738589614016772344e+01 7.357456913494465351e+08
1.745543972472839300e+01 7.312151088396129608e+08
1.752526148362730751e+01 7.191789611653441191e+08
1.759536252956181812e+01 7.020718094492361546e+08
1.766574397968006238e+01 6.925903444904153347e+08
1.773640695559878466e+01 6.825162624058163166e+08
1.780735258342117433e+01 6.762051262640478611e+08
1.787858199375486024e+01 6.704847669914113283e+08
1.795009632172988034e+01 6.496187897275156975e+08
1.802189670701679702e+01 6.472137069887657166e+08
1.809398429384486562e+01 6.345819265030641556e+08
1.816636023102024211e+01 6.094861828208448887e+08
1.823902567194432578e+01 6.176395810401437283e+08
1.831198177463210186e+01 6.055680573695163727e+08
1.838522970173062987e+01 5.951194798330338001e+08
1.845877062053754969e+01 5.897789518651242256e+08
1.853260570301970134e+01 5.701393023787182570e+08
1.860673612583178027e+01 5.614667558151808977e+08
1.868116307033510637e+01 5.592214598642449379e+08
1.875588772261644976e+01 5.506197115005004406e+08
1.883091127350691352e+01 5.474658147866317034e+08
1.890623491860094063e+01 5.353399910819060802e+08
1.898185985827534594e+01 5.227806786646153331e+08
1.905778729770844748e+01 5.231138790169922709e+08
1.913401844689928311e+01 5.168307942555036545e+08
1.921055452068688041e+01 4.933574171052748561e+08
1.928739673876962968e+01 4.973197881864320040e+08
1.936454632572470658e+01 4.902595431003505588e+08
1.944200451102760141e+01 4.732179430869134068e+08
1.951977252907171589e+01 4.795412041327645183e+08
1.959785161918800256e+01 4.609647897045796514e+08
1.967624302566475691e+01 4.566040476807599664e+08
1.991079942767366973e+01 4.421092248106127381e+08
