# Wavelength (micrometer), Flux (W / m2 / m)
1.000553076518779783e-01 5.131492168803406525e+10
1.004555288824854897e-01 4.750710571768866061e-10
1.008573509980154326e-01 8.298714277497990836e-10
1.012607804020075053e-01 6.989866949016590236e-10
1.016658235236155422e-01 1.175829319956066713e-09
1.020724868177099870e-01 3.680069715662995951e-07
1.024807767649808382e-01 5.811954977780055592e-08
1.028906998720407612e-01 3.628756914119882928e-09
1.033022626715289355e-01 5.951956941627028331e-07
1.037154717222150413e-01 3.335687645357444844e-09
1.041303336091038839e-01 2.827868290476651774e-09
1.045468549435403099e-01 3.342367919815109155e-08
1.049650423633144702e-01 5.897477579037282909e-10
1.053849025327677214e-01 8.239664370802672292e-08
1.058064421428987906e-01 1.581774831441305780e-09
1.062296679114703990e-01 1.056511060073087412e-07
1.066545865831162732e-01 5.793781603576768671e-08
1.070812049294487533e-01 1.340126899713200111e-08
1.075095297491665408e-01 1.527768841811586689e-06
1.079395678681632220e-01 1.677109829688511078e-08
1.083713261396358624e-01 7.106235764796975170e-07
1.088048114441943909e-01 2.572165493081172854e-07
1.092400306899711654e-01 6.421292200120105539e-05
1.096769908127310511e-01 4.443811939168873301e-07
1.101156987759819850e-01 6.188052266084580846e-07
1.105561615710859147e-01 3.390688489921769351e-05
1.109983862173702651e-01 7.585770531621292107e-06
1.114423797622397516e-01 1.815217181111018030e-06
1.118881492812886930e-01 3.998747079978733900e-07
1.123357018784138517e-01 2.401991836124494858e-06
1.127850446859275102e-01 1.092417284061476422e-03
1.132361848646712132e-01 6.526323032835376018e-04
1.136891296041298988e-01 3.821012022672136996e-04
1.141438861225464035e-01 4.519246993402863967e-04
1.146004616670366072e-01 2.816108645418296283e-04
1.150588635137047705e-01 2.960553121171884149e-04
1.155190989677595953e-01 1.532504426731288506e-04
1.159811753636306314e-01 5.104697054795141568e-04
1.164451000650851553e-01 1.019291182488313058e-04
1.169108804653455069e-01 1.108106838182018833e-04
1.173785239872068981e-01 6.629486214016684122e-04
1.178480380831557206e-01 2.586382755602041790e-03
1.183194302354883543e-01 1.115624349156420529e-03
1.187927079564302935e-01 3.512791954358590878e-04
1.192678787882560099e-01 9.260071142227242280e-04
1.197449503034090645e-01 1.391123243375630382e-03
1.202239301046226783e-01 6.837830441636356482e-05
1.207048258250411760e-01 5.263151994927272063e-04
1.211876451283413342e-01 1.800551663609234736e-04
1.216723957088547137e-01 4.202432684613281678e-05
1.221590852916901310e-01 1.688592194063193836e-04
1.226477216328568792e-01 2.599235743764631242e-04
1.231383125193883099e-01 2.262819339186713445e-04
1.236308657694658586e-01 2.821068996472351933e-04
1.241253892325437369e-01 1.120441806255369069e-04
1.246218907894739159e-01 7.427643006258335587e-05
1.251203783526317892e-01 5.616463724441148107e-05
1.256208598660423226e-01 4.975516105481693615e-04
1.261233433055065078e-01 6.342087181758824079e-04
1.266278366787285392e-01 1.866081533859993022e-05
1.271343480254434610e-01 3.086758416656704357e-04
1.276428854175452321e-01 3.620403312250736780e-04
1.281534569592154005e-01 3.928149608876233993e-05
1.286660707870522780e-01 1.652669800509543854e-04
1.291807350702004475e-01 4.442693766315850890e-04
1.296974580104812425e-01 2.898901344052340714e-04
1.302162478425231973e-01 1.078028188279618919e-04
1.307371128338932764e-01 8.238964984394457104e-04
1.312600612852288795e-01 8.379316757086393078e-04
1.317851015303697915e-01 7.599647626454813978e-04
1.323122419364912705e-01 3.572906788622124026e-03
1.328414909042372472e-01 3.435801848391584461e-03
1.333728568678542170e-01 2.149258443398169120e-03
1.339063482953256612e-01 2.728730523871630495e-04
1.344419736885069383e-01 2.149489696252361842e-03
1.349797415832609815e-01 5.109165903227065771e-03
1.355196605495940232e-01 4.098812456442449230e-03
1.360617391917924301e-01 7.574803254633034021e-03
1.366059861485595939e-01 2.041319413187146162e-03
1.371524100931538481e-01 3.150984457739019334e-04
1.377010197335264696e-01 1.356811622738560673e-03
1.382518238124605670e-01 2.376419680467445686e-02
1.388048311077104136e-01 1.091515938402947729e-02
1.393600504321412248e-01 1.630211703251785698e-03
1.399174906338697677e-01 1.016297912236409232e-03
1.404771605964052761e-01 2.148000538175510662e-02
1.410390692387908651e-01 5.206856134185505747e-03
1.416032255157460562e-01 5.809734483435718966e-02
1.421696384178090522e-01 4.275904396794910482e-04
1.427383169714803168e-01 1.625756775506104895e-02
1.433092702393662099e-01 5.015512435614398745e-01
1.438825073203236771e-01 5.841485481841218047e-02
1.444580373496049674e-01 2.960023428385759048e-01
1.450358694990033503e-01 5.060548516999077012e-02
1.456160129769993872e-01 6.371507739288311267e-01
1.461984770289073976e-01 1.009365037072081250e+00
1.467832709370230082e-01 1.700577309225160538e-01
1.473704040207710897e-01 6.010086509262447807e-01
1.479598856368541382e-01 1.618280061806128683e-02
1.485517251794015725e-01 3.042864034164516340e-01
1.491459320801191979e-01 8.020490346741866450e-01
1.497425158084396690e-01 1.932307294469156056e-01
1.503414858716734248e-01 3.753500007026259411e+00
1.509428518151600951e-01 4.333667775775536524e-01
1.515466232224207677e-01 2.881125226270101619e-02
1.521528097153104220e-01 8.252610517589836769e-02
1.527614209541716672e-01 1.292662321605488746e-03
1.533724666379883694e-01 3.415378576514551106e-03
1.539859565045403056e-01 1.557433424928783778e-03
1.546019003305584838e-01 2.169212373696141028e-06
1.552203079318807133e-01 2.253206202597691487e-05
1.558411891636082569e-01 1.037316312434281341e-05
1.564645539202626778e-01 4.484363153930242351e-06
1.570904121359437411e-01 1.692170728671549601e-05
1.577187737844875093e-01 1.078300527506593908e-06
1.583496488796254653e-01 1.238584697929307628e-05
1.589830474751439959e-01 3.914588710153963833e-05
1.596189796650445414e-01 4.460786822279270550e-06
1.602574555837047166e-01 6.841424950626704778e-06
1.608984854060395708e-01 1.411020937548953998e-05
1.615420793476636807e-01 6.706220452742826214e-06
1.621882476650543525e-01 6.922368269025038275e-06
1.628370006557145755e-01 6.822977306721113231e-06
1.634883486583374457e-01 1.090167248978086676e-05
1.641423020529707844e-01 1.624007951843344050e-05
1.647988712611826723e-01 2.021739434635830870e-05
1.654580667462274002e-01 7.279710719987135978e-06
1.661198990132123077e-01 4.438059620606367054e-05
1.667843786092651215e-01 5.220035193339735673e-05
1.674515161237022098e-01 1.144316761770449413e-04
1.681213221881969755e-01 5.525226146393270171e-04
1.687938074769497754e-01 1.751616777759201716e-04
1.694689827068575905e-01 3.665402659905317787e-03
1.701468586376850278e-01 1.834887198416898253e-03
1.708274460722357391e-01 2.383403814141053269e-03
1.715107558565246715e-01 3.057583227949668258e-03
1.721967988799507909e-01 2.619342686960474814e-03
1.728855860754705820e-01 5.593909137946550224e-03
1.735771284197724640e-01 2.061957958332898827e-03
1.742714369334515678e-01 1.043644138666941900e-03
1.749685226811853456e-01 1.717615091289711321e-02
1.756683967719100681e-01 3.431807108125128035e-03
1.763710703589977391e-01 3.872859085108376620e-02
1.770765546404337309e-01 5.920680371001598580e-02
1.777848608589954471e-01 4.452531529631638917e-03
1.784960003024314568e-01 8.868748662974451635e-02
1.792099843036411844e-01 5.679648434198097257e-02
1.799268242408557650e-01 6.291890075818543093e-02
1.806465315378191772e-01 3.274831288757167336e-01
1.813691176639704306e-01 1.634956147791622946e-02
1.820945941346263086e-01 1.340324386067629769e-01
1.828229725111648329e-01 6.584221686825491027e-01
1.835542644012094771e-01 5.635074525744029374e-03
1.842884814588143239e-01 2.526410058065322040e-01
1.850256353846495561e-01 1.982507596953055007e+00
1.857657379261881403e-01 5.367119106290552805e-02
1.865088008778928996e-01 1.782776520956848021e+00
1.872548360814044743e-01 7.163473820247036050e-01
1.880038554257300876e-01 7.430850657832623052e-02
1.887558708474330049e-01 2.572455238084058848e+00
1.895108943308226879e-01 6.393154241339112920e-01
1.902689379081460019e-01 1.752149357249566941e-01
1.910300136597785636e-01 6.106448247475850799e+00
1.917941337144176972e-01 8.923680204042000463e-01
1.925613102492753359e-01 1.980480348185938766e+00
1.933315554902724498e-01 1.108690358327487857e+01
1.941048817122335568e-01 3.785669120681208089e+00
1.948813012390824828e-01 3.400738337980098169e+00
1.956608264440388156e-01 2.670467121056781679e+01
1.964434697498149418e-01 2.696604672598314156e+00
1.972292436288141937e-01 9.490192962447412839e+00
1.980181606033294406e-01 1.959424345698588255e+01
1.988102332457427346e-01 7.208993071801818253e+00
1.996054741787257336e-01 5.883502969352397471e+00
2.004038960754406518e-01 6.644051249336095033e+00
2.012055116597424309e-01 5.986069411476776736e+00
2.020103337063813842e-01 7.853086474331735012e+00
2.028183750412069219e-01 8.591793794262862605e+00
2.036296485413717494e-01 3.795700541298673070e+00
2.044441671355372303e-01 2.787447758712024104e+00
2.052619438040793887e-01 6.378522096989824419e+00
2.060829915792957157e-01 3.844441464507734274e+00
2.069073235456129201e-01 3.483147523055232675e+00
2.077349528397953449e-01 3.947964666762890928e+00
2.085658926511545219e-01 6.083773693641968627e+00
2.094001562217591150e-01 6.136017627906111827e+00
2.102377568466461677e-01 5.488531888877555609e+00
2.110787078740327671e-01 3.036277882275843609e+00
2.119230227055288740e-01 5.325208044758498183e+00
2.127707147963510126e-01 6.745160810741564816e+00
2.136217976555363773e-01 8.564470291320757767e+00
2.144762848461585492e-01 2.338290868606444306e+00
2.153341899855431840e-01 7.740601073366866203e+00
2.161955267454853669e-01 1.420089697072794443e+01
2.170603088524672986e-01 1.859161818384808385e+01
2.179285500878772042e-01 7.214292303313579957e+00
2.188002642882286852e-01 7.755069493593090613e+00
2.196754653453815986e-01 2.460437955737511118e+01
2.205541672067631020e-01 1.423949222301501294e+01
2.214363838755901703e-01 8.452473054495712290e+01
2.223221294110925284e-01 1.321808158846565284e+01
2.232114179287369160e-01 2.253333709788693682e+02
2.241042636004518529e-01 6.923581850413295058e+01
2.250006806548536520e-01 4.973729739051148044e+02
2.259006833774730438e-01 1.424675332640059082e+02
2.268042861109829667e-01 2.963685388540116037e+02
2.277115032554268836e-01 4.252002503517232981e+02
2.286223492684485714e-01 3.885864748257415613e+02
2.295368386655223802e-01 2.036657759872107590e+03
2.304549860201844658e-01 9.156965355641995075e+01
2.313768059642651864e-01 1.090046969587262993e+03
2.323023131881222503e-01 7.627007842268906188e+02
2.332315224408747223e-01 1.986089593887797037e+03
2.341644485306381973e-01 3.425137396264882227e+03
2.351011063247607502e-01 2.603105665395823962e+02
2.360415107500598020e-01 4.839471142215612417e+03
2.369856767930600405e-01 1.946660395130186032e+02
2.379336195002322851e-01 5.738063588008796614e+03
2.388853539782332114e-01 3.373305891472024086e+03
2.398408953941461863e-01 2.437272702525338536e+04
2.408002589757227141e-01 2.669826902388337476e+04
2.417634600116256582e-01 2.887482637320648337e+03
2.427305138516721306e-01 4.611305271396457829e+04
2.437014359070788505e-01 2.366670787529731751e+04
2.446762416507071713e-01 1.296978865543199936e+05
2.456549466173099938e-01 3.551364390916682169e+04
2.466375664037792625e-01 7.704697723114193650e+04
2.476241166693943785e-01 9.864837669126085530e+04
2.486146131360719436e-01 1.751546463610489809e+03
2.496090715886161993e-01 1.054824245825701801e+05
2.506075078749706586e-01 4.793629287771435338e+04
2.516099379064705155e-01 1.086278653020258935e+05
2.526163776580964138e-01 1.143805525339484448e+05
2.536268431687287994e-01 1.664700211385026807e+06
2.546413505414037437e-01 2.148043172145690303e+06
2.556599159435693491e-01 6.247588949225882534e+05
2.566825556073435988e-01 4.912218113479044405e+05
2.577092858297729827e-01 5.531353009148946730e+05
2.587401229730920682e-01 3.052399757273503928e+05
2.597750834649844576e-01 6.958024365704075899e+05
2.608141837988444123e-01 5.570876398152082693e+05
2.618574405340398092e-01 2.583981935665360186e+06
2.629048702961759298e-01 7.421071365233060904e+06
2.639564897773606367e-01 7.330255490704459138e+06
2.650123157364701054e-01 7.110476621646252461e+06
2.660723649994159445e-01 4.619066532023305073e+06
2.671366544594135917e-01 5.486696203247820958e+06
2.682052010772512096e-01 6.271071990860079415e+06
2.692780218815602478e-01 3.692906850794428028e+06
2.703551339690865030e-01 9.354202264508709311e+06
2.714365545049627904e-01 6.603229147557879798e+06
2.725223007229827243e-01 6.096743717535412870e+06
2.736123899258746106e-01 9.038914643917569891e+06
2.747068394855781692e-01 1.342810671280435100e+07
2.758056668435204806e-01 2.000694203865004331e+07
2.769088895108945403e-01 5.026379851957451552e+07
2.780165250689380918e-01 3.890254591761736572e+07
2.791285911692138466e-01 5.451750435142894834e+07
2.802451055338907038e-01 4.470817357676416636e+07
2.813660859560263017e-01 3.794210080392239988e+07
2.824915502998503469e-01 2.797889706134257838e+07
2.836215165010497197e-01 2.085381568449702486e+07
2.847560025670539119e-01 2.558101591204946861e+06
2.858950265773221866e-01 6.552927890817960724e+06
2.870386066836315142e-01 3.734733027876639366e+07
2.881867611103660631e-01 9.818782581267715991e+07
2.893395081548075787e-01 1.719965956224426627e+08
2.904968661874267610e-01 2.254227090240101516e+08
2.916588536521764197e-01 2.774478120986828208e+08
2.928254890667851273e-01 2.592176861246753037e+08
2.939967910230522619e-01 2.601056937636952698e+08
2.951727781871444911e-01 2.131846904660576284e+08
2.963534692998930908e-01 2.392034599567890465e+08
2.975388831770926501e-01 2.687139770240831971e+08
2.987290387098009981e-01 4.050158283961638808e+08
2.999239548646402409e-01 2.670955250184534788e+08
3.011236506840988536e-01 7.083824406985013485e+08
3.023281452868351593e-01 2.683396527849897444e+08
3.035374578679824742e-01 1.073679675934788346e+09
3.047516076994544187e-01 9.124139003020322323e+08
3.059706141302522830e-01 1.111832237455159426e+09
3.071944965867733357e-01 1.813403768779227495e+09
3.084232745731204095e-01 2.379453573324671745e+09
3.096569676714128194e-01 2.222832873936586380e+09
3.108955955420985018e-01 3.090917712885304451e+09
3.121391779242668751e-01 3.489873088590364456e+09
3.133877346359639215e-01 4.364026411597637177e+09
3.146412855745078230e-01 5.660513555024424553e+09
3.158998507168058190e-01 5.460817498623003960e+09
3.171634501196730627e-01 8.890713235013963699e+09
3.184321039201517545e-01 7.001942908805850983e+09
3.197058323358323295e-01 7.223716686660636902e+09
3.209846556651756444e-01 9.202016961743375778e+09
3.222685942878363852e-01 1.105779293555803490e+10
3.235576686649877520e-01 1.110218507855772972e+10
3.248518993396476984e-01 1.373131262700139046e+10
3.261513069370062801e-01 1.512434706211182976e+10
3.274559121647543369e-01 1.733005620822779846e+10
3.287657358134133401e-01 1.943636394973869324e+10
3.300807987566670154e-01 1.846339124459245300e+10
3.314011219516936890e-01 2.709550477840019989e+10
3.327267264395004642e-01 2.792695570199398422e+10
3.340576333452584534e-01 3.542405078582014465e+10
3.353938638786395088e-01 3.396385703722361755e+10
3.367354393341540630e-01 3.846897891452486420e+10
3.380823810914907468e-01 4.179523850071205139e+10
3.394347106158566718e-01 4.212365393008710480e+10
3.407924494583201014e-01 4.499387603745753479e+10
3.421556192561533982e-01 4.191000432706511688e+10
3.435242417331779707e-01 2.531417385627083206e+10
3.448983387001106626e-01 3.113235799195281219e+10
3.462779320549111417e-01 3.692862160904331207e+10
3.476630437831307319e-01 3.003176573534874725e+10
3.490536959582632992e-01 3.265011810466768265e+10
3.504499107420963600e-01 6.356894863057700348e+10
3.518517103850647421e-01 5.904200957766054535e+10
3.532591172266050239e-01 7.640353695013186646e+10
3.546721536955114717e-01 9.952520986677201843e+10
3.560908423102934761e-01 5.430571605951156616e+10
3.575152056795346533e-01 3.609996014385603333e+10
3.589452665022527800e-01 6.389848708646924591e+10
3.603810475682617254e-01 8.783647294218124390e+10
3.618225717585348278e-01 7.364126867889093018e+10
3.632698620455689364e-01 8.103555274816558838e+10
3.647229414937512293e-01 8.402006910205183411e+10
3.661818332597261971e-01 1.495510847124949646e+11
3.676465605927651259e-01 9.455451724384048462e+10
3.691171468351361895e-01 1.084165300920002289e+11
3.705936154224767076e-01 5.897747730954850006e+10
3.720759898841666247e-01 2.361834171771670532e+10
3.735642938437032656e-01 2.285536515507248688e+10
3.750585510190780902e-01 3.100235045078588867e+10
3.765587852231543908e-01 8.076538590835906982e+10
3.780650203640470441e-01 1.730418762778617554e+11
3.795772804455032068e-01 1.093599007781916656e+11
3.810955895672852312e-01 1.293285444092116241e+11
3.826199719255543585e-01 4.735638633195809937e+10
3.841504518132565771e-01 9.195283424498497009e+10
3.856870536205096456e-01 4.049213561048121643e+10
3.872298018349916715e-01 8.407428613231761169e+10
3.887787210423316320e-01 7.355798850776785278e+10
3.903338359265008939e-01 1.022214414877035980e+11
3.918951712702069545e-01 1.224132856810622101e+11
3.934627519552877928e-01 1.045730930043824921e+11
3.950366029631089404e-01 2.283941544701280212e+11
3.966167493749613859e-01 1.758924641769413147e+11
3.982032163724612550e-01 2.808828791897971802e+11
3.997960292379510450e-01 3.185714828786670532e+11
4.013952133549028578e-01 3.447942663248383179e+11
4.030007942083224659e-01 3.850995735247946167e+11
4.046127973851557647e-01 2.704488851530487061e+11
4.062312485746963908e-01 2.773742541158582153e+11
4.078561735689951728e-01 3.106632714366049805e+11
4.094875982632711353e-01 3.212214098857241821e+11
4.111255486563242245e-01 3.593494612819776611e+11
4.127700508509495880e-01 3.035837089199728394e+11
4.144211310543532978e-01 2.599826243945873108e+11
4.160788155785707931e-01 2.923894376362890625e+11
4.177431308408850463e-01 2.062009808067688904e+11
4.194141033642486138e-01 1.554731751376515198e+11
4.210917597777056320e-01 7.438047714712632751e+10
4.227761268168164221e-01 1.354437449836925125e+10
4.244672313240837602e-01 8.569162487575505066e+10
4.261651002493800910e-01 1.447814985224648743e+11
4.278697606503775730e-01 1.874074850604367371e+11
4.295812396929790666e-01 1.971569665939127808e+11
4.312995646517510107e-01 2.088409999236957092e+11
4.330247629103580187e-01 2.523227482304384460e+11
4.347568619619994745e-01 2.662200448137466736e+11
4.364958894098474596e-01 2.547430160206988525e+11
4.382418729674867897e-01 2.307357635934070740e+11
4.399948404593567730e-01 2.477488013163968201e+11
4.417548198211941890e-01 2.795995857334344482e+11
4.435218391004789873e-01 2.150322320781600647e+11
4.452959264568808750e-01 2.356110719008558044e+11
4.470771101627084021e-01 2.266226306680816650e+11
4.488654186033592119e-01 2.468190472637713928e+11
4.506608802777726241e-01 2.587518301163154602e+11
4.524635237988837710e-01 2.843808163007899170e+11
4.542733778940792333e-01 2.809888242839404297e+11
4.560904714056555065e-01 2.652203938082148743e+11
4.579148332912781894e-01 3.117954898242142334e+11
4.597464926244433370e-01 1.959454316099637756e+11
4.615854785949410899e-01 2.995891248858057251e+11
4.634318205093208576e-01 1.993721377434531555e+11
4.652855477913582227e-01 2.568044204507473450e+11
4.671466899825236219e-01 2.682844082688839417e+11
4.690152767424536906e-01 2.884181707323150024e+11
4.708913378494234969e-01 3.441879774898889160e+11
4.727749032008212171e-01 3.055724154360162354e+11
4.746660028136244769e-01 3.527384030617453003e+11
4.765646668248789131e-01 2.305412451915623779e+11
4.784709254921784560e-01 2.056117327898106689e+11
4.803848091941470555e-01 2.872873642902401733e+11
4.823063484309236815e-01 2.909929975434663696e+11
4.842355738246474361e-01 3.456023327801179810e+11
4.861725161199459966e-01 3.096438615760745850e+11
4.881172061844257226e-01 4.134881286484920654e+11
4.900696750091634302e-01 3.879596383407951050e+11
4.920299537092001074e-01 4.810906090407632446e+11
4.939980735240369625e-01 5.668713111394028320e+11
4.959740658181330253e-01 3.433204734572419434e+11
4.979579620814056362e-01 4.555788472797300415e+11
4.999497939297311566e-01 4.145608788360245361e+11
5.019495931054501758e-01 3.607625640978157349e+11
5.039573914778719965e-01 4.565843784173231201e+11
5.059732210437835054e-01 3.507481811907095337e+11
5.079971139279585435e-01 3.807139211804786377e+11
5.100291023836703852e-01 3.350597864356170044e+11
5.120692187932051054e-01 3.414567413715232544e+11
5.141174956683780550e-01 3.539147334311692505e+11
5.161739656510514473e-01 2.963476890459803467e+11
5.182386615136556074e-01 2.137194392198197021e+11
5.203116161597103329e-01 3.155054140993002319e+11
5.223928626243490303e-01 4.384870477977252197e+11
5.244824340748465152e-01 3.484928740808591309e+11
5.265803638111459239e-01 3.555205164124848633e+11
5.286866852663905103e-01 3.432712578974889526e+11
5.308014320074561088e-01 3.743237200864977417e+11
5.329246377354859288e-01 3.186592195249998169e+11
5.350563362864277916e-01 3.266725179368363037e+11
5.371965616315735881e-01 2.597535254818482971e+11
5.393453478780998456e-01 2.824270071910858765e+11
5.415027292696121819e-01 2.713565425833475952e+11
5.436687401866906466e-01 2.693484121127323303e+11
5.458434151474373941e-01 1.893893053051763000e+11
5.480267888080271321e-01 2.306062220356650696e+11
5.502188959632591247e-01 2.274788846241519775e+11
5.524197715471121928e-01 2.501342601307413330e+11
5.546294506333006025e-01 2.798007596620947266e+11
5.568479684358338400e-01 2.597814518168989868e+11
5.590753603095770519e-01 2.210513267168007507e+11
5.613116617508153716e-01 1.666873916355030823e+11
5.635569083978186899e-01 1.256471781534584808e+11
5.658111360314097560e-01 1.619182148900812683e+11
5.680743805755354980e-01 1.393204935130293274e+11
5.703466780978375672e-01 1.722035717216146545e+11
5.726280648102289872e-01 1.834922513663737488e+11
5.749185770694699160e-01 2.127647661913392334e+11
5.772182513777477375e-01 1.952959471645283813e+11
5.795271243832587071e-01 2.514964815530311890e+11
5.818452328807918184e-01 2.565244209733457031e+11
5.841726138123150003e-01 2.372258915473241272e+11
5.865093042675643131e-01 1.620187778568196411e+11
5.888553414846344758e-01 6.766260971126721191e+10
5.912107628505729462e-01 8.869669908515771484e+10
5.935756059019753339e-01 1.119914635263048859e+11
5.959499083255832552e-01 1.062450752887822418e+11
5.983337079588855190e-01 1.341718160341528015e+11
6.007270427907210886e-01 1.557286237743789978e+11
6.031299509618840426e-01 1.932949635482320862e+11
6.055424707657315331e-01 2.438637129251183472e+11
6.079646406487945187e-01 2.980995377805386353e+11
6.103964992113897203e-01 3.481857442964613037e+11
6.128380852082353503e-01 4.016223407984507446e+11
6.152894375490681744e-01 3.376753578427686157e+11
6.177505952992645710e-01 2.065225442456542053e+11
6.202215976804615893e-01 1.587032068694631348e+11
6.227024840711834486e-01 1.017499245781774445e+11
6.251932940074681477e-01 1.355084161006491699e+11
6.276940671834980723e-01 1.609922269515466919e+11
6.302048434522321552e-01 2.140549593103652954e+11
6.327256628260409244e-01 2.847826498194116211e+11
6.352565654773452142e-01 3.373019831646670532e+11
6.377975917392545435e-01 3.927558515915331421e+11
6.403487821062116003e-01 5.248094891010612183e+11
6.429101772346363930e-01 5.405119327679211426e+11
6.454818179435749537e-01 6.369285050881505127e+11
6.480637452153492628e-01 6.665742146632005615e+11
6.506560001962106154e-01 7.121852148439071045e+11
6.532586241969955410e-01 8.164879242027674561e+11
6.558716586937833881e-01 5.799314427010694580e+11
6.584951453285585732e-01 5.131527723386893311e+11
6.611291259098727169e-01 4.249437053231744385e+11
6.637736424135122215e-01 3.416422162301410522e+11
6.664287369831662922e-01 3.102794878861166382e+11
6.690944519310989547e-01 2.873929148055748291e+11
6.717708297388232941e-01 2.899216228534318237e+11
6.744579130577786907e-01 3.127827494962260132e+11
6.771557447100098326e-01 3.976820280624315186e+11
6.798643676888498355e-01 3.869670846026745605e+11
6.825838251596052508e-01 4.543149268190577393e+11
6.853141604602436265e-01 4.484063878526736450e+11
6.880554171020846210e-01 4.359115415680789185e+11
6.908076387704928933e-01 5.197522073219605103e+11
6.935708693255748791e-01 6.540219643302890625e+11
6.963451528028771209e-01 8.428554818151171875e+11
6.991305334140887062e-01 9.515980120745148926e+11
7.019270555477450380e-01 1.038100201470614868e+12
7.047347637699360456e-01 1.181942914078337891e+12
7.075537028250157290e-01 9.612868811522362061e+11
7.103839176363159202e-01 7.971950850558780518e+11
7.132254533068611568e-01 6.879114991039913330e+11
7.160783551200886610e-01 7.490908948739118652e+11
7.189426685405689854e-01 8.033129084407706299e+11
7.218184392147313222e-01 7.721574138196239014e+11
7.247057129715901436e-01 9.246864559004871826e+11
7.276045358234763949e-01 1.041083975601946167e+12
7.305149539667704639e-01 1.242735947448170166e+12
7.334370137826373703e-01 1.454842308659583496e+12
7.363707618377679509e-01 1.576666080588896973e+12
7.393162448851190449e-01 1.688152103117041504e+12
7.422735098646596752e-01 1.747893802653516602e+12
7.452426039041182282e-01 1.720222801898838867e+12
7.482235743197346300e-01 1.833646760810577881e+12
7.512164686170136330e-01 1.848759061029312988e+12
7.542213344914817652e-01 1.985502193057428955e+12
7.572382198294477229e-01 2.005717816122987061e+12
7.602671727087656484e-01 1.812441176949540527e+12
7.633082413996006288e-01 1.715935531305622803e+12
7.663614743651989691e-01 1.198326704567183594e+12
7.694269202626597970e-01 1.303462151338843018e+12
7.725046279437104424e-01 1.390488834768308105e+12
7.755946464554852593e-01 1.345687365020191650e+12
7.786970250413072225e-01 1.343218403379097656e+12
7.818118131414724115e-01 1.503957865609423584e+12
7.849390603940383793e-01 1.178355567612387939e+12
7.880788166356144098e-01 1.366790409756096191e+12
7.912311319021569922e-01 1.248758611276242432e+12
7.943960564297655180e-01 1.387496108417222412e+12
7.975736406554845281e-01 1.388906056251405029e+12
8.007639352181065151e-01 1.524977550505729736e+12
8.039669909589789443e-01 1.707889452433443604e+12
8.071828589228148276e-01 1.980441904001953125e+12
8.104115903585061842e-01 2.172322473210835205e+12
8.136532367199402760e-01 2.488498255054369629e+12
8.169078496668199518e-01 2.597056152828932129e+12
8.201754810654874328e-01 2.200931000610726562e+12
8.234561829897493190e-01 2.395199408120102051e+12
8.267500077217083687e-01 2.356213239027291992e+12
8.300570077525952772e-01 2.097751369837389160e+12
8.333772357836056743e-01 2.268189451073802246e+12
8.367107447267401188e-01 2.172643035160271240e+12
8.400575877056470908e-01 2.247952166925957031e+12
8.434178180564695371e-01 1.823616853324522705e+12
8.467914893286955236e-01 1.329205976103977295e+12
8.501786552860102208e-01 1.447436713616531494e+12
8.535793699071543283e-01 1.482043142031374756e+12
8.569936873867830540e-01 1.648434631752814453e+12
8.604216621363300899e-01 1.821110215950118164e+12
8.638633487848753623e-01 2.064330215973336426e+12
8.673188021800150027e-01 2.209059473068963867e+12
8.707880773887352044e-01 2.341694189898151367e+12
8.742712296982900755e-01 2.496342148109101074e+12
8.777683146170831563e-01 2.756033023844268555e+12
8.812793878755513788e-01 2.913267821750264648e+12
8.848045054270535781e-01 3.018666159147327148e+12
8.883437234487617795e-01 2.412737827836708008e+12
8.918970983425568155e-01 2.868210087491364746e+12
8.954646867359271623e-01 2.441400973649552734e+12
8.990465454828707736e-01 2.738393651704770020e+12
9.026427316648023558e-01 2.705476191737868164e+12
9.062533025914615292e-01 2.821548572070025391e+12
9.098783158018273198e-01 2.987656646066492676e+12
9.135178290650346478e-01 3.071804520683011230e+12
9.171719003812948134e-01 3.199892690130522461e+12
9.208405879828199803e-01 3.232835762997548828e+12
9.245239503347512100e-01 3.146063288060295898e+12
9.282220461360901620e-01 3.107915491706772949e+12
9.319349343206346781e-01 3.000846493211377441e+12
9.356626740579171431e-01 3.049253654162798340e+12
9.394053247541488405e-01 3.104237586090296875e+12
9.431629460531654185e-01 3.121892979291328125e+12
9.469355978373780180e-01 3.259991739178559570e+12
9.507233402287275092e-01 3.297403140842282227e+12
9.545262335896426142e-01 3.355088136724414062e+12
9.583443385240012491e-01 3.388878855443933594e+12
9.621777158780971950e-01 3.402152380273656250e+12
9.660264267416096562e-01 3.442852482763377441e+12
9.698905324485760371e-01 3.483804423321415039e+12
9.737700945783701600e-01 3.127544372834989746e+12
9.776651749566835914e-01 3.137121514705617188e+12
9.815758356565105203e-01 3.044125779606447754e+12
9.855021389991363012e-01 3.004910753723422363e+12
9.894441475551331022e-01 2.978791810983921387e+12
9.934019241453534432e-01 2.590325883343372559e+12
9.973755318419349480e-01 2.808307617845670898e+12
1.001365033969302543e+00 2.832631746548734375e+12
1.005370494105179757e+00 2.824522849340405762e+12
1.009391976081600362e+00 2.935402974645037109e+12
1.013429543985926884e+00 3.049415264300033691e+12
1.017483262161870350e+00 3.047201645772515137e+12
1.021553195210518128e+00 3.141106428696307129e+12
1.025639407991360219e+00 3.086985897262551758e+12
1.029741965623325539e+00 3.092140304736726562e+12
1.033860933485818867e+00 3.183544902546584961e+12
1.037996377219762012e+00 3.308473187412968750e+12
1.042148362728641198e+00 3.332497535969841309e+12
1.046316956179555557e+00 3.446069749414492676e+12
1.050502224004274066e+00 3.437900312337233398e+12
1.054704232900291139e+00 3.478804574953340820e+12
1.058923049831892227e+00 3.439730614799253906e+12
1.063158742031219628e+00 3.473078830672166504e+12
1.067411376999344741e+00 3.434010373372896973e+12
1.071681022507342096e+00 3.442786429065751465e+12
1.075967746597371377e+00 3.516283969582496094e+12
1.080271617583760779e+00 3.461217184877874023e+12
1.084592704054095913e+00 3.529193716369300293e+12
1.088931074870312044e+00 3.439640974081827148e+12
1.093286799169793433e+00 3.392244240457252441e+12
1.097659946366472461e+00 3.263183854504606445e+12
1.102050586151938294e+00 3.227679258628027832e+12
1.106458788496546219e+00 3.116936431511416504e+12
1.110884623650532532e+00 3.106258229621092285e+12
1.115328162145134749e+00 3.177982076517155762e+12
1.119789474793714934e+00 3.141856167680651855e+12
1.124268632692889902e+00 3.209195506689309570e+12
1.128765707223661430e+00 3.210487456158469238e+12
1.133280770052556230e+00 3.169657761928961426e+12
1.137813893132766374e+00 3.011833964973159668e+12
1.142365148705297484e+00 2.996830318958937988e+12
1.146934609300118479e+00 3.197662275406297363e+12
1.151522347737319096e+00 3.233169924532625000e+12
1.156128437128268516e+00 3.203765235389859863e+12
1.160752950876781542e+00 3.205034574536711426e+12
1.165395962680288999e+00 3.241217343575208496e+12
1.170057546531009907e+00 3.172410846238911621e+12
1.174737776717134086e+00 3.205950171102938477e+12
1.179436727824002773e+00 3.074233172816165527e+12
1.184154474735298557e+00 3.160537936833587891e+12
1.188891092634239977e+00 3.172320910039995605e+12
1.193646657004777012e+00 3.168210152496288086e+12
1.198421243632796118e+00 3.055205100032613770e+12
1.203214928607327261e+00 3.089554848457145996e+12
1.208027788321756724e+00 3.157618764875112305e+12
1.212859899475043468e+00 3.116829212049691406e+12
1.217711339072943710e+00 3.173931420591736328e+12
1.222582184429235275e+00 3.144885205486038574e+12
1.227472513166952384e+00 3.194345437875492676e+12
1.232382403219620226e+00 3.177224773526248047e+12
1.237311932832498407e+00 3.168196724293427734e+12
1.242261180563828615e+00 3.000412886253650879e+12
1.247230225286083849e+00 3.075361193573029297e+12
1.252219146187228072e+00 3.044537436268784180e+12
1.257228022771976983e+00 3.040685008191380859e+12
1.262256934863064783e+00 3.014230816778247070e+12
1.267305962602517155e+00 3.083672603124335938e+12
1.272375186452927354e+00 3.050934563588077637e+12
1.277464687198738957e+00 3.066015450267964355e+12
1.282574545947533950e+00 3.088138016454651367e+12
1.287704844131324133e+00 3.004046909687364258e+12
1.292855663507849417e+00 3.006929195272962402e+12
1.298027086161880783e+00 3.028043682676274414e+12
1.303219194506528344e+00 3.030286482127687988e+12
1.308432071284554521e+00 2.966442483988967773e+12
1.313665799569692760e+00 2.988614976082980469e+12
1.318920462767971591e+00 2.971503691441640137e+12
1.324196144619043336e+00 2.877047442095854004e+12
1.329492929197519491e+00 2.724815676225908203e+12
1.334810900914309650e+00 2.261721888197158691e+12
1.340150144517967101e+00 2.209368179002413574e+12
1.345510745096038852e+00 2.145804527864173096e+12
1.350892788076423212e+00 2.120735601872585205e+12
1.356296359228728932e+00 2.051579368716931152e+12
1.361721544665643879e+00 1.991152912042196777e+12
1.367168430844306393e+00 2.022230951185667236e+12
1.372637104567683730e+00 1.979378189109774414e+12
1.378127652985954299e+00 2.028911393854645996e+12
1.383640163597898098e+00 2.010405997076263916e+12
1.389174724252289828e+00 1.915998402648183838e+12
1.394731423149298877e+00 1.870158241410137695e+12
1.400310348841896202e+00 1.818124544765110107e+12
1.405911590237263642e+00 1.832090290016333984e+12
1.411535236598212784e+00 1.724369879679491211e+12
1.417181377544605603e+00 1.661702031102053955e+12
1.422850103054784210e+00 1.677978486796639893e+12
1.428541503467003038e+00 1.653869586322195312e+12
1.434255669480871243e+00 1.649081569397520752e+12
1.439992692158794885e+00 1.661600167313280273e+12
1.445752662927429988e+00 1.676198245647530029e+12
1.451535673579139596e+00 1.659591014666052246e+12
1.457341816273456159e+00 1.695679497407242920e+12
1.463171183538549913e+00 1.623879931723978516e+12
1.469023868272704147e+00 1.594196398040534180e+12
1.474899963745795128e+00 1.610208532363859619e+12
1.480799563600778246e+00 1.613137166122793701e+12
1.486722761855181485e+00 1.608979054359635742e+12
1.492669652902602007e+00 1.616763468199628906e+12
1.498640331514212276e+00 1.622289807260993896e+12
1.504634892840269300e+00 1.641921767266019043e+12
1.510653432411630304e+00 1.645008081799346436e+12
1.516696046141276843e+00 1.660589966998210205e+12
1.522762830325842032e+00 1.670465796589172607e+12
1.528853881647145307e+00 1.671792190480264404e+12
1.534969297173733649e+00 1.665637128706569580e+12
1.541109174362428780e+00 1.652642604771452881e+12
1.547273611059878373e+00 1.680830917233526611e+12
1.553462705504118135e+00 1.694273923273137207e+12
1.559676556326134556e+00 1.681239286578347168e+12
1.565915262551438980e+00 1.710411097196521240e+12
1.572178923601644795e+00 1.712872099077895264e+12
1.578467639296051495e+00 1.753270767527696533e+12
1.584781509853235626e+00 1.757753504786020264e+12
1.591120635892648405e+00 1.753281858129092773e+12
1.597485118436219098e+00 1.776746429731620361e+12
1.603875058909963958e+00 1.790206637432562256e+12
1.610290559145603595e+00 1.789820222941827637e+12
1.616731721382186127e+00 1.797444897725661377e+12
1.623198648267714761e+00 1.811997064271338867e+12
1.629691442860785600e+00 1.827688056681179443e+12
1.636210208632228769e+00 1.854056659419728271e+12
1.642755049466757766e+00 1.869174487915085938e+12
1.649326069664624805e+00 1.874377765275683105e+12
1.655923373943283039e+00 1.892457363436369141e+12
1.662547067439056336e+00 1.896312090785437256e+12
1.669197255708812611e+00 1.903692184693432861e+12
1.675874044731648027e+00 1.914310595112179443e+12
1.682577540910574321e+00 1.900807328723736084e+12
1.689307851074216771e+00 1.860195049616933350e+12
1.696065082478513508e+00 1.828245808515781494e+12
1.702849342808427480e+00 1.792578930389350830e+12
1.709660740179661298e+00 1.731263077666913086e+12
1.716499383140379864e+00 1.624648588326215576e+12
1.723365380672941427e+00 1.612427489947745117e+12
1.730258842195633306e+00 1.585398031758253906e+12
1.737179877564415831e+00 1.504536214190864502e+12
1.744128597074673603e+00 1.491158329621121826e+12
1.751105111462972097e+00 1.438632761054594482e+12
1.758109531908824241e+00 1.362162243451911621e+12
1.765141970036459451e+00 1.335187761384284668e+12
1.772202537916605314e+00 1.284655922974584473e+12
1.779291348068271716e+00 1.220475074068831055e+12
1.786408513460544745e+00 1.202140489322418945e+12
1.793554147514387020e+00 1.166418492548034424e+12
1.800728364104444257e+00 1.141378707372428955e+12
1.807931277560862249e+00 1.088255131294898560e+12
1.815163002671105641e+00 1.107847987595130859e+12
1.822423654681789795e+00 1.080540131864013062e+12
1.829713349300517100e+00 1.065654964206131104e+12
1.837032202697718830e+00 1.052441599973041992e+12
1.844380331508509885e+00 9.860844507732608643e+11
1.851757852834543527e+00 9.727286817236420898e+11
1.859164884245881888e+00 8.919955729314243164e+11
1.866601543782865358e+00 9.451938303322148438e+11
1.874067949957996859e+00 9.327632863585590820e+11
1.881564221757828781e+00 9.433119342040133057e+11
1.889090478644860127e+00 9.594241502386798096e+11
1.896646840559439662e+00 9.554453550196459961e+11
1.904233427921677269e+00 9.580229262124910889e+11
1.911850361633363971e+00 9.544095303995882568e+11
1.919497763079897279e+00 9.360504273523756104e+11
1.927175754132217200e+00 9.302407166963714600e+11
1.934884457148745796e+00 9.372523768405828857e+11
1.942623994977340729e+00 9.140040589517633057e+11
1.950394490957250149e+00 9.312869040539819336e+11
1.958196068921079336e+00 9.272202470409853516e+11
1.966028853196763793e+00 9.228310218406569824e+11
1.973892968609550991e+00 9.031719106028460693e+11
1.981788540483989447e+00 8.772892160550596924e+11
1.989715694645925126e+00 8.702160022597967529e+11
1.997674557424508723e+00 8.567322690275122070e+11
2.005665255654207169e+00 8.412434717300960693e+11
2.013687916676823786e+00 8.347477480871619873e+11
2.021742668343530891e+00 8.362669424131901855e+11
2.029829639016905052e+00 8.219398015902618408e+11
2.037948957572972564e+00 8.157261035667198486e+11
2.046100753403264694e+00 8.138058349876898193e+11
2.054285156416877811e+00 8.183048384296192627e+11
2.062502297042545507e+00 8.091496947659222412e+11
2.070752306230715600e+00 8.125516848276633301e+11
2.079035315455638244e+00 8.096169359934376221e+11
2.087351456717461140e+00 8.027769840759538574e+11
2.095700862544330967e+00 8.097716336763571777e+11
2.104083665994508134e+00 8.178240366110234375e+11
2.112500000658485977e+00 8.185207190658226318e+11
2.120950000661120161e+00 8.203440426341588135e+11
2.129433800663764753e+00 8.108358116537884521e+11
2.137951535866419839e+00 8.175788600170463867e+11
2.146503342009885351e+00 8.321627842806228027e+11
2.155089355377924676e+00 8.294434958187425537e+11
2.163709712799436691e+00 8.389859920385605469e+11
2.172364551650634468e+00 8.390475461051367188e+11
2.181054009857236853e+00 8.385667357991236572e+11
2.189778225896665376e+00 8.416273457379653320e+11
2.198537338800252705e+00 8.487213551997304688e+11
2.207331488155453325e+00 8.438361039548004150e+11
2.216160814108075083e+00 8.530172912424165039e+11
2.225025457364507631e+00 8.568399682305535889e+11
2.233925559193965515e+00 8.558483230330401611e+11
2.242861261430741493e+00 8.620552715092847900e+11
2.251832706476463830e+00 8.578418567298190918e+11
2.260840037302370042e+00 8.497053633901790771e+11
2.269883397451579299e+00 8.546317178729785156e+11
2.278962931041386142e+00 8.489184437270760498e+11
2.288078782765551100e+00 8.517258029008989258e+11
2.297231097896613505e+00 7.744027802858695068e+11
2.306420022288200311e+00 8.137759755813145752e+11
2.315645702377353121e+00 7.883469702436064453e+11
2.324908285186861878e+00 7.333524273649704590e+11
2.334207918327609654e+00 7.593674969252729492e+11
2.343544750000919663e+00 7.415940445268811035e+11
2.352918929000923143e+00 6.945998009231145020e+11
2.362330604716927240e+00 7.062070304404465332e+11
2.371779927135795329e+00 7.024640033255300293e+11
2.381267046844337987e+00 6.658897151893061523e+11
2.390792115031715070e+00 6.455801023602078857e+11
2.400355283491842240e+00 6.261273236991291504e+11
2.409956704625809465e+00 5.866896034085286865e+11
2.419596531444312859e+00 5.822987915242005615e+11
2.429274917570089620e+00 5.477196080675332642e+11
2.438992017240370291e+00 5.279329695153192749e+11
2.448747985309331465e+00 5.068834038324718018e+11
2.458542977250568917e+00 4.871542617227092285e+11
2.468377149159570738e+00 4.789213942823474731e+11
2.478250657756209563e+00 4.439246318022383423e+11
2.488163660387234355e+00 4.434117271498095093e+11
2.498116315028783063e+00 4.374567604847999268e+11
2.508108780288898387e+00 4.073791171985894775e+11
2.518141215410053757e+00 4.050470086896303101e+11
2.528213780271693967e+00 3.906206986427746582e+11
2.538326635392781139e+00 3.844375935999085083e+11
2.548479941934351789e+00 3.805920404782457886e+11
2.558673861702089436e+00 3.710036525076494141e+11
2.568908557148898097e+00 3.741238958020558472e+11
2.579184191377493551e+00 3.557739678127003174e+11
2.589500928143003478e+00 3.674294553813032837e+11
2.599858931855575594e+00 3.688644082929432983e+11
2.610258367582998229e+00 3.711765705057052002e+11
2.620699401053329769e+00 3.612319923849921265e+11
2.631182198657543214e+00 3.628043150038507690e+11
2.641706927452173392e+00 3.574233032970201416e+11
2.652273755161981938e+00 3.678250071339671631e+11
2.662882850182629824e+00 3.693230704299797363e+11
2.673534381583360542e+00 3.494365916778959351e+11
2.684228519109693956e+00 3.524002415723726196e+11
2.694965433186132575e+00 3.356674949185765991e+11
2.705745294918877164e+00 3.368930104560583496e+11
2.716568276098552559e+00 3.277208471318006592e+11
2.727434549202946812e+00 3.128256375747379761e+11
2.738344287399758326e+00 3.076850422796146851e+11
2.749297664549357201e+00 3.036547727008308105e+11
2.760294855207554576e+00 3.034806250358157959e+11
2.771336034628385292e+00 2.940321439636173706e+11
2.782421378766898545e+00 2.841320836786884155e+11
2.793551064281966312e+00 2.857377223387261353e+11
2.804725268539093985e+00 2.752019781357767334e+11
2.815944169613250558e+00 2.665293480841869202e+11
2.827207946291703244e+00 2.759995116323640747e+11
2.838516778076869862e+00 2.637604340590852051e+11
2.849870845189177437e+00 2.608587765074692688e+11
2.861270328569933685e+00 2.645884166416026001e+11
2.872715409884213589e+00 2.598529759787729797e+11
2.884206271523750420e+00 2.571053222687984619e+11
2.895743096609845413e+00 2.599462371105680542e+11
2.907326068996284985e+00 2.427918250525035706e+11
2.918955373272270393e+00 2.450722646658612061e+11
2.930631194765359826e+00 2.466280650297722168e+11
2.942353719544420709e+00 2.374124975734429016e+11
2.954123134422598440e+00 2.398001780730275574e+11
2.965939626960289122e+00 2.339538506375141907e+11
2.977803385468130504e+00 2.386551131543020630e+11
2.989714599010003138e+00 2.298445894405156860e+11
3.001673457406043077e+00 2.309051981176930847e+11
3.013680151235667015e+00 2.298334916295135498e+11
3.025734871840609408e+00 2.209856932183900146e+11
3.037837811327972037e+00 2.308367523593104553e+11
3.049989162573283785e+00 2.206037370917047119e+11
3.062189119223576395e+00 2.274697449319162598e+11
3.074437875700470890e+00 2.203114279102810059e+11
3.086735627203272880e+00 2.192597006793847656e+11
3.099082569712085622e+00 2.207833164432123108e+11
3.111478899990933744e+00 2.142920391493614502e+11
3.123924815590897186e+00 2.177056540421705627e+11
3.136420514853261121e+00 2.146003008158012695e+11
3.148966196912674320e+00 2.135600185109506226e+11
3.161562061700325277e+00 2.148664504809876099e+11
3.174208309947126327e+00 2.089768204121815796e+11
3.186905143186915090e+00 2.167089150116492004e+11
3.199652763759662566e+00 2.032075584817066650e+11
3.212451374814701222e+00 2.143271393293781738e+11
3.225301180313960625e+00 2.088391460752499084e+11
3.238202385035215958e+00 2.077053431472742615e+11
3.251155194575356955e+00 2.100670289071383972e+11
3.264159815353658622e+00 2.089860779865145264e+11
3.277216454615073271e+00 2.062306296668876953e+11
3.290325320433533207e+00 2.058109609903829956e+11
3.303486621715267635e+00 2.067255787299857178e+11
3.316700568202128441e+00 2.024022488710169678e+11
3.329967370474937294e+00 2.077695299133024902e+11
3.343287239956836743e+00 1.997610825887484741e+11
3.356660388916663962e+00 2.021868274135459900e+11
3.370087030472330714e+00 2.024838537453952026e+11
3.383567378594220187e+00 1.990338904511956787e+11
3.397101648108596716e+00 1.993638537821663818e+11
3.410690054701031482e+00 1.978066074687926331e+11
3.424332814919834878e+00 1.980176818916676331e+11
3.438030146179514634e+00 1.955089993065020447e+11
3.451782266764232610e+00 1.967329917957022705e+11
3.465589395831289998e+00 1.960670682956578979e+11
3.479451753414614767e+00 1.940080519531177673e+11
3.493369560428273068e+00 1.895581401881242065e+11
3.507343038669985980e+00 1.944994285633552856e+11
3.521372410824665788e+00 1.881527138196426392e+11
3.535457900467964709e+00 1.891704276268051147e+11
3.549599732069836477e+00 1.879887640259631042e+11
3.563798130998116154e+00 1.869026343575941162e+11
3.578053323522108364e+00 1.863040986706263428e+11
3.592365536816196858e+00 1.853436542713255920e+11
3.606734998963461614e+00 1.838360118407842102e+11
3.621161938959315041e+00 1.817682353636798706e+11
3.635646586715152839e+00 1.811917020075489807e+11
3.650189173062013293e+00 1.802917464561033325e+11
3.664789929754260545e+00 1.797670532948332825e+11
3.679449089473277645e+00 1.774765611285596924e+11
3.694166885831170699e+00 1.764852199606226807e+11
3.708943553374495661e+00 1.774581305667185669e+11
3.723779327587993571e+00 1.765558377342292786e+11
3.738674444898345328e+00 1.728303906300761108e+11
3.753629142677938901e+00 1.747094667748207703e+11
3.768643659248651190e+00 1.719629178657110596e+11
3.783718233885645432e+00 1.733364292922037048e+11
3.798853106821188153e+00 1.708152754206697388e+11
3.814048519248473657e+00 1.704502392671947937e+11
3.829304713325467180e+00 1.653506897317019043e+11
3.844621932178768908e+00 1.665621358530022278e+11
3.860000419907484215e+00 1.665018919096326904e+11
3.875440421587113882e+00 1.638023047775185242e+11
3.890942183273462529e+00 1.616327274696670837e+11
3.906505952006555926e+00 1.602153600380663147e+11
3.922131975814582727e+00 1.587064371085104675e+11
3.937820503717840648e+00 1.564723056515877380e+11
3.953571785732711508e+00 1.526251144457042236e+11
3.969386072875642490e+00 1.508458639075069275e+11
3.985263617167145167e+00 1.461339132570625916e+11
4.001204671635814059e+00 1.446352034238410034e+11
4.017209490322357190e+00 1.435216875901638184e+11
4.033278328283646630e+00 1.394393594545382080e+11
4.049411441596781458e+00 1.370144075732331543e+11
4.065609087363168506e+00 1.336914529321350250e+11
4.081871523712622185e+00 1.276875586701931458e+11
4.098199009807472315e+00 1.287537133296668701e+11
4.114591805846702144e+00 1.254326169171613770e+11
4.131050173070089038e+00 1.241231835137033386e+11
4.147574373762369149e+00 1.234645988344460449e+11
4.164164671257418959e+00 1.180758365159114075e+11
4.180821329942449260e+00 1.180436286977291412e+11
4.197544615262219558e+00 1.163893309878807831e+11
4.214334793723269357e+00 1.127681791365431519e+11
4.231192132898162761e+00 1.124049497300196991e+11
4.248116901429755288e+00 1.053427024517884521e+11
4.265109369035473996e+00 1.036994376891951141e+11
4.282169806511615384e+00 1.028588590032689514e+11
4.299298485737661935e+00 1.003734980990274048e+11
4.316495679680612874e+00 9.969511631891633606e+10
4.333761662399335357e+00 9.731631714065805054e+10
4.351096709048932532e+00 9.544672274123112488e+10
4.368501095885127583e+00 9.342614217230435181e+10
4.385975100268668214e+00 9.222371478211355591e+10
4.403519000669743555e+00 8.964482660247058105e+10
4.421133076672422391e+00 8.776642912933106995e+10
4.438817608979111817e+00 8.561975156266142273e+10
4.456572879415028332e+00 8.553368027060748291e+10
4.474399170932688463e+00 8.221632092701499939e+10
4.492296767616419828e+00 8.166681812748278809e+10
4.510265954686884626e+00 8.173648954598268127e+10
4.528307018505633330e+00 7.832891012213223267e+10
4.546420246579655711e+00 7.836444779035296631e+10
4.564605927565974497e+00 7.609650397932638550e+10
4.582864351276237258e+00 7.749867658126881409e+10
4.601195808681342925e+00 7.409291136616787720e+10
4.619600591916067422e+00 7.484627833382550049e+10
4.638078994283731937e+00 7.360888223356809998e+10
4.656631310260867629e+00 7.296578378233630371e+10
4.675257835501911430e+00 7.087176707432716370e+10
4.693958866843916944e+00 7.106585627134324646e+10
4.712734702311292878e+00 7.009909909724803162e+10
4.731585641120538810e+00 6.954148333929570007e+10
4.750511983685020923e+00 6.893786199329504395e+10
4.769514031619761063e+00 6.757337119416761780e+10
4.788592087746240011e+00 6.663587313238090515e+10
4.807746456097224730e+00 6.625103135777863312e+10
4.826977441921613377e+00 6.542840735734826660e+10
4.846285351689299858e+00 6.507583301576053619e+10
4.865670493096057925e+00 6.354674546619955444e+10
4.885133175068442135e+00 6.274607156350691223e+10
4.904673707768715474e+00 6.184782792316061401e+10
4.924292402599791174e+00 6.119695373841153717e+10
4.943989572210189642e+00 5.958475283406208038e+10
4.963765530499030021e+00 5.805272997654965973e+10
4.983620592621027079e+00 5.882612301376683807e+10
5.003555074991511198e+00 5.697361790374283600e+10
5.023569295291476777e+00 5.488714869958152771e+10
5.043663572472643075e+00 5.619043478457582855e+10
5.063838226762532813e+00 5.374427407446749115e+10
5.084093579669583640e+00 5.319781195919950867e+10
5.104429953988261381e+00 5.239207938888575745e+10
5.124847673804215020e+00 5.219879770506315613e+10
5.145347064499431688e+00 5.086684481916900635e+10
5.165928452757428957e+00 4.926217399683996582e+10
5.186592166568458673e+00 4.959839054760177612e+10
5.207338535234733001e+00 4.847115386055464935e+10
5.228167889375671784e+00 4.816332567532771301e+10
5.249080560933174766e+00 4.638757924423415375e+10
5.270076883176907145e+00 4.611018557411971283e+10
5.291157190709615321e+00 4.580620459161553955e+10
5.312321819472453299e+00 4.493109502870234680e+10
5.333571106750343738e+00 4.484161590538478088e+10
5.354905391177344320e+00 4.295362859031987000e+10
5.376325012742054099e+00 4.351625364098063660e+10
5.397830312793021612e+00 4.203846303811011505e+10
5.419421634044193858e+00 4.038340513532582092e+10
5.441099320580370602e+00 4.110894249903501892e+10
5.462863717862692425e+00 4.019506414300467682e+10
5.484715172734142996e+00 3.985456328789737701e+10
5.506654033425078865e+00 4.010161087196885681e+10
5.528680649558780580e+00 3.758788877023662567e+10
5.550795372157015350e+00 3.758439144950460815e+10
5.572998553645643227e+00 3.707736080415821838e+10
5.595290547860225949e+00 3.769154652620587158e+10
5.617671710051667766e+00 3.620695337381092834e+10
5.640142396891874021e+00 3.643707961666345215e+10
5.662702966479441713e+00 3.571003565924750519e+10
5.685353778345359821e+00 3.452363508739508820e+10
5.708095193458740724e+00 3.480870591238082123e+10
5.730927574232576482e+00 3.341007082943160629e+10
5.753851284529505783e+00 3.452401704221147919e+10
5.776866689667624399e+00 3.297705996155029297e+10
5.799974156426294769e+00 3.342585454089397812e+10
5.823174053051999977e+00 3.223605057621322632e+10
5.846466749264207508e+00 3.184257948887796402e+10
5.869852616261264977e+00 3.203330521033887863e+10
5.893332026726310069e+00 3.129639839039708328e+10
5.916905354833215114e+00 3.143311448049461365e+10
5.940572976252548543e+00 3.047426365183359909e+10
5.964335268157558545e+00 3.054547136846473312e+10
5.988192609230189589e+00 2.991014881040727997e+10
6.012145379667110490e+00 3.007747191404826355e+10
6.036193961185778889e+00 2.875418279749532700e+10
6.060338737030522616e+00 2.895506008943471909e+10
6.084580091978644134e+00 2.943848174864470291e+10
6.108918412346558746e+00 2.809600328000328827e+10
6.133354085995945226e+00 2.896060634968272781e+10
6.157887502339929320e+00 2.816965574176256180e+10
6.182519052349287669e+00 2.746553407795500183e+10
6.207249128558685491e+00 2.752680208066547394e+10
6.232078125072920471e+00 2.729550761160935593e+10
6.257006437573212843e+00 2.654150940415985870e+10
6.282034463323505236e+00 2.625276437877784729e+10
6.307162601176800720e+00 2.603133118834267044e+10
6.332391251581507063e+00 2.571440518589197922e+10
6.357720816587833390e+00 2.514126060525310135e+10
6.383151699854184180e+00 2.448485937509910202e+10
6.408684306653601226e+00 2.377271818991840744e+10
6.434319043880215361e+00 2.356461333740721130e+10
6.460056320055736379e+00 2.239396457175200272e+10
6.485896545335958052e+00 2.091315248621655655e+10
6.511840131517302233e+00 2.123443393718439102e+10
6.537887492043371829e+00 2.037180883970256042e+10
6.564039042011545533e+00 1.964297170045323181e+10
6.590295198179591196e+00 1.886960015899787140e+10
6.616656378972309405e+00 1.871505681890874100e+10
6.643123004488199257e+00 1.790629994132129288e+10
6.669695496506150789e+00 1.789772603796482086e+10
6.696374278492176479e+00 1.760867801215017700e+10
6.723159775606144528e+00 1.798843582978124619e+10
6.750052414708568094e+00 1.747121281596728516e+10
6.777052624367403411e+00 1.674238491367081642e+10
6.804160834864871887e+00 1.686805475491726494e+10
6.831377478204331055e+00 1.644160827863315964e+10
6.858702988117148180e+00 1.658737253976586723e+10
6.886137800069615622e+00 1.621300158100258255e+10
6.913682351269895499e+00 1.594664811183953857e+10
6.941337080674975013e+00 1.595686215927289391e+10
6.969102428997675069e+00 1.579070639696426773e+10
6.996978838713665994e+00 1.562836555331553650e+10
7.024966754068519670e+00 1.551358637908973122e+10
7.053066621084793653e+00 1.514392871497603226e+10
7.081278887569133929e+00 1.488544305173546791e+10
7.109604003119409654e+00 1.432445497812516594e+10
7.138042419131887861e+00 1.464142353093998146e+10
7.166594588808414379e+00 1.453399813137424850e+10
7.195260967163648047e+00 1.427348255016037178e+10
7.224042011032302923e+00 1.406968363805409431e+10
7.252938179076432235e+00 1.386061569006255341e+10
7.281949931792737196e+00 1.381928472558447456e+10
7.311077731519908696e+00 1.360332172580319595e+10
7.340322042445988515e+00 1.326353167081049538e+10
7.369683330615771411e+00 1.308600020340002060e+10
7.399162063938235612e+00 1.331403093349064827e+10
7.428758712193988423e+00 1.266047801679255104e+10
7.458473747042765112e+00 1.283852574693375587e+10
7.488307642030935796e+00 1.261104674008531952e+10
7.518260872599060285e+00 1.223575552556897163e+10
7.548333916089456253e+00 1.247481968942090797e+10
7.578527251753813587e+00 1.197395761835983467e+10
7.608841360760829176e+00 1.149749993999549294e+10
7.639276726203872769e+00 1.175384314750893402e+10
7.669833833108687493e+00 1.136275789721389771e+10
7.700513168441122325e+00 1.138685303490074921e+10
7.731315221114887670e+00 1.121086777283565331e+10
7.762240481999347352e+00 1.090040144812199974e+10
7.793289443927344351e+00 1.094287144999868202e+10
7.824462601703054077e+00 1.094330495259571648e+10
7.855760452109866065e+00 1.063759456739624977e+10
7.887183493918306532e+00 1.015559806630944443e+10
7.918732227893980458e+00 1.026688925617665863e+10
7.950407156805555431e+00 1.016052198507150841e+10
7.982208785432777454e+00 9.747774099481935501e+09
8.014137620574508958e+00 9.953770656718099594e+09
8.046194171056805899e+00 9.595197414573362350e+09
8.078378947741034821e+00 9.497827574833581924e+09
8.110692463531997021e+00 9.265390068680011749e+09
8.143135233386125549e+00 9.284525452966127396e+09
8.175707774319670662e+00 9.184196046090576172e+09
8.208410605416949224e+00 8.817770675220624924e+09
8.241244247838615422e+00 8.933571243764541626e+09
8.274209224829968790e+00 8.551096289016618729e+09
8.307306061729288871e+00 8.658662914354206085e+09
8.340535285976207192e+00 8.313392570495714188e+09
8.373897427120111203e+00 8.153050446365534782e+09
8.407393016828594412e+00 8.280256038104375839e+09
8.441022588895906509e+00 7.980923513676997185e+09
8.474786679251490540e+00 8.116414734915772438e+09
8.508685825968495209e+00 7.848316995442671776e+09
8.542720569272368891e+00 7.797757169822107315e+09
8.576891451549458978e+00 7.607731202620976448e+09
8.611199017355655627e+00 7.657846869246075630e+09
8.645643813425078150e+00 7.605432666242007256e+09
8.680226388678779159e+00 7.390035688545281410e+09
8.714947294233493125e+00 7.326111236889286995e+09
8.749807083410427566e+00 7.029179931999672890e+09
8.784806311744070229e+00 7.151670749050999641e+09
8.819945536991047774e+00 7.036934430904289246e+09
8.855225319139009343e+00 6.934842133504412651e+09
8.890646220415566958e+00 6.969166151560760498e+09
8.926208805297228821e+00 6.894676210950576782e+09
8.961913640518417878e+00 6.615232786871431351e+09
8.997761295080492161e+00 6.701346593669242859e+09
9.033752340260813085e+00 6.624537384478781700e+09
9.069887349621856387e+00 6.541499521070734978e+09
9.106166899020346150e+00 6.433446864474488258e+09
9.142591566616424359e+00 6.375815221139459610e+09
9.179161932882891506e+00 6.327693273333481789e+09
9.215878580614422333e+00 6.173849871375061035e+09
9.252742094936881045e+00 6.023840466067943573e+09
9.289753063316627646e+00 6.021045770892545700e+09
9.326912075569895322e+00 5.920713480583312988e+09
9.364219723872173162e+00 5.993099515380819321e+09
9.401676602767663482e+00 5.759440477598636627e+09
9.439283309178733816e+00 5.698922365946027756e+09
9.477040442415447075e+00 5.694498181257042885e+09
9.514948604185111236e+00 5.587465632549854279e+09
9.553008398601852136e+00 5.624220715152144432e+09
9.591220432196260859e+00 5.414137627953720093e+09
9.629585313925044687e+00 5.303438971008679390e+09
9.668103655180747324e+00 5.284177370018720627e+09
9.706776069801470896e+00 5.179983137447462082e+09
9.745603174080676112e+00 5.181960976066916466e+09
9.784585586776998412e+00 5.129460632162778854e+09
9.823723929124106746e+00 4.991821188406237602e+09
9.863018824840601440e+00 4.936185023224388123e+09
9.902470900139965337e+00 4.683630411195075035e+09
9.942080783740523842e+00 4.815565669993491173e+09
9.981849106875488431e+00 4.689199480141901016e+09
1.002177650330298952e+01 4.667615644212812424e+09
1.006186360931619994e+01 4.556168213143893242e+09
1.010211106375346723e+01 4.437713612751371384e+09
1.014251950800847979e+01 4.449082229263673782e+09
1.018308958604051284e+01 4.435648527358391762e+09
1.022382194438467451e+01 4.292174615166794300e+09
1.026471723216221399e+01 4.258421044367458344e+09
1.030577610109086173e+01 4.156362979151480675e+09
1.034699920549522467e+01 4.069628450388074875e+09
1.038838720231720458e+01 4.065909309948435307e+09
1.042994075112647501e+01 3.968990155598431110e+09
1.047166051413097954e+01 3.910735996692454338e+09
1.051354715618750468e+01 3.866773149129890442e+09
1.055560134481225454e+01 3.789893185552791119e+09
1.059782375019150358e+01 3.679528335034093380e+09
1.064021504519226902e+01 3.698431089946595192e+09
1.068277590537303823e+01 3.667699093901066303e+09
1.072550700899452991e+01 3.536818841574658394e+09
1.076840903703050856e+01 3.458971229254812717e+09
1.081148267317863088e+01 3.452358984545972824e+09
1.085472860387134553e+01 3.482040733974096775e+09
1.089814751828683015e+01 3.298208366356036663e+09
1.094174010835997635e+01 3.290013528890340328e+09
1.098550706879341909e+01 3.177102166834090710e+09
1.102944909706859100e+01 3.153294098823927402e+09
1.107356689345686540e+01 3.138122990573812008e+09
1.111786116103069233e+01 3.064932130970683575e+09
1.116233260567481622e+01 3.021307726715960979e+09
1.120698193609751492e+01 2.943700081210667133e+09
1.125180986384190440e+01 2.924411424079743862e+09
1.129681710329727373e+01 2.866823415882033348e+09
1.134200437171046083e+01 2.849945234024134159e+09
1.138737238919730466e+01 2.798949608945950508e+09
1.143292187875409383e+01 2.733353158763972759e+09
1.147865356626910938e+01 2.719951408895353794e+09
1.152456818053418530e+01 2.657141595190517426e+09
1.157066645325632237e+01 2.596869709455468655e+09
1.161694911906934635e+01 2.565703953510270596e+09
1.166341691554562487e+01 2.545820605519714832e+09
1.171007058320780736e+01 2.484254067995950222e+09
1.175691086554063958e+01 2.406406473180212975e+09
1.180393850900279951e+01 2.404944712310254097e+09
1.185115426303881137e+01 2.355019405674802303e+09
1.189855888009096674e+01 2.352520319727917194e+09
1.194615311561133097e+01 2.309356781461357117e+09
1.199393772807377623e+01 2.278184996246777534e+09
1.204191347898607134e+01 2.242603317853542328e+09
1.209008113290201614e+01 2.213109240372948647e+09
1.213844145743362368e+01 2.149719500822966099e+09
1.218699522326335938e+01 2.153596424073614120e+09
1.223574320415641381e+01 2.089214680156039000e+09
1.228468617697303777e+01 2.102266639119136333e+09
1.233382492168093059e+01 2.026711499624339819e+09
1.238316022136765504e+01 2.022409560266661167e+09
1.243269286225312520e+01 1.916378283758088589e+09
1.248242363370213859e+01 1.957243919909914970e+09
1.253235332823694748e+01 1.888832514921910524e+09
1.258248274154989410e+01 1.895211300944589853e+09
1.263281267251609385e+01 1.864537501396804094e+09
1.268334392320615756e+01 1.815857420555136442e+09
1.273407729889898299e+01 1.838737110623519421e+09
1.278501360809457665e+01 1.739968564565994978e+09
1.283615366252695544e+01 1.712747411944919109e+09
1.288749827717706253e+01 1.751482093078103781e+09
1.293904827028577031e+01 1.657897742489091635e+09
1.299080446336691352e+01 1.683243259390118122e+09
1.304276768122038099e+01 1.629149235573622465e+09
1.309493875194526424e+01 1.632466080868524075e+09
1.314731850695304693e+01 1.583495375618742466e+09
1.319990778098085649e+01 1.548943247503400803e+09
1.325270741210477965e+01 1.528058023999814272e+09
1.330571824175319939e+01 1.504432113914331436e+09
1.335894111472021173e+01 1.489681050267629385e+09
1.341237687917909227e+01 1.479588352698533773e+09
1.346602638669580898e+01 1.421179572180137873e+09
1.351989049224258999e+01 1.438897231992757082e+09
1.357397005421156067e+01 1.388560469036762714e+09
1.362826593442840917e+01 1.380785584096815109e+09
1.368277899816612297e+01 1.365185671667458773e+09
1.373751011415878942e+01 1.316781643829211473e+09
1.379246015461542463e+01 1.338563692333050251e+09
1.384762999523388416e+01 1.284093371113428831e+09
1.390302051521481808e+01 1.309411313009306908e+09
1.395863259727567751e+01 1.266893220713132381e+09
1.401446712766477987e+01 1.228836689190189600e+09
1.407052499617543972e+01 1.246241238386675835e+09
1.412680709616014063e+01 1.177086248618356943e+09
1.418331432454478147e+01 1.154821487018676758e+09
1.424004758184296193e+01 1.169313666724996328e+09
1.429700777217033369e+01 1.165926999595086336e+09
1.435419580325901379e+01 1.119579445073804617e+09
1.441161258647204946e+01 1.121829059536973953e+09
1.446925903681793812e+01 1.078348745650640965e+09
1.452713607296521126e+01 1.085533672998534441e+09
1.458524461725707155e+01 1.068602794416075230e+09
1.464358559572609764e+01 1.020669023859838128e+09
1.470215993810900557e+01 1.010334290310354948e+09
1.476096857786143879e+01 1.033493612479648709e+09
1.482001245217288599e+01 1.004717878993513227e+09
1.487929250198157760e+01 9.783182213280757666e+08
1.493880967198950316e+01 9.652545257047241926e+08
1.499856491067746056e+01 9.548042312354918718e+08
1.505855917032016933e+01 9.488386677622605562e+08
1.511879340700144958e+01 9.232229231470839977e+08
1.517926858062945605e+01 8.972355574924390316e+08
1.523998565495197433e+01 9.106091062402505875e+08
1.530094559757178274e+01 8.731898322714082003e+08
1.536214937996206764e+01 8.651777188631902933e+08
1.542359797748191674e+01 8.552522927561596632e+08
1.548529236939184450e+01 8.484615672297800779e+08
1.554723353886941339e+01 8.169948484515473843e+08
1.560942247302489072e+01 8.330937500069290400e+08
1.567186016291699069e+01 8.100351385536024570e+08
1.573454760356865556e+01 7.925309777976304293e+08
1.579748579398293096e+01 7.895876601566032171e+08
1.586067573715886247e+01 7.695319251083154678e+08
1.592411844010749888e+01 7.726788276731512547e+08
1.598781491386792730e+01 7.313133354779638052e+08
1.605176617352340074e+01 7.362953782451860905e+08
1.611597323821749228e+01 7.104772133311690092e+08
1.618043713117036120e+01 7.094722128353896141e+08
1.624515887969504391e+01 6.861369467203233242e+08
1.631013951521382310e+01 7.055498487869538069e+08
1.637538007327468037e+01 6.942361909013959169e+08
1.644088159356778078e+01 6.825839470447727442e+08
1.650664511994205341e+01 6.576238947941228151e+08
1.657267170042182158e+01 6.428028824747477770e+08
1.663896238722350418e+01 6.257022683704980612e+08
1.670551823677240222e+01 6.317296593721597195e+08
1.677234030971949608e+01 6.339499370449275970e+08
1.683942967095837062e+01 6.106734864456663132e+08
1.690678738964220429e+01 5.992043952377699614e+08
1.697441453920077237e+01 6.062270013994619846e+08
1.704231219735757108e+01 6.098818350955432653e+08
1.711048144614700561e+01 5.652475678099681139e+08
1.717892337193159236e+01 5.692033152903529406e+08
1.724763906541932101e+01 5.441788597513005733e+08
1.731662962168099895e+01 5.434522653572481871e+08
1.738589614016772344e+01 5.360040529100049734e+08
1.745543972472839300e+01 5.406161517151862383e+08
1.752526148362730751e+01 5.280516457573485970e+08
1.759536252956181812e+01 5.138378721905586720e+08
1.766574397968006238e+01 5.044575548156384826e+08
1.773640695559878466e+01 5.006219217670357823e+08
1.780735258342117433e+01 4.983042478423936367e+08
1.787858199375486024e+01 4.935020122348143458e+08
1.795009632172988034e+01 4.755532988465560675e+08
1.802189670701679702e+01 4.792771673965715170e+08
1.809398429384486562e+01 4.684064420373977423e+08
1.816636023102024211e+01 4.418641742074024677e+08
1.823902567194432578e+01 4.619638957710224986e+08
1.831198177463210186e+01 4.521446030760650635e+08
1.838522970173062987e+01 4.416575282146953940e+08
1.845877062053754969e+01 4.410314776491282582e+08
1.853260570301970134e+01 4.129012745825359225e+08
1.860673612583178027e+01 4.053907054847207069e+08
1.868116307033510637e+01 4.100865720568387508e+08
1.875588772261644976e+01 4.029962138428062201e+08
1.883091127350691352e+01 4.084342967207178473e+08
1.890623491860094063e+01 3.940423772855843306e+08
1.898185985827534594e+01 3.867074361733024716e+08
1.905778729770844748e+01 3.950160927599501610e+08
1.913401844689928311e+01 3.893112362705729008e+08
1.921055452068688041e+01 3.607728440530648828e+08
1.928739673876962968e+01 3.686408770800001025e+08
1.936454632572470658e+01 3.621362897939135432e+08
1.944200451102760141e+01 3.413780384600928426e+08
1.951977252907171589e+01 3.586317314271310568e+08
1.959785161918800256e+01 3.376657367800938487e+08
1.967624302566475691e+01 3.369442174693894982e+08
1.991079942767366973e+01 3.250423698665758967e+08
