# Wavelength (micrometer), Flux (W / m2 / m)
1.000553076518779783e-01 3.716676357207711182e+11
1.004555288824854897e-01 2.533593065347508817e-05
1.008573509980154326e-01 2.965429117984205268e-05
1.012607804020075053e-01 3.248222753379970866e-05
1.016658235236155422e-01 5.169647906141034067e-05
1.020724868177099870e-01 1.542178741807792011e-04
1.024807767649808382e-01 1.021042291707434683e-04
1.028906998720407612e-01 1.019219068166837166e-04
1.033022626715289355e-01 2.351505462175498113e-04
1.037154717222150413e-01 1.569217635575027316e-04
1.041303336091038839e-01 1.816347463259342836e-04
1.045468549435403099e-01 2.484626895942967256e-04
1.049650423633144702e-01 2.259394620072532618e-04
1.053849025327677214e-01 3.054041484957615909e-04
1.058064421428987906e-01 3.259261021352983026e-04
1.062296679114703990e-01 6.481870369001811998e-04
1.066545865831162732e-01 6.262830486447363990e-04
1.070812049294487533e-01 6.973398018109728137e-04
1.075095297491665408e-01 1.122326454140944781e-03
1.079395678681632220e-01 9.505873437906002879e-04
1.083713261396358624e-01 1.726738349824458261e-03
1.088048114441943909e-01 1.684824267350675800e-03
1.092400306899711654e-01 5.316769642956191595e-03
1.096769908127310511e-01 2.480916972250926146e-03
1.101156987759819850e-01 2.952414493944037575e-03
1.105561615710859147e-01 6.064102383944193313e-03
1.109983862173702651e-01 4.949176150685837515e-03
1.114423797622397516e-01 4.619518207551715806e-03
1.118881492812886930e-01 5.780038559577498417e-03
1.123357018784138517e-01 7.438536274024256344e-03
1.127850446859275102e-01 4.239785474636358770e-02
1.132361848646712132e-01 4.197181344926500385e-02
1.136891296041298988e-01 3.340968313153837299e-02
1.141438861225464035e-01 3.689637393822831762e-02
1.146004616670366072e-01 3.419853063322772502e-02
1.150588635137047705e-01 3.916560877379706568e-02
1.155190989677595953e-01 4.277363591210479182e-02
1.159811753636306314e-01 6.133162565582081505e-02
1.164451000650851553e-01 5.054145364124274648e-02
1.169108804653455069e-01 6.229360622455581281e-02
1.173785239872068981e-01 1.010212278721910051e-01
1.178480380831557206e-01 1.729346233312785697e-01
1.183194302354883543e-01 1.511481332874024808e-01
1.187927079564302935e-01 1.560297492852188994e-01
1.192678787882560099e-01 2.068584409032775684e-01
1.197449503034090645e-01 2.895209811425124569e-01
1.202239301046226783e-01 2.073696528771035719e-01
1.207048258250411760e-01 4.047959251947185755e-01
1.211876451283413342e-01 3.420287529530511850e-01
1.216723957088547137e-01 5.868643263920193531e-01
1.221590852916901310e-01 8.510907540163390461e-01
1.226477216328568792e-01 2.217676552924689126e+00
1.231383125193883099e-01 1.033144106812655005e+00
1.236308657694658586e-01 1.496456783433531612e+00
1.241253892325437369e-01 1.168668772451572302e+00
1.246218907894739159e-01 1.218098396758758639e+00
1.251203783526317892e-01 1.538823399318139939e+00
1.256208598660423226e-01 1.531273427397701559e+00
1.261233433055065078e-01 2.056578016886669413e+00
1.266278366787285392e-01 1.966968544194891200e+00
1.271343480254434610e-01 2.923966613364954004e+00
1.276428854175452321e-01 2.854051719508572393e+00
1.281534569592154005e-01 3.072602607563469146e+00
1.286660707870522780e-01 3.770266975978604496e+00
1.291807350702004475e-01 5.029739007078660507e+00
1.296974580104812425e-01 5.371126130537617449e+00
1.302162478425231973e-01 5.587019041960059162e+00
1.307371128338932764e-01 6.568365374518419841e+00
1.312600612852288795e-01 8.772597431694384440e+00
1.317851015303697915e-01 8.848752984902324314e+00
1.323122419364912705e-01 9.360013951508298291e+00
1.328414909042372472e-01 1.100148493443806608e+01
1.333728568678542170e-01 1.259127198727955488e+01
1.339063482953256612e-01 1.446485114548908868e+01
1.344419736885069383e-01 1.422513831941727958e+01
1.349797415832609815e-01 1.797018697668431031e+01
1.355196605495940232e-01 2.194780905022434325e+01
1.360617391917924301e-01 2.604133083313993779e+01
1.366059861485595939e-01 2.454842794386491889e+01
1.371524100931538481e-01 2.665621989546157167e+01
1.377010197335264696e-01 3.578878708754290017e+01
1.382518238124605670e-01 4.070644563871679367e+01
1.388048311077104136e-01 4.453873898398689590e+01
1.393600504321412248e-01 5.008243737255299521e+01
1.399174906338697677e-01 4.749108407419753775e+01
1.404771605964052761e-01 7.145045754931912541e+01
1.410390692387908651e-01 7.436766114758759727e+01
1.416032255157460562e-01 1.089936186618564591e+02
1.421696384178090522e-01 7.124817008853318612e+01
1.427383169714803168e-01 1.007120037076198713e+02
1.433092702393662099e-01 2.473992078557639331e+02
1.438825073203236771e-01 1.510498103555185878e+02
1.444580373496049674e-01 2.593802436577445292e+02
1.450358694990033503e-01 1.885767438280270198e+02
1.456160129769993872e-01 3.464614567964559910e+02
1.461984770289073976e-01 3.228270826884786970e+02
1.467832709370230082e-01 3.100821543039433550e+02
1.473704040207710897e-01 4.284640073239693265e+02
1.479598856368541382e-01 2.927277567710181643e+02
1.485517251794015725e-01 5.011793832689733676e+02
1.491459320801191979e-01 9.683314282140696605e+02
1.497425158084396690e-01 7.145616966016946208e+02
1.503414858716734248e-01 1.757783122246086123e+03
1.509428518151600951e-01 1.162319201591425099e+03
1.515466232224207677e-01 8.253331182318785295e+02
1.521528097153104220e-01 1.852336652770794444e+03
1.527614209541716672e-01 1.508099247466118641e+03
1.533724666379883694e-01 1.603254848127255173e+03
1.539859565045403056e-01 1.988059848204346054e+03
1.546019003305584838e-01 1.004285792484581407e+03
1.552203079318807133e-01 1.549379807139995819e+03
1.558411891636082569e-01 1.719864133609911050e+03
1.564645539202626778e-01 1.710320546295730765e+03
1.570904121359437411e-01 2.231824879242005409e+03
1.577187737844875093e-01 2.400610786634499163e+03
1.583496488796254653e-01 2.747625873703814250e+03
1.589830474751439959e-01 3.295093209406519236e+03
1.596189796650445414e-01 2.684704148345478643e+03
1.602574555837047166e-01 2.813580333286892710e+03
1.608984854060395708e-01 3.501747399075902194e+03
1.615420793476636807e-01 4.077769640766516204e+03
1.621882476650543525e-01 4.676553622539488060e+03
1.628370006557145755e-01 4.901885444067769640e+03
1.634883486583374457e-01 5.554783488069182567e+03
1.641423020529707844e-01 5.955491817745620210e+03
1.647988712611826723e-01 6.773835722463374623e+03
1.654580667462274002e-01 5.827013560393887019e+03
1.661198990132123077e-01 7.982693901378784176e+03
1.667843786092651215e-01 9.072094683164244998e+03
1.674515161237022098e-01 1.026702988918821393e+04
1.681213221881969755e-01 1.252365790794232635e+04
1.687938074769497754e-01 1.270486742722450435e+04
1.694689827068575905e-01 1.652559396668459158e+04
1.701468586376850278e-01 1.695634903665796082e+04
1.708274460722357391e-01 1.946051619237421619e+04
1.715107558565246715e-01 2.321617416101047274e+04
1.721967988799507909e-01 2.383174437989614671e+04
1.728855860754705820e-01 3.036746523106524910e+04
1.735771284197724640e-01 3.045297898303214606e+04
1.742714369334515678e-01 3.487115609509005299e+04
1.749685226811853456e-01 4.417144581161350652e+04
1.756683967719100681e-01 4.124369805177762464e+04
1.763710703589977391e-01 5.329034436013088998e+04
1.770765546404337309e-01 5.966362495601113187e+04
1.777848608589954471e-01 5.765624597117910162e+04
1.784960003024314568e-01 7.655538376973001868e+04
1.792099843036411844e-01 7.630050536290455784e+04
1.799268242408557650e-01 8.335475005644572957e+04
1.806465315378191772e-01 1.076811303376353753e+05
1.813691176639704306e-01 9.389612477422105439e+04
1.820945941346263086e-01 1.186223940851987572e+05
1.828229725111648329e-01 1.512366917436710792e+05
1.835542644012094771e-01 1.277735799863792927e+05
1.842884814588143239e-01 1.683014915119657817e+05
1.850256353846495561e-01 2.097679308268985187e+05
1.857657379261881403e-01 1.886216189128788537e+05
1.865088008778928996e-01 2.510188293661598000e+05
1.872548360814044743e-01 2.809879149316173280e+05
1.880038554257300876e-01 2.685574710529713193e+05
1.887558708474330049e-01 3.545911452331111068e+05
1.895108943308226879e-01 3.783997167340983870e+05
1.902689379081460019e-01 3.799376400873759994e+05
1.910300136597785636e-01 5.040676092318869778e+05
1.917941337144176972e-01 5.249637717714757891e+05
1.925613102492753359e-01 5.520346270488748560e+05
1.933315554902724498e-01 6.973422446002351353e+05
1.941048817122335568e-01 7.319615397428189171e+05
1.948813012390824828e-01 7.824745968889386859e+05
1.956608264440388156e-01 9.894321580845566932e+05
1.964434697498149418e-01 9.999318559077749960e+05
1.972292436288141937e-01 1.087123044632628094e+06
1.980181606033294406e-01 1.340696453933225945e+06
1.988102332457427346e-01 1.379910356671459042e+06
1.996054741787257336e-01 1.455685451115436153e+06
2.004038960754406518e-01 1.695045829460325418e+06
2.012055116597424309e-01 1.864596290364429587e+06
2.020103337063813842e-01 1.986396762580463197e+06
2.028183750412069219e-01 2.243227117814223748e+06
2.036296485413717494e-01 2.393933772751052864e+06
2.044441671355372303e-01 2.550957610274430364e+06
2.052619438040793887e-01 2.863949560055094771e+06
2.060829915792957157e-01 3.060906584307298064e+06
2.069073235456129201e-01 3.242706480146658141e+06
2.077349528397953449e-01 3.561489514942317735e+06
2.085658926511545219e-01 3.875187432433670387e+06
2.094001562217591150e-01 4.056723374557026662e+06
2.102377568466461677e-01 4.323339713546631858e+06
2.110787078740327671e-01 4.518947883578312583e+06
2.119230227055288740e-01 4.949457498182142153e+06
2.127707147963510126e-01 5.350786036742994562e+06
2.136217976555363773e-01 5.740735735766401514e+06
2.144762848461585492e-01 5.645760403776631691e+06
2.153341899855431840e-01 6.249562313424398191e+06
2.161955267454853669e-01 6.814376872907034121e+06
2.170603088524672986e-01 7.355641507082215510e+06
2.179285500878772042e-01 7.276473083178742789e+06
2.188002642882286852e-01 7.758328671320824884e+06
2.196754653453815986e-01 9.014704368852972984e+06
2.205541672067631020e-01 9.330206805992983282e+06
2.214363838755901703e-01 1.046318931424547173e+07
2.223221294110925284e-01 9.502499861424496397e+06
2.232114179287369160e-01 1.272790020462572575e+07
2.241042636004518529e-01 1.263159633477758802e+07
2.250006806548536520e-01 1.602581364125168882e+07
2.259006833774730438e-01 1.330334068651345745e+07
2.268042861109829667e-01 1.621552488523492590e+07
2.277115032554268836e-01 1.908801788256925344e+07
2.286223492684485714e-01 2.162480115156223625e+07
2.295368386655223802e-01 2.569804422544397041e+07
2.304549860201844658e-01 1.860241409090670943e+07
2.313768059642651864e-01 2.626434872391055524e+07
2.323023131881222503e-01 3.000866676501003653e+07
2.332315224408747223e-01 3.558821226979895681e+07
2.341644485306381973e-01 3.557486524646590650e+07
2.351011063247607502e-01 2.937740555748311803e+07
2.360415107500598020e-01 4.040625935837135464e+07
2.369856767930600405e-01 3.551501554171219468e+07
2.379336195002322851e-01 4.794232947494933754e+07
2.388853539782332114e-01 5.040234360222149640e+07
2.398408953941461863e-01 6.288285974043896049e+07
2.408002589757227141e-01 7.121462772646519542e+07
2.417634600116256582e-01 5.284341370224175602e+07
2.427305138516721306e-01 7.834842672165675461e+07
2.437014359070788505e-01 8.511636935430684686e+07
2.446762416507071713e-01 1.140744842253812551e+08
2.456549466173099938e-01 1.036269593102623373e+08
2.466375664037792625e-01 1.156289415100673288e+08
2.476241166693943785e-01 1.342664262440189123e+08
2.486146131360719436e-01 9.670976607159493864e+07
2.496090715886161993e-01 1.283250468965913951e+08
2.506075078749706586e-01 1.357693214347893596e+08
2.516099379064705155e-01 1.566061550763256550e+08
2.526163776580964138e-01 2.040329918850797713e+08
2.536268431687287994e-01 3.263351986256969571e+08
2.546413505414037437e-01 3.887721802287735939e+08
2.556599159435693491e-01 2.713504287686145902e+08
2.566825556073435988e-01 2.424549639041953087e+08
2.577092858297729827e-01 2.730734488775278926e+08
2.587401229730920682e-01 2.599172652936920822e+08
2.597750834649844576e-01 3.185923051542934179e+08
2.608141837988444123e-01 3.360406527903596759e+08
2.618574405340398092e-01 4.588541401503595114e+08
2.629048702961759298e-01 6.958672801050447226e+08
2.639564897773606367e-01 7.125439021457009315e+08
2.650123157364701054e-01 7.139191501773675680e+08
2.660723649994159445e-01 6.777649999516450167e+08
2.671366544594135917e-01 6.809592769991449118e+08
2.682052010772512096e-01 8.002093156891714334e+08
2.692780218815602478e-01 6.989128066136310101e+08
2.703551339690865030e-01 9.600595337452657223e+08
2.714365545049627904e-01 9.447103829702421427e+08
2.725223007229827243e-01 9.725699368283907175e+08
2.736123899258746106e-01 1.130261654586381197e+09
2.747068394855781692e-01 1.403174547236615658e+09
2.758056668435204806e-01 1.563706367460799932e+09
2.769088895108945403e-01 2.433843274508031368e+09
2.780165250689380918e-01 2.180286991486589432e+09
2.791285911692138466e-01 2.738553056655777454e+09
2.802451055338907038e-01 2.635503273640545845e+09
2.813660859560263017e-01 2.612968623036955833e+09
2.824915502998503469e-01 2.569106660842267036e+09
2.836215165010497197e-01 2.523587345342004299e+09
2.847560025670539119e-01 1.517876299696386099e+09
2.858950265773221866e-01 2.096241479674743414e+09
2.870386066836315142e-01 3.430905264247717857e+09
2.881867611103660631e-01 5.016439164459217072e+09
2.893395081548075787e-01 6.756418779750460625e+09
2.904968661874267610e-01 7.669414780116215706e+09
2.916588536521764197e-01 9.278622327179582596e+09
2.928254890667851273e-01 8.769191163166019440e+09
2.939967910230522619e-01 9.538174706315748215e+09
2.951727781871444911e-01 8.648760029581293106e+09
2.963534692998930908e-01 9.829220577983303070e+09
2.975388831770926501e-01 1.028132156048035812e+10
2.987290387098009981e-01 1.340024990846626854e+10
2.999239548646402409e-01 1.090193303776921463e+10
3.011236506840988536e-01 1.900140557519675827e+10
3.023281452868351593e-01 1.117352621029230309e+10
3.035374578679824742e-01 2.503908601664938736e+10
3.047516076994544187e-01 2.318764439669851303e+10
3.059706141302522830e-01 2.626472846714430237e+10
3.071944965867733357e-01 3.533090800965626526e+10
3.084232745731204095e-01 4.249356757364125824e+10
3.096569676714128194e-01 3.912265340893244934e+10
3.108955955420985018e-01 5.197100771132580566e+10
3.121391779242668751e-01 5.650734352847730255e+10
3.133877346359639215e-01 6.578482442171250153e+10
3.146412855745078230e-01 7.970460630383958435e+10
3.158998507168058190e-01 7.719618452285212708e+10
3.171634501196730627e-01 1.119578075784711761e+11
3.184321039201517545e-01 9.414366247064862061e+10
3.197058323358323295e-01 9.358550678316752625e+10
3.209846556651756444e-01 1.139196609020268860e+11
3.222685942878363852e-01 1.294596619888009796e+11
3.235576686649877520e-01 1.302397668684368744e+11
3.248518993396476984e-01 1.574110406786554565e+11
3.261513069370062801e-01 1.728677787997652893e+11
3.274559121647543369e-01 1.942613483461531677e+11
3.287657358134133401e-01 2.082488507564336243e+11
3.300807987566670154e-01 2.321487129982165222e+11
3.314011219516936890e-01 2.742441572364786682e+11
3.327267264395004642e-01 2.782732885794772339e+11
3.340576333452584534e-01 3.241429815241412354e+11
3.353938638786395088e-01 3.104927804251887817e+11
3.367354393341540630e-01 3.132026596767416992e+11
3.380823810914907468e-01 3.337787398662274780e+11
3.394347106158566718e-01 3.691954938632868042e+11
3.407924494583201014e-01 3.674719092937431641e+11
3.421556192561533982e-01 3.576183133085784912e+11
3.435242417331779707e-01 2.682788685140061035e+11
3.448983387001106626e-01 3.098310723581890259e+11
3.462779320549111417e-01 3.562245727624390259e+11
3.476630437831307319e-01 3.117702959793328247e+11
3.490536959582632992e-01 3.404839177552617798e+11
3.504499107420963600e-01 5.357146427297407837e+11
3.518517103850647421e-01 4.788399756248453369e+11
3.532591172266050239e-01 5.728981684288969727e+11
3.546721536955114717e-01 6.813688650937874756e+11
3.560908423102934761e-01 4.110179381621871338e+11
3.575152056795346533e-01 2.984225997497597656e+11
3.589452665022527800e-01 4.738518401267821655e+11
3.603810475682617254e-01 5.991092318692170410e+11
3.618225717585348278e-01 5.129560292472854004e+11
3.632698620455689364e-01 5.496917426890678101e+11
3.647229414937512293e-01 5.130872185444163818e+11
3.661818332597261971e-01 9.015439118280396729e+11
3.676465605927651259e-01 6.829026562610839844e+11
3.691171468351361895e-01 7.632346413664163818e+11
3.705936154224767076e-01 5.073016860596838989e+11
3.720759898841666247e-01 2.781191596761259155e+11
3.735642938437032656e-01 2.620656589645334167e+11
3.750585510190780902e-01 2.924681934620222168e+11
3.765587852231543908e-01 5.706316873742521973e+11
3.780650203640470441e-01 1.063175470938637451e+12
3.795772804455032068e-01 7.112532515815263672e+11
3.810955895672852312e-01 7.927681552203621826e+11
3.826199719255543585e-01 3.482007537559290771e+11
3.841504518132565771e-01 5.607143909425235596e+11
3.856870536205096456e-01 4.071362742997869263e+11
3.872298018349916715e-01 6.580428295774971924e+11
3.887787210423316320e-01 6.295906834117551270e+11
3.903338359265008939e-01 7.431999935343771973e+11
3.918951712702069545e-01 7.449735498594204102e+11
3.934627519552877928e-01 3.947514414995800171e+11
3.950366029631089404e-01 9.282789661411047363e+11
3.966167493749613859e-01 6.686923780338054199e+11
3.982032163724612550e-01 1.207557026461277344e+12
3.997960292379510450e-01 1.445292269307734619e+12
4.013952133549028578e-01 1.690747735673303467e+12
4.030007942083224659e-01 1.974314425785762939e+12
4.046127973851557647e-01 1.619069549454861816e+12
4.062312485746963908e-01 1.632250941472843994e+12
4.078561735689951728e-01 1.838783236622735596e+12
4.094875982632711353e-01 2.044055964977220703e+12
4.111255486563242245e-01 2.309929190886256836e+12
4.127700508509495880e-01 2.100701276967958496e+12
4.144211310543532978e-01 1.988453259169009766e+12
4.160788155785707931e-01 2.284046510245285156e+12
4.177431308408850463e-01 1.956796222358842285e+12
4.194141033642486138e-01 1.530179604727970947e+12
4.210917597777056320e-01 9.765252379814351807e+11
4.227761268168164221e-01 3.051675338903039551e+11
4.244672313240837602e-01 9.849476258913310547e+11
4.261651002493800910e-01 1.580383663727675049e+12
4.278697606503775730e-01 1.756833041580224609e+12
4.295812396929790666e-01 1.396035829609878906e+12
4.312995646517510107e-01 1.752791195527804688e+12
4.330247629103580187e-01 2.196607161326166260e+12
4.347568619619994745e-01 2.645337078102537109e+12
4.364958894098474596e-01 2.495561267850148438e+12
4.382418729674867897e-01 1.893861540963994629e+12
4.399948404593567730e-01 2.309504957692901855e+12
4.417548198211941890e-01 2.429477708678136230e+12
4.435218391004789873e-01 2.060153233132110596e+12
4.452959264568808750e-01 2.133244311848105957e+12
4.470771101627084021e-01 2.610136899102239746e+12
4.488654186033592119e-01 2.623523624814469238e+12
4.506608802777726241e-01 2.868334017432654297e+12
4.524635237988837710e-01 2.462570792528853516e+12
4.542733778940792333e-01 2.624950636905480957e+12
4.560904714056555065e-01 2.882411955312563477e+12
4.579148332912781894e-01 2.866852216448546387e+12
4.597464926244433370e-01 2.642905055097743652e+12
4.615854785949410899e-01 3.032434595817385254e+12
4.634318205093208576e-01 2.631833006700389648e+12
4.652855477913582227e-01 2.870415753960629883e+12
4.671466899825236219e-01 2.846506590020844238e+12
4.690152767424536906e-01 2.883878048555964355e+12
4.708913378494234969e-01 3.151408328582927246e+12
4.727749032008212171e-01 3.062888928937017090e+12
4.746660028136244769e-01 3.245463566433978027e+12
4.765646668248789131e-01 2.571176257214841797e+12
4.784709254921784560e-01 2.203663248189031250e+12
4.803848091941470555e-01 2.537274370125270996e+12
4.823063484309236815e-01 2.616321205386780762e+12
4.842355738246474361e-01 2.891452448605356934e+12
4.861725161199459966e-01 3.044157594673050781e+12
4.881172061844257226e-01 3.307278300569606934e+12
4.900696750091634302e-01 3.293607480001477051e+12
4.920299537092001074e-01 3.567004544230790039e+12
4.939980735240369625e-01 3.980231981407641113e+12
4.959740658181330253e-01 3.098377722737438477e+12
4.979579620814056362e-01 3.352134456702483887e+12
4.999497939297311566e-01 2.960974070853460938e+12
5.019495931054501758e-01 2.834779963097924316e+12
5.039573914778719965e-01 3.179710565116909668e+12
5.059732210437835054e-01 2.894079377823978027e+12
5.079971139279585435e-01 3.062122943094543457e+12
5.100291023836703852e-01 2.826207085754192871e+12
5.120692187932051054e-01 2.818970828301344238e+12
5.141174956683780550e-01 2.846462677485645996e+12
5.161739656510514473e-01 2.336094263641144043e+12
5.182386615136556074e-01 1.750216538788685303e+12
5.203116161597103329e-01 2.644979156252818359e+12
5.223928626243490303e-01 3.628325908661706543e+12
5.244824340748465152e-01 3.765132097466609863e+12
5.265803638111459239e-01 3.070943775629943848e+12
5.286866852663905103e-01 3.803061649734889648e+12
5.308014320074561088e-01 3.877019768681750977e+12
5.329246377354859288e-01 3.411280178312503906e+12
5.350563362864277916e-01 3.887905112776799316e+12
5.371965616315735881e-01 3.524998155667689941e+12
5.393453478780998456e-01 3.630359051352312012e+12
5.415027292696121819e-01 3.673263036519078125e+12
5.436687401866906466e-01 3.250044919252848145e+12
5.458434151474373941e-01 2.884220245361626465e+12
5.480267888080271321e-01 3.291967736081630371e+12
5.502188959632591247e-01 3.144789340887814453e+12
5.524197715471121928e-01 3.332975820496516113e+12
5.546294506333006025e-01 3.550225726102733887e+12
5.568479684358338400e-01 3.542742389077376465e+12
5.590753603095770519e-01 3.125817480502795410e+12
5.613116617508153716e-01 2.991205889808166016e+12
5.635569083978186899e-01 2.746071058771864258e+12
5.658111360314097560e-01 3.036724094266996094e+12
5.680743805755354980e-01 2.862803207661587402e+12
5.703466780978375672e-01 3.154402912587212402e+12
5.726280648102289872e-01 3.257318210046797363e+12
5.749185770694699160e-01 3.519909284369841797e+12
5.772182513777477375e-01 3.349651576516552734e+12
5.795271243832587071e-01 3.710964365815609863e+12
5.818452328807918184e-01 3.729455586229229004e+12
5.841726138123150003e-01 3.669593675364892578e+12
5.865093042675643131e-01 2.999408923416837402e+12
5.888553414846344758e-01 1.745813436706663818e+12
5.912107628505729462e-01 2.204225588346773926e+12
5.935756059019753339e-01 2.496338191302383789e+12
5.959499083255832552e-01 2.434447137969565430e+12
5.983337079588855190e-01 2.705240095273096680e+12
6.007270427907210886e-01 2.924015643278692383e+12
6.031299509618840426e-01 3.259233669308163574e+12
6.055424707657315331e-01 3.676383518137484863e+12
6.079646406487945187e-01 4.024191675468583008e+12
6.103964992113897203e-01 4.292885184645832031e+12
6.128380852082353503e-01 4.430857038280451172e+12
6.152894375490681744e-01 3.939619840810750977e+12
6.177505952992645710e-01 3.112075473402624512e+12
6.202215976804615893e-01 2.779346337982541992e+12
6.227024840711834486e-01 2.263954590209291504e+12
6.251932940074681477e-01 2.629327763480332520e+12
6.276940671834980723e-01 2.908945520941620117e+12
6.302048434522321552e-01 3.360387289142303223e+12
6.327256628260409244e-01 3.848949148461606934e+12
6.352565654773452142e-01 3.993272096512702637e+12
6.377975917392545435e-01 3.641003687467548340e+12
6.403487821062116003e-01 4.343235678524396484e+12
6.429101772346363930e-01 4.736979026560946289e+12
6.454818179435749537e-01 4.932688853797351562e+12
6.480637452153492628e-01 5.176177269103792969e+12
6.506560001962106154e-01 5.228661457754181641e+12
6.532586241969955410e-01 5.654054140290462891e+12
6.558716586937833881e-01 5.154574437594907227e+12
6.584951453285585732e-01 4.986141473383392578e+12
6.611291259098727169e-01 4.767687844459875977e+12
6.637736424135122215e-01 4.370392813445547363e+12
6.664287369831662922e-01 4.063013367968557617e+12
6.690944519310989547e-01 3.794014458940323730e+12
6.717708297388232941e-01 3.722092301073101074e+12
6.744579130577786907e-01 3.772257267722815430e+12
6.771557447100098326e-01 4.095017918218245117e+12
6.798643676888498355e-01 3.788322300059652344e+12
6.825838251596052508e-01 3.771502505132621094e+12
6.853141604602436265e-01 3.626879627995673340e+12
6.880554171020846210e-01 3.417042470755639160e+12
6.908076387704928933e-01 3.644723043355411133e+12
6.935708693255748791e-01 4.452871748778676758e+12
6.963451528028771209e-01 4.982420073095553711e+12
6.991305334140887062e-01 5.318865262854666016e+12
7.019270555477450380e-01 5.640520260749534180e+12
7.047347637699360456e-01 6.525917683339198242e+12
7.075537028250157290e-01 5.930342755681912109e+12
7.103839176363159202e-01 5.240067733391455078e+12
7.132254533068611568e-01 4.825941303546260742e+12
7.160783551200886610e-01 5.035009317732281250e+12
7.189426685405689854e-01 5.293665865861300781e+12
7.218184392147313222e-01 5.269271058371347656e+12
7.247057129715901436e-01 5.754262624726199219e+12
7.276045358234763949e-01 6.123821049078120117e+12
7.305149539667704639e-01 6.565591517532883789e+12
7.334370137826373703e-01 6.880412901372827148e+12
7.363707618377679509e-01 7.106805984437001953e+12
7.393162448851190449e-01 7.339850176949890625e+12
7.422735098646596752e-01 7.378061466502583984e+12
7.452426039041182282e-01 7.435223249389555664e+12
7.482235743197346300e-01 7.553107674339530273e+12
7.512164686170136330e-01 7.581260329268509766e+12
7.542213344914817652e-01 7.665836721246646484e+12
7.572382198294477229e-01 7.670664174170006836e+12
7.602671727087656484e-01 7.217388615511749023e+12
7.633082413996006288e-01 7.128294049769157227e+12
7.663614743651989691e-01 6.598969541755771484e+12
7.694269202626597970e-01 6.398047700180823242e+12
7.725046279437104424e-01 6.515075566800673828e+12
7.755946464554852593e-01 6.351565026392475586e+12
7.786970250413072225e-01 6.448309620968540039e+12
7.818118131414724115e-01 6.670824648735673828e+12
7.849390603940383793e-01 6.476363462638648438e+12
7.880788166356144098e-01 6.767647462539946289e+12
7.912311319021569922e-01 6.756504293526230469e+12
7.943960564297655180e-01 6.962943164582830078e+12
7.975736406554845281e-01 7.136750664430314453e+12
8.007639352181065151e-01 7.295874247786430664e+12
8.039669909589789443e-01 7.429186655219884766e+12
8.071828589228148276e-01 7.562613698202063477e+12
8.104115903585061842e-01 7.680526996825007812e+12
8.136532367199402760e-01 7.813419541401724609e+12
8.169078496668199518e-01 7.772167981468741211e+12
8.201754810654874328e-01 7.169345457608355469e+12
8.234561829897493190e-01 7.602398980354114258e+12
8.267500077217083687e-01 7.600038899583136719e+12
8.300570077525952772e-01 7.358093772709916016e+12
8.333772357836056743e-01 7.421730979369495117e+12
8.367107447267401188e-01 7.287795271455968750e+12
8.400575877056470908e-01 7.333060148496887695e+12
8.434178180564695371e-01 7.008436453475750977e+12
8.467914893286955236e-01 6.652677225224630859e+12
8.501786552860102208e-01 6.693527143201571289e+12
8.535793699071543283e-01 6.575996064567824219e+12
8.569936873867830540e-01 7.075673037443668945e+12
8.604216621363300899e-01 7.245742037962250977e+12
8.638633487848753623e-01 7.332698635479194336e+12
8.673188021800150027e-01 6.944992939106250977e+12
8.707880773887352044e-01 7.314619268786863281e+12
8.742712296982900755e-01 7.403274447491836914e+12
8.777683146170831563e-01 7.575320859362080078e+12
8.812793878755513788e-01 7.509756151835126953e+12
8.848045054270535781e-01 7.585694067841425781e+12
8.883437234487617795e-01 6.878965297910810547e+12
8.918970983425568155e-01 7.219754424072924805e+12
8.954646867359271623e-01 6.967680991866466797e+12
8.990465454828707736e-01 7.165271623140501953e+12
9.026427316648023558e-01 7.113330262550942383e+12
9.062533025914615292e-01 7.102653625224228516e+12
9.098783158018273198e-01 7.275764342055515625e+12
9.135178290650346478e-01 7.365064028476411133e+12
9.171719003812948134e-01 7.465646730644462891e+12
9.208405879828199803e-01 7.533443574715677734e+12
9.245239503347512100e-01 7.527946672610021484e+12
9.282220461360901620e-01 7.502264426614963867e+12
9.319349343206346781e-01 7.431252297993631836e+12
9.356626740579171431e-01 7.410749205350930664e+12
9.394053247541488405e-01 7.327187170247747070e+12
9.431629460531654185e-01 7.398243314739084961e+12
9.469355978373780180e-01 7.437757604532297852e+12
9.507233402287275092e-01 7.453204117163532227e+12
9.545262335896426142e-01 7.418707441639614258e+12
9.583443385240012491e-01 7.386836567729780273e+12
9.621777158780971950e-01 7.356234689386788086e+12
9.660264267416096562e-01 7.294426793291524414e+12
9.698905324485760371e-01 7.336258252472604492e+12
9.737700945783701600e-01 7.128329827915791992e+12
9.776651749566835914e-01 7.066249671649713867e+12
9.815758356565105203e-01 7.129476102095740234e+12
9.855021389991363012e-01 7.048644394765891602e+12
9.894441475551331022e-01 6.854591260805400391e+12
9.934019241453534432e-01 6.402007460232070312e+12
9.973755318419349480e-01 6.620173566431163086e+12
1.001365033969302543e+00 6.698993155636789062e+12
1.005370494105179757e+00 6.615040379797029297e+12
1.009391976081600362e+00 6.727699919696367188e+12
1.013429543985926884e+00 6.761463431762480469e+12
1.017483262161870350e+00 6.743732020877475586e+12
1.021553195210518128e+00 6.775809591471671875e+12
1.025639407991360219e+00 6.615652849411070312e+12
1.029741965623325539e+00 6.566152239355247070e+12
1.033860933485818867e+00 6.581649423440956055e+12
1.037996377219762012e+00 6.713344441002233398e+12
1.042148362728641198e+00 6.656976611470865234e+12
1.046316956179555557e+00 6.744904976303514648e+12
1.050502224004274066e+00 6.718156623576711914e+12
1.054704232900291139e+00 6.762302955179786133e+12
1.058923049831892227e+00 6.694215957197714844e+12
1.063158742031219628e+00 6.692906490937153320e+12
1.067411376999344741e+00 6.585854440261321289e+12
1.071681022507342096e+00 6.583093633105380859e+12
1.075967746597371377e+00 6.622939033864073242e+12
1.080271617583760779e+00 6.571502965025619141e+12
1.084592704054095913e+00 6.598334521875272461e+12
1.088931074870312044e+00 6.578695232788739258e+12
1.093286799169793433e+00 6.545785330196929688e+12
1.097659946366472461e+00 6.478079463763566406e+12
1.102050586151938294e+00 6.467309961703854492e+12
1.106458788496546219e+00 6.417393356189443359e+12
1.110884623650532532e+00 6.363455349151162109e+12
1.115328162145134749e+00 6.404214639925825195e+12
1.119789474793714934e+00 6.355386543011984375e+12
1.124268632692889902e+00 6.367630372583875977e+12
1.128765707223661430e+00 6.328475875262966797e+12
1.133280770052556230e+00 6.320475197384683594e+12
1.137813893132766374e+00 6.118115364829133789e+12
1.142365148705297484e+00 6.082977327920114258e+12
1.146934609300118479e+00 6.235994805307683594e+12
1.151522347737319096e+00 6.271430924014569336e+12
1.156128437128268516e+00 6.195948354469134766e+12
1.160752950876781542e+00 6.104150175611122070e+12
1.165395962680288999e+00 6.146687114667109375e+12
1.170057546531009907e+00 6.091187723047706055e+12
1.174737776717134086e+00 6.099554585713508789e+12
1.179436727824002773e+00 6.007764467907386719e+12
1.184154474735298557e+00 5.913287459523008789e+12
1.188891092634239977e+00 5.952884567043115234e+12
1.193646657004777012e+00 5.968099744276711914e+12
1.198421243632796118e+00 5.781777303011488281e+12
1.203214928607327261e+00 5.858603896319373047e+12
1.208027788321756724e+00 5.844261829176743164e+12
1.212859899475043468e+00 5.833718507144280273e+12
1.217711339072943710e+00 5.846003319377662109e+12
1.222582184429235275e+00 5.790784791287976562e+12
1.227472513166952384e+00 5.808884717824920898e+12
1.232382403219620226e+00 5.759086689132294922e+12
1.237311932832498407e+00 5.724127469242736328e+12
1.242261180563828615e+00 5.568344064952881836e+12
1.247230225286083849e+00 5.619027757388919922e+12
1.252219146187228072e+00 5.569361350032189453e+12
1.257228022771976983e+00 5.568131748572080078e+12
1.262256934863064783e+00 5.534727145912819336e+12
1.267305962602517155e+00 5.542975729578043945e+12
1.272375186452927354e+00 5.503023729282421875e+12
1.277464687198738957e+00 5.481297992952958008e+12
1.282574545947533950e+00 5.414440639583695312e+12
1.287704844131324133e+00 5.371571416797657227e+12
1.292855663507849417e+00 5.333269477847773438e+12
1.298027086161880783e+00 5.350979788012041992e+12
1.303219194506528344e+00 5.330975532810217773e+12
1.308432071284554521e+00 5.281400508279245117e+12
1.313665799569692760e+00 5.285804314800851562e+12
1.318920462767971591e+00 5.262691682029585938e+12
1.324196144619043336e+00 5.197334499567198242e+12
1.329492929197519491e+00 5.116917447191818359e+12
1.334810900914309650e+00 4.909824509814500977e+12
1.340150144517967101e+00 4.869422324784823242e+12
1.345510745096038852e+00 4.837911131439621094e+12
1.350892788076423212e+00 4.826958303140615234e+12
1.356296359228728932e+00 4.792221530737353516e+12
1.361721544665643879e+00 4.772461920417582031e+12
1.367168430844306393e+00 4.767675988241984375e+12
1.372637104567683730e+00 4.768647229354920898e+12
1.378127652985954299e+00 4.749794478584890625e+12
1.383640163597898098e+00 4.719732671669142578e+12
1.389174724252289828e+00 4.635449227787713867e+12
1.394731423149298877e+00 4.586803884783470703e+12
1.400310348841896202e+00 4.545054242240111328e+12
1.405911590237263642e+00 4.526035374021634766e+12
1.411535236598212784e+00 4.448740667024498047e+12
1.417181377544605603e+00 4.400409618234499023e+12
1.422850103054784210e+00 4.388727180954241699e+12
1.428541503467003038e+00 4.322589989676774902e+12
1.434255669480871243e+00 4.348676142748782715e+12
1.439992692158794885e+00 4.323414042215600098e+12
1.445752662927429988e+00 4.317358581136378418e+12
1.451535673579139596e+00 4.279474192711266602e+12
1.457341816273456159e+00 4.261307774162400879e+12
1.463171183538549913e+00 4.218497112382495605e+12
1.469023868272704147e+00 4.172412855754591797e+12
1.474899963745795128e+00 4.171644897385935547e+12
1.480799563600778246e+00 4.149791619609613281e+12
1.486722761855181485e+00 4.081788972648833008e+12
1.492669652902602007e+00 4.125101050599954590e+12
1.498640331514212276e+00 4.104233561298084961e+12
1.504634892840269300e+00 3.893633703411154297e+12
1.510653432411630304e+00 4.093048409951150391e+12
1.516696046141276843e+00 4.086020748755527344e+12
1.522762830325842032e+00 4.085780129433301270e+12
1.528853881647145307e+00 4.072720791042796387e+12
1.534969297173733649e+00 4.045387328534616699e+12
1.541109174362428780e+00 4.028034488821975098e+12
1.547273611059878373e+00 4.026737741471567871e+12
1.553462705504118135e+00 4.016629117696053223e+12
1.559676556326134556e+00 3.991557886302877441e+12
1.565915262551438980e+00 3.998743240334485352e+12
1.572178923601644795e+00 3.949489244982563477e+12
1.578467639296051495e+00 3.956193737671375488e+12
1.584781509853235626e+00 3.985673493365316406e+12
1.591120635892648405e+00 3.962135457693637207e+12
1.597485118436219098e+00 3.989172740932246094e+12
1.603875058909963958e+00 3.972320283524874512e+12
1.610290559145603595e+00 3.960135806507548828e+12
1.616731721382186127e+00 3.760537826196706543e+12
1.623198648267714761e+00 3.910415420226791016e+12
1.629691442860785600e+00 3.942354324100055664e+12
1.636210208632228769e+00 3.943778018708073730e+12
1.642755049466757766e+00 3.911252441004986816e+12
1.649326069664624805e+00 3.888375046019892090e+12
1.655923373943283039e+00 3.872126794953370117e+12
1.662547067439056336e+00 3.838684957513308105e+12
1.669197255708812611e+00 3.816283895100291016e+12
1.675874044731648027e+00 3.787322558711230957e+12
1.682577540910574321e+00 3.744322552413263184e+12
1.689307851074216771e+00 3.695470815644967285e+12
1.696065082478513508e+00 3.647899965335114746e+12
1.702849342808427480e+00 3.593469773156437500e+12
1.709660740179661298e+00 3.426996325967846191e+12
1.716499383140379864e+00 3.435624293776217285e+12
1.723365380672941427e+00 3.400882694922853516e+12
1.730258842195633306e+00 3.350580611618714844e+12
1.737179877564415831e+00 3.257242371604380859e+12
1.744128597074673603e+00 3.208881893520312500e+12
1.751105111462972097e+00 3.138835815778193848e+12
1.758109531908824241e+00 3.046654451665899414e+12
1.765141970036459451e+00 3.000344818658741699e+12
1.772202537916605314e+00 2.928892720735673828e+12
1.779291348068271716e+00 2.843646741574884277e+12
1.786408513460544745e+00 2.798415799482570312e+12
1.793554147514387020e+00 2.736206466935452637e+12
1.800728364104444257e+00 2.701398687410545898e+12
1.807931277560862249e+00 2.631589276121824707e+12
1.815163002671105641e+00 2.631717852884419922e+12
1.822423654681789795e+00 2.585711248868978027e+12
1.829713349300517100e+00 2.542391400790939453e+12
1.837032202697718830e+00 2.523314409410815918e+12
1.844380331508509885e+00 2.426629731905018555e+12
1.851757852834543527e+00 2.392314321744645020e+12
1.859164884245881888e+00 2.273464433868905762e+12
1.866601543782865358e+00 2.351274397142560547e+12
1.874067949957996859e+00 2.287906384740729980e+12
1.881564221757828781e+00 2.301611610900665039e+12
1.889090478644860127e+00 2.286395661227750977e+12
1.896646840559439662e+00 2.278185960325871582e+12
1.904233427921677269e+00 2.260061029310063965e+12
1.911850361633363971e+00 2.258497782402092285e+12
1.919497763079897279e+00 2.212621917444011230e+12
1.927175754132217200e+00 2.144411567072987061e+12
1.934884457148745796e+00 2.161603609467667480e+12
1.942623994977340729e+00 2.035572439607874512e+12
1.950394490957250149e+00 2.061827617124447510e+12
1.958196068921079336e+00 2.114117224967084717e+12
1.966028853196763793e+00 2.107086692414199951e+12
1.973892968609550991e+00 1.971512175365034912e+12
1.981788540483989447e+00 1.921481743596258301e+12
1.989715694645925126e+00 1.906744460274617676e+12
1.997674557424508723e+00 1.957218507310805664e+12
2.005665255654207169e+00 1.941206484123147949e+12
2.013687916676823786e+00 1.910349615488163818e+12
2.021742668343530891e+00 1.894077521140559570e+12
2.029829639016905052e+00 1.863220065988238770e+12
2.037948957572972564e+00 1.840959582314910645e+12
2.046100753403264694e+00 1.816473877496279785e+12
2.054285156416877811e+00 1.815277365472097656e+12
2.062502297042545507e+00 1.776378869466660645e+12
2.070752306230715600e+00 1.770510687522569336e+12
2.079035315455638244e+00 1.752702761703445801e+12
2.087351456717461140e+00 1.728592449962605469e+12
2.095700862544330967e+00 1.714429572756183105e+12
2.104083665994508134e+00 1.712522489015724609e+12
2.112500000658485977e+00 1.701093128747801025e+12
2.120950000661120161e+00 1.689308937233604736e+12
2.129433800663764753e+00 1.662628038537548828e+12
2.137951535866419839e+00 1.657749117750696777e+12
2.146503342009885351e+00 1.661455671021405518e+12
2.155089355377924676e+00 1.647297193739900391e+12
2.163709712799436691e+00 1.643805403890104492e+12
2.172364551650634468e+00 1.630550549010181396e+12
2.181054009857236853e+00 1.616423999094808350e+12
2.189778225896665376e+00 1.609416934519589111e+12
2.198537338800252705e+00 1.604668936205001221e+12
2.207331488155453325e+00 1.569583615892071533e+12
2.216160814108075083e+00 1.589433183572245361e+12
2.225025457364507631e+00 1.567608262437686523e+12
2.233925559193965515e+00 1.563599331193207764e+12
2.242861261430741493e+00 1.558725123506228760e+12
2.251832706476463830e+00 1.545961420664865234e+12
2.260840037302370042e+00 1.512731860020190186e+12
2.269883397451579299e+00 1.518909400569190430e+12
2.278962931041386142e+00 1.497132208883334717e+12
2.288078782765551100e+00 1.491812598823178955e+12
2.297231097896613505e+00 1.397755812343197510e+12
2.306420022288200311e+00 1.424715989324594971e+12
2.315645702377353121e+00 1.405535505008390381e+12
2.324908285186861878e+00 1.323793248944389404e+12
2.334207918327609654e+00 1.335251358530405273e+12
2.343544750000919663e+00 1.331460683263289795e+12
2.352918929000923143e+00 1.260580801308429688e+12
2.362330604716927240e+00 1.267555898026865479e+12
2.371779927135795329e+00 1.270608451041509277e+12
2.381267046844337987e+00 1.204326498506639160e+12
2.390792115031715070e+00 1.182460595045557129e+12
2.400355283491842240e+00 1.170726064563458252e+12
2.409956704625809465e+00 1.125505175775440186e+12
2.419596531444312859e+00 1.099360352335784058e+12
2.429274917570089620e+00 1.075182925287368774e+12
2.438992017240370291e+00 1.045680968343557861e+12
2.448747985309331465e+00 1.007628383334524170e+12
2.458542977250568917e+00 9.810853496086958008e+11
2.468377149159570738e+00 9.705777543088160400e+11
2.478250657756209563e+00 9.152152925777493896e+11
2.488163660387234355e+00 9.123850935858411865e+11
2.498116315028783063e+00 8.994180511081241455e+11
2.508108780288898387e+00 8.616935316526654053e+11
2.518141215410053757e+00 8.521547488814804688e+11
2.528213780271693967e+00 8.280740073759472656e+11
2.538326635392781139e+00 8.135819741283901367e+11
2.548479941934351789e+00 8.079288302844077148e+11
2.558673861702089436e+00 7.941783368658027344e+11
2.568908557148898097e+00 7.955162892200020752e+11
2.579184191377493551e+00 7.695687575545010986e+11
2.589500928143003478e+00 7.795199290397392578e+11
2.599858931855575594e+00 7.771195851881060791e+11
2.610258367582998229e+00 7.766438143831922607e+11
2.620699401053329769e+00 7.662320908171452637e+11
2.631182198657543214e+00 7.629890613727083740e+11
2.641706927452173392e+00 7.592687655334661865e+11
2.652273755161981938e+00 7.647565440523856201e+11
2.662882850182629824e+00 7.631504517139742432e+11
2.673534381583360542e+00 7.359845314853886719e+11
2.684228519109693956e+00 7.315930625140139160e+11
2.694965433186132575e+00 7.056298026085086670e+11
2.705745294918877164e+00 7.025664694895386963e+11
2.716568276098552559e+00 6.829416928437349854e+11
2.727434549202946812e+00 6.582873623511741943e+11
2.738344287399758326e+00 6.468935582014707031e+11
2.749297664549357201e+00 6.383240204625867920e+11
2.760294855207554576e+00 6.342201578122404785e+11
2.771336034628385292e+00 6.164631449180382080e+11
2.782421378766898545e+00 6.054573440655367432e+11
2.793551064281966312e+00 6.018495136598045654e+11
2.804725268539093985e+00 5.827293938312249756e+11
2.815944169613250558e+00 5.676982697050872803e+11
2.827207946291703244e+00 5.767679698988260498e+11
2.838516778076869862e+00 5.558072019218317871e+11
2.849870845189177437e+00 5.465139955519835815e+11
2.861270328569933685e+00 5.528021209946998291e+11
2.872715409884213589e+00 5.371027263675855713e+11
2.884206271523750420e+00 5.340034914505291748e+11
2.895743096609845413e+00 5.340725747783892822e+11
2.907326068996284985e+00 5.103109662435224609e+11
2.918955373272270393e+00 5.118176284875526123e+11
2.930631194765359826e+00 5.040255168201717529e+11
2.942353719544420709e+00 4.874774265009977417e+11
2.954123134422598440e+00 4.915900841748967896e+11
2.965939626960289122e+00 4.786584990194985962e+11
2.977803385468130504e+00 4.808457943279146118e+11
2.989714599010003138e+00 4.669130261210047607e+11
3.001673457406043077e+00 4.647455668098406982e+11
3.013680151235667015e+00 4.608862072031632080e+11
3.025734871840609408e+00 4.427391187271047974e+11
3.037837811327972037e+00 4.551464813179833984e+11
3.049989162573283785e+00 4.372207024060588989e+11
3.062189119223576395e+00 4.425391747344503174e+11
3.074437875700470890e+00 4.313357700305100708e+11
3.086735627203272880e+00 4.248174906052250977e+11
3.099082569712085622e+00 4.255078213507047729e+11
3.111478899990933744e+00 4.141410954240844116e+11
3.123924815590897186e+00 4.157445656816632080e+11
3.136420514853261121e+00 4.087698028400521851e+11
3.148966196912674320e+00 4.048492078421196899e+11
3.161562061700325277e+00 4.028267440306774902e+11
3.174208309947126327e+00 3.938532621704276123e+11
3.186905143186915090e+00 3.989354823224871826e+11
3.199652763759662566e+00 3.825459655012844849e+11
3.212451374814701222e+00 3.938103328867573242e+11
3.225301180313960625e+00 3.835313810390329590e+11
3.238202385035215958e+00 3.810572553404205322e+11
3.251155194575356955e+00 3.792003218051179199e+11
3.264159815353658622e+00 3.758462044666622314e+11
3.277216454615073271e+00 3.716181682123468628e+11
3.290325320433533207e+00 3.685694083880144043e+11
3.303486621715267635e+00 3.682211464042170410e+11
3.316700568202128441e+00 3.613974391435809937e+11
3.329967370474937294e+00 3.645824039984765015e+11
3.343287239956836743e+00 3.551732107324743042e+11
3.356660388916663962e+00 3.554522132257758789e+11
3.370087030472330714e+00 3.533453787739406738e+11
3.383567378594220187e+00 3.486402746481820679e+11
3.397101648108596716e+00 3.478042353488383789e+11
3.410690054701031482e+00 3.423700261989470825e+11
3.424332814919834878e+00 3.420732351296563110e+11
3.438030146179514634e+00 3.378655073042330933e+11
3.451782266764232610e+00 3.361271220369555664e+11
3.465589395831289998e+00 3.337766816196278076e+11
3.479451753414614767e+00 3.301561540890835571e+11
3.493369560428273068e+00 3.250199812506350708e+11
3.507343038669985980e+00 3.265628502348375854e+11
3.521372410824665788e+00 3.189422682562093506e+11
3.535457900467964709e+00 3.182144302185026245e+11
3.549599732069836477e+00 3.151534631786256714e+11
3.563798130998116154e+00 3.117090843963469238e+11
3.578053323522108364e+00 3.090351073902091675e+11
3.592365536816196858e+00 3.064289877579338379e+11
3.606734998963461614e+00 3.031686626427617188e+11
3.621161938959315041e+00 2.995307351845596924e+11
3.635646586715152839e+00 2.965373895328244019e+11
3.650189173062013293e+00 2.938122469656187744e+11
3.664789929754260545e+00 2.909998074709279785e+11
3.679449089473277645e+00 2.870402460435358887e+11
3.694166885831170699e+00 2.843467251513151855e+11
3.708943553374495661e+00 2.826051888933640747e+11
3.723779327587993571e+00 2.793361512395424805e+11
3.738674444898345328e+00 2.751784073397526855e+11
3.753629142677938901e+00 2.743806426189931335e+11
3.768643659248651190e+00 2.697094112513610840e+11
3.783718233885645432e+00 2.685381612624627686e+11
3.798853106821188153e+00 2.646923219894640198e+11
3.814048519248473657e+00 2.621431822252996216e+11
3.829304713325467180e+00 2.567614429743978577e+11
3.844621932178768908e+00 2.553466121230983276e+11
3.860000419907484215e+00 2.531207920583458557e+11
3.875440421587113882e+00 2.488380785695234375e+11
3.890942183273462529e+00 2.454768172284508362e+11
3.906505952006555926e+00 2.427054408947155457e+11
3.922131975814582727e+00 2.396261383003700867e+11
3.937820503717840648e+00 2.360643010897275696e+11
3.953571785732711508e+00 2.312931470267684021e+11
3.969386072875642490e+00 2.288696570807635193e+11
3.985263617167145167e+00 2.236732567653414917e+11
4.001204671635814059e+00 2.210687430266852112e+11
4.017209490322357190e+00 2.186090008366274414e+11
4.033278328283646630e+00 2.139709420622379150e+11
4.049411441596781458e+00 2.099741047073629456e+11
4.065609087363168506e+00 2.069913238059393921e+11
4.081871523712622185e+00 2.010638958590184937e+11
4.098199009807472315e+00 2.001685203534272766e+11
4.114591805846702144e+00 1.965984862883638306e+11
4.131050173070089038e+00 1.934308691223128967e+11
4.147574373762369149e+00 1.918729319276891174e+11
4.164164671257418959e+00 1.869890486273627014e+11
4.180821329942449260e+00 1.853143664275098267e+11
4.197544615262219558e+00 1.828241382998030090e+11
4.214334793723269357e+00 1.789967495682824402e+11
4.231192132898162761e+00 1.789670732277503967e+11
4.248116901429755288e+00 1.731121936554387207e+11
4.265109369035473996e+00 1.709209704086561584e+11
4.282169806511615384e+00 1.698094373835145569e+11
4.299298485737661935e+00 1.613152484699270325e+11
4.316495679680612874e+00 1.607686812388627930e+11
4.333761662399335357e+00 1.579954587691472778e+11
4.351096709048932532e+00 1.525999084508162537e+11
4.368501095885127583e+00 1.494123328884877625e+11
4.385975100268668214e+00 1.471413378573109741e+11
4.403519000669743555e+00 1.429659615354799194e+11
4.421133076672422391e+00 1.400982767749623108e+11
4.438817608979111817e+00 1.377805305555634766e+11
4.456572879415028332e+00 1.360368145216259766e+11
4.474399170932688463e+00 1.313383262486369476e+11
4.492296767616419828e+00 1.309579892617764130e+11
4.510265954686884626e+00 1.297382612468153076e+11
4.528307018505633330e+00 1.254938956886836548e+11
4.546420246579655711e+00 1.248110077056906433e+11
4.564605927565974497e+00 1.218937638970812683e+11
4.582864351276237258e+00 1.217632102587033386e+11
4.601195808681342925e+00 1.185109305812988739e+11
4.619600591916067422e+00 1.179832479292597351e+11
4.638078994283731937e+00 1.163606998611371613e+11
4.656631310260867629e+00 1.152280558042456665e+11
4.675257835501911430e+00 1.124844020799000244e+11
4.693958866843916944e+00 1.119969087334299011e+11
4.712734702311292878e+00 1.096625779555328522e+11
4.731585641120538810e+00 1.086758459584911346e+11
4.750511983685020923e+00 1.075089389325334320e+11
4.769514031619761063e+00 1.047550764220236206e+11
4.788592087746240011e+00 1.030638823493819122e+11
4.807746456097224730e+00 1.019336134682799225e+11
4.826977441921613377e+00 1.009328204402492218e+11
4.846285351689299858e+00 9.953199146509889221e+10
4.865670493096057925e+00 9.775602470886056519e+10
4.885133175068442135e+00 9.582764774407574463e+10
4.904673707768715474e+00 9.444982576144767761e+10
4.924292402599791174e+00 9.362887182282133484e+10
4.943989572210189642e+00 9.148567875166180420e+10
4.963765530499030021e+00 8.932132949862129211e+10
4.983620592621027079e+00 8.968789727194223022e+10
5.003555074991511198e+00 8.743928861720753479e+10
5.023569295291476777e+00 8.523940244622758484e+10
5.043663572472643075e+00 8.604389459551354980e+10
5.063838226762532813e+00 8.355495087824211121e+10
5.084093579669583640e+00 8.193269500721467590e+10
5.104429953988261381e+00 8.150323828574932861e+10
5.124847673804215020e+00 7.989399881043130493e+10
5.145347064499431688e+00 7.974249102819494629e+10
5.165928452757428957e+00 7.708176820640092468e+10
5.186592166568458673e+00 7.748050254900718689e+10
5.207338535234733001e+00 7.500347583511640930e+10
5.228167889375671784e+00 7.502607016501985168e+10
5.249080560933174766e+00 7.294668351819702148e+10
5.270076883176907145e+00 7.280457481772001648e+10
5.291157190709615321e+00 7.124798957576496887e+10
5.312321819472453299e+00 7.066679051958474731e+10
5.333571106750343738e+00 6.972144542638757324e+10
5.354905391177344320e+00 6.827680483562878418e+10
5.376325012742054099e+00 6.781699047580656433e+10
5.397830312793021612e+00 6.690034485266215515e+10
5.419421634044193858e+00 6.485027367977450562e+10
5.441099320580370602e+00 6.502157642934088898e+10
5.462863717862692425e+00 6.361302161774546814e+10
5.484715172734142996e+00 6.304377878509763336e+10
5.506654033425078865e+00 6.257038242341420746e+10
5.528680649558780580e+00 6.091630935830603027e+10
5.550795372157015350e+00 6.015218089163883972e+10
5.572998553645643227e+00 5.923959964821957397e+10
5.595290547860225949e+00 5.936572189171491241e+10
5.617671710051667766e+00 5.778011217357077789e+10
5.640142396891874021e+00 5.742768203278865814e+10
5.662702966479441713e+00 5.654079009423177338e+10
5.685353778345359821e+00 5.515527531788139343e+10
5.708095193458740724e+00 5.485294225436749268e+10
5.730927574232576482e+00 5.352015860538681793e+10
5.753851284529505783e+00 5.400389375559201050e+10
5.776866689667624399e+00 5.261949564288825989e+10
5.799974156426294769e+00 5.238653187185972595e+10
5.823174053051999977e+00 5.088329844993679047e+10
5.846466749264207508e+00 5.018246084826674652e+10
5.869852616261264977e+00 5.017467456349990082e+10
5.893332026726310069e+00 4.918086429519805145e+10
5.916905354833215114e+00 4.897599424826411438e+10
5.940572976252548543e+00 4.791254629835515594e+10
5.964335268157558545e+00 4.744102283489787292e+10
5.988192609230189589e+00 4.661666911605675507e+10
6.012145379667110490e+00 4.651694023216640472e+10
6.036193961185778889e+00 4.491778577845742798e+10
6.060338737030522616e+00 4.502264529169844055e+10
6.084580091978644134e+00 4.487998532719429779e+10
6.108918412346558746e+00 4.340872092260115814e+10
6.133354085995945226e+00 4.371989188821940613e+10
6.157887502339929320e+00 4.297022661084368896e+10
6.182519052349287669e+00 4.192767269781210327e+10
6.207249128558685491e+00 4.163529666543212891e+10
6.232078125072920471e+00 4.120814181221154785e+10
6.257006437573212843e+00 4.024643803016379547e+10
6.282034463323505236e+00 3.974576239970229340e+10
6.307162601176800720e+00 3.921842606269715881e+10
6.332391251581507063e+00 3.862691025543373108e+10
6.357720816587833390e+00 3.784907441006629181e+10
6.383151699854184180e+00 3.701763028178202057e+10
6.408684306653601226e+00 3.623320580930543518e+10
6.434319043880215361e+00 3.567710916531614685e+10
6.460056320055736379e+00 3.429877481481082535e+10
6.485896545335958052e+00 3.293620981017898560e+10
6.511840131517302233e+00 3.273289638600740051e+10
6.537887492043371829e+00 3.171093239337043381e+10
6.564039042011545533e+00 3.093886396201123428e+10
6.590295198179591196e+00 3.014541610069213486e+10
6.616656378972309405e+00 2.982244101378179169e+10
6.643123004488199257e+00 2.890228794399941635e+10
6.669695496506150789e+00 2.862644559985892105e+10
6.696374278492176479e+00 2.802084041629205704e+10
6.723159775606144528e+00 2.809155823268507385e+10
6.750052414708568094e+00 2.749223224715824509e+10
6.777052624367403411e+00 2.654564474497178268e+10
6.804160834864871887e+00 2.655993206719735336e+10
6.831377478204331055e+00 2.598729645846938705e+10
6.858702988117148180e+00 2.601086119371390152e+10
6.886137800069615622e+00 2.541609395037346268e+10
6.913682351269895499e+00 2.488483151999121857e+10
6.941337080674975013e+00 2.469957019693732452e+10
6.969102428997675069e+00 2.439574718636826706e+10
6.996978838713665994e+00 2.411590765877796173e+10
7.024966754068519670e+00 2.385817422989201736e+10
7.053066621084793653e+00 2.346359693614220810e+10
7.081278887569133929e+00 2.307140381691002274e+10
7.109604003119409654e+00 2.241969503754573059e+10
7.138042419131887861e+00 2.252090678671654892e+10
7.166594588808414379e+00 2.223425875424448395e+10
7.195260967163648047e+00 2.178341381063201141e+10
7.224042011032302923e+00 2.147632222381774902e+10
7.252938179076432235e+00 2.117179003818478012e+10
7.281949931792737196e+00 2.101035527473757553e+10
7.311077731519908696e+00 2.062762951277666473e+10
7.340322042445988515e+00 2.033844888085456848e+10
7.369683330615771411e+00 1.997666852908878708e+10
7.399162063938235612e+00 2.003936463886866760e+10
7.428758712193988423e+00 1.933452890154405212e+10
7.458473747042765112e+00 1.940866235755367661e+10
7.488307642030935796e+00 1.905996976495706940e+10
7.518260872599060285e+00 1.860692835678252029e+10
7.548333916089456253e+00 1.865384418434982681e+10
7.578527251753813587e+00 1.809452073622170639e+10
7.608841360760829176e+00 1.760303469926960754e+10
7.639276726203872769e+00 1.766100970771152878e+10
7.669833833108687493e+00 1.725119549433182144e+10
7.700513168441122325e+00 1.716072624769072533e+10
7.731315221114887670e+00 1.679104094915254021e+10
7.762240481999347352e+00 1.647115613455706215e+10
7.793289443927344351e+00 1.639453546513046074e+10
7.824462601703054077e+00 1.628011252237640381e+10
7.855760452109866065e+00 1.592786798572513390e+10
7.887183493918306532e+00 1.542105252206495667e+10
7.918732227893980458e+00 1.540895714050832176e+10
7.950407156805555431e+00 1.517351117859561157e+10
7.982208785432777454e+00 1.470580401521567345e+10
8.014137620574508958e+00 1.475765379889584160e+10
8.046194171056805899e+00 1.436834259726976776e+10
8.078378947741034821e+00 1.417441751964126968e+10
8.110692463531997021e+00 1.386120257058704948e+10
8.143135233386125549e+00 1.378974324346819496e+10
8.175707774319670662e+00 1.367114477983722496e+10
8.208410605416949224e+00 1.324607230596729088e+10
8.241244247838615422e+00 1.324402338836753082e+10
8.274209224829968790e+00 1.282107258398089981e+10
8.307306061729288871e+00 1.280097079131799507e+10
8.340535285976207192e+00 1.249956862833154678e+10
8.373897427120111203e+00 1.221789761667800140e+10
8.407393016828594412e+00 1.224826816858816719e+10
8.441022588895906509e+00 1.192478347853067207e+10
8.474786679251490540e+00 1.191341981440761185e+10
8.508685825968495209e+00 1.156694610721767044e+10
8.542720569272368891e+00 1.150060180137615204e+10
8.576891451549458978e+00 1.124507562049236679e+10
8.611199017355655627e+00 1.118983072812368202e+10
8.645643813425078150e+00 1.106628848700117683e+10
8.680226388678779159e+00 1.083896220224643517e+10
8.714947294233493125e+00 1.074218721378531456e+10
8.749807083410427566e+00 1.038838663225835419e+10
8.784806311744070229e+00 1.040382313659690475e+10
8.819945536991047774e+00 1.023389141326458931e+10
8.855225319139009343e+00 1.005747474898422050e+10
8.890646220415566958e+00 1.002921315846180725e+10
8.926208805297228821e+00 9.897138708305830002e+09
8.961913640518417878e+00 9.613184820950675964e+09
8.997761295080492161e+00 9.599755382582523346e+09
9.033752340260813085e+00 9.490119696969364166e+09
9.069887349621856387e+00 9.341573104353609085e+09
9.106166899020346150e+00 9.171520442077491760e+09
9.142591566616424359e+00 9.087264956437940598e+09
9.179161932882891506e+00 8.961451543739433289e+09
9.215878580614422333e+00 8.797161019537427902e+09
9.252742094936881045e+00 8.614122490726306915e+09
9.289753063316627646e+00 8.574004911605139732e+09
9.326912075569895322e+00 8.356408680684855461e+09
9.364219723872173162e+00 8.392214517780927658e+09
9.401676602767663482e+00 8.124732116590559006e+09
9.439283309178733816e+00 8.024297624437846184e+09
9.477040442415447075e+00 7.967692933657593727e+09
9.514948604185111236e+00 7.816126778842049599e+09
9.553008398601852136e+00 7.775550918378775597e+09
9.591220432196260859e+00 7.566533733989937782e+09
9.629585313925044687e+00 7.449827130348340034e+09
9.668103655180747324e+00 7.330895615645909309e+09
9.706776069801470896e+00 7.246004955727148056e+09
9.745603174080676112e+00 7.176393858099740982e+09
9.784585586776998412e+00 7.076935762333192825e+09
9.823723929124106746e+00 6.928214006172569275e+09
9.863018824840601440e+00 6.830866818404026031e+09
9.902470900139965337e+00 6.596299677180670738e+09
9.942080783740523842e+00 6.621536846684455872e+09
9.981849106875488431e+00 6.477794546578421593e+09
1.002177650330298952e+01 6.418318573537953377e+09
1.006186360931619994e+01 6.277222382062310219e+09
1.010211106375346723e+01 6.161345514678235054e+09
1.014251950800847979e+01 6.090393691350923538e+09
1.018308958604051284e+01 6.038483004913159370e+09
1.022382194438467451e+01 5.900837491456790924e+09
1.026471723216221399e+01 5.818409643946494102e+09
1.030577610109086173e+01 5.696272982660626411e+09
1.034699920549522467e+01 5.590700068492629051e+09
1.038838720231720458e+01 5.539255669841928482e+09
1.042994075112647501e+01 5.449586025012851715e+09
1.047166051413097954e+01 5.367907037437007904e+09
1.051354715618750468e+01 5.255290783821170807e+09
1.055560134481225454e+01 5.172994040725975037e+09
1.059782375019150358e+01 5.088169042006072044e+09
1.064021504519226902e+01 5.049061316007338524e+09
1.068277590537303823e+01 4.981676072139337540e+09
1.072550700899452991e+01 4.820652206552644730e+09
1.076840903703050856e+01 4.764207023347468376e+09
1.081148267317863088e+01 4.710063078012348175e+09
1.085472860387134553e+01 4.717651477119933128e+09
1.089814751828683015e+01 4.513932820622364998e+09
1.094174010835997635e+01 4.495125314304380417e+09
1.098550706879341909e+01 4.369150728324602127e+09
1.102944909706859100e+01 4.322799627347095490e+09
1.107356689345686540e+01 4.281360212845138550e+09
1.111786116103069233e+01 4.191439319161938190e+09
1.116233260567481622e+01 4.151831453389516354e+09
1.120698193609751492e+01 4.034853680418998718e+09
1.125180986384190440e+01 4.014877798102329254e+09
1.129681710329727373e+01 3.937478328770811558e+09
1.134200437171046083e+01 3.896040238626821518e+09
1.138737238919730466e+01 3.831235891948987484e+09
1.143292187875409383e+01 3.741419944279683113e+09
1.147865356626910938e+01 3.707498053981338501e+09
1.152456818053418530e+01 3.626440774038727760e+09
1.157066645325632237e+01 3.568178994019492626e+09
1.161694911906934635e+01 3.509064554379609108e+09
1.166341691554562487e+01 3.482497274795285225e+09
1.171007058320780736e+01 3.415058711705002785e+09
1.175691086554063958e+01 3.326440609699062347e+09
1.180393850900279951e+01 3.319799598216365814e+09
1.185115426303881137e+01 3.230058022819974899e+09
1.189855888009096674e+01 3.225489159717660904e+09
1.194615311561133097e+01 3.165102463872365952e+09
1.199393772807377623e+01 3.119360290520332336e+09
1.204191347898607134e+01 3.072477577068813324e+09
1.209008113290201614e+01 3.032371075785505295e+09
1.213844145743362368e+01 2.971760708427812576e+09
1.218699522326335938e+01 2.941569330640656948e+09
1.223574320415641381e+01 2.880858625049365997e+09
1.228468617697303777e+01 2.870880955096519947e+09
1.233382492168093059e+01 2.782426890651242256e+09
1.238316022136765504e+01 2.757509074400197029e+09
1.243269286225312520e+01 2.668225023497529030e+09
1.248242363370213859e+01 2.689793149921837330e+09
1.253235332823694748e+01 2.620848191183941364e+09
1.258248274154989410e+01 2.595819332676322937e+09
1.263281267251609385e+01 2.564942693554803371e+09
1.268334392320615756e+01 2.493941911677964687e+09
1.273407729889898299e+01 2.512815940945579529e+09
1.278501360809457665e+01 2.416544432435105324e+09
1.283615366252695544e+01 2.380832449894785404e+09
1.288749827717706253e+01 2.382685194714063168e+09
1.293904827028577031e+01 2.299679756203917503e+09
1.299080446336691352e+01 2.303866293430659294e+09
1.304276768122038099e+01 2.251764740052510738e+09
1.309493875194526424e+01 2.227173111752390862e+09
1.314731850695304693e+01 2.172830458053928852e+09
1.319990778098085649e+01 2.147985061703348637e+09
1.325270741210477965e+01 2.113481975654278040e+09
1.330571824175319939e+01 2.076686422244314671e+09
1.335894111472021173e+01 2.041402934991068125e+09
1.341237687917909227e+01 2.031385698510797501e+09
1.346602638669580898e+01 1.974163906568112373e+09
1.351989049224258999e+01 1.974475711365835190e+09
1.357397005421156067e+01 1.924210289170201540e+09
1.362826593442840917e+01 1.904288179472198963e+09
1.368277899816612297e+01 1.879465688609101057e+09
1.373751011415878942e+01 1.821869943675452471e+09
1.379246015461542463e+01 1.826219667641928673e+09
1.384762999523388416e+01 1.778078381776623487e+09
1.390302051521481808e+01 1.779836503909629345e+09
1.395863259727567751e+01 1.737226069566817045e+09
1.401446712766477987e+01 1.704826210065208912e+09
1.407052499617543972e+01 1.700241886832746267e+09
1.412680709616014063e+01 1.640833250267654419e+09
1.418331432454478147e+01 1.607057473181572437e+09
1.424004758184296193e+01 1.607635394856885195e+09
1.429700777217033369e+01 1.600854879807756901e+09
1.435419580325901379e+01 1.545286592861951590e+09
1.441161258647204946e+01 1.544011690814775705e+09
1.446925903681793812e+01 1.489145919406210184e+09
1.452713607296521126e+01 1.497368926842841148e+09
1.458524461725707155e+01 1.468151596123306751e+09
1.464358559572609764e+01 1.425668281156406164e+09
1.470215993810900557e+01 1.402559823582788944e+09
1.476096857786143879e+01 1.409790848600073814e+09
1.482001245217288599e+01 1.381617802279236555e+09
1.487929250198157760e+01 1.355607420002818346e+09
1.493880967198950316e+01 1.332519515765099287e+09
1.499856491067746056e+01 1.307552016379934549e+09
1.505855917032016933e+01 1.300968833167481422e+09
1.511879340700144958e+01 1.276165876216784954e+09
1.517926858062945605e+01 1.250295584125589609e+09
1.523998565495197433e+01 1.241070401829079151e+09
1.530094559757178274e+01 1.211808812776082754e+09
1.536214937996206764e+01 1.189474603240752697e+09
1.542359797748191674e+01 1.176628813643122911e+09
1.548529236939184450e+01 1.166349149573943377e+09
1.554723353886941339e+01 1.135585192389162064e+09
1.560942247302489072e+01 1.135151729879923344e+09
1.567186016291699069e+01 1.109715689298043966e+09
1.573454760356865556e+01 1.083865901159648895e+09
1.579748579398293096e+01 1.080912499248181820e+09
1.586067573715886247e+01 1.059620568119545817e+09
1.592411844010749888e+01 1.051382875117423534e+09
1.598781491386792730e+01 1.010543342859052658e+09
1.605176617352340074e+01 1.011723894523171902e+09
1.611597323821749228e+01 9.893660801832581758e+08
1.618043713117036120e+01 9.726158480398929119e+08
1.624515887969504391e+01 9.566421000532001257e+08
1.631013951521382310e+01 9.557245243382664919e+08
1.637538007327468037e+01 9.450093012782558203e+08
1.644088159356778078e+01 9.284369539643849134e+08
1.650664511994205341e+01 9.029213144048758745e+08
1.657267170042182158e+01 8.855409717162971497e+08
1.663896238722350418e+01 8.720114021596181393e+08
1.670551823677240222e+01 8.682301200455486774e+08
1.677234030971949608e+01 8.613961240832413435e+08
1.683942967095837062e+01 8.418131548783842325e+08
1.690678738964220429e+01 8.294360512785948515e+08
1.697441453920077237e+01 8.198302399588378668e+08
1.704231219735757108e+01 8.172713733509953022e+08
1.711048144614700561e+01 7.809045070719715357e+08
1.717892337193159236e+01 7.812107892298837900e+08
1.724763906541932101e+01 7.576744252066197395e+08
1.731662962168099895e+01 7.486256287219052315e+08
1.738589614016772344e+01 7.412508351294060946e+08
1.745543972472839300e+01 7.373064362893776894e+08
1.752526148362730751e+01 7.215511487757225037e+08
1.759536252956181812e+01 7.062652467169775963e+08
1.766574397968006238e+01 6.949533588172341585e+08
1.773640695559878466e+01 6.881158033057751656e+08
1.780735258342117433e+01 6.819064721742948294e+08
1.787858199375486024e+01 6.745579713255482912e+08
1.795009632172988034e+01 6.562721418306883574e+08
1.802189670701679702e+01 6.515766094685996771e+08
1.809398429384486562e+01 6.395319211367923021e+08
1.816636023102024211e+01 6.135841892043063641e+08
1.823902567194432578e+01 6.245174399507335424e+08
1.831198177463210186e+01 6.122725348855985403e+08
1.838522970173062987e+01 6.020890600178605318e+08
1.845877062053754969e+01 5.964077878601940870e+08
1.853260570301970134e+01 5.738554777317738533e+08
1.860673612583178027e+01 5.648310760087696314e+08
1.868116307033510637e+01 5.627530749452422857e+08
1.875588772261644976e+01 5.539708042360684872e+08
1.883091127350691352e+01 5.526578082008112669e+08
1.890623491860094063e+01 5.395623301150680780e+08
1.898185985827534594e+01 5.280490616612436771e+08
1.905778729770844748e+01 5.305543510670863986e+08
1.913401844689928311e+01 5.241408068125491738e+08
1.921055452068688041e+01 4.985785549274799228e+08
1.928739673876962968e+01 5.028041899218263626e+08
1.936454632572470658e+01 4.956977016597070694e+08
1.944200451102760141e+01 4.786276223988592625e+08
1.951977252907171589e+01 4.856580930970304608e+08
1.959785161918800256e+01 4.638682676689283848e+08
1.967624302566475691e+01 4.626662157924690247e+08
1.991079942767366973e+01 4.438665333549550176e+08
