# Wavelength (micrometer), Flux (W / m2 / m)
1.000553076518779783e-01 5.126169877281641388e+10
1.004555288824854897e-01 4.518958513539322668e-05
1.008573509980154326e-01 7.883982481384440330e-05
1.012607804020075053e-01 7.127417921634220154e-05
1.016658235236155422e-01 1.411824428530520856e-04
1.020724868177099870e-01 2.013271782096020830e-03
1.024807767649808382e-01 6.541362685052081252e-04
1.028906998720407612e-01 2.299417761975910371e-04
1.033022626715289355e-01 2.410607192291202867e-03
1.037154717222150413e-01 3.596610064069546086e-04
1.041303336091038839e-01 2.639838900036163474e-04
1.045468549435403099e-01 8.383325795389307434e-04
1.049650423633144702e-01 1.995176816459595605e-04
1.053849025327677214e-01 1.266063325739250024e-03
1.058064421428987906e-01 3.214532140464227577e-04
1.062296679114703990e-01 1.559877031321237582e-03
1.066545865831162732e-01 1.732994188791463870e-03
1.070812049294487533e-01 8.899958924313048324e-04
1.075095297491665408e-01 5.420416217961897612e-03
1.079395678681632220e-01 1.033606815220201522e-03
1.083713261396358624e-01 5.116940693170933356e-03
1.088048114441943909e-01 3.427812412284625410e-03
1.092400306899711654e-01 5.367898307757004717e-02
1.096769908127310511e-01 5.084970719218771633e-03
1.101156987759819850e-01 6.537146818234199769e-03
1.105561615710859147e-01 3.970197741690884713e-02
1.109983862173702651e-01 2.066042389515957908e-02
1.114423797622397516e-01 1.155269503385000264e-02
1.118881492812886930e-01 6.895547465434632810e-03
1.123357018784138517e-01 1.632705116957684083e-02
1.127850446859275102e-01 3.764860857378546921e-01
1.132361848646712132e-01 4.268650299368638157e-01
1.136891296041298988e-01 2.813108576609336664e-01
1.141438861225464035e-01 2.626633804878856782e-01
1.146004616670366072e-01 2.129102608879125114e-01
1.150588635137047705e-01 2.399670467546730357e-01
1.155190989677595953e-01 1.873491330833546853e-01
1.159811753636306314e-01 3.417001468930809804e-01
1.164451000650851553e-01 1.644741555560245982e-01
1.169108804653455069e-01 1.970974108167402039e-01
1.173785239872068981e-01 5.345939788198466047e-01
1.178480380831557206e-01 1.278119692019055620e+00
1.183194302354883543e-01 8.146230226651839379e-01
1.187927079564302935e-01 6.506407956042302709e-01
1.192678787882560099e-01 1.045490237818973656e+00
1.197449503034090645e-01 1.753627879188849548e+00
1.202239301046226783e-01 5.263028688560995594e-01
1.207048258250411760e-01 2.012251095947392265e+00
1.211876451283413342e-01 1.530899824188537206e+00
1.216723957088547137e-01 3.833430654011123817e+00
1.221590852916901310e-01 6.714530201101316820e+00
1.226477216328568792e-01 2.368666083119990162e+01
1.231383125193883099e-01 1.045330944389830208e+01
1.236308657694658586e-01 1.630019966815397225e+01
1.241253892325437369e-01 7.435642994635864866e+00
1.246218907894739159e-01 6.984633698113633216e+00
1.251203783526317892e-01 1.108532799088144394e+01
1.256208598660423226e-01 5.409050497293441673e+00
1.261233433055065078e-01 1.334261319335898399e+01
1.266278366787285392e-01 9.764700454280580644e+00
1.271343480254434610e-01 2.511412158262239203e+01
1.276428854175452321e-01 1.340366848119590415e+01
1.281534569592154005e-01 1.538325752403520497e+01
1.286660707870522780e-01 1.590467654212612203e+01
1.291807350702004475e-01 4.497117375483364299e+01
1.296974580104812425e-01 3.836511617905962623e+01
1.302162478425231973e-01 3.131277040773872855e+01
1.307371128338932764e-01 4.948353004146502343e+01
1.312600612852288795e-01 4.776978361348674440e+01
1.317851015303697915e-01 5.512200394792156999e+01
1.323122419364912705e-01 4.586461379744520883e+01
1.328414909042372472e-01 6.523848355546121525e+01
1.333728568678542170e-01 9.168504714075292839e+01
1.339063482953256612e-01 4.582078994743557843e+01
1.344419736885069383e-01 4.723402773321770809e+01
1.349797415832609815e-01 5.672187729126232369e+01
1.355196605495940232e-01 8.765360046873826150e+01
1.360617391917924301e-01 8.426618702218605961e+01
1.366059861485595939e-01 5.810900932410510222e+01
1.371524100931538481e-01 7.643427030472361139e+01
1.377010197335264696e-01 1.244316020970464365e+02
1.382518238124605670e-01 1.203615481544731836e+02
1.388048311077104136e-01 1.476651336518148128e+02
1.393600504321412248e-01 2.088018512462210765e+02
1.399174906338697677e-01 1.458027141876314090e+02
1.404771605964052761e-01 2.779690879544191944e+02
1.410390692387908651e-01 3.452521867728663096e+02
1.416032255157460562e-01 5.070881314744212887e+02
1.421696384178090522e-01 3.161746366586332897e+02
1.427383169714803168e-01 3.596592507140927069e+02
1.433092702393662099e-01 1.570713977786830355e+03
1.438825073203236771e-01 6.733214096985251444e+02
1.444580373496049674e-01 1.376342536497146739e+03
1.450358694990033503e-01 1.264778337621007495e+03
1.456160129769993872e-01 2.301599199722795220e+03
1.461984770289073976e-01 1.523228327381105373e+03
1.467832709370230082e-01 1.536243097699569716e+03
1.473704040207710897e-01 2.348247632418559988e+03
1.479598856368541382e-01 1.971004166444739894e+03
1.485517251794015725e-01 2.459875545182381757e+03
1.491459320801191979e-01 6.709476750597890714e+03
1.497425158084396690e-01 3.704968590752994260e+03
1.503414858716734248e-01 1.127300606060914834e+04
1.509428518151600951e-01 1.012294656420793399e+04
1.515466232224207677e-01 5.273822917742410027e+03
1.521528097153104220e-01 1.023622977028739842e+04
1.527614209541716672e-01 1.258254027959463565e+04
1.533724666379883694e-01 1.334685547636810770e+04
1.539859565045403056e-01 1.781476627730535984e+04
1.546019003305584838e-01 4.618875982163321169e+03
1.552203079318807133e-01 8.005739025034010410e+03
1.558411891636082569e-01 9.335301287768794282e+03
1.564645539202626778e-01 5.410901231335517878e+03
1.570904121359437411e-01 8.166158285595854977e+03
1.577187737844875093e-01 6.142500688787455147e+03
1.583496488796254653e-01 6.431125438590422164e+03
1.589830474751439959e-01 9.493506733975900715e+03
1.596189796650445414e-01 4.745498404697077603e+03
1.602574555837047166e-01 4.617897241326362746e+03
1.608984854060395708e-01 6.772907568527021795e+03
1.615420793476636807e-01 7.581835364925712383e+03
1.621882476650543525e-01 8.733282119372397574e+03
1.628370006557145755e-01 8.129596384440323163e+03
1.634883486583374457e-01 9.611716679423132518e+03
1.641423020529707844e-01 1.036226994722075688e+04
1.647988712611826723e-01 1.148103567307170852e+04
1.654580667462274002e-01 7.467010851830055799e+03
1.661198990132123077e-01 1.365543816584158230e+04
1.667843786092651215e-01 1.524217790357090416e+04
1.674515161237022098e-01 1.884041523434038027e+04
1.681213221881969755e-01 2.994314357651785394e+04
1.687938074769497754e-01 2.644803501419910390e+04
1.694689827068575905e-01 5.519151332290704886e+04
1.701468586376850278e-01 4.740513124010640604e+04
1.708274460722357391e-01 5.572574695860601787e+04
1.715107558565246715e-01 6.731794137907151890e+04
1.721967988799507909e-01 6.824444571627327241e+04
1.728855860754705820e-01 9.080855282411634107e+04
1.735771284197724640e-01 8.087908558256016113e+04
1.742714369334515678e-01 9.013957731155821239e+04
1.749685226811853456e-01 1.598116969051710330e+05
1.756683967719100681e-01 1.108655683523399639e+05
1.763710703589977391e-01 2.155498931333436922e+05
1.770765546404337309e-01 2.380242774891298614e+05
1.777848608589954471e-01 1.508009877173230925e+05
1.784960003024314568e-01 3.242330075574367074e+05
1.792099843036411844e-01 2.658638582198930671e+05
1.799268242408557650e-01 2.858227022443761234e+05
1.806465315378191772e-01 4.980033098651221371e+05
1.813691176639704306e-01 2.322656474012807885e+05
1.820945941346263086e-01 4.452723913983352249e+05
1.828229725111648329e-01 7.914214990884992294e+05
1.835542644012094771e-01 2.687448068879396887e+05
1.842884814588143239e-01 6.195777081225011498e+05
1.850256353846495561e-01 1.124547158568033716e+06
1.857657379261881403e-01 4.937492591247242526e+05
1.865088008778928996e-01 1.321955685100311413e+06
1.872548360814044743e-01 1.204845592746395152e+06
1.880038554257300876e-01 7.382337050768486224e+05
1.887558708474330049e-01 1.731044005161676323e+06
1.895108943308226879e-01 1.412109585834770463e+06
1.902689379081460019e-01 1.167857801537588006e+06
1.910300136597785636e-01 2.878079250689409673e+06
1.917941337144176972e-01 2.118630666070646606e+06
1.925613102492753359e-01 2.328679811291888822e+06
1.933315554902724498e-01 4.157375822603509296e+06
1.941048817122335568e-01 3.381212879467480350e+06
1.948813012390824828e-01 3.599851004490973894e+06
1.956608264440388156e-01 6.860224005970401689e+06
1.964434697498149418e-01 4.324256708924900740e+06
1.972292436288141937e-01 5.597357288171274588e+06
1.980181606033294406e-01 9.574292260417964309e+06
1.988102332457427346e-01 7.469235278490424156e+06
1.996054741787257336e-01 7.220254053037840873e+06
2.004038960754406518e-01 9.250484728835280985e+06
2.012055116597424309e-01 1.038575949483974092e+07
2.020103337063813842e-01 1.127076456829640828e+07
2.028183750412069219e-01 1.287085707004443742e+07
2.036296485413717494e-01 1.060691535974556580e+07
2.044441671355372303e-01 1.020612763287541457e+07
2.052619438040793887e-01 1.276449955798958428e+07
2.060829915792957157e-01 1.174258032516056113e+07
2.069073235456129201e-01 1.119780384407254867e+07
2.077349528397953449e-01 1.242479612959574908e+07
2.085658926511545219e-01 1.369585799692322873e+07
2.094001562217591150e-01 1.282764735681331903e+07
2.102377568466461677e-01 1.298962554222881235e+07
2.110787078740327671e-01 1.133051874898347817e+07
2.119230227055288740e-01 1.275063048678057455e+07
2.127707147963510126e-01 1.359539039372331277e+07
2.136217976555363773e-01 1.476980841396445595e+07
2.144762848461585492e-01 1.143910149748774804e+07
2.153341899855431840e-01 1.375712576847669482e+07
2.161955267454853669e-01 1.613971545228599943e+07
2.170603088524672986e-01 1.751172694913847744e+07
2.179285500878772042e-01 1.436757215725242533e+07
2.188002642882286852e-01 1.556078455556191318e+07
2.196754653453815986e-01 2.056142900846296921e+07
2.205541672067631020e-01 1.892277636017419770e+07
2.214363838755901703e-01 2.719396678215886652e+07
2.223221294110925284e-01 1.773784586446352676e+07
2.232114179287369160e-01 3.927665697574581206e+07
2.241042636004518529e-01 3.134415252194521576e+07
2.250006806548536520e-01 5.588849581998699903e+07
2.259006833774730438e-01 3.472839175017039478e+07
2.268042861109829667e-01 4.808816700256422162e+07
2.277115032554268836e-01 6.123571887327618152e+07
2.286223492684485714e-01 7.092596206900393963e+07
2.295368386655223802e-01 1.163619673611565828e+08
2.304549860201844658e-01 4.587982198634722084e+07
2.313768059642651864e-01 1.004389212488823682e+08
2.323023131881222503e-01 1.011685423540976197e+08
2.332315224408747223e-01 1.439472043006598353e+08
2.341644485306381973e-01 1.476436693221268058e+08
2.351011063247607502e-01 6.246279251223729551e+07
2.360415107500598020e-01 1.572376370384993851e+08
2.369856767930600405e-01 7.052231280321519077e+07
2.379336195002322851e-01 1.758228519722838998e+08
2.388853539782332114e-01 1.622782017809702456e+08
2.398408953941461863e-01 2.917290180925111175e+08
2.408002589757227141e-01 3.652280028109259605e+08
2.417634600116256582e-01 1.617358452814612687e+08
2.427305138516721306e-01 4.516493625844884515e+08
2.437014359070788505e-01 4.470630760104936957e+08
2.446762416507071713e-01 8.132357355027415752e+08
2.456549466173099938e-01 5.420559742166067362e+08
2.466375664037792625e-01 6.284906304971297979e+08
2.476241166693943785e-01 8.462622311010409594e+08
2.486146131360719436e-01 2.721869060831253529e+08
2.496090715886161993e-01 6.522544734828704596e+08
2.506075078749706586e-01 6.052543791180497408e+08
2.516099379064705155e-01 7.734751488381786346e+08
2.526163776580964138e-01 1.334390997047163963e+09
2.536268431687287994e-01 2.412529590592803955e+09
2.546413505414037437e-01 2.970863436457882404e+09
2.556599159435693491e-01 1.873733421613832712e+09
2.566825556073435988e-01 1.322612223549782515e+09
2.577092858297729827e-01 1.606877519001850605e+09
2.587401229730920682e-01 1.265149446198310375e+09
2.597750834649844576e-01 1.892194113943838120e+09
2.608141837988444123e-01 2.039049947426417589e+09
2.618574405340398092e-01 3.027643595110414505e+09
2.629048702961759298e-01 4.628663066935682297e+09
2.639564897773606367e-01 4.677242348197066307e+09
2.650123157364701054e-01 4.514926228228829384e+09
2.660723649994159445e-01 4.501629477834544182e+09
2.671366544594135917e-01 4.080628000295167923e+09
2.682052010772512096e-01 5.293867343599607468e+09
2.692780218815602478e-01 4.518483558712738037e+09
2.703551339690865030e-01 6.293363836669466972e+09
2.714365545049627904e-01 6.615093096106195450e+09
2.725223007229827243e-01 6.921156463408836365e+09
2.736123899258746106e-01 7.942480830280827522e+09
2.747068394855781692e-01 9.616992309382402420e+09
2.758056668435204806e-01 9.847198947000377655e+09
2.769088895108945403e-01 1.350599579384281158e+10
2.780165250689380918e-01 1.244707575654709053e+10
2.791285911692138466e-01 1.469492487803097916e+10
2.802451055338907038e-01 1.494677690927655029e+10
2.813660859560263017e-01 1.599361120109470558e+10
2.824915502998503469e-01 1.703479661951846313e+10
2.836215165010497197e-01 1.777716179672606277e+10
2.847560025670539119e-01 1.057608059031673622e+10
2.858950265773221866e-01 1.570120531732481194e+10
2.870386066836315142e-01 2.246567631439797974e+10
2.881867611103660631e-01 2.694224612314083481e+10
2.893395081548075787e-01 3.245676879143736267e+10
2.904968661874267610e-01 3.487476902179078674e+10
2.916588536521764197e-01 4.091933416213648987e+10
2.928254890667851273e-01 4.004556571211455536e+10
2.939967910230522619e-01 4.323502061515371704e+10
2.951727781871444911e-01 4.123211491753120422e+10
2.963534692998930908e-01 4.529703783490669250e+10
2.975388831770926501e-01 4.703064625612284088e+10
2.987290387098009981e-01 5.521905237343105316e+10
2.999239548646402409e-01 4.999663135883723450e+10
3.011236506840988536e-01 6.939922909795420837e+10
3.023281452868351593e-01 5.136343228237963104e+10
3.035374578679824742e-01 8.441512713831765747e+10
3.047516076994544187e-01 8.311567718026426697e+10
3.059706141302522830e-01 9.182618189910748291e+10
3.071944965867733357e-01 1.163770002025662079e+11
3.084232745731204095e-01 1.421468683809701538e+11
3.096569676714128194e-01 1.227476986927423859e+11
3.108955955420985018e-01 1.736485150898846741e+11
3.121391779242668751e-01 1.827177594588567810e+11
3.133877346359639215e-01 2.093844701201523438e+11
3.146412855745078230e-01 2.473063548447240906e+11
3.158998507168058190e-01 2.330042342530779114e+11
3.171634501196730627e-01 3.243475866650734253e+11
3.184321039201517545e-01 2.712410378216864319e+11
3.197058323358323295e-01 2.677887121654491577e+11
3.209846556651756444e-01 3.162475603293438721e+11
3.222685942878363852e-01 3.462261027990335083e+11
3.235576686649877520e-01 3.266726044523307495e+11
3.248518993396476984e-01 4.184784581808024292e+11
3.261513069370062801e-01 4.751875644678857422e+11
3.274559121647543369e-01 5.304442532795585938e+11
3.287657358134133401e-01 5.472725346865554199e+11
3.300807987566670154e-01 6.135998839936127930e+11
3.314011219516936890e-01 7.016079025844550781e+11
3.327267264395004642e-01 6.746862261714056396e+11
3.340576333452584534e-01 7.431272543424775391e+11
3.353938638786395088e-01 7.508244600322502441e+11
3.367354393341540630e-01 7.338401993609815674e+11
3.380823810914907468e-01 7.781940347781746826e+11
3.394347106158566718e-01 8.408694314867739258e+11
3.407924494583201014e-01 8.235299698736810303e+11
3.421556192561533982e-01 8.192945815592706299e+11
3.435242417331779707e-01 6.561945271581558838e+11
3.448983387001106626e-01 7.171529551949097900e+11
3.462779320549111417e-01 8.202683716335434570e+11
3.476630437831307319e-01 7.272276247077691650e+11
3.490536959582632992e-01 7.828862002954288330e+11
3.504499107420963600e-01 1.125592077264013916e+12
3.518517103850647421e-01 9.910897626247423096e+11
3.532591172266050239e-01 1.135612125405862305e+12
3.546721536955114717e-01 1.297310644821452148e+12
3.560908423102934761e-01 8.282675254522564697e+11
3.575152056795346533e-01 6.343283094568574219e+11
3.589452665022527800e-01 9.271797661859704590e+11
3.603810475682617254e-01 1.118350190022410889e+12
3.618225717585348278e-01 9.830186904131285400e+11
3.632698620455689364e-01 1.076114941244062378e+12
3.647229414937512293e-01 1.083341239853427612e+12
3.661818332597261971e-01 1.645351148802007324e+12
3.676465605927651259e-01 1.239143332448600342e+12
3.691171468351361895e-01 1.390292944689335938e+12
3.705936154224767076e-01 1.019538737868353149e+12
3.720759898841666247e-01 6.649458265927746582e+11
3.735642938437032656e-01 6.222687243168243408e+11
3.750585510190780902e-01 6.684424040515390625e+11
3.765587852231543908e-01 1.084856415672968872e+12
3.780650203640470441e-01 1.769633087068671143e+12
3.795772804455032068e-01 1.292929332570934082e+12
3.810955895672852312e-01 1.387943158200366455e+12
3.826199719255543585e-01 7.191936093552746582e+11
3.841504518132565771e-01 1.035092492137832886e+12
3.856870536205096456e-01 9.009203873327208252e+11
3.872298018349916715e-01 1.278220118226005371e+12
3.887787210423316320e-01 1.264782174904523926e+12
3.903338359265008939e-01 1.370503504117450439e+12
3.918951712702069545e-01 1.250787248092713623e+12
3.934627519552877928e-01 7.059296685445354004e+11
3.950366029631089404e-01 1.523015424141768799e+12
3.966167493749613859e-01 1.006097402426201172e+12
3.982032163724612550e-01 1.850794992371245850e+12
3.997960292379510450e-01 2.325507509639054199e+12
4.013952133549028578e-01 2.574926727655599609e+12
4.030007942083224659e-01 2.855819549023566895e+12
4.046127973851557647e-01 2.447297599473774902e+12
4.062312485746963908e-01 2.501801418237905762e+12
4.078561735689951728e-01 2.687960126460258301e+12
4.094875982632711353e-01 3.152936359038483398e+12
4.111255486563242245e-01 3.211626385488920898e+12
4.127700508509495880e-01 3.015276917382306641e+12
4.144211310543532978e-01 2.995885735209089355e+12
4.160788155785707931e-01 3.347158376122366211e+12
4.177431308408850463e-01 3.199891070744798340e+12
4.194141033642486138e-01 2.938560948946433594e+12
4.210917597777056320e-01 2.951212708968504395e+12
4.227761268168164221e-01 1.713776089695973877e+12
4.244672313240837602e-01 2.949469690295506348e+12
4.261651002493800910e-01 3.150179498140223145e+12
4.278697606503775730e-01 3.218233534378850586e+12
4.295812396929790666e-01 2.772428098280081543e+12
4.312995646517510107e-01 3.313889355373595215e+12
4.330247629103580187e-01 3.466774842411260742e+12
4.347568619619994745e-01 3.901808311699469238e+12
4.364958894098474596e-01 3.913283548274991699e+12
4.382418729674867897e-01 3.191594898606181152e+12
4.399948404593567730e-01 3.701449728378781738e+12
4.417548198211941890e-01 3.948987087247571289e+12
4.435218391004789873e-01 3.857465603429494141e+12
4.452959264568808750e-01 3.747039413588881836e+12
4.470771101627084021e-01 4.242807806431373535e+12
4.488654186033592119e-01 4.187146691154139648e+12
4.506608802777726241e-01 4.523952490732606445e+12
4.524635237988837710e-01 4.074154593693724609e+12
4.542733778940792333e-01 4.316620828725733887e+12
4.560904714056555065e-01 4.551182160681512695e+12
4.579148332912781894e-01 4.577744868920258789e+12
4.597464926244433370e-01 4.669336782629508789e+12
4.615854785949410899e-01 4.821183201970002930e+12
4.634318205093208576e-01 4.787788487731500977e+12
4.652855477913582227e-01 4.870171627518000000e+12
4.671466899825236219e-01 4.890702039400400391e+12
4.690152767424536906e-01 4.842294880179159180e+12
4.708913378494234969e-01 5.010081717880584961e+12
4.727749032008212171e-01 4.991351328750418945e+12
4.746660028136244769e-01 5.078061166798138672e+12
4.765646668248789131e-01 4.919404790606820312e+12
4.784709254921784560e-01 4.400887724612010742e+12
4.803848091941470555e-01 4.941845585882050781e+12
4.823063484309236815e-01 5.057871953148837891e+12
4.842355738246474361e-01 5.155419033823054688e+12
4.861725161199459966e-01 5.423355904111780273e+12
4.881172061844257226e-01 5.386528038152501953e+12
4.900696750091634302e-01 5.485164349683562500e+12
4.920299537092001074e-01 5.467124694052907227e+12
4.939980735240369625e-01 5.632352746144243164e+12
4.959740658181330253e-01 5.523772321354526367e+12
4.979579620814056362e-01 5.438993887160385742e+12
4.999497939297311566e-01 5.081406035707240234e+12
5.019495931054501758e-01 5.057746790143565430e+12
5.039573914778719965e-01 5.280632240417052734e+12
5.059732210437835054e-01 5.206748202389766602e+12
5.079971139279585435e-01 5.124788392702282227e+12
5.100291023836703852e-01 4.813869083142210938e+12
5.120692187932051054e-01 4.752580276478815430e+12
5.141174956683780550e-01 4.744921387729199219e+12
5.161739656510514473e-01 4.230606081139479980e+12
5.182386615136556074e-01 3.881348825878191406e+12
5.203116161597103329e-01 5.199695184470639648e+12
5.223928626243490303e-01 5.831661978807385742e+12
5.244824340748465152e-01 6.163066212752752930e+12
5.265803638111459239e-01 5.663773353528889648e+12
5.286866852663905103e-01 6.328846874012080078e+12
5.308014320074561088e-01 6.444474761871954102e+12
5.329246377354859288e-01 5.894827031232375000e+12
5.350563362864277916e-01 6.484497035245766602e+12
5.371965616315735881e-01 6.095155981981054688e+12
5.393453478780998456e-01 6.140494303170925781e+12
5.415027292696121819e-01 6.256635493823033203e+12
5.436687401866906466e-01 5.784983279521582031e+12
5.458434151474373941e-01 6.299163707416232422e+12
5.480267888080271321e-01 6.533487430568406250e+12
5.502188959632591247e-01 6.421933321953296875e+12
5.524197715471121928e-01 6.652755596824495117e+12
5.546294506333006025e-01 6.798453726189169922e+12
5.568479684358338400e-01 6.757022835200269531e+12
5.590753603095770519e-01 6.639052303133564453e+12
5.613116617508153716e-01 6.878781194487334961e+12
5.635569083978186899e-01 7.185362748620696289e+12
5.658111360314097560e-01 7.226876064597580078e+12
5.680743805755354980e-01 7.291433847967653320e+12
5.703466780978375672e-01 7.349349551854392578e+12
5.726280648102289872e-01 7.419454010733408203e+12
5.749185770694699160e-01 7.478118685091893555e+12
5.772182513777477375e-01 7.492597802196764648e+12
5.795271243832587071e-01 7.557197146777650391e+12
5.818452328807918184e-01 7.578422820315618164e+12
5.841726138123150003e-01 7.633791360018342773e+12
5.865093042675643131e-01 7.535278539603142578e+12
5.888553414846344758e-01 6.865339519582725586e+12
5.912107628505729462e-01 7.541320795783203125e+12
5.935756059019753339e-01 7.633807638110825195e+12
5.959499083255832552e-01 7.647070689291922852e+12
5.983337079588855190e-01 7.721068956388129883e+12
6.007270427907210886e-01 7.794260674068439453e+12
6.031299509618840426e-01 7.896495240417558594e+12
6.055424707657315331e-01 7.907816592952342773e+12
6.079646406487945187e-01 8.005536668638816406e+12
6.103964992113897203e-01 7.995037122838373047e+12
6.128380852082353503e-01 7.868093773087114258e+12
6.152894375490681744e-01 7.824463758298940430e+12
6.177505952992645710e-01 7.882159319030529297e+12
6.202215976804615893e-01 7.958889280040291016e+12
6.227024840711834486e-01 7.851133057096205078e+12
6.251932940074681477e-01 7.889705227916563477e+12
6.276940671834980723e-01 8.081785060479807617e+12
6.302048434522321552e-01 8.138001976443582031e+12
6.327256628260409244e-01 8.204600725995819336e+12
6.352565654773452142e-01 8.239829198515027344e+12
6.377975917392545435e-01 8.098726988216980469e+12
6.403487821062116003e-01 8.203273257741859375e+12
6.429101772346363930e-01 8.281155612184691406e+12
6.454818179435749537e-01 8.347290389400561523e+12
6.480637452153492628e-01 8.469323086916054688e+12
6.506560001962106154e-01 8.402369905408614258e+12
6.532586241969955410e-01 8.632183269353772461e+12
6.558716586937833881e-01 8.530322195913447266e+12
6.584951453285585732e-01 8.538417069099107422e+12
6.611291259098727169e-01 8.607752773712491211e+12
6.637736424135122215e-01 8.640555795773868164e+12
6.664287369831662922e-01 8.609917113492238281e+12
6.690944519310989547e-01 8.586490912331229492e+12
6.717708297388232941e-01 8.563724062466506836e+12
6.744579130577786907e-01 8.550598613747030273e+12
6.771557447100098326e-01 8.564777536192059570e+12
6.798643676888498355e-01 8.457676264402419922e+12
6.825838251596052508e-01 8.407259096934623047e+12
6.853141604602436265e-01 8.274835011331107422e+12
6.880554171020846210e-01 8.109453080728523438e+12
6.908076387704928933e-01 8.186149237901043945e+12
6.935708693255748791e-01 8.593876253943152344e+12
6.963451528028771209e-01 8.690294056409711914e+12
6.991305334140887062e-01 8.656818438420290039e+12
7.019270555477450380e-01 8.774795265025900391e+12
7.047347637699360456e-01 8.874682570664376953e+12
7.075537028250157290e-01 8.866657319363626953e+12
7.103839176363159202e-01 8.793212013387614258e+12
7.132254533068611568e-01 8.760272045713948242e+12
7.160783551200886610e-01 8.785555797065437500e+12
7.189426685405689854e-01 8.842247395236265625e+12
7.218184392147313222e-01 8.853983397978351562e+12
7.247057129715901436e-01 8.892764843746046875e+12
7.276045358234763949e-01 8.989827353173599609e+12
7.305149539667704639e-01 9.002720953261773438e+12
7.334370137826373703e-01 8.989120355695224609e+12
7.363707618377679509e-01 8.987637019809648438e+12
7.393162448851190449e-01 9.026149431368535156e+12
7.422735098646596752e-01 9.027995373661445312e+12
7.452426039041182282e-01 9.042521742112103516e+12
7.482235743197346300e-01 9.057579271373468750e+12
7.512164686170136330e-01 9.075974369816328125e+12
7.542213344914817652e-01 9.091679194286710938e+12
7.572382198294477229e-01 9.092729288893851562e+12
7.602671727087656484e-01 9.114431491766552734e+12
7.633082413996006288e-01 9.120996656091212891e+12
7.663614743651989691e-01 9.034020958472605469e+12
7.694269202626597970e-01 9.071361362999138672e+12
7.725046279437104424e-01 9.070517788676917969e+12
7.755946464554852593e-01 9.054822332418148438e+12
7.786970250413072225e-01 9.062960796135628906e+12
7.818118131414724115e-01 9.034272338420695312e+12
7.849390603940383793e-01 9.054620210122898438e+12
7.880788166356144098e-01 9.064530107730076172e+12
7.912311319021569922e-01 9.048281808490414062e+12
7.943960564297655180e-01 9.007322641819914062e+12
7.975736406554845281e-01 9.056682989524101562e+12
8.007639352181065151e-01 9.052996755567900391e+12
8.039669909589789443e-01 9.009610333862296875e+12
8.071828589228148276e-01 9.003443477381123047e+12
8.104115903585061842e-01 9.018506816384953125e+12
8.136532367199402760e-01 9.012220374527019531e+12
8.169078496668199518e-01 9.009921644950500000e+12
8.201754810654874328e-01 8.919725211547908203e+12
8.234561829897493190e-01 8.960184911223941406e+12
8.267500077217083687e-01 8.984648655400478516e+12
8.300570077525952772e-01 8.958233507360613281e+12
8.333772357836056743e-01 8.874015341595720703e+12
8.367107447267401188e-01 8.831739079354652344e+12
8.400575877056470908e-01 8.786808488944154297e+12
8.434178180564695371e-01 8.743878446176250000e+12
8.467914893286955236e-01 8.814566543822847656e+12
8.501786552860102208e-01 8.620257988571166992e+12
8.535793699071543283e-01 8.371751832514898438e+12
8.569936873867830540e-01 8.815038276017708984e+12
8.604216621363300899e-01 8.813018872992046875e+12
8.638633487848753623e-01 8.757950258832055664e+12
8.673188021800150027e-01 8.255002182578135742e+12
8.707880773887352044e-01 8.604709664195359375e+12
8.742712296982900755e-01 8.608849823644934570e+12
8.777683146170831563e-01 8.653044063290743164e+12
8.812793878755513788e-01 8.530819700304786133e+12
8.848045054270535781e-01 8.643106367014961914e+12
8.883437234487617795e-01 8.563296786575666016e+12
8.918970983425568155e-01 8.594051612471822266e+12
8.954646867359271623e-01 8.579112171166363281e+12
8.990465454828707736e-01 8.539972763609835938e+12
9.026427316648023558e-01 8.488371345218809570e+12
9.062533025914615292e-01 8.426537483390963867e+12
9.098783158018273198e-01 8.435086885994096680e+12
9.135178290650346478e-01 8.431027982912045898e+12
9.171719003812948134e-01 8.439710148361202148e+12
9.208405879828199803e-01 8.435490463658274414e+12
9.245239503347512100e-01 8.414490438270729492e+12
9.282220461360901620e-01 8.380565460611667969e+12
9.319349343206346781e-01 8.339474054523808594e+12
9.356626740579171431e-01 8.298240637514791992e+12
9.394053247541488405e-01 8.259907678400210938e+12
9.431629460531654185e-01 8.265300082388122070e+12
9.469355978373780180e-01 8.257171662445280273e+12
9.507233402287275092e-01 8.245326711030395508e+12
9.545262335896426142e-01 8.204362897670254883e+12
9.583443385240012491e-01 8.171406315807727539e+12
9.621777158780971950e-01 8.134551068686114258e+12
9.660264267416096562e-01 8.099157019151547852e+12
9.698905324485760371e-01 8.089603663868492188e+12
9.737700945783701600e-01 8.033479269640829102e+12
9.776651749566835914e-01 7.987900906777677734e+12
9.815758356565105203e-01 8.032322646209877930e+12
9.855021389991363012e-01 7.990753165736280273e+12
9.894441475551331022e-01 7.836922876439348633e+12
9.934019241453534432e-01 7.560391756025513672e+12
9.973755318419349480e-01 7.656880717606063477e+12
1.001365033969302543e+00 7.704367368531091797e+12
1.005370494105179757e+00 7.627734177314182617e+12
1.009391976081600362e+00 7.675310074594093750e+12
1.013429543985926884e+00 7.648492047898745117e+12
1.017483262161870350e+00 7.617755707265545898e+12
1.021553195210518128e+00 7.607012773776472656e+12
1.025639407991360219e+00 7.483300069053942383e+12
1.029741965623325539e+00 7.427364738977125000e+12
1.033860933485818867e+00 7.432641813020075195e+12
1.037996377219762012e+00 7.468293290587004883e+12
1.042148362728641198e+00 7.417647456527910156e+12
1.046316956179555557e+00 7.442889339890931641e+12
1.050502224004274066e+00 7.401800908379911133e+12
1.054704232900291139e+00 7.412090536890421875e+12
1.058923049831892227e+00 7.347282970984698242e+12
1.063158742031219628e+00 7.343624497070665039e+12
1.067411376999344741e+00 7.257454838566166992e+12
1.071681022507342096e+00 7.243805155834336914e+12
1.075967746597371377e+00 7.246551176367074219e+12
1.080271617583760779e+00 7.209538473924389648e+12
1.084592704054095913e+00 7.199489111748768555e+12
1.088931074870312044e+00 7.189189832139967773e+12
1.093286799169793433e+00 7.149804703333437500e+12
1.097659946366472461e+00 7.107745950619142578e+12
1.102050586151938294e+00 7.088006698505958984e+12
1.106458788496546219e+00 7.061088285306748047e+12
1.110884623650532532e+00 7.020577202696782227e+12
1.115328162145134749e+00 7.016061546281582031e+12
1.119789474793714934e+00 6.973353643749321289e+12
1.124268632692889902e+00 6.949014707038398438e+12
1.128765707223661430e+00 6.910250870882170898e+12
1.133280770052556230e+00 6.901612443243907227e+12
1.137813893132766374e+00 6.845768871975199219e+12
1.142365148705297484e+00 6.804593401669423828e+12
1.146934609300118479e+00 6.785690663209907227e+12
1.151522347737319096e+00 6.786993562755557617e+12
1.156128437128268516e+00 6.725502591553569336e+12
1.160752950876781542e+00 6.653635989500555664e+12
1.165395962680288999e+00 6.651017948600930664e+12
1.170057546531009907e+00 6.617775500994078125e+12
1.174737776717134086e+00 6.605273131000382812e+12
1.179436727824002773e+00 6.556991313588264648e+12
1.184154474735298557e+00 6.455295515198049805e+12
1.188891092634239977e+00 6.455900366022942383e+12
1.193646657004777012e+00 6.458700635084086914e+12
1.198421243632796118e+00 6.332635281880506836e+12
1.203214928607327261e+00 6.360457762169934570e+12
1.208027788321756724e+00 6.329735990879523438e+12
1.212859899475043468e+00 6.322986025450383789e+12
1.217711339072943710e+00 6.303853187416671875e+12
1.222582184429235275e+00 6.260999094889708008e+12
1.227472513166952384e+00 6.246943211010217773e+12
1.232382403219620226e+00 6.204531661230367188e+12
1.237311932832498407e+00 6.170133904853692383e+12
1.242261180563828615e+00 6.083329572684974609e+12
1.247230225286083849e+00 6.086007825610375000e+12
1.252219146187228072e+00 6.048303821478958984e+12
1.257228022771976983e+00 6.026413736799404297e+12
1.262256934863064783e+00 5.994362708557795898e+12
1.267305962602517155e+00 5.982265839199983398e+12
1.272375186452927354e+00 5.938396360086988281e+12
1.277464687198738957e+00 5.909940612981064453e+12
1.282574545947533950e+00 5.860839627908339844e+12
1.287704844131324133e+00 5.819397216968661133e+12
1.292855663507849417e+00 5.782663145407586914e+12
1.298027086161880783e+00 5.774780300032188477e+12
1.303219194506528344e+00 5.748212476386655273e+12
1.308432071284554521e+00 5.707170077649115234e+12
1.313665799569692760e+00 5.691046465171356445e+12
1.318920462767971591e+00 5.662510043115688477e+12
1.324196144619043336e+00 5.619243702353744141e+12
1.329492929197519491e+00 5.575678665742034180e+12
1.334810900914309650e+00 5.508612482740830078e+12
1.340150144517967101e+00 5.473289822377358398e+12
1.345510745096038852e+00 5.450529239178213867e+12
1.350892788076423212e+00 5.428074157994931641e+12
1.356296359228728932e+00 5.399881230079740234e+12
1.361721544665643879e+00 5.378966743618518555e+12
1.367168430844306393e+00 5.353421672852001953e+12
1.372637104567683730e+00 5.338026174909601562e+12
1.378127652985954299e+00 5.305521208693009766e+12
1.383640163597898098e+00 5.281356711595881836e+12
1.389174724252289828e+00 5.240602762984583984e+12
1.394731423149298877e+00 5.211372495037028320e+12
1.400310348841896202e+00 5.182008689077213867e+12
1.405911590237263642e+00 5.153929416941146484e+12
1.411535236598212784e+00 5.120715199386423828e+12
1.417181377544605603e+00 5.090183785755176758e+12
1.422850103054784210e+00 5.067017007633332031e+12
1.428541503467003038e+00 5.025012956136483398e+12
1.434255669480871243e+00 5.024521413771837891e+12
1.439992692158794885e+00 4.993119392336336914e+12
1.445752662927429988e+00 4.975364408220451172e+12
1.451535673579139596e+00 4.944115794992685547e+12
1.457341816273456159e+00 4.920648738721230469e+12
1.463171183538549913e+00 4.901463810510291992e+12
1.469023868272704147e+00 4.870318544535430664e+12
1.474899963745795128e+00 4.854806536056582031e+12
1.480799563600778246e+00 4.831842435975773438e+12
1.486722761855181485e+00 4.761954825341562500e+12
1.492669652902602007e+00 4.799472055856397461e+12
1.498640331514212276e+00 4.776770943396780273e+12
1.504634892840269300e+00 4.554655635586272461e+12
1.510653432411630304e+00 4.744997132614810547e+12
1.516696046141276843e+00 4.738131343529041992e+12
1.522762830325842032e+00 4.717142525293149414e+12
1.528853881647145307e+00 4.700557783583313477e+12
1.534969297173733649e+00 4.681419123875058594e+12
1.541109174362428780e+00 4.672809117782646484e+12
1.547273611059878373e+00 4.661778839284046875e+12
1.553462705504118135e+00 4.644210873330970703e+12
1.559676556326134556e+00 4.626936885648316406e+12
1.565915262551438980e+00 4.618448434581633789e+12
1.572178923601644795e+00 4.570347279054586914e+12
1.578467639296051495e+00 4.560824492061138672e+12
1.584781509853235626e+00 4.583334820385161133e+12
1.591120635892648405e+00 4.545036726053243164e+12
1.597485118436219098e+00 4.574214735058291992e+12
1.603875058909963958e+00 4.559267277677607422e+12
1.610290559145603595e+00 4.545714752887099609e+12
1.616731721382186127e+00 4.476655447985024414e+12
1.623198648267714761e+00 4.510649826437597656e+12
1.629691442860785600e+00 4.496764654784950195e+12
1.636210208632228769e+00 4.473170053807822266e+12
1.642755049466757766e+00 4.416672579768647461e+12
1.649326069664624805e+00 4.383309729863809570e+12
1.655923373943283039e+00 4.344590561918934082e+12
1.662547067439056336e+00 4.295033828412481934e+12
1.669197255708812611e+00 4.254975624861354492e+12
1.675874044731648027e+00 4.211799400689430664e+12
1.682577540910574321e+00 4.161446423230268555e+12
1.689307851074216771e+00 4.114291371901361816e+12
1.696065082478513508e+00 4.066666372072341309e+12
1.702849342808427480e+00 4.015529795631873047e+12
1.709660740179661298e+00 3.886499335026504395e+12
1.716499383140379864e+00 3.906025355783761719e+12
1.723365380672941427e+00 3.861439467084166992e+12
1.730258842195633306e+00 3.811746740575849609e+12
1.737179877564415831e+00 3.754790157284902832e+12
1.744128597074673603e+00 3.706120936773682129e+12
1.751105111462972097e+00 3.656614786439623047e+12
1.758109531908824241e+00 3.594346334526643066e+12
1.765141970036459451e+00 3.550543462880178711e+12
1.772202537916605314e+00 3.494901667831509277e+12
1.779291348068271716e+00 3.439514263407539551e+12
1.786408513460544745e+00 3.393584253787190430e+12
1.793554147514387020e+00 3.342054990280852539e+12
1.800728364104444257e+00 3.302173436244033691e+12
1.807931277560862249e+00 3.251469620999864746e+12
1.815163002671105641e+00 3.222979333473781738e+12
1.822423654681789795e+00 3.180734370828246094e+12
1.829713349300517100e+00 3.137760472747971680e+12
1.837032202697718830e+00 3.104428165740192383e+12
1.844380331508509885e+00 3.048431671641247070e+12
1.851757852834543527e+00 3.005841433976104004e+12
1.859164884245881888e+00 2.933856157119010254e+12
1.866601543782865358e+00 2.943654219995416016e+12
1.874067949957996859e+00 2.890551897432493164e+12
1.881564221757828781e+00 2.874284683185395508e+12
1.889090478644860127e+00 2.833214334845502441e+12
1.896646840559439662e+00 2.812221761067521484e+12
1.904233427921677269e+00 2.784684015877196289e+12
1.911850361633363971e+00 2.759100984318338867e+12
1.919497763079897279e+00 2.720645640456310059e+12
1.927175754132217200e+00 2.667480633636983887e+12
1.934884457148745796e+00 2.661579876978511719e+12
1.942623994977340729e+00 2.584209261760835449e+12
1.950394490957250149e+00 2.580513016453168457e+12
1.958196068921079336e+00 2.566417854512058594e+12
1.966028853196763793e+00 2.543188487043535156e+12
1.973892968609550991e+00 2.466038787609808105e+12
1.981788540483989447e+00 2.442910582909549805e+12
1.989715694645925126e+00 2.404545916339009277e+12
1.997674557424508723e+00 2.403599371788668945e+12
2.005665255654207169e+00 2.376939577358537598e+12
2.013687916676823786e+00 2.343381240152876465e+12
2.021742668343530891e+00 2.317536825775597168e+12
2.029829639016905052e+00 2.284902866615476562e+12
2.037948957572972564e+00 2.256124806822748535e+12
2.046100753403264694e+00 2.228107185240311035e+12
2.054285156416877811e+00 2.208485436112077637e+12
2.062502297042545507e+00 2.169614308019082764e+12
2.070752306230715600e+00 2.152625022286753418e+12
2.079035315455638244e+00 2.127534943433436768e+12
2.087351456717461140e+00 2.099616727877150879e+12
2.095700862544330967e+00 2.076516539426313232e+12
2.104083665994508134e+00 2.055971247972095215e+12
2.112500000658485977e+00 2.033403807146793945e+12
2.120950000661120161e+00 2.010653515367466064e+12
2.129433800663764753e+00 1.983612615624580322e+12
2.137951535866419839e+00 1.963093470546287109e+12
2.146503342009885351e+00 1.947027495154264404e+12
2.155089355377924676e+00 1.924264849832384521e+12
2.163709712799436691e+00 1.904980642643664307e+12
2.172364551650634468e+00 1.883147915258279053e+12
2.181054009857236853e+00 1.858224948101576416e+12
2.189778225896665376e+00 1.839504102378565674e+12
2.198537338800252705e+00 1.821681605008480469e+12
2.207331488155453325e+00 1.799869050515604248e+12
2.216160814108075083e+00 1.784085585808044922e+12
2.225025457364507631e+00 1.757699528147061279e+12
2.233925559193965515e+00 1.741216408177833984e+12
2.242861261430741493e+00 1.723548467610579590e+12
2.251832706476463830e+00 1.704456567477574951e+12
2.260840037302370042e+00 1.678396846684458740e+12
2.269883397451579299e+00 1.664614485100905273e+12
2.278962931041386142e+00 1.641885265212585449e+12
2.288078782765551100e+00 1.625109787717671631e+12
2.297231097896613505e+00 1.543714209268151123e+12
2.306420022288200311e+00 1.561656856660732422e+12
2.315645702377353121e+00 1.545372436869146729e+12
2.324908285186861878e+00 1.471627604654189697e+12
2.334207918327609654e+00 1.488728641035635986e+12
2.343544750000919663e+00 1.477082286864926514e+12
2.352918929000923143e+00 1.416268401999669189e+12
2.362330604716927240e+00 1.416698567251885254e+12
2.371779927135795329e+00 1.414803157373833252e+12
2.381267046844337987e+00 1.364701159672183838e+12
2.390792115031715070e+00 1.347523558099358887e+12
2.400355283491842240e+00 1.339261350802347168e+12
2.409956704625809465e+00 1.307162224485704834e+12
2.419596531444312859e+00 1.273353158237498291e+12
2.429274917570089620e+00 1.267795295053941895e+12
2.438992017240370291e+00 1.253982045730246338e+12
2.448747985309331465e+00 1.202787729189123047e+12
2.458542977250568917e+00 1.198635771038407715e+12
2.468377149159570738e+00 1.192714676679376709e+12
2.478250657756209563e+00 1.149635776985469238e+12
2.488163660387234355e+00 1.140205557793498291e+12
2.498116315028783063e+00 1.130967125894872070e+12
2.508108780288898387e+00 1.103366432939970703e+12
2.518141215410053757e+00 1.088805356446454468e+12
2.528213780271693967e+00 1.069627278259063110e+12
2.538326635392781139e+00 1.056824109541104614e+12
2.548479941934351789e+00 1.042450395274966064e+12
2.558673861702089436e+00 1.030264742364976318e+12
2.568908557148898097e+00 1.024431241683048096e+12
2.579184191377493551e+00 1.003498908030654907e+12
2.589500928143003478e+00 9.991593476080761719e+11
2.599858931855575594e+00 9.917218911426903076e+11
2.610258367582998229e+00 9.844064614340133057e+11
2.620699401053329769e+00 9.704760270972305908e+11
2.631182198657543214e+00 9.630249446760760498e+11
2.641706927452173392e+00 9.537424856439924316e+11
2.652273755161981938e+00 9.474763614337974854e+11
2.662882850182629824e+00 9.370230066560274658e+11
2.673534381583360542e+00 9.178993396865640869e+11
2.684228519109693956e+00 9.071028469317076416e+11
2.694965433186132575e+00 8.877055376722856445e+11
2.705745294918877164e+00 8.783956533502145996e+11
2.716568276098552559e+00 8.599778276252294922e+11
2.727434549202946812e+00 8.412124954495511475e+11
2.738344287399758326e+00 8.282408773625141602e+11
2.749297664549357201e+00 8.183141799132355957e+11
2.760294855207554576e+00 8.087099221867027588e+11
2.771336034628385292e+00 7.935851620646219482e+11
2.782421378766898545e+00 7.821832788522788086e+11
2.793551064281966312e+00 7.757505183641224365e+11
2.804725268539093985e+00 7.571278761330697021e+11
2.815944169613250558e+00 7.424894714010423584e+11
2.827207946291703244e+00 7.433410653580479736e+11
2.838516778076869862e+00 7.247011200805408936e+11
2.849870845189177437e+00 7.133448775414576416e+11
2.861270328569933685e+00 7.136337822436933594e+11
2.872715409884213589e+00 6.964970061845084229e+11
2.884206271523750420e+00 6.896456606261621094e+11
2.895743096609845413e+00 6.846902507073897705e+11
2.907326068996284985e+00 6.639206583207022705e+11
2.918955373272270393e+00 6.635043475140706787e+11
2.930631194765359826e+00 6.508658362339127197e+11
2.942353719544420709e+00 6.357439306920571289e+11
2.954123134422598440e+00 6.347661893897541504e+11
2.965939626960289122e+00 6.209958812464467773e+11
2.977803385468130504e+00 6.184624690970402832e+11
2.989714599010003138e+00 6.047302240444210205e+11
3.001673457406043077e+00 5.998922259342412109e+11
3.013680151235667015e+00 5.929187426698952637e+11
3.025734871840609408e+00 5.765614733971749268e+11
3.037837811327972037e+00 5.818483640534768066e+11
3.049989162573283785e+00 5.646496722098536377e+11
3.062189119223576395e+00 5.642362745694202881e+11
3.074437875700470890e+00 5.528361909429934082e+11
3.086735627203272880e+00 5.450954793518576050e+11
3.099082569712085622e+00 5.420644474044389038e+11
3.111478899990933744e+00 5.306890121363638916e+11
3.123924815590897186e+00 5.280709819187315063e+11
3.136420514853261121e+00 5.194483700658118286e+11
3.148966196912674320e+00 5.137057399456418457e+11
3.161562061700325277e+00 5.082384799204185791e+11
3.174208309947126327e+00 4.997093929624618530e+11
3.186905143186915090e+00 4.978347209474632568e+11
3.199652763759662566e+00 4.856854472157240601e+11
3.212451374814701222e+00 4.878324289872204590e+11
3.225301180313960625e+00 4.783886586314263916e+11
3.238202385035215958e+00 4.730619844432446289e+11
3.251155194575356955e+00 4.683691583113638916e+11
3.264159815353658622e+00 4.624951488986142578e+11
3.277216454615073271e+00 4.571299954409523926e+11
3.290325320433533207e+00 4.513334776054906616e+11
3.303486621715267635e+00 4.475104599968444214e+11
3.316700568202128441e+00 4.403621389470737915e+11
3.329967370474937294e+00 4.382620949547960205e+11
3.343287239956836743e+00 4.305638371927490845e+11
3.356660388916663962e+00 4.267443727422949219e+11
3.370087030472330714e+00 4.218629084074631348e+11
3.383567378594220187e+00 4.162257744352795410e+11
3.397101648108596716e+00 4.118653773461953735e+11
3.410690054701031482e+00 4.059270297964064331e+11
3.424332814919834878e+00 4.022859718791221924e+11
3.438030146179514634e+00 3.968874551684568481e+11
3.451782266764232610e+00 3.924127341378648071e+11
3.465589395831289998e+00 3.876614289601862793e+11
3.479451753414614767e+00 3.827883470868634644e+11
3.493369560428273068e+00 3.773423902114844360e+11
3.507343038669985980e+00 3.740580398710828247e+11
3.521372410824665788e+00 3.678139869404442749e+11
3.535457900467964709e+00 3.639066177964700317e+11
3.549599732069836477e+00 3.594004948626219482e+11
3.563798130998116154e+00 3.545667309860656738e+11
3.578053323522108364e+00 3.501856605140386353e+11
3.592365536816196858e+00 3.458601327313602295e+11
3.606734998963461614e+00 3.412965436061663818e+11
3.621161938959315041e+00 3.367144211797128906e+11
3.635646586715152839e+00 3.323633695808465576e+11
3.650189173062013293e+00 3.280915756610437622e+11
3.664789929754260545e+00 3.238261270500062256e+11
3.679449089473277645e+00 3.190992662749009399e+11
3.694166885831170699e+00 3.152508871981468506e+11
3.708943553374495661e+00 3.113476512362166138e+11
3.723779327587993571e+00 3.071585238140325317e+11
3.738674444898345328e+00 3.028125690290108643e+11
3.753629142677938901e+00 2.993713454644674072e+11
3.768643659248651190e+00 2.948911579793461304e+11
3.783718233885645432e+00 2.914172300233448486e+11
3.798853106821188153e+00 2.872715644822604980e+11
3.814048519248473657e+00 2.835253306188086548e+11
3.829304713325467180e+00 2.790752844375290527e+11
3.844621932178768908e+00 2.757152146316796875e+11
3.860000419907484215e+00 2.721007301506072083e+11
3.875440421587113882e+00 2.680609289052391052e+11
3.890942183273462529e+00 2.643046123792612915e+11
3.906505952006555926e+00 2.607283683590281067e+11
3.922131975814582727e+00 2.571114860664664307e+11
3.937820503717840648e+00 2.534238559109757080e+11
3.953571785732711508e+00 2.495440087253051453e+11
3.969386072875642490e+00 2.461685893325423584e+11
3.985263617167145167e+00 2.421826484982383423e+11
4.001204671635814059e+00 2.388405807717437439e+11
4.017209490322357190e+00 2.356053341402441711e+11
4.033278328283646630e+00 2.318361709272767944e+11
4.049411441596781458e+00 2.281357477262986755e+11
4.065609087363168506e+00 2.250598823147539062e+11
4.081871523712622185e+00 2.209650631137886047e+11
4.098199009807472315e+00 2.183604564706410217e+11
4.114591805846702144e+00 2.151648014907896118e+11
4.131050173070089038e+00 2.116687927446174316e+11
4.147574373762369149e+00 2.092220944468145752e+11
4.164164671257418959e+00 2.055712006582315674e+11
4.180821329942449260e+00 2.029404117282247620e+11
4.197544615262219558e+00 1.999032520240150757e+11
4.214334793723269357e+00 1.967908793454982910e+11
4.231192132898162761e+00 1.947516246186627502e+11
4.248116901429755288e+00 1.911269404195603638e+11
4.265109369035473996e+00 1.884803935939171753e+11
4.282169806511615384e+00 1.861794350550733337e+11
4.299298485737661935e+00 1.778084890283908081e+11
4.316495679680612874e+00 1.769524088597455444e+11
4.333761662399335357e+00 1.743232660067679138e+11
4.351096709048932532e+00 1.688850544321369629e+11
4.368501095885127583e+00 1.660248095905428772e+11
4.385975100268668214e+00 1.636576969726384888e+11
4.403519000669743555e+00 1.594798463055574951e+11
4.421133076672422391e+00 1.565470398068320618e+11
4.438817608979111817e+00 1.542666480876733398e+11
4.456572879415028332e+00 1.519893110127661438e+11
4.474399170932688463e+00 1.469549863783682556e+11
4.492296767616419828e+00 1.465207221557319641e+11
4.510265954686884626e+00 1.451847050992661133e+11
4.528307018505633330e+00 1.406864536063612061e+11
4.546420246579655711e+00 1.395961585849530029e+11
4.564605927565974497e+00 1.372897597767050934e+11
4.582864351276237258e+00 1.356431462899997559e+11
4.601195808681342925e+00 1.330297401369876709e+11
4.619600591916067422e+00 1.325087336989677277e+11
4.638078994283731937e+00 1.303427616310366058e+11
4.656631310260867629e+00 1.293151735407353973e+11
4.675257835501911430e+00 1.270208350884411316e+11
4.693958866843916944e+00 1.253612775631956024e+11
4.712734702311292878e+00 1.236336568823699341e+11
4.731585641120538810e+00 1.225491937185074463e+11
4.750511983685020923e+00 1.206384395524069672e+11
4.769514031619761063e+00 1.187125090991003418e+11
4.788592087746240011e+00 1.168887211897676849e+11
4.807746456097224730e+00 1.154719327935321960e+11
4.826977441921613377e+00 1.141671118156635742e+11
4.846285351689299858e+00 1.127074499452695312e+11
4.865670493096057925e+00 1.108726682382926178e+11
4.885133175068442135e+00 1.088541596579708557e+11
4.904673707768715474e+00 1.074050133810125732e+11
4.924292402599791174e+00 1.059613509170891724e+11
4.943989572210189642e+00 1.042416893835566711e+11
4.963765530499030021e+00 1.023005522541664886e+11
4.983620592621027079e+00 1.014876862144163361e+11
5.003555074991511198e+00 9.962581894607870483e+10
5.023569295291476777e+00 9.776804464138130188e+10
5.043663572472643075e+00 9.731200403453221130e+10
5.063838226762532813e+00 9.540892086618038940e+10
5.084093579669583640e+00 9.359060879350856018e+10
5.104429953988261381e+00 9.279209155655160522e+10
5.124847673804215020e+00 9.117183497217184448e+10
5.145347064499431688e+00 9.026933612392436218e+10
5.165928452757428957e+00 8.811470157557276917e+10
5.186592166568458673e+00 8.797205370193063354e+10
5.207338535234733001e+00 8.569146685608103943e+10
5.228167889375671784e+00 8.526613151808206177e+10
5.249080560933174766e+00 8.319232187155171204e+10
5.270076883176907145e+00 8.282343915566993713e+10
5.291157190709615321e+00 8.095327632171063232e+10
5.312321819472453299e+00 8.029027977855761719e+10
5.333571106750343738e+00 7.913265878146804810e+10
5.354905391177344320e+00 7.798344278060954285e+10
5.376325012742054099e+00 7.681465508960150146e+10
5.397830312793021612e+00 7.618801794663844299e+10
5.419421634044193858e+00 7.429413281200154114e+10
5.441099320580370602e+00 7.407962210791748047e+10
5.462863717862692425e+00 7.244251909368296814e+10
5.484715172734142996e+00 7.177241504231665039e+10
5.506654033425078865e+00 7.078421435024638367e+10
5.528680649558780580e+00 7.017373347385621643e+10
5.550795372157015350e+00 6.866881555095730591e+10
5.572998553645643227e+00 6.788217480338935852e+10
5.595290547860225949e+00 6.725283827037281036e+10
5.617671710051667766e+00 6.619034656137837219e+10
5.640142396891874021e+00 6.534750669295885468e+10
5.662702966479441713e+00 6.450554802520153046e+10
5.685353778345359821e+00 6.313532837297325134e+10
5.708095193458740724e+00 6.261011672312811279e+10
5.730927574232576482e+00 6.159352838389196777e+10
5.753851284529505783e+00 6.113683367888268280e+10
5.776866689667624399e+00 6.009996009111434937e+10
5.799974156426294769e+00 5.938606398768761444e+10
5.823174053051999977e+00 5.823975963535981750e+10
5.846466749264207508e+00 5.741596870667035675e+10
5.869852616261264977e+00 5.684469822654157257e+10
5.893332026726310069e+00 5.593795429759019470e+10
5.916905354833215114e+00 5.534398890911408234e+10
5.940572976252548543e+00 5.442956749411426544e+10
5.964335268157558545e+00 5.365947120748781586e+10
5.988192609230189589e+00 5.287586103782882690e+10
6.012145379667110490e+00 5.228117969206944275e+10
6.036193961185778889e+00 5.122106290540856171e+10
6.060338737030522616e+00 5.071785972737442017e+10
6.084580091978644134e+00 5.015055299952136993e+10
6.108918412346558746e+00 4.914199598659249115e+10
6.133354085995945226e+00 4.871363776136927795e+10
6.157887502339929320e+00 4.799970134891175079e+10
6.182519052349287669e+00 4.714025221014958954e+10
6.207249128558685491e+00 4.654798378124864960e+10
6.232078125072920471e+00 4.592594407330927277e+10
6.257006437573212843e+00 4.513798987230213165e+10
6.282034463323505236e+00 4.449195323953489685e+10
6.307162601176800720e+00 4.383044390108075714e+10
6.332391251581507063e+00 4.318388401511777496e+10
6.357720816587833390e+00 4.245385451786304474e+10
6.383151699854184180e+00 4.174347411047560883e+10
6.408684306653601226e+00 4.102717612396544647e+10
6.434319043880215361e+00 4.041737333132639313e+10
6.460056320055736379e+00 3.941203212934749603e+10
6.485896545335958052e+00 3.849922721162726593e+10
6.511840131517302233e+00 3.803499550011978912e+10
6.537887492043371829e+00 3.724797664966900635e+10
6.564039042011545533e+00 3.654394835603273773e+10
6.590295198179591196e+00 3.579449681475750732e+10
6.616656378972309405e+00 3.533428739186524963e+10
6.643123004488199257e+00 3.462265267351358032e+10
6.669695496506150789e+00 3.417216635482627487e+10
6.696374278492176479e+00 3.354921650278700638e+10
6.723159775606144528e+00 3.325839364779744339e+10
6.750052414708568094e+00 3.271949507402586365e+10
6.777052624367403411e+00 3.191347402840811539e+10
6.804160834864871887e+00 3.164075814807301331e+10
6.831377478204331055e+00 3.107321046286086273e+10
6.858702988117148180e+00 3.083484275589371490e+10
6.886137800069615622e+00 3.029421295180915451e+10
6.913682351269895499e+00 2.973277333146264648e+10
6.941337080674975013e+00 2.937207212346834564e+10
6.969102428997675069e+00 2.893009827293489456e+10
6.996978838713665994e+00 2.855622648900493240e+10
7.024966754068519670e+00 2.818619810650792694e+10
7.053066621084793653e+00 2.773904183583025742e+10
7.081278887569133929e+00 2.731347150275369263e+10
7.109604003119409654e+00 2.678924476029572678e+10
7.138042419131887861e+00 2.655251037182580948e+10
7.166594588808414379e+00 2.618832662343576431e+10
7.195260967163648047e+00 2.572907107172995377e+10
7.224042011032302923e+00 2.531535523225481033e+10
7.252938179076432235e+00 2.496623400077130890e+10
7.281949931792737196e+00 2.466433262115148163e+10
7.311077731519908696e+00 2.427526801720259857e+10
7.340322042445988515e+00 2.388580090720547485e+10
7.369683330615771411e+00 2.352088003705731964e+10
7.399162063938235612e+00 2.334254272969730759e+10
7.428758712193988423e+00 2.280019762456223679e+10
7.458473747042765112e+00 2.263496194044455338e+10
7.488307642030935796e+00 2.226035708353002930e+10
7.518260872599060285e+00 2.185257529697899628e+10
7.548333916089456253e+00 2.166513730943985367e+10
7.578527251753813587e+00 2.120769823804751205e+10
7.608841360760829176e+00 2.078041683530389023e+10
7.639276726203872769e+00 2.059505038432048798e+10
7.669833833108687493e+00 2.021693409115815353e+10
7.700513168441122325e+00 1.998466769936030197e+10
7.731315221114887670e+00 1.961519983027646255e+10
7.762240481999347352e+00 1.927066499778035355e+10
7.793289443927344351e+00 1.902154042161227036e+10
7.824462601703054077e+00 1.882483012710429001e+10
7.855760452109866065e+00 1.846438281025191879e+10
7.887183493918306532e+00 1.809223761807786942e+10
7.918732227893980458e+00 1.788279096872653198e+10
7.950407156805555431e+00 1.762978032360357666e+10
7.982208785432777454e+00 1.722985142191786957e+10
8.014137620574508958e+00 1.712161563636736107e+10
8.046194171056805899e+00 1.675559256889553642e+10
8.078378947741034821e+00 1.652340053825254250e+10
8.110692463531997021e+00 1.625090049530663490e+10
8.143135233386125549e+00 1.607008729945089340e+10
8.175707774319670662e+00 1.585168849694615173e+10
8.208410605416949224e+00 1.552215440283281517e+10
8.241244247838615422e+00 1.537799671521291161e+10
8.274209224829968790e+00 1.505944193917746925e+10
8.307306061729288871e+00 1.490283642806722641e+10
8.340535285976207192e+00 1.463786177057444763e+10
8.373897427120111203e+00 1.435816179613256645e+10
8.407393016828594412e+00 1.425513609043801498e+10
8.441022588895906509e+00 1.397592666294198608e+10
8.474786679251490540e+00 1.382205909413663292e+10
8.508685825968495209e+00 1.355431237356220436e+10
8.542720569272368891e+00 1.339074633752358627e+10
8.576891451549458978e+00 1.314834480175582695e+10
8.611199017355655627e+00 1.301524974858975792e+10
8.645643813425078150e+00 1.282821683661822128e+10
8.680226388678779159e+00 1.260911098656847572e+10
8.714947294233493125e+00 1.244107020009170723e+10
8.749807083410427566e+00 1.216949316181470680e+10
8.784806311744070229e+00 1.206318924130023766e+10
8.819945536991047774e+00 1.188024019888800430e+10
8.855225319139009343e+00 1.168838796251625443e+10
8.890646220415566958e+00 1.155725889470762634e+10
8.926208805297228821e+00 1.139725722447361946e+10
8.961913640518417878e+00 1.116014922089711189e+10
8.997761295080492161e+00 1.103291613196118355e+10
9.033752340260813085e+00 1.089570832700551987e+10
9.069887349621856387e+00 1.073155888413705254e+10
9.106166899020346150e+00 1.054249360196906662e+10
9.142591566616424359e+00 1.040539351940625763e+10
9.179161932882891506e+00 1.025151728044265556e+10
9.215878580614422333e+00 1.007643172753941727e+10
9.252742094936881045e+00 9.912391999294778824e+09
9.289753063316627646e+00 9.810140844743249893e+09
9.326912075569895322e+00 9.608023724960916519e+09
9.364219723872173162e+00 9.535703635262596130e+09
9.401676602767663482e+00 9.342496138132785797e+09
9.439283309178733816e+00 9.192584261913354874e+09
9.477040442415447075e+00 9.079016814608209610e+09
9.514948604185111236e+00 8.938425740702020645e+09
9.553008398601852136e+00 8.822109036872068405e+09
9.591220432196260859e+00 8.654101063944473267e+09
9.629585313925044687e+00 8.520518419577149391e+09
9.668103655180747324e+00 8.392380133523008347e+09
9.706776069801470896e+00 8.281167205113412857e+09
9.745603174080676112e+00 8.164904449964992523e+09
9.784585586776998412e+00 8.039855220215452194e+09
9.823723929124106746e+00 7.905019072187353134e+09
9.863018824840601440e+00 7.781580452513537407e+09
9.902470900139965337e+00 7.606617541714667320e+09
9.942080783740523842e+00 7.545350628841853142e+09
9.981849106875488431e+00 7.412755485009216309e+09
1.002177650330298952e+01 7.310682307130593300e+09
1.006186360931619994e+01 7.186591140870828629e+09
1.010211106375346723e+01 7.068780448371074677e+09
1.014251950800847979e+01 6.958470078974069595e+09
1.018308958604051284e+01 6.870427192125284195e+09
1.022382194438467451e+01 6.755481314928201675e+09
1.026471723216221399e+01 6.643197583096955299e+09
1.030577610109086173e+01 6.530952605610905647e+09
1.034699920549522467e+01 6.431397015492848396e+09
1.038838720231720458e+01 6.339947394799901962e+09
1.042994075112647501e+01 6.241800481731428146e+09
1.047166051413097954e+01 6.140922807294896126e+09
1.051354715618750468e+01 6.030542752245229721e+09
1.055560134481225454e+01 5.940552568861103058e+09
1.059782375019150358e+01 5.848777337183079720e+09
1.064021504519226902e+01 5.781378393826049805e+09
1.068277590537303823e+01 5.688462370482642174e+09
1.072550700899452991e+01 5.560816894050971031e+09
1.076840903703050856e+01 5.487163378471554756e+09
1.081148267317863088e+01 5.407860494036649704e+09
1.085472860387134553e+01 5.373391656928540230e+09
1.089814751828683015e+01 5.220905986523295403e+09
1.094174010835997635e+01 5.162842504553206444e+09
1.098550706879341909e+01 5.060817460172223091e+09
1.102944909706859100e+01 4.993711044951685905e+09
1.107356689345686540e+01 4.928303506323826790e+09
1.111786116103069233e+01 4.841826256664813042e+09
1.116233260567481622e+01 4.778668850598272324e+09
1.120698193609751492e+01 4.675771624219634056e+09
1.125180986384190440e+01 4.625511360868165970e+09
1.129681710329727373e+01 4.546808690524305344e+09
1.134200437171046083e+01 4.487591542641601562e+09
1.138737238919730466e+01 4.422424883817942619e+09
1.143292187875409383e+01 4.324669362383313179e+09
1.147865356626910938e+01 4.275512364118516922e+09
1.152456818053418530e+01 4.199126801261773586e+09
1.157066645325632237e+01 4.138406847116217613e+09
1.161694911906934635e+01 4.063701367394950867e+09
1.166341691554562487e+01 4.023850350261293888e+09
1.171007058320780736e+01 3.953356220871803761e+09
1.175691086554063958e+01 3.870046471600676537e+09
1.180393850900279951e+01 3.834325739249880791e+09
1.185115426303881137e+01 3.762495736191264153e+09
1.189855888009096674e+01 3.724070182400352478e+09
1.194615311561133097e+01 3.665743399740095615e+09
1.199393772807377623e+01 3.602195977054479599e+09
1.204191347898607134e+01 3.550025773840282917e+09
1.209008113290201614e+01 3.496403703463044643e+09
1.213844145743362368e+01 3.436709130686656475e+09
1.218699522326335938e+01 3.390221577769081593e+09
1.223574320415641381e+01 3.337545553410585403e+09
1.228468617697303777e+01 3.298192294268742085e+09
1.233382492168093059e+01 3.225715344336318970e+09
1.238316022136765504e+01 3.182780056185139656e+09
1.243269286225312520e+01 3.109224977914362907e+09
1.248242363370213859e+01 3.098381247821468830e+09
1.253235332823694748e+01 3.036713193176206112e+09
1.258248274154989410e+01 2.997841048538798332e+09
1.263281267251609385e+01 2.955524407913768768e+09
1.268334392320615756e+01 2.895875900168040276e+09
1.273407729889898299e+01 2.876841778709515095e+09
1.278501360809457665e+01 2.804602357966630459e+09
1.283615366252695544e+01 2.757761021233253002e+09
1.288749827717706253e+01 2.739415219888226509e+09
1.293904827028577031e+01 2.673556306939808846e+09
1.299080446336691352e+01 2.653378900465460777e+09
1.304276768122038099e+01 2.601339603421126842e+09
1.309493875194526424e+01 2.564366134383211136e+09
1.314731850695304693e+01 2.522196513245732307e+09
1.319990778098085649e+01 2.480566268720357895e+09
1.325270741210477965e+01 2.445238861395829678e+09
1.330571824175319939e+01 2.406828019714003086e+09
1.335894111472021173e+01 2.365590524566421032e+09
1.341237687917909227e+01 2.342441586808607578e+09
1.346602638669580898e+01 2.291523575920606613e+09
1.351989049224258999e+01 2.272178776962064743e+09
1.357397005421156067e+01 2.222898067555888176e+09
1.362826593442840917e+01 2.195721658904386520e+09
1.368277899816612297e+01 2.164416512144484520e+09
1.373751011415878942e+01 2.120662213302181244e+09
1.379246015461542463e+01 2.101236755372745752e+09
1.384762999523388416e+01 2.058524262194094419e+09
1.390302051521481808e+01 2.044486356918725967e+09
1.395863259727567751e+01 2.005638274991016865e+09
1.401446712766477987e+01 1.970217336854500532e+09
1.407052499617543972e+01 1.953513618302074432e+09
1.412680709616014063e+01 1.902082793853575230e+09
1.418331432454478147e+01 1.865609845972925425e+09
1.424004758184296193e+01 1.855228364571667433e+09
1.429700777217033369e+01 1.831393922561300039e+09
1.435419580325901379e+01 1.790523119185765266e+09
1.441161258647204946e+01 1.770537873076749802e+09
1.446925903681793812e+01 1.733796528259098291e+09
1.452713607296521126e+01 1.715189100404391766e+09
1.458524461725707155e+01 1.688048673512325048e+09
1.464358559572609764e+01 1.651999919251648188e+09
1.470215993810900557e+01 1.629105540389703512e+09
1.476096857786143879e+01 1.618943742556678295e+09
1.482001245217288599e+01 1.589877578496775150e+09
1.487929250198157760e+01 1.561022324558618307e+09
1.493880967198950316e+01 1.537169851879290819e+09
1.499856491067746056e+01 1.514409711944329977e+09
1.505855917032016933e+01 1.495224133689510584e+09
1.511879340700144958e+01 1.467837299126061916e+09
1.517926858062945605e+01 1.443889364797980070e+09
1.523998565495197433e+01 1.426146559363308430e+09
1.530094559757178274e+01 1.397803221572873831e+09
1.536214937996206764e+01 1.378212372364863157e+09
1.542359797748191674e+01 1.357534621899813890e+09
1.548529236939184450e+01 1.338566776380183458e+09
1.554723353886941339e+01 1.312381015818906784e+09
1.560942247302489072e+01 1.299878840412469387e+09
1.567186016291699069e+01 1.277288749326112747e+09
1.573454760356865556e+01 1.252411111033739805e+09
1.579748579398293096e+01 1.241970425195746660e+09
1.586067573715886247e+01 1.218244284277883768e+09
1.592411844010749888e+01 1.201592300116354465e+09
1.598781491386792730e+01 1.176522739565057039e+09
1.605176617352340074e+01 1.162995509022137165e+09
1.611597323821749228e+01 1.143035195089274406e+09
1.618043713117036120e+01 1.123672102675713301e+09
1.624515887969504391e+01 1.105723889177077532e+09
1.631013951521382310e+01 1.096579784307713032e+09
1.637538007327468037e+01 1.079766315335097313e+09
1.644088159356778078e+01 1.061766606281947017e+09
1.650664511994205341e+01 1.041943897663284183e+09
1.657267170042182158e+01 1.023825755933737874e+09
1.663896238722350418e+01 1.006445082901533246e+09
1.670551823677240222e+01 9.958114225883426666e+08
1.677234030971949608e+01 9.824470974713708162e+08
1.683942967095837062e+01 9.632646161780711412e+08
1.690678738964220429e+01 9.488660795527065992e+08
1.697441453920077237e+01 9.354795637604972124e+08
1.704231219735757108e+01 9.262148691081230640e+08
1.711048144614700561e+01 9.031939340777403116e+08
1.717892337193159236e+01 8.934442033577574492e+08
1.724763906541932101e+01 8.747780544224786758e+08
1.731662962168099895e+01 8.635964342762260437e+08
1.738589614016772344e+01 8.506957959276394844e+08
1.745543972472839300e+01 8.425425498914933205e+08
1.752526148362730751e+01 8.278079673647410870e+08
1.759536252956181812e+01 8.109463898891861439e+08
1.766574397968006238e+01 7.990568375067727566e+08
1.773640695559878466e+01 7.885551543048264980e+08
1.780735258342117433e+01 7.769282075952060223e+08
1.787858199375486024e+01 7.680526997616349459e+08
1.795009632172988034e+01 7.506425711884173155e+08
1.802189670701679702e+01 7.420607967617852688e+08
1.809398429384486562e+01 7.312199205463244915e+08
1.816636023102024211e+01 7.120973021704953909e+08
1.823902567194432578e+01 7.100631073993575573e+08
1.831198177463210186e+01 6.985246998541327715e+08
1.838522970173062987e+01 6.860935563591569662e+08
1.845877062053754969e+01 6.766288544420826435e+08
1.853260570301970134e+01 6.623248032210742235e+08
1.860673612583178027e+01 6.508271697046020031e+08
1.868116307033510637e+01 6.440674382250707150e+08
1.875588772261644976e+01 6.324703387367588282e+08
1.883091127350691352e+01 6.262910379432060719e+08
1.890623491860094063e+01 6.149114270195018053e+08
1.898185985827534594e+01 6.039128937034114599e+08
1.905778729770844748e+01 5.984148153660240173e+08
1.913401844689928311e+01 5.905492663146218061e+08
1.921055452068688041e+01 5.746006273934851885e+08
1.928739673876962968e+01 5.688393750736691952e+08
1.936454632572470658e+01 5.618903705683090687e+08
1.944200451102760141e+01 5.482113743478584290e+08
1.951977252907171589e+01 5.461724063486917019e+08
1.959785161918800256e+01 5.333123592200780511e+08
1.967624302566475691e+01 5.263929623726795316e+08
1.991079942767366973e+01 5.162029207395126224e+08
