# Wavelength (micrometer), Flux (W / m2 / m)
1.000553076518779783e-01 5.831534764341507721e+10
1.004555288824854897e-01 2.922186629764295503e-10
1.008573509980154326e-01 5.179892493556324610e-10
1.012607804020075053e-01 4.341758335064108394e-10
1.016658235236155422e-01 7.438519204062673204e-10
1.020724868177099870e-01 2.236161199184874194e-07
1.024807767649808382e-01 3.683704814746680458e-08
1.028906998720407612e-01 2.313859064989119248e-09
1.033022626715289355e-01 3.690859919826134289e-07
1.037154717222150413e-01 2.143055570248354935e-09
1.041303336091038839e-01 1.794956401597967632e-09
1.045468549435403099e-01 2.100051045446753056e-08
1.049650423633144702e-01 4.402250015306219303e-10
1.053849025327677214e-01 5.163508392976327274e-08
1.058064421428987906e-01 1.115035363770981083e-09
1.062296679114703990e-01 6.722767981113938194e-08
1.066545865831162732e-01 3.730461001280717484e-08
1.070812049294487533e-01 8.666211058023038095e-09
1.075095297491665408e-01 9.883243333566535919e-07
1.079395678681632220e-01 1.088274534198246717e-08
1.083713261396358624e-01 4.556228180367650460e-07
1.088048114441943909e-01 1.677631817104391829e-07
1.092400306899711654e-01 4.164583917053168668e-05
1.096769908127310511e-01 2.906949833582441027e-07
1.101156987759819850e-01 4.044944014858734189e-07
1.105561615710859147e-01 2.220387200631952922e-05
1.109983862173702651e-01 5.013513978210434360e-06
1.114423797622397516e-01 1.191298980581603354e-06
1.118881492812886930e-01 2.663168932555643695e-07
1.123357018784138517e-01 1.577646254450737796e-06
1.127850446859275102e-01 7.189960278513174560e-04
1.132361848646712132e-01 4.182524625191146213e-04
1.136891296041298988e-01 2.521164240696923764e-04
1.141438861225464035e-01 3.005955226919616169e-04
1.146004616670366072e-01 1.886537918213936614e-04
1.150588635137047705e-01 1.980314103138341129e-04
1.155190989677595953e-01 1.039368408951840938e-04
1.159811753636306314e-01 3.454528852892258775e-04
1.164451000650851553e-01 7.001678727489707692e-05
1.169108804653455069e-01 7.642220826707685081e-05
1.173785239872068981e-01 4.662943530564204889e-04
1.178480380831557206e-01 1.861015242829581681e-03
1.183194302354883543e-01 7.924634129927048999e-04
1.187927079564302935e-01 2.705214705761644820e-04
1.192678787882560099e-01 7.342470495827401952e-04
1.197449503034090645e-01 1.154949488178272712e-03
1.202239301046226783e-01 6.343410063400590560e-05
1.207048258250411760e-01 4.828718512813139465e-04
1.211876451283413342e-01 1.795184306644906260e-04
1.216723957088547137e-01 4.968649297719582688e-05
1.221590852916901310e-01 1.493796247314436272e-04
1.226477216328568792e-01 2.433199788776926138e-04
1.231383125193883099e-01 2.161390818192543732e-04
1.236308657694658586e-01 2.282755576882677234e-04
1.241253892325437369e-01 8.681712830808715618e-05
1.246218907894739159e-01 8.863074117729943606e-05
1.251203783526317892e-01 6.272911512910561889e-05
1.256208598660423226e-01 3.772033985974372291e-04
1.261233433055065078e-01 5.149903027995100758e-04
1.266278366787285392e-01 1.741319306232111530e-05
1.271343480254434610e-01 2.717464721622094058e-04
1.276428854175452321e-01 4.107171946166496778e-04
1.281534569592154005e-01 3.421969441023867375e-05
1.286660707870522780e-01 1.299027549892695793e-04
1.291807350702004475e-01 4.739681634793377731e-04
1.296974580104812425e-01 2.480440731900769905e-04
1.302162478425231973e-01 1.440466965463968647e-04
1.307371128338932764e-01 8.122336736525134250e-04
1.312600612852288795e-01 6.162020349925396209e-04
1.317851015303697915e-01 8.479761207286567407e-04
1.323122419364912705e-01 3.441728906430432684e-03
1.328414909042372472e-01 3.070664128744906088e-03
1.333728568678542170e-01 2.122703574625778473e-03
1.339063482953256612e-01 3.857336510177902691e-04
1.344419736885069383e-01 2.102066225373351149e-03
1.349797415832609815e-01 5.280399239186809104e-03
1.355196605495940232e-01 4.329738343845940078e-03
1.360617391917924301e-01 8.184510789069452882e-03
1.366059861485595939e-01 2.417159102351225039e-03
1.371524100931538481e-01 5.198306196190352136e-04
1.377010197335264696e-01 1.879406584098177943e-03
1.382518238124605670e-01 2.306714166112261086e-02
1.388048311077104136e-01 1.197647345048652966e-02
1.393600504321412248e-01 2.355955875758296899e-03
1.399174906338697677e-01 1.553983315976547762e-03
1.404771605964052761e-01 2.403827885682495447e-02
1.410390692387908651e-01 6.742764219387016415e-03
1.416032255157460562e-01 6.270028311732596393e-02
1.421696384178090522e-01 8.842224425950584140e-04
1.427383169714803168e-01 1.956604936418677998e-02
1.433092702393662099e-01 5.052848615734554238e-01
1.438825073203236771e-01 6.623587323182940356e-02
1.444580373496049674e-01 3.087731990204050092e-01
1.450358694990033503e-01 6.123462888216431310e-02
1.456160129769993872e-01 6.539417964566944796e-01
1.461984770289073976e-01 9.391160375789069370e-01
1.467832709370230082e-01 1.896590089785753774e-01
1.473704040207710897e-01 6.266422784122737122e-01
1.479598856368541382e-01 2.341312491804223295e-02
1.485517251794015725e-01 3.399183919414621169e-01
1.491459320801191979e-01 8.962810179575603220e-01
1.497425158084396690e-01 2.372187277215494494e-01
1.503414858716734248e-01 4.259781119305928065e+00
1.509428518151600951e-01 5.636040056934485953e-01
1.515466232224207677e-01 7.464976005896209466e-02
1.521528097153104220e-01 2.149210854367385182e-01
1.527614209541716672e-01 1.615286911625944330e-02
1.533724666379883694e-01 1.778843751957513014e-02
1.539859565045403056e-01 2.586525466656246566e-02
1.546019003305584838e-01 2.657430395073288117e-04
1.552203079318807133e-01 1.332967167632922089e-03
1.558411891636082569e-01 7.841882353731913224e-04
1.564645539202626778e-01 4.200984817248909768e-04
1.570904121359437411e-01 4.637399828847551522e-04
1.577187737844875093e-01 1.389566118695309831e-04
1.583496488796254653e-01 5.112736518278958265e-04
1.589830474751439959e-01 1.652550601702310398e-03
1.596189796650445414e-01 2.582228669227827015e-04
1.602574555837047166e-01 3.392165473236841903e-04
1.608984854060395708e-01 7.857646377190558333e-04
1.615420793476636807e-01 5.264200871014973384e-04
1.621882476650543525e-01 5.847494352148847148e-04
1.628370006557145755e-01 5.562599594866975876e-04
1.634883486583374457e-01 8.155572875604820025e-04
1.641423020529707844e-01 1.067043453676456586e-03
1.647988712611826723e-01 1.303533313056625276e-03
1.654580667462274002e-01 5.240862054342758153e-04
1.661198990132123077e-01 2.398335113828477163e-03
1.667843786092651215e-01 2.536082238661727800e-03
1.674515161237022098e-01 4.548078692950897721e-03
1.681213221881969755e-01 1.498912971196325779e-02
1.687938074769497754e-01 7.169097301347292749e-03
1.694689827068575905e-01 6.276873868643417786e-02
1.701468586376850278e-01 3.986379626795571313e-02
1.708274460722357391e-01 5.006770160401639164e-02
1.715107558565246715e-01 6.455326964676834367e-02
1.721967988799507909e-01 6.049076645940235086e-02
1.728855860754705820e-01 1.055306452991759958e-01
1.735771284197724640e-01 5.702846117768863715e-02
1.742714369334515678e-01 3.897659302931124475e-02
1.749685226811853456e-01 2.641044335749629379e-01
1.756683967719100681e-01 8.932655843136121099e-02
1.763710703589977391e-01 4.964775533965977150e-01
1.770765546404337309e-01 6.835268717329879840e-01
1.777848608589954471e-01 1.214659491758501436e-01
1.784960003024314568e-01 9.932596514136075028e-01
1.792099843036411844e-01 7.239978842049784591e-01
1.799268242408557650e-01 8.235389551831482358e-01
1.806465315378191772e-01 2.651910747265558310e+00
1.813691176639704306e-01 3.310801314262884487e-01
1.820945941346263086e-01 1.627827501997582305e+00
1.828229725111648329e-01 5.127757191384414881e+00
1.835542644012094771e-01 2.019427998915049594e-01
1.842884814588143239e-01 2.668592047962984548e+00
1.850256353846495561e-01 1.182128508260655053e+01
1.857657379261881403e-01 9.854233873578531755e-01
1.865088008778928996e-01 1.214117396585209541e+01
1.872548360814044743e-01 6.903239954830037384e+00
1.880038554257300876e-01 1.412873634648541987e+00
1.887558708474330049e-01 1.696771255882278950e+01
1.895108943308226879e-01 6.833375467306223250e+00
1.902689379081460019e-01 3.111552108496040248e+00
1.910300136597785636e-01 3.545864584001332531e+01
1.917941337144176972e-01 1.055400614164040007e+01
1.925613102492753359e-01 1.752305470534001941e+01
1.933315554902724498e-01 6.397873432508258418e+01
1.941048817122335568e-01 3.124434955167511774e+01
1.948813012390824828e-01 3.052560076293551816e+01
1.956608264440388156e-01 1.404984797655327782e+02
1.964434697498149418e-01 2.982016241101348086e+01
1.972292436288141937e-01 7.221768027637868670e+01
1.980181606033294406e-01 1.419031051396686109e+02
1.988102332457427346e-01 7.138267030598927931e+01
1.996054741787257336e-01 6.298102095509292297e+01
2.004038960754406518e-01 7.910451683104916754e+01
2.012055116597424309e-01 7.853164655586408571e+01
2.020103337063813842e-01 9.495309600814886153e+01
2.028183750412069219e-01 1.087152506318166871e+02
2.036296485413717494e-01 6.318078553614738269e+01
2.044441671355372303e-01 5.325918887581760686e+01
2.052619438040793887e-01 8.957509421407000616e+01
2.060829915792957157e-01 6.712761222972181940e+01
2.069073235456129201e-01 6.315695325050781150e+01
2.077349528397953449e-01 6.907260273452568811e+01
2.085658926511545219e-01 9.328277759479067299e+01
2.094001562217591150e-01 9.260614730185996279e+01
2.102377568466461677e-01 8.999248395180325133e+01
2.110787078740327671e-01 5.682654010113144949e+01
2.119230227055288740e-01 8.733234975024497260e+01
2.127707147963510126e-01 1.011106825871843000e+02
2.136217976555363773e-01 1.240229429478915506e+02
2.144762848461585492e-01 5.191754745449677699e+01
2.153341899855431840e-01 1.138456365603021254e+02
2.161955267454853669e-01 1.797988219619162464e+02
2.170603088524672986e-01 2.181894998129483554e+02
2.179285500878772042e-01 1.126210306401051611e+02
2.188002642882286852e-01 1.288883662743848504e+02
2.196754653453815986e-01 2.885016586410259833e+02
2.205541672067631020e-01 2.058610869773746401e+02
2.214363838755901703e-01 6.797933121217183725e+02
2.223221294110925284e-01 1.903948602296794661e+02
2.232114179287369160e-01 1.496097548331822736e+03
2.241042636004518529e-01 6.616500778034437644e+02
2.250006806548536520e-01 2.783321911919794729e+03
2.259006833774730438e-01 1.099339239025594225e+03
2.268042861109829667e-01 2.046288111836688358e+03
2.277115032554268836e-01 2.777545589858812946e+03
2.286223492684485714e-01 2.807872434956766483e+03
2.295368386655223802e-01 9.412141145605637575e+03
2.304549860201844658e-01 1.109274098884170826e+03
2.313768059642651864e-01 6.409920142853466132e+03
2.323023131881222503e-01 5.118594711779183854e+03
2.332315224408747223e-01 1.076775512144885943e+04
2.341644485306381973e-01 1.527980765110975881e+04
2.351011063247607502e-01 2.163069794658803858e+03
2.360415107500598020e-01 1.881069079012819930e+04
2.369856767930600405e-01 1.952810919461817321e+03
2.379336195002322851e-01 2.266621189269377282e+04
2.388853539782332114e-01 1.557270135327044045e+04
2.398408953941461863e-01 7.048550462449510815e+04
2.408002589757227141e-01 8.143013710710873420e+04
2.417634600116256582e-01 1.516836084918329107e+04
2.427305138516721306e-01 1.343092804157830833e+05
2.437014359070788505e-01 8.340795774190082739e+04
2.446762416507071713e-01 3.366036281523085781e+05
2.456549466173099938e-01 1.152114215280347707e+05
2.466375664037792625e-01 2.125303170346306870e+05
2.476241166693943785e-01 3.003733600071379915e+05
2.486146131360719436e-01 1.823921852358455726e+04
2.496090715886161993e-01 2.856210385046941810e+05
2.506075078749706586e-01 1.543490786514389620e+05
2.516099379064705155e-01 3.087168191913799383e+05
2.526163776580964138e-01 5.189027477272373508e+05
2.536268431687287994e-01 3.448934518893942237e+06
2.546413505414037437e-01 4.618905347305995412e+06
2.556599159435693491e-01 1.391339083501200192e+06
2.566825556073435988e-01 1.059532492310855770e+06
2.577092858297729827e-01 1.226922993315278087e+06
2.587401229730920682e-01 7.268229865565997316e+05
2.597750834649844576e-01 1.541298736510335701e+06
2.608141837988444123e-01 1.344646259939446114e+06
2.618574405340398092e-01 4.825880794824698009e+06
2.629048702961759298e-01 1.276901792384230532e+07
2.639564897773606367e-01 1.263352903234264255e+07
2.650123157364701054e-01 1.221006177160180919e+07
2.660723649994159445e-01 8.528950960626536980e+06
2.671366544594135917e-01 9.567387695544954389e+06
2.682052010772512096e-01 1.141537965633975901e+07
2.692780218815602478e-01 7.169407115362256765e+06
2.703551339690865030e-01 1.645656842768163234e+07
2.714365545049627904e-01 1.286937581170211174e+07
2.725223007229827243e-01 1.243361293601318821e+07
2.736123899258746106e-01 1.731072339769281819e+07
2.747068394855781692e-01 2.630429928971806169e+07
2.758056668435204806e-01 3.501820654528021067e+07
2.769088895108945403e-01 8.190979016683849692e+07
2.780165250689380918e-01 6.477291564934641123e+07
2.791285911692138466e-01 9.115793439359205961e+07
2.802451055338907038e-01 7.817891162133342028e+07
2.813660859560263017e-01 7.021463342059816420e+07
2.824915502998503469e-01 5.738810632971062511e+07
2.836215165010497197e-01 5.132759011611974984e+07
2.847560025670539119e-01 1.033666503407729976e+07
2.858950265773221866e-01 2.497822013966797665e+07
2.870386066836315142e-01 8.672572346381321549e+07
2.881867611103660631e-01 1.888079765714878142e+08
2.893395081548075787e-01 3.042611955996478796e+08
2.904968661874267610e-01 3.802268068100099564e+08
2.916588536521764197e-01 4.537146342647281289e+08
2.928254890667851273e-01 4.217768831492097378e+08
2.939967910230522619e-01 4.375818028987303972e+08
2.951727781871444911e-01 3.774690710805521011e+08
2.963534692998930908e-01 4.604109238666725755e+08
2.975388831770926501e-01 4.971314723504372835e+08
2.987290387098009981e-01 7.421795435913791656e+08
2.999239548646402409e-01 5.034446382642949820e+08
3.011236506840988536e-01 1.248042906318501949e+09
3.023281452868351593e-01 5.254036320471217632e+08
3.035374578679824742e-01 1.810648606018945456e+09
3.047516076994544187e-01 1.559250774422163725e+09
3.059706141302522830e-01 1.881901242999394894e+09
3.071944965867733357e-01 2.590950768774480820e+09
3.084232745731204095e-01 3.318234418918168545e+09
3.096569676714128194e-01 3.131094837373605728e+09
3.108955955420985018e-01 4.237578251163983345e+09
3.121391779242668751e-01 4.753181525087172508e+09
3.133877346359639215e-01 5.884449706937847137e+09
3.146412855745078230e-01 7.563020253109447479e+09
3.158998507168058190e-01 7.290636276281924248e+09
3.171634501196730627e-01 1.173706252732797241e+10
3.184321039201517545e-01 9.423807703073423386e+09
3.197058323358323295e-01 1.055227572574034882e+10
3.209846556651756444e-01 1.225377777549164581e+10
3.222685942878363852e-01 1.464183263188288307e+10
3.235576686649877520e-01 1.497437818158862114e+10
3.248518993396476984e-01 1.794187861517772675e+10
3.261513069370062801e-01 1.968465152064890671e+10
3.274559121647543369e-01 2.239445520543767929e+10
3.287657358134133401e-01 2.512113855938558578e+10
3.300807987566670154e-01 2.584037033853525925e+10
3.314011219516936890e-01 3.476713782266449738e+10
3.327267264395004642e-01 3.569467037865327454e+10
3.340576333452584534e-01 4.498249094062306976e+10
3.353938638786395088e-01 4.294339260394668579e+10
3.367354393341540630e-01 4.771014283320900726e+10
3.380823810914907468e-01 5.123431178410713959e+10
3.394347106158566718e-01 5.393530751845124817e+10
3.407924494583201014e-01 5.838870209408578491e+10
3.421556192561533982e-01 5.546362303949450684e+10
3.435242417331779707e-01 3.566523418564848328e+10
3.448983387001106626e-01 4.419213210765256500e+10
3.462779320549111417e-01 5.060576561709672546e+10
3.476630437831307319e-01 4.417853984028205872e+10
3.490536959582632992e-01 4.895791901950846863e+10
3.504499107420963600e-01 8.660437913969859314e+10
3.518517103850647421e-01 7.903025305233106995e+10
3.532591172266050239e-01 9.803120465853918457e+10
3.546721536955114717e-01 1.282412074369441071e+11
3.560908423102934761e-01 7.383753363037678528e+10
3.575152056795346533e-01 5.190250020439997101e+10
3.589452665022527800e-01 8.545145443136419678e+10
3.603810475682617254e-01 1.149433982576190338e+11
3.618225717585348278e-01 9.932149137878515625e+10
3.632698620455689364e-01 1.069973712701981201e+11
3.647229414937512293e-01 1.063167366155065002e+11
3.661818332597261971e-01 1.866734729087174377e+11
3.676465605927651259e-01 1.290037497078312683e+11
3.691171468351361895e-01 1.478521867584157715e+11
3.705936154224767076e-01 8.782997660754934692e+10
3.720759898841666247e-01 3.928770376914213562e+10
3.735642938437032656e-01 3.783311997182869720e+10
3.750585510190780902e-01 4.774745452451977539e+10
3.765587852231543908e-01 1.135679976909748535e+11
3.780650203640470441e-01 2.294034076205167236e+11
3.795772804455032068e-01 1.500150674156685181e+11
3.810955895672852312e-01 1.754465192082088318e+11
3.826199719255543585e-01 6.966285094208012390e+10
3.841504518132565771e-01 1.282940546572571564e+11
3.856870536205096456e-01 6.473983344298736572e+10
3.872298018349916715e-01 1.237782399917680054e+11
3.887787210423316320e-01 1.118519909733336639e+11
3.903338359265008939e-01 1.467283730582433472e+11
3.918951712702069545e-01 1.671571989805646057e+11
3.934627519552877928e-01 1.204871885288724518e+11
3.950366029631089404e-01 2.582185036028688049e+11
3.966167493749613859e-01 2.052801016613717651e+11
3.982032163724612550e-01 3.266143722143405151e+11
3.997960292379510450e-01 3.667660396790024414e+11
4.013952133549028578e-01 4.102579459802635498e+11
4.030007942083224659e-01 4.758768220812781372e+11
4.046127973851557647e-01 3.633195260652705688e+11
4.062312485746963908e-01 3.669874367157531738e+11
4.078561735689951728e-01 4.072237737666767578e+11
4.094875982632711353e-01 4.287927133081107178e+11
4.111255486563242245e-01 4.785598175651345215e+11
4.127700508509495880e-01 4.154867852789865723e+11
4.144211310543532978e-01 3.631549932980006714e+11
4.160788155785707931e-01 4.088103955476445923e+11
4.177431308408850463e-01 2.993271281707731934e+11
4.194141033642486138e-01 2.297448795355526733e+11
4.210917597777056320e-01 1.184531095716228943e+11
4.227761268168164221e-01 2.565778488721354675e+10
4.244672313240837602e-01 1.348598988717519379e+11
4.261651002493800910e-01 2.148930119228254089e+11
4.278697606503775730e-01 2.684401775275414124e+11
4.295812396929790666e-01 2.695907833834685059e+11
4.312995646517510107e-01 2.909504963610222168e+11
4.330247629103580187e-01 3.498991483092917480e+11
4.347568619619994745e-01 3.743604081219248657e+11
4.364958894098474596e-01 3.571303519858362427e+11
4.382418729674867897e-01 3.208134461863956299e+11
4.399948404593567730e-01 3.420018139852891846e+11
4.417548198211941890e-01 3.845564793660908813e+11
4.435218391004789873e-01 2.995523466230076294e+11
4.452959264568808750e-01 3.236503689374436035e+11
4.470771101627084021e-01 3.171557711386885376e+11
4.488654186033592119e-01 3.429402029706830444e+11
4.506608802777726241e-01 3.574242504282337646e+11
4.524635237988837710e-01 3.850168905102538452e+11
4.542733778940792333e-01 3.810741145168276367e+11
4.560904714056555065e-01 3.678324301796772461e+11
4.579148332912781894e-01 4.239106527712778931e+11
4.597464926244433370e-01 2.759897119251853638e+11
4.615854785949410899e-01 4.068715670233314209e+11
4.634318205093208576e-01 2.803436638410739136e+11
4.652855477913582227e-01 3.543188109206878662e+11
4.671466899825236219e-01 3.667239825505676880e+11
4.690152767424536906e-01 3.950017108398452148e+11
4.708913378494234969e-01 4.603164407985014038e+11
4.727749032008212171e-01 4.194055890505833130e+11
4.746660028136244769e-01 4.774825773937487793e+11
4.765646668248789131e-01 3.188911518349833374e+11
4.784709254921784560e-01 2.905247610448211060e+11
4.803848091941470555e-01 3.823424696655635376e+11
4.823063484309236815e-01 3.965657917730755615e+11
4.842355738246474361e-01 4.628587907249496460e+11
4.861725161199459966e-01 4.237635924441912842e+11
4.881172061844257226e-01 5.498341925552569580e+11
4.900696750091634302e-01 5.147518918898152466e+11
4.920299537092001074e-01 6.421464343056892090e+11
4.939980735240369625e-01 7.447066952292442627e+11
4.959740658181330253e-01 4.677784083461086426e+11
4.979579620814056362e-01 6.071912969612481689e+11
4.999497939297311566e-01 5.422860599392966919e+11
5.019495931054501758e-01 4.924841990173033447e+11
5.039573914778719965e-01 6.115139846982635498e+11
5.059732210437835054e-01 4.741718163585685425e+11
5.079971139279585435e-01 5.170821417822159424e+11
5.100291023836703852e-01 4.749061296192158203e+11
5.120692187932051054e-01 4.747132477426376953e+11
5.141174956683780550e-01 4.825731057230169678e+11
5.161739656510514473e-01 4.085113946247482300e+11
5.182386615136556074e-01 3.006991163680333862e+11
5.203116161597103329e-01 4.366452314890619507e+11
5.223928626243490303e-01 6.013235943621474609e+11
5.244824340748465152e-01 4.987671837785933228e+11
5.265803638111459239e-01 4.899482384157623291e+11
5.286866852663905103e-01 4.920954045695998535e+11
5.308014320074561088e-01 5.165984752507058716e+11
5.329246377354859288e-01 4.429016897575084229e+11
5.350563362864277916e-01 4.547011325421752319e+11
5.371965616315735881e-01 3.672338221300122681e+11
5.393453478780998456e-01 3.956547737645026245e+11
5.415027292696121819e-01 3.811007385570578003e+11
5.436687401866906466e-01 3.756405610866918335e+11
5.458434151474373941e-01 2.681811384471955566e+11
5.480267888080271321e-01 3.323036114787175903e+11
5.502188959632591247e-01 3.187118884408869629e+11
5.524197715471121928e-01 3.480097415392617188e+11
5.546294506333006025e-01 3.867084026305793457e+11
5.568479684358338400e-01 3.618353986962510376e+11
5.590753603095770519e-01 3.120379473197304077e+11
5.613116617508153716e-01 2.394015064652011108e+11
5.635569083978186899e-01 1.852321697434115906e+11
5.658111360314097560e-01 2.331868482068156433e+11
5.680743805755354980e-01 2.029157229366824951e+11
5.703466780978375672e-01 2.456578706968262634e+11
5.726280648102289872e-01 2.606170751567171021e+11
5.749185770694699160e-01 3.006693611832799683e+11
5.772182513777477375e-01 2.760754192022876587e+11
5.795271243832587071e-01 3.488673693690408936e+11
5.818452328807918184e-01 3.558812100908518066e+11
5.841726138123150003e-01 3.346466796062054443e+11
5.865093042675643131e-01 2.376943037728461914e+11
5.888553414846344758e-01 1.238512814238306885e+11
5.912107628505729462e-01 1.402405324433436584e+11
5.935756059019753339e-01 1.693976447799159241e+11
5.959499083255832552e-01 1.608106091867486267e+11
5.983337079588855190e-01 1.974782626248865356e+11
6.007270427907210886e-01 2.254687592181710205e+11
6.031299509618840426e-01 2.739747690410744629e+11
6.055424707657315331e-01 3.393502636064152832e+11
6.079646406487945187e-01 4.081367698229560547e+11
6.103964992113897203e-01 4.735553616249254761e+11
6.128380852082353503e-01 5.414473097159445801e+11
6.152894375490681744e-01 4.630394924637079468e+11
6.177505952992645710e-01 2.921947842686487427e+11
6.202215976804615893e-01 2.311729846428686523e+11
6.227024840711834486e-01 1.558499556123886108e+11
6.251932940074681477e-01 2.014531593668130493e+11
6.276940671834980723e-01 2.354184639879119873e+11
6.302048434522321552e-01 3.048769832186994019e+11
6.327256628260409244e-01 3.954013703191455078e+11
6.352565654773452142e-01 4.610828895026056519e+11
6.377975917392545435e-01 5.308920279819339600e+11
6.403487821062116003e-01 6.911635842237607422e+11
6.429101772346363930e-01 7.124427537733914795e+11
6.454818179435749537e-01 8.295850807932307129e+11
6.480637452153492628e-01 8.678981131658132324e+11
6.506560001962106154e-01 9.224628447603640137e+11
6.532586241969955410e-01 1.053486567311942627e+12
6.558716586937833881e-01 7.699965417963964844e+11
6.584951453285585732e-01 6.879359789950633545e+11
6.611291259098727169e-01 5.799835813636810303e+11
6.637736424135122215e-01 4.735879129710156250e+11
6.664287369831662922e-01 4.321570791559442139e+11
6.690944519310989547e-01 3.998863035375084839e+11
6.717708297388232941e-01 4.019483918962426758e+11
6.744579130577786907e-01 4.285293319717689819e+11
6.771557447100098326e-01 5.348525470682467651e+11
6.798643676888498355e-01 5.194947471396514893e+11
6.825838251596052508e-01 5.994832656651066895e+11
6.853141604602436265e-01 5.996456332896566162e+11
6.880554171020846210e-01 5.917815039015767822e+11
6.908076387704928933e-01 6.958671689181137695e+11
6.935708693255748791e-01 8.664471808674674072e+11
6.963451528028771209e-01 1.094117135693141968e+12
6.991305334140887062e-01 1.236276644191637207e+12
7.019270555477450380e-01 1.332143923632835938e+12
7.047347637699360456e-01 1.529300654461573730e+12
7.075537028250157290e-01 1.254784930052833740e+12
7.103839176363159202e-01 1.049674749082183594e+12
7.132254533068611568e-01 9.092220317485747070e+11
7.160783551200886610e-01 9.821132180231600342e+11
7.189426685405689854e-01 1.045590826363080444e+12
7.218184392147313222e-01 1.004427092058183716e+12
7.247057129715901436e-01 1.184164868886523438e+12
7.276045358234763949e-01 1.321661549583163330e+12
7.305149539667704639e-01 1.557104824502421143e+12
7.334370137826373703e-01 1.808019143572611816e+12
7.363707618377679509e-01 1.958842778038499756e+12
7.393162448851190449e-01 2.130464845925718018e+12
7.422735098646596752e-01 2.233646684270953613e+12
7.452426039041182282e-01 2.222800183106109375e+12
7.482235743197346300e-01 2.358631975816895020e+12
7.512164686170136330e-01 2.377028263809300781e+12
7.542213344914817652e-01 2.518501543262732422e+12
7.572382198294477229e-01 2.521215529757603516e+12
7.602671727087656484e-01 2.249273801966258789e+12
7.633082413996006288e-01 2.127796937466716553e+12
7.663614743651989691e-01 1.730504057404112305e+12
7.694269202626597970e-01 1.693734537532984619e+12
7.725046279437104424e-01 1.719978651098568359e+12
7.755946464554852593e-01 1.655162763375389160e+12
7.786970250413072225e-01 1.652423245776441650e+12
7.818118131414724115e-01 1.827465939092189453e+12
7.849390603940383793e-01 1.480208427150260742e+12
7.880788166356144098e-01 1.695146069576483643e+12
7.912311319021569922e-01 1.585585902541119385e+12
7.943960564297655180e-01 1.759370922544210693e+12
7.975736406554845281e-01 1.807809504732890137e+12
8.007639352181065151e-01 1.982306073247309082e+12
8.039669909589789443e-01 2.168859908540133057e+12
8.071828589228148276e-01 2.455789091488082031e+12
8.104115903585061842e-01 2.644093613994523438e+12
8.136532367199402760e-01 2.960947697422003418e+12
8.169078496668199518e-01 3.065085142014215820e+12
8.201754810654874328e-01 2.650882337300184570e+12
8.234561829897493190e-01 2.800925279298854980e+12
8.267500077217083687e-01 2.756012810515287109e+12
8.300570077525952772e-01 2.473290108553847168e+12
8.333772357836056743e-01 2.649021345231595215e+12
8.367107447267401188e-01 2.536989399948227539e+12
8.400575877056470908e-01 2.620193871279938965e+12
8.434178180564695371e-01 2.176182894328100586e+12
8.467914893286955236e-01 1.646330299642880371e+12
8.501786552860102208e-01 1.775708858326056152e+12
8.535793699071543283e-01 1.822162175879962158e+12
8.569936873867830540e-01 2.009946919526307373e+12
8.604216621363300899e-01 2.209503406664514648e+12
8.638633487848753623e-01 2.484598518474152344e+12
8.673188021800150027e-01 2.652380733661497559e+12
8.707880773887352044e-01 2.815173911123129883e+12
8.742712296982900755e-01 2.977875742181952637e+12
8.777683146170831563e-01 3.243829787351065430e+12
8.812793878755513788e-01 3.384554370441832520e+12
8.848045054270535781e-01 3.456205476689861816e+12
8.883437234487617795e-01 2.785643312172635742e+12
8.918970983425568155e-01 3.256418889839203613e+12
8.954646867359271623e-01 2.790446329603626465e+12
8.990465454828707736e-01 3.084629954929454590e+12
9.026427316648023558e-01 3.066867448053529297e+12
9.062533025914615292e-01 3.176957100746521973e+12
9.098783158018273198e-01 3.347598262350315430e+12
9.135178290650346478e-01 3.433868844917483398e+12
9.171719003812948134e-01 3.563617034519657715e+12
9.208405879828199803e-01 3.606693037025596191e+12
9.245239503347512100e-01 3.540683045945200684e+12
9.282220461360901620e-01 3.545604457261984375e+12
9.319349343206346781e-01 3.439308917512109375e+12
9.356626740579171431e-01 3.482581548441126953e+12
9.394053247541488405e-01 3.517977535087152344e+12
9.431629460531654185e-01 3.551606419654280762e+12
9.469355978373780180e-01 3.680265588646549316e+12
9.507233402287275092e-01 3.721119925225467773e+12
9.545262335896426142e-01 3.768905729582075195e+12
9.583443385240012491e-01 3.801219869603362793e+12
9.621777158780971950e-01 3.827977561053280762e+12
9.660264267416096562e-01 3.857218437878514648e+12
9.698905324485760371e-01 3.903953895671862793e+12
9.737700945783701600e-01 3.541488114465248535e+12
9.776651749566835914e-01 3.540954889846684570e+12
9.815758356565105203e-01 3.447668879044497070e+12
9.855021389991363012e-01 3.395639293084230469e+12
9.894441475551331022e-01 3.365432788645900391e+12
9.934019241453534432e-01 2.971441923329255859e+12
9.973755318419349480e-01 3.195001622261544922e+12
1.001365033969302543e+00 3.229611341258763672e+12
1.005370494105179757e+00 3.208740054535459961e+12
1.009391976081600362e+00 3.328182707564228027e+12
1.013429543985926884e+00 3.431872716105286621e+12
1.017483262161870350e+00 3.429408711639964355e+12
1.021553195210518128e+00 3.519475603606065430e+12
1.025639407991360219e+00 3.453863357338679688e+12
1.029741965623325539e+00 3.452614475111054199e+12
1.033860933485818867e+00 3.533789382078835938e+12
1.037996377219762012e+00 3.652281958200314453e+12
1.042148362728641198e+00 3.666714323647739746e+12
1.046316956179555557e+00 3.774173687479716309e+12
1.050502224004274066e+00 3.781989697484143555e+12
1.054704232900291139e+00 3.831159498731290527e+12
1.058923049831892227e+00 3.799353511196915039e+12
1.063158742031219628e+00 3.813250911235429688e+12
1.067411376999344741e+00 3.765186830422252441e+12
1.071681022507342096e+00 3.768427272560344727e+12
1.075967746597371377e+00 3.829387151601889648e+12
1.080271617583760779e+00 3.772175817162937500e+12
1.084592704054095913e+00 3.833351076165292480e+12
1.088931074870312044e+00 3.754507094852645508e+12
1.093286799169793433e+00 3.738903815136421875e+12
1.097659946366472461e+00 3.645760888628389160e+12
1.102050586151938294e+00 3.614775638520000977e+12
1.106458788496546219e+00 3.504577554604969727e+12
1.110884623650532532e+00 3.504217641513817383e+12
1.115328162145134749e+00 3.572425954454059570e+12
1.119789474793714934e+00 3.542963153960287109e+12
1.124268632692889902e+00 3.598622353269464355e+12
1.128765707223661430e+00 3.592581550256078613e+12
1.133280770052556230e+00 3.585558266178047852e+12
1.137813893132766374e+00 3.438264165079774902e+12
1.142365148705297484e+00 3.430148604499319336e+12
1.146934609300118479e+00 3.601568975305450684e+12
1.151522347737319096e+00 3.645901909595205566e+12
1.156128437128268516e+00 3.608310055843599609e+12
1.160752950876781542e+00 3.603146654226923340e+12
1.165395962680288999e+00 3.636296529256708496e+12
1.170057546531009907e+00 3.589336804877333008e+12
1.174737776717134086e+00 3.600992079257125977e+12
1.179436727824002773e+00 3.507294202661945312e+12
1.184154474735298557e+00 3.544684931269405762e+12
1.188891092634239977e+00 3.571356746995684570e+12
1.193646657004777012e+00 3.563550806706437988e+12
1.198421243632796118e+00 3.450890519138406738e+12
1.203214928607327261e+00 3.481014912895996094e+12
1.208027788321756724e+00 3.530383343500552734e+12
1.212859899475043468e+00 3.494468173998173340e+12
1.217711339072943710e+00 3.536220241335178223e+12
1.222582184429235275e+00 3.504804992742000977e+12
1.227472513166952384e+00 3.545008481015343262e+12
1.232382403219620226e+00 3.523940467797340820e+12
1.237311932832498407e+00 3.506963107388179688e+12
1.242261180563828615e+00 3.348381353027929688e+12
1.247230225286083849e+00 3.401974923778751953e+12
1.252219146187228072e+00 3.390774259558395996e+12
1.257228022771976983e+00 3.362210992216962402e+12
1.262256934863064783e+00 3.338272829035391602e+12
1.267305962602517155e+00 3.397439249564059570e+12
1.272375186452927354e+00 3.365915837099574707e+12
1.277464687198738957e+00 3.370641190224994629e+12
1.282574545947533950e+00 3.380365780542163574e+12
1.287704844131324133e+00 3.311055392063650391e+12
1.292855663507849417e+00 3.303645221888249023e+12
1.298027086161880783e+00 3.328813533315250488e+12
1.303219194506528344e+00 3.328045495979420410e+12
1.308432071284554521e+00 3.278632372516736816e+12
1.313665799569692760e+00 3.301089101009413086e+12
1.318920462767971591e+00 3.292044673302941406e+12
1.324196144619043336e+00 3.218784773255403320e+12
1.329492929197519491e+00 3.104519230600948242e+12
1.334810900914309650e+00 2.749341868448134766e+12
1.340150144517967101e+00 2.710131769045574219e+12
1.345510745096038852e+00 2.662097900704526367e+12
1.350892788076423212e+00 2.649274257933083496e+12
1.356296359228728932e+00 2.595621602403062012e+12
1.361721544665643879e+00 2.560737452674632324e+12
1.367168430844306393e+00 2.586181952980937988e+12
1.372637104567683730e+00 2.567592836221831055e+12
1.378127652985954299e+00 2.598896326781961914e+12
1.383640163597898098e+00 2.575633206901954102e+12
1.389174724252289828e+00 2.484580545882503906e+12
1.394731423149298877e+00 2.433270312106857422e+12
1.400310348841896202e+00 2.383435513037096191e+12
1.405911590237263642e+00 2.394171163894122070e+12
1.411535236598212784e+00 2.288338490161471191e+12
1.417181377544605603e+00 2.226533864731821289e+12
1.422850103054784210e+00 2.241332824551492676e+12
1.428541503467003038e+00 2.213396919415209473e+12
1.434255669480871243e+00 2.207879795516121094e+12
1.439992692158794885e+00 2.212380316307778320e+12
1.445752662927429988e+00 2.225086224632987793e+12
1.451535673579139596e+00 2.200412526485253906e+12
1.457341816273456159e+00 2.225239330915239746e+12
1.463171183538549913e+00 2.155790673635341309e+12
1.469023868272704147e+00 2.121930713854172852e+12
1.474899963745795128e+00 2.134590641550412842e+12
1.480799563600778246e+00 2.131864530490600098e+12
1.486722761855181485e+00 2.123528214451671875e+12
1.492669652902602007e+00 2.131152784442911133e+12
1.498640331514212276e+00 2.135303481050030273e+12
1.504634892840269300e+00 2.139251406197100830e+12
1.510653432411630304e+00 2.150518047450336914e+12
1.516696046141276843e+00 2.160883926620333984e+12
1.522762830325842032e+00 2.171603127246714600e+12
1.528853881647145307e+00 2.171012916485135254e+12
1.534969297173733649e+00 2.159385439324841553e+12
1.541109174362428780e+00 2.141317744847944824e+12
1.547273611059878373e+00 2.165980343223673584e+12
1.553462705504118135e+00 2.177258956570651611e+12
1.559676556326134556e+00 2.159582794228983887e+12
1.565915262551438980e+00 2.187636553122070312e+12
1.572178923601644795e+00 2.186035675998834229e+12
1.578467639296051495e+00 2.225962761511624023e+12
1.584781509853235626e+00 2.229455254567238281e+12
1.591120635892648405e+00 2.223362203416703125e+12
1.597485118436219098e+00 2.245794221463309082e+12
1.603875058909963958e+00 2.255089965206500977e+12
1.610290559145603595e+00 2.254367311460963379e+12
1.616731721382186127e+00 2.224123060292600586e+12
1.623198648267714761e+00 2.266939336142619629e+12
1.629691442860785600e+00 2.288629038589606934e+12
1.636210208632228769e+00 2.314988228888604980e+12
1.642755049466757766e+00 2.321079134348711914e+12
1.649326069664624805e+00 2.326037493324620117e+12
1.655923373943283039e+00 2.339056307314687988e+12
1.662547067439056336e+00 2.334586513435059570e+12
1.669197255708812611e+00 2.339000448019422852e+12
1.675874044731648027e+00 2.341986080495333496e+12
1.682577540910574321e+00 2.321680607574474609e+12
1.689307851074216771e+00 2.278139063875362793e+12
1.696065082478513508e+00 2.242655244550193848e+12
1.702849342808427480e+00 2.201682628572217773e+12
1.709660740179661298e+00 2.122838885044274414e+12
1.716499383140379864e+00 2.024679525094629395e+12
1.723365380672941427e+00 2.008598880013255371e+12
1.730258842195633306e+00 1.976019601572141846e+12
1.737179877564415831e+00 1.884281195957427490e+12
1.744128597074673603e+00 1.863267318918808350e+12
1.751105111462972097e+00 1.803034919117443604e+12
1.758109531908824241e+00 1.716954264244223877e+12
1.765141970036459451e+00 1.685671986599914551e+12
1.772202537916605314e+00 1.627985759694556641e+12
1.779291348068271716e+00 1.554498988766235596e+12
1.786408513460544745e+00 1.531127853428906250e+12
1.793554147514387020e+00 1.488990807336036133e+12
1.800728364104444257e+00 1.459817681847925293e+12
1.807931277560862249e+00 1.399787251854447021e+12
1.815163002671105641e+00 1.418692503780067871e+12
1.822423654681789795e+00 1.385165507825908447e+12
1.829713349300517100e+00 1.365539304728852783e+12
1.837032202697718830e+00 1.350542866587587891e+12
1.844380331508509885e+00 1.275297451297905762e+12
1.851757852834543527e+00 1.255905847056726318e+12
1.859164884245881888e+00 1.163772021391371826e+12
1.866601543782865358e+00 1.224708581154714111e+12
1.874067949957996859e+00 1.201773513927621094e+12
1.881564221757828781e+00 1.214474902675212402e+12
1.889090478644860127e+00 1.226932338662293945e+12
1.896646840559439662e+00 1.220907415569081055e+12
1.904233427921677269e+00 1.219668795782081787e+12
1.911850361633363971e+00 1.216968619946589355e+12
1.919497763079897279e+00 1.192207699982897705e+12
1.927175754132217200e+00 1.179906694989081055e+12
1.934884457148745796e+00 1.188683414884516113e+12
1.942623994977340729e+00 1.148208231672897461e+12
1.950394490957250149e+00 1.167747899702257568e+12
1.958196068921079336e+00 1.175548908412435791e+12
1.966028853196763793e+00 1.169780020476440674e+12
1.973892968609550991e+00 1.130747408999962402e+12
1.981788540483989447e+00 1.097704670041493896e+12
1.989715694645925126e+00 1.090851102680535522e+12
1.997674557424508723e+00 1.086974299924451294e+12
2.005665255654207169e+00 1.067356462482913086e+12
2.013687916676823786e+00 1.055728967511192871e+12
2.021742668343530891e+00 1.052705437514446655e+12
2.029829639016905052e+00 1.036360622118891968e+12
2.037948957572972564e+00 1.024956072469813599e+12
2.046100753403264694e+00 1.018165899733761230e+12
2.054285156416877811e+00 1.021590401825683960e+12
2.062502297042545507e+00 1.006392042904301025e+12
2.070752306230715600e+00 1.006869937905366211e+12
2.079035315455638244e+00 1.000165110855811401e+12
2.087351456717461140e+00 9.894809499052453613e+11
2.095700862544330967e+00 9.942064602576015625e+11
2.104083665994508134e+00 1.000024446650046997e+12
2.112500000658485977e+00 9.985571020700639648e+11
2.120950000661120161e+00 9.980577981683295898e+11
2.129433800663764753e+00 9.842566351126263428e+11
2.137951535866419839e+00 9.899968936924324951e+11
2.146503342009885351e+00 1.004342134797662354e+12
2.155089355377924676e+00 9.999922830336983643e+11
2.163709712799436691e+00 1.008946433472885010e+12
2.172364551650634468e+00 1.006729190606672974e+12
2.181054009857236853e+00 1.005606283227359619e+12
2.189778225896665376e+00 1.007924392517701172e+12
2.198537338800252705e+00 1.014150906810703125e+12
2.207331488155453325e+00 1.003096804245465942e+12
2.216160814108075083e+00 1.017702978840008789e+12
2.225025457364507631e+00 1.019065269604203613e+12
2.233925559193965515e+00 1.017398137922950073e+12
2.242861261430741493e+00 1.022524635995496094e+12
2.251832706476463830e+00 1.017394497782496582e+12
2.260840037302370042e+00 1.004936686628325684e+12
2.269883397451579299e+00 1.010541709121863037e+12
2.278962931041386142e+00 1.002545566441677856e+12
2.288078782765551100e+00 1.003428654414192749e+12
2.297231097896613505e+00 9.007439366897921143e+11
2.306420022288200311e+00 9.482774492926750488e+11
2.315645702377353121e+00 9.291892261487098389e+11
2.324908285186861878e+00 8.486036959614686279e+11
2.334207918327609654e+00 8.804172975333841553e+11
2.343544750000919663e+00 8.715789024696718750e+11
2.352918929000923143e+00 7.957740105795083008e+11
2.362330604716927240e+00 8.148689958193107910e+11
2.371779927135795329e+00 8.252693821631005859e+11
2.381267046844337987e+00 7.601816830680585938e+11
2.390792115031715070e+00 7.481011725766735840e+11
2.400355283491842240e+00 7.436368440956474609e+11
2.409956704625809465e+00 7.012785345641203613e+11
2.419596531444312859e+00 6.896027804426026611e+11
2.429274917570089620e+00 6.625605615986979980e+11
2.438992017240370291e+00 6.389962766479000244e+11
2.448747985309331465e+00 6.131166549262128906e+11
2.458542977250568917e+00 5.927327974617457275e+11
2.468377149159570738e+00 5.837132189050700684e+11
2.478250657756209563e+00 5.452924872638878174e+11
2.488163660387234355e+00 5.439193668639310913e+11
2.498116315028783063e+00 5.365218431930865479e+11
2.508108780288898387e+00 5.047456171635327759e+11
2.518141215410053757e+00 5.005728800432574463e+11
2.528213780271693967e+00 4.843366047812819214e+11
2.538326635392781139e+00 4.763371231011757202e+11
2.548479941934351789e+00 4.725846688261516724e+11
2.558673861702089436e+00 4.618374140246541138e+11
2.568908557148898097e+00 4.641601827369183350e+11
2.579184191377493551e+00 4.444230106678006592e+11
2.589500928143003478e+00 4.555785443921937256e+11
2.599858931855575594e+00 4.565107719832119751e+11
2.610258367582998229e+00 4.581443456625009766e+11
2.620699401053329769e+00 4.481421917659235840e+11
2.631182198657543214e+00 4.489586472162670898e+11
2.641706927452173392e+00 4.432748990790623169e+11
2.652273755161981938e+00 4.530363439981558838e+11
2.662882850182629824e+00 4.544204888545678711e+11
2.673534381583360542e+00 4.330964040225180054e+11
2.684228519109693956e+00 4.354521041936746216e+11
2.694965433186132575e+00 4.164217391692570801e+11
2.705745294918877164e+00 4.177396229074150391e+11
2.716568276098552559e+00 4.062722247392122803e+11
2.727434549202946812e+00 3.884157932037747192e+11
2.738344287399758326e+00 3.821285535670548706e+11
2.749297664549357201e+00 3.768872387154596558e+11
2.760294855207554576e+00 3.758125389585260010e+11
2.771336034628385292e+00 3.645656639403005371e+11
2.782421378766898545e+00 3.550569093618859863e+11
2.793551064281966312e+00 3.543844173072112427e+11
2.804725268539093985e+00 3.428987935997706299e+11
2.815944169613250558e+00 3.326304839345262451e+11
2.827207946291703244e+00 3.415103839738936157e+11
2.838516778076869862e+00 3.278492009660913086e+11
2.849870845189177437e+00 3.235211180336403809e+11
2.861270328569933685e+00 3.275425392485018311e+11
2.872715409884213589e+00 3.208149069010190430e+11
2.884206271523750420e+00 3.178794991560147095e+11
2.895743096609845413e+00 3.202103249964301758e+11
2.907326068996284985e+00 3.019027769297845459e+11
2.918955373272270393e+00 3.039524532924692383e+11
2.930631194765359826e+00 3.032406268833942871e+11
2.942353719544420709e+00 2.927343056976456909e+11
2.954123134422598440e+00 2.954027444313632812e+11
2.965939626960289122e+00 2.880498320075374756e+11
2.977803385468130504e+00 2.921727322800907593e+11
2.989714599010003138e+00 2.819152883109478149e+11
3.001673457406043077e+00 2.824782514123147583e+11
3.013680151235667015e+00 2.808223873007739868e+11
3.025734871840609408e+00 2.699641392353107910e+11
3.037837811327972037e+00 2.799472053035018921e+11
3.049989162573283785e+00 2.685416690218524475e+11
3.062189119223576395e+00 2.747122177020041504e+11
3.074437875700470890e+00 2.668483964975543823e+11
3.086735627203272880e+00 2.645816430413455811e+11
3.099082569712085622e+00 2.654138934129806824e+11
3.111478899990933744e+00 2.581734841721463928e+11
3.123924815590897186e+00 2.609180639450988159e+11
3.136420514853261121e+00 2.572398657502748108e+11
3.148966196912674320e+00 2.555031062898366394e+11
3.161562061700325277e+00 2.559452059402507324e+11
3.174208309947126327e+00 2.495753953290654907e+11
3.186905143186915090e+00 2.565114502375625305e+11
3.199652763759662566e+00 2.426347329278153381e+11
3.212451374814701222e+00 2.535313341824147644e+11
3.225301180313960625e+00 2.468278666907122498e+11
3.238202385035215958e+00 2.455653235134044189e+11
3.251155194575356955e+00 2.467758207391540527e+11
3.264159815353658622e+00 2.452926889315146179e+11
3.277216454615073271e+00 2.420760925119651794e+11
3.290325320433533207e+00 2.411673678917178955e+11
3.303486621715267635e+00 2.420122301396119385e+11
3.316700568202128441e+00 2.370167119755504456e+11
3.329967370474937294e+00 2.418381400393262634e+11
3.343287239956836743e+00 2.336430444826480713e+11
3.356660388916663962e+00 2.355397801150913391e+11
3.370087030472330714e+00 2.352746739961335754e+11
3.383567378594220187e+00 2.318079033788664551e+11
3.397101648108596716e+00 2.319121766732918396e+11
3.410690054701031482e+00 2.294830000360448914e+11
3.424332814919834878e+00 2.296805534409331970e+11
3.438030146179514634e+00 2.267874019261656799e+11
3.451782266764232610e+00 2.274756824489434509e+11
3.465589395831289998e+00 2.264764360321010132e+11
3.479451753414614767e+00 2.241528607799303589e+11
3.493369560428273068e+00 2.196200793203048096e+11
3.507343038669985980e+00 2.239128384633877258e+11
3.521372410824665788e+00 2.171773826276914062e+11
3.535457900467964709e+00 2.180427621651394348e+11
3.549599732069836477e+00 2.163813903363658142e+11
3.563798130998116154e+00 2.148870015165067749e+11
3.578053323522108364e+00 2.138737874402305298e+11
3.592365536816196858e+00 2.126164857262006226e+11
3.606734998963461614e+00 2.107925755685762329e+11
3.621161938959315041e+00 2.084256160719660034e+11
3.635646586715152839e+00 2.073360578651322632e+11
3.650189173062013293e+00 2.061184898177413635e+11
3.664789929754260545e+00 2.052040299520102234e+11
3.679449089473277645e+00 2.026815934264572449e+11
3.694166885831170699e+00 2.013106218604303284e+11
3.708943553374495661e+00 2.017599650347786255e+11
3.723779327587993571e+00 2.003270283130258789e+11
3.738674444898345328e+00 1.966257748694608459e+11
3.753629142677938901e+00 1.981409613675036316e+11
3.768643659248651190e+00 1.948210582020613708e+11
3.783718233885645432e+00 1.958591793319139099e+11
3.798853106821188153e+00 1.930146960385663147e+11
3.814048519248473657e+00 1.922546159504253845e+11
3.829304713325467180e+00 1.869542962953319702e+11
3.844621932178768908e+00 1.876842858534560852e+11
3.860000419907484215e+00 1.872895102325703430e+11
3.875440421587113882e+00 1.840684201604250488e+11
3.890942183273462529e+00 1.816854628131188354e+11
3.906505952006555926e+00 1.800262903632102661e+11
3.922131975814582727e+00 1.781575077089252014e+11
3.937820503717840648e+00 1.755836402660894165e+11
3.953571785732711508e+00 1.715164349352391052e+11
3.969386072875642490e+00 1.695611201114854126e+11
3.985263617167145167e+00 1.646382394976313477e+11
4.001204671635814059e+00 1.628372324574601746e+11
4.017209490322357190e+00 1.613565874424726257e+11
4.033278328283646630e+00 1.572041335274543762e+11
4.049411441596781458e+00 1.529113362699430237e+11
4.065609087363168506e+00 1.510029607911222229e+11
4.081871523712622185e+00 1.448496219817082825e+11
4.098199009807472315e+00 1.455422403226239929e+11
4.114591805846702144e+00 1.421964353544459839e+11
4.131050173070089038e+00 1.398034066639165039e+11
4.147574373762369149e+00 1.396597202364802246e+11
4.164164671257418959e+00 1.343906808743903351e+11
4.180821329942449260e+00 1.339651732976268311e+11
4.197544615262219558e+00 1.322765358686681061e+11
4.214334793723269357e+00 1.287409881195443115e+11
4.231192132898162761e+00 1.292638486397805176e+11
4.248116901429755288e+00 1.224070317702559052e+11
4.265109369035473996e+00 1.206657268862467804e+11
4.282169806511615384e+00 1.198554716793810425e+11
4.299298485737661935e+00 1.147910344025982513e+11
4.316495679680612874e+00 1.147366943346262207e+11
4.333761662399335357e+00 1.121297643036511993e+11
4.351096709048932532e+00 1.084917376450425568e+11
4.368501095885127583e+00 1.059001646809446564e+11
4.385975100268668214e+00 1.042279547263787079e+11
4.403519000669743555e+00 1.008730130036906738e+11
4.421133076672422391e+00 9.863300958859185791e+10
4.438817608979111817e+00 9.654924941569984436e+10
4.456572879415028332e+00 9.602651766317077637e+10
4.474399170932688463e+00 9.214705039677615356e+10
4.492296767616419828e+00 9.189567925969200134e+10
4.510265954686884626e+00 9.148052215074165344e+10
4.528307018505633330e+00 8.798686762414894104e+10
4.546420246579655711e+00 8.804784938898284912e+10
4.564605927565974497e+00 8.533314268785850525e+10
4.582864351276237258e+00 8.660405027765124512e+10
4.601195808681342925e+00 8.340217214085949707e+10
4.619600591916067422e+00 8.310066765411763000e+10
4.638078994283731937e+00 8.227301175682214355e+10
4.656631310260867629e+00 8.095664956495178223e+10
4.675257835501911430e+00 7.871812393155564880e+10
4.693958866843916944e+00 7.925116164969003296e+10
4.712734702311292878e+00 7.730231738643035889e+10
4.731585641120538810e+00 7.666142831836692810e+10
4.750511983685020923e+00 7.621628589305155945e+10
4.769514031619761063e+00 7.388977080912846375e+10
4.788592087746240011e+00 7.297395041320465088e+10
4.807746456097224730e+00 7.246467989836776733e+10
4.826977441921613377e+00 7.161496873999372864e+10
4.846285351689299858e+00 7.095365189092929077e+10
4.865670493096057925e+00 6.943270249673992920e+10
4.885133175068442135e+00 6.844980077037709045e+10
4.904673707768715474e+00 6.782011795871932983e+10
4.924292402599791174e+00 6.674662170227651215e+10
4.943989572210189642e+00 6.521355228768559265e+10
4.963765530499030021e+00 6.383300121661704254e+10
4.983620592621027079e+00 6.431720586514073181e+10
5.003555074991511198e+00 6.287257825737636566e+10
5.023569295291476777e+00 6.100536389576834106e+10
5.043663572472643075e+00 6.247494911124404907e+10
5.063838226762532813e+00 5.977602149152574158e+10
5.084093579669583640e+00 5.923675424917083740e+10
5.104429953988261381e+00 5.879551037242195129e+10
5.124847673804215020e+00 5.769157285809437561e+10
5.145347064499431688e+00 5.737316887779708099e+10
5.165928452757428957e+00 5.555422598263126373e+10
5.186592166568458673e+00 5.591428973838852692e+10
5.207338535234733001e+00 5.422399464627242279e+10
5.228167889375671784e+00 5.437959230598786926e+10
5.249080560933174766e+00 5.254044403411376190e+10
5.270076883176907145e+00 5.237764118466484833e+10
5.291157190709615321e+00 5.174774428115544128e+10
5.312321819472453299e+00 5.109981251410569763e+10
5.333571106750343738e+00 5.063341199577544403e+10
5.354905391177344320e+00 4.903974650720862579e+10
5.376325012742054099e+00 4.931426704382872009e+10
5.397830312793021612e+00 4.794723146608547211e+10
5.419421634044193858e+00 4.635951752646262360e+10
5.441099320580370602e+00 4.687383972125798035e+10
5.462863717862692425e+00 4.581180287788048553e+10
5.484715172734142996e+00 4.547705636817732239e+10
5.506654033425078865e+00 4.548702344444120026e+10
5.528680649558780580e+00 4.317741662259424591e+10
5.550795372157015350e+00 4.306818196598039246e+10
5.572998553645643227e+00 4.251754235092292023e+10
5.595290547860225949e+00 4.296348387228276062e+10
5.617671710051667766e+00 4.144586101150740051e+10
5.640142396891874021e+00 4.153642084046458435e+10
5.662702966479441713e+00 4.076410251092958832e+10
5.685353778345359821e+00 3.954546454889514160e+10
5.708095193458740724e+00 3.968769705691703796e+10
5.730927574232576482e+00 3.837209075604707336e+10
5.753851284529505783e+00 3.927765831081018829e+10
5.776866689667624399e+00 3.778167369235469055e+10
5.799974156426294769e+00 3.801367915807707214e+10
5.823174053051999977e+00 3.679218810107261658e+10
5.846466749264207508e+00 3.632876974118879700e+10
5.869852616261264977e+00 3.646516507393526459e+10
5.893332026726310069e+00 3.564932400320363617e+10
5.916905354833215114e+00 3.564217696482328033e+10
5.940572976252548543e+00 3.474280817937667847e+10
5.964335268157558545e+00 3.467974319449948883e+10
5.988192609230189589e+00 3.397778972671253967e+10
6.012145379667110490e+00 3.407740792565825272e+10
6.036193961185778889e+00 3.265570121852285385e+10
6.060338737030522616e+00 3.289038910268000793e+10
6.084580091978644134e+00 3.320151191527249146e+10
6.108918412346558746e+00 3.182105543372781372e+10
6.133354085995945226e+00 3.252551535503141785e+10
6.157887502339929320e+00 3.178463665737816238e+10
6.182519052349287669e+00 3.096360606560392761e+10
6.207249128558685491e+00 3.092510082767612076e+10
6.232078125072920471e+00 3.068862464206686401e+10
6.257006437573212843e+00 2.985491638482432556e+10
6.282034463323505236e+00 2.949551214276211548e+10
6.307162601176800720e+00 2.925476203045521545e+10
6.332391251581507063e+00 2.882854185811550903e+10
6.357720816587833390e+00 2.820426822907073212e+10
6.383151699854184180e+00 2.752625388795695877e+10
6.408684306653601226e+00 2.681141646860842896e+10
6.434319043880215361e+00 2.649060432925268555e+10
6.460056320055736379e+00 2.527126732756095505e+10
6.485896545335958052e+00 2.389247698442588806e+10
6.511840131517302233e+00 2.408401318716662979e+10
6.537887492043371829e+00 2.318783371400040436e+10
6.564039042011545533e+00 2.243778255099612808e+10
6.590295198179591196e+00 2.168433993016625595e+10
6.616656378972309405e+00 2.148603084010927200e+10
6.643123004488199257e+00 2.061975569996451950e+10
6.669695496506150789e+00 2.055354010126597214e+10
6.696374278492176479e+00 2.013588016843133163e+10
6.723159775606144528e+00 2.046003827867211533e+10
6.750052414708568094e+00 1.990286804504259872e+10
6.777052624367403411e+00 1.911703627608397293e+10
6.804160834864871887e+00 1.923166653789063263e+10
6.831377478204331055e+00 1.880887648174952698e+10
6.858702988117148180e+00 1.888017817283770370e+10
6.886137800069615622e+00 1.844057094691192627e+10
6.913682351269895499e+00 1.810465585094141006e+10
6.941337080674975013e+00 1.811432080120643997e+10
6.969102428997675069e+00 1.790570301038663483e+10
6.996978838713665994e+00 1.767802700031914520e+10
7.024966754068519670e+00 1.751071144805985260e+10
7.053066621084793653e+00 1.718095738115432739e+10
7.081278887569133929e+00 1.688409050050165176e+10
7.109604003119409654e+00 1.631360159090923119e+10
7.138042419131887861e+00 1.653676930890208244e+10
7.166594588808414379e+00 1.639899296973665810e+10
7.195260967163648047e+00 1.609190722436814308e+10
7.224042011032302923e+00 1.589426841979416084e+10
7.252938179076432235e+00 1.566678351492603493e+10
7.281949931792737196e+00 1.556252042947262001e+10
7.311077731519908696e+00 1.529755229452100945e+10
7.340322042445988515e+00 1.498156585014657593e+10
7.369683330615771411e+00 1.476477622936309814e+10
7.399162063938235612e+00 1.495057705580476570e+10
7.428758712193988423e+00 1.429504003349650764e+10
7.458473747042765112e+00 1.442755975119774437e+10
7.488307642030935796e+00 1.417013574191091728e+10
7.518260872599060285e+00 1.377603257021626282e+10
7.548333916089456253e+00 1.395964000635392380e+10
7.578527251753813587e+00 1.347991847762794685e+10
7.608841360760829176e+00 1.300969699341591644e+10
7.639276726203872769e+00 1.318638608480889702e+10
7.669833833108687493e+00 1.279750070866458511e+10
7.700513168441122325e+00 1.280452714087985611e+10
7.731315221114887670e+00 1.256511933250175667e+10
7.762240481999347352e+00 1.226171589319934654e+10
7.793289443927344351e+00 1.226524607233425331e+10
7.824462601703054077e+00 1.224821759581771278e+10
7.855760452109866065e+00 1.191316957896974754e+10
7.887183493918306532e+00 1.145809877682563210e+10
7.918732227893980458e+00 1.152940747158769226e+10
7.950407156805555431e+00 1.140677330876692772e+10
7.982208785432777454e+00 1.095311569055798531e+10
8.014137620574508958e+00 1.111166101641626549e+10
8.046194171056805899e+00 1.077108784093310547e+10
8.078378947741034821e+00 1.063419639824402046e+10
8.110692463531997021e+00 1.038539027182247734e+10
8.143135233386125549e+00 1.039344740909048080e+10
8.175707774319670662e+00 1.027556131740173149e+10
8.208410605416949224e+00 9.899238911341863632e+09
8.241244247838615422e+00 9.984323233638895035e+09
8.274209224829968790e+00 9.600911649353013992e+09
8.307306061729288871e+00 9.644085962706848145e+09
8.340535285976207192e+00 9.331425395961503983e+09
8.373897427120111203e+00 9.146695030393001556e+09
8.407393016828594412e+00 9.232671475154193878e+09
8.441022588895906509e+00 8.943701263900293350e+09
8.474786679251490540e+00 9.025658261909696579e+09
8.508685825968495209e+00 8.748330435969245911e+09
8.542720569272368891e+00 8.695098955964958191e+09
8.576891451549458978e+00 8.483455993241229057e+09
8.611199017355655627e+00 8.509835955584330559e+09
8.645643813425078150e+00 8.438286250960733414e+09
8.680226388678779159e+00 8.220889067253420830e+09
8.714947294233493125e+00 8.138522748113466263e+09
8.749807083410427566e+00 7.832988023389292717e+09
8.784806311744070229e+00 7.932904668474653244e+09
8.819945536991047774e+00 7.808673873149770737e+09
8.855225319139009343e+00 7.673076017633609772e+09
8.890646220415566958e+00 7.702900845364916801e+09
8.926208805297228821e+00 7.603661661091210365e+09
8.961913640518417878e+00 7.335741774648001671e+09
8.997761295080492161e+00 7.386877906752269745e+09
9.033752340260813085e+00 7.310997673575762749e+09
9.069887349621856387e+00 7.202364387571573257e+09
9.106166899020346150e+00 7.086934609656239510e+09
9.142591566616424359e+00 7.021262671497762680e+09
9.179161932882891506e+00 6.958481368913781166e+09
9.215878580614422333e+00 6.791330912023788452e+09
9.252742094936881045e+00 6.651347356082803726e+09
9.289753063316627646e+00 6.623792105103220940e+09
9.326912075569895322e+00 6.504626012303361893e+09
9.364219723872173162e+00 6.557760067370128632e+09
9.401676602767663482e+00 6.324638131232311249e+09
9.439283309178733816e+00 6.249882227464261055e+09
9.477040442415447075e+00 6.242147314938981056e+09
9.514948604185111236e+00 6.116756938159833908e+09
9.553008398601852136e+00 6.134295087233345032e+09
9.591220432196260859e+00 5.933185559566180229e+09
9.629585313925044687e+00 5.818331311348237991e+09
9.668103655180747324e+00 5.778715012922787666e+09
9.706776069801470896e+00 5.677386448888082504e+09
9.745603174080676112e+00 5.658096916533403397e+09
9.784585586776998412e+00 5.594499583370219231e+09
9.823723929124106746e+00 5.450483417483833313e+09
9.863018824840601440e+00 5.394515441055630684e+09
9.902470900139965337e+00 5.141656842218954086e+09
9.942080783740523842e+00 5.240374330478234291e+09
9.981849106875488431e+00 5.118537934323440552e+09
1.002177650330298952e+01 5.091745873813179970e+09
1.006186360931619994e+01 4.970516885370616913e+09
1.010211106375346723e+01 4.856760858407288551e+09
1.014251950800847979e+01 4.835012874561645508e+09
1.018308958604051284e+01 4.825529450140691757e+09
1.022382194438467451e+01 4.679919450939722061e+09
1.026471723216221399e+01 4.634110136533243179e+09
1.030577610109086173e+01 4.523786463879378319e+09
1.034699920549522467e+01 4.437657231116379738e+09
1.038838720231720458e+01 4.418589431387378693e+09
1.042994075112647501e+01 4.323710916956292152e+09
1.047166051413097954e+01 4.262690053842846870e+09
1.051354715618750468e+01 4.197808827637362480e+09
1.055560134481225454e+01 4.125208267666004181e+09
1.059782375019150358e+01 4.021398299752622604e+09
1.064021504519226902e+01 4.018399539779274464e+09
1.068277590537303823e+01 3.984414643644361019e+09
1.072550700899452991e+01 3.844970786164506435e+09
1.076840903703050856e+01 3.776968623533883095e+09
1.081148267317863088e+01 3.752083040983846664e+09
1.085472860387134553e+01 3.779220435826961517e+09
1.089814751828683015e+01 3.590274143118877888e+09
1.094174010835997635e+01 3.570932409151649952e+09
1.098550706879341909e+01 3.468290025810399532e+09
1.102944909706859100e+01 3.439639914096868038e+09
1.107356689345686540e+01 3.413939046292062283e+09
1.111786116103069233e+01 3.332742276076234341e+09
1.116233260567481622e+01 3.290561699731147289e+09
1.120698193609751492e+01 3.206557388886005878e+09
1.125180986384190440e+01 3.183569284066500664e+09
1.129681710329727373e+01 3.123034923873772621e+09
1.134200437171046083e+01 3.103243161945945263e+09
1.138737238919730466e+01 3.047247976991278172e+09
1.143292187875409383e+01 2.977359357186100960e+09
1.147865356626910938e+01 2.956891279603756428e+09
1.152456818053418530e+01 2.891263454826982975e+09
1.157066645325632237e+01 2.832626420890736103e+09
1.161694911906934635e+01 2.798830192335930347e+09
1.166341691554562487e+01 2.776585032706220627e+09
1.171007058320780736e+01 2.704604273788502693e+09
1.175691086554063958e+01 2.634922882074376106e+09
1.180393850900279951e+01 2.622286109234406471e+09
1.185115426303881137e+01 2.571189527209906101e+09
1.189855888009096674e+01 2.568710105864892006e+09
1.194615311561133097e+01 2.517555167100747585e+09
1.199393772807377623e+01 2.481387488240573406e+09
1.204191347898607134e+01 2.442871621496087551e+09
1.209008113290201614e+01 2.415813643105876446e+09
1.213844145743362368e+01 2.349576621766869545e+09
1.218699522326335938e+01 2.341606518879395485e+09
1.223574320415641381e+01 2.278790187214219093e+09
1.228468617697303777e+01 2.287006231656673431e+09
1.233382492168093059e+01 2.207806748636893272e+09
1.238316022136765504e+01 2.205364188965601444e+09
1.243269286225312520e+01 2.105147189451954365e+09
1.248242363370213859e+01 2.133924052993191004e+09
1.253235332823694748e+01 2.073466348849575758e+09
1.258248274154989410e+01 2.067481930833929062e+09
1.263281267251609385e+01 2.036232844453588963e+09
1.268334392320615756e+01 1.980459504397580147e+09
1.273407729889898299e+01 2.009457931517652750e+09
1.278501360809457665e+01 1.907037287942771912e+09
1.283615366252695544e+01 1.878026569678213358e+09
1.288749827717706253e+01 1.904682967257087708e+09
1.293904827028577031e+01 1.816606555981026411e+09
1.299080446336691352e+01 1.835144018851674557e+09
1.304276768122038099e+01 1.782618272761020660e+09
1.309493875194526424e+01 1.779642204484450579e+09
1.314731850695304693e+01 1.727555469639251947e+09
1.319990778098085649e+01 1.699040340790464878e+09
1.325270741210477965e+01 1.676735261636009216e+09
1.330571824175319939e+01 1.649712126318056107e+09
1.335894111472021173e+01 1.623874909000064611e+09
1.341237687917909227e+01 1.612583759163711071e+09
1.346602638669580898e+01 1.556978187154213428e+09
1.351989049224258999e+01 1.574932892306400537e+09
1.357397005421156067e+01 1.522932463686916351e+09
1.362826593442840917e+01 1.510431803558372498e+09
1.368277899816612297e+01 1.496899451105150461e+09
1.373751011415878942e+01 1.448198691247370481e+09
1.379246015461542463e+01 1.460422055407567739e+09
1.384762999523388416e+01 1.406777366616852045e+09
1.390302051521481808e+01 1.426159010365043640e+09
1.395863259727567751e+01 1.385791374900454521e+09
1.401446712766477987e+01 1.349139390649130583e+09
1.407052499617543972e+01 1.360959042976876974e+09
1.412680709616014063e+01 1.291819267046354532e+09
1.418331432454478147e+01 1.268237678343850851e+09
1.424004758184296193e+01 1.281510525800126553e+09
1.429700777217033369e+01 1.272806063369976997e+09
1.435419580325901379e+01 1.229641385434952974e+09
1.441161258647204946e+01 1.225490921318115711e+09
1.446925903681793812e+01 1.181586313391857862e+09
1.452713607296521126e+01 1.185781442108282566e+09
1.458524461725707155e+01 1.171440122550966024e+09
1.464358559572609764e+01 1.124481734958972692e+09
1.470215993810900557e+01 1.107960657145758867e+09
1.476096857786143879e+01 1.128918707149596930e+09
1.482001245217288599e+01 1.096727311219899416e+09
1.487929250198157760e+01 1.072848933372485042e+09
1.493880967198950316e+01 1.057548197209373355e+09
1.499856491067746056e+01 1.043060554084355354e+09
1.505855917032016933e+01 1.038225676607812285e+09
1.511879340700144958e+01 1.014747733407734990e+09
1.517926858062945605e+01 9.907173180708106756e+08
1.523998565495197433e+01 9.938981573971173763e+08
1.530094559757178274e+01 9.586698745506159067e+08
1.536214937996206764e+01 9.499923936055140495e+08
1.542359797748191674e+01 9.376190315353208780e+08
1.548529236939184450e+01 9.277784177131121159e+08
1.554723353886941339e+01 9.019769942167392969e+08
1.560942247302489072e+01 9.101731730384801626e+08
1.567186016291699069e+01 8.856527298999034166e+08
1.573454760356865556e+01 8.684250428341455460e+08
1.579748579398293096e+01 8.638163911335846186e+08
1.586067573715886247e+01 8.441313994594838619e+08
1.592411844010749888e+01 8.442836188566886187e+08
1.598781491386792730e+01 8.043609877971854210e+08
1.605176617352340074e+01 8.070314616149129868e+08
1.611597323821749228e+01 7.822538083548784256e+08
1.618043713117036120e+01 7.739522159558296204e+08
1.624515887969504391e+01 7.566821353713378906e+08
1.631013951521382310e+01 7.690984713854334354e+08
1.637538007327468037e+01 7.602805500060228109e+08
1.644088159356778078e+01 7.477203969766306877e+08
1.650664511994205341e+01 7.203919024078570604e+08
1.657267170042182158e+01 7.025423575226740837e+08
1.663896238722350418e+01 6.904628350906263590e+08
1.670551823677240222e+01 6.906423724823669195e+08
1.677234030971949608e+01 6.933892322160931826e+08
1.683942967095837062e+01 6.686528056853511333e+08
1.690678738964220429e+01 6.585760199675154686e+08
1.697441453920077237e+01 6.618535776546622515e+08
1.704231219735757108e+01 6.621832734558508396e+08
1.711048144614700561e+01 6.230930035528290272e+08
1.717892337193159236e+01 6.231999564174195528e+08
1.724763906541932101e+01 5.989566041283738613e+08
1.731662962168099895e+01 5.955211282740864754e+08
1.738589614016772344e+01 5.901024246431039572e+08
1.745543972472839300e+01 5.921206281140327454e+08
1.752526148362730751e+01 5.786080813726534843e+08
1.759536252956181812e+01 5.643805185346845388e+08
1.766574397968006238e+01 5.534850821735098362e+08
1.773640695559878466e+01 5.479372461092331409e+08
1.780735258342117433e+01 5.457249105128407478e+08
1.787858199375486024e+01 5.393708168136304617e+08
1.795009632172988034e+01 5.219222707196043134e+08
1.802189670701679702e+01 5.238225965009120107e+08
1.809398429384486562e+01 5.124548794479131699e+08
1.816636023102024211e+01 4.878275171635999084e+08
1.823902567194432578e+01 5.048877568289595246e+08
1.831198177463210186e+01 4.934666571153108478e+08
1.838522970173062987e+01 4.813895021931849718e+08
1.845877062053754969e+01 4.825658349660390615e+08
1.853260570301970134e+01 4.547474727306493521e+08
1.860673612583178027e+01 4.482080399367067218e+08
1.868116307033510637e+01 4.512995573230289221e+08
1.875588772261644976e+01 4.423554323124048114e+08
1.883091127350691352e+01 4.434056952770366669e+08
1.890623491860094063e+01 4.302364965156563520e+08
1.898185985827534594e+01 4.227814658571867347e+08
1.905778729770844748e+01 4.297170160855430365e+08
1.913401844689928311e+01 4.244047041021286845e+08
1.921055452068688041e+01 3.947754403526179790e+08
1.928739673876962968e+01 4.047467386929576993e+08
1.936454632572470658e+01 3.948780406656439900e+08
1.944200451102760141e+01 3.778633424975098968e+08
1.951977252907171589e+01 3.903434170291823745e+08
1.959785161918800256e+01 3.687291565810961127e+08
1.967624302566475691e+01 3.687104995122975707e+08
1.991079942767366973e+01 3.558385539473338723e+08
