# Wavelength (micrometer), Flux (W / m2 / m)
1.000553076518779783e-01 9.911077467779441178e+07
1.004555288824854897e-01 9.350409673305962048e-11
1.008573509980154326e-01 1.589676588785863463e-10
1.012607804020075053e-01 1.386154623912373136e-10
1.016658235236155422e-01 2.263135537128859339e-10
1.020724868177099870e-01 1.137653303720528355e-07
1.024807767649808382e-01 1.445639804347877361e-08
1.028906998720407612e-01 7.187613060183665882e-10
1.033022626715289355e-01 1.862212914057999131e-07
1.037154717222150413e-01 6.725384300609651466e-10
1.041303336091038839e-01 6.066717885088862258e-10
1.045468549435403099e-01 6.937653671324153967e-09
1.049650423633144702e-01 1.950288456593335652e-10
1.053849025327677214e-01 1.827270070158630391e-08
1.058064421428987906e-01 4.738677032608221056e-10
1.062296679114703990e-01 2.439318182838648993e-08
1.066545865831162732e-01 1.222030671111661730e-08
1.070812049294487533e-01 3.106113025557471210e-09
1.075095297491665408e-01 4.582247150435543685e-07
1.079395678681632220e-01 4.162244652069507173e-09
1.083713261396358624e-01 1.849103362714690111e-07
1.088048114441943909e-01 6.160830729366552220e-08
1.092400306899711654e-01 2.709254005197613848e-05
1.096769908127310511e-01 1.084504977577825394e-07
1.101156987759819850e-01 1.526536758648231511e-07
1.105561615710859147e-01 1.330190960364289532e-05
1.109983862173702651e-01 2.438789354849733687e-06
1.114423797622397516e-01 4.837433965027824519e-07
1.118881492812886930e-01 9.861578867611960498e-08
1.123357018784138517e-01 6.225037551080959474e-07
1.127850446859275102e-01 5.002949053202781398e-04
1.132361848646712132e-01 2.696039896951064538e-04
1.136891296041298988e-01 1.629916587382352906e-04
1.141438861225464035e-01 1.945558394463770306e-04
1.146004616670366072e-01 1.207466623873352748e-04
1.150588635137047705e-01 1.241430047829949980e-04
1.155190989677595953e-01 6.162860999341680790e-05
1.159811753636306314e-01 2.240524137905030850e-04
1.164451000650851553e-01 3.783373650639840539e-05
1.169108804653455069e-01 4.090030415957438990e-05
1.173785239872068981e-01 3.192725488900169362e-04
1.178480380831557206e-01 1.455525752649181742e-03
1.183194302354883543e-01 5.617127293504349918e-04
1.187927079564302935e-01 1.970145466584911735e-04
1.192678787882560099e-01 6.401654039660522807e-04
1.197449503034090645e-01 1.171002479620386139e-03
1.202239301046226783e-01 4.897214610881207240e-05
1.207048258250411760e-01 6.017932615590463295e-04
1.211876451283413342e-01 2.145983711397510740e-04
1.216723957088547137e-01 4.385152259223101551e-05
1.221590852916901310e-01 2.485747801435412348e-04
1.226477216328568792e-01 4.287849955564216231e-04
1.231383125193883099e-01 1.647757098568878502e-04
1.236308657694658586e-01 1.602201392523608435e-04
1.241253892325437369e-01 6.737468779712435822e-05
1.246218907894739159e-01 7.596939542985470370e-05
1.251203783526317892e-01 9.143850680746792837e-05
1.256208598660423226e-01 1.907884005770307508e-04
1.261233433055065078e-01 2.732767852940443955e-04
1.266278366787285392e-01 1.119621559714277523e-05
1.271343480254434610e-01 4.115281382927761912e-04
1.276428854175452321e-01 5.137578724027789178e-04
1.281534569592154005e-01 2.068627731620626854e-05
1.286660707870522780e-01 6.618994690263957652e-05
1.291807350702004475e-01 8.770823028272442404e-04
1.296974580104812425e-01 3.155418611066921025e-04
1.302162478425231973e-01 1.645385210564759228e-04
1.307371128338932764e-01 6.661089127045554878e-04
1.312600612852288795e-01 3.438591980621794118e-04
1.317851015303697915e-01 8.980566843330123989e-04
1.323122419364912705e-01 3.266009245128587406e-03
1.328414909042372472e-01 2.276654708271641341e-03
1.333728568678542170e-01 1.842163158488843103e-03
1.339063482953256612e-01 5.371102877250300391e-04
1.344419736885069383e-01 1.684369306389005977e-03
1.349797415832609815e-01 5.888428895005786735e-03
1.355196605495940232e-01 4.574892868138925872e-03
1.360617391917924301e-01 1.075673064463086512e-02
1.366059861485595939e-01 2.920074123493701743e-03
1.371524100931538481e-01 8.447434237818462165e-04
1.377010197335264696e-01 2.901979700329324324e-03
1.382518238124605670e-01 2.342748169930969696e-02
1.388048311077104136e-01 1.493132676537452762e-02
1.393600504321412248e-01 3.806523325131002874e-03
1.399174906338697677e-01 2.432146453069973513e-03
1.404771605964052761e-01 3.543969409880286248e-02
1.410390692387908651e-01 1.030901722204617503e-02
1.416032255157460562e-01 9.648533343453652433e-02
1.421696384178090522e-01 1.617568731892117442e-03
1.427383169714803168e-01 2.811112845418062278e-02
1.433092702393662099e-01 8.711125513331898773e-01
1.438825073203236771e-01 9.951693612500911446e-02
1.444580373496049674e-01 5.008098524712664146e-01
1.450358694990033503e-01 1.028505203112536348e-01
1.456160129769993872e-01 1.128662859926073514e+00
1.461984770289073976e-01 1.073289252038365227e+00
1.467832709370230082e-01 2.968747102297766838e-01
1.473704040207710897e-01 1.018981406906864784e+00
1.479598856368541382e-01 3.755652041036756233e-02
1.485517251794015725e-01 5.392480401835972881e-01
1.491459320801191979e-01 1.659453699580848207e+00
1.497425158084396690e-01 3.855877394756045962e-01
1.503414858716734248e-01 8.031364263111333557e+00
1.509428518151600951e-01 1.009714654510520448e+00
1.515466232224207677e-01 1.291979801720237186e-01
1.521528097153104220e-01 4.660728047591139456e-01
1.527614209541716672e-01 3.951298384595431507e-02
1.533724666379883694e-01 3.578238273556188370e-02
1.539859565045403056e-01 6.174479941336977196e-02
1.546019003305584838e-01 1.085784953347646497e-03
1.552203079318807133e-01 4.525118543809619580e-03
1.558411891636082569e-01 2.841724864404460670e-03
1.564645539202626778e-01 1.633750848513438117e-03
1.570904121359437411e-01 1.634142511743003545e-03
1.577187737844875093e-01 6.983241986285106161e-04
1.583496488796254653e-01 1.818176686424768495e-03
1.589830474751439959e-01 5.455037637167931518e-03
1.596189796650445414e-01 1.016295771138310718e-03
1.602574555837047166e-01 1.263376701483353258e-03
1.608984854060395708e-01 2.878220848939557017e-03
1.615420793476636807e-01 2.115519837903930434e-03
1.621882476650543525e-01 2.359304175860925216e-03
1.628370006557145755e-01 2.245791425244634664e-03
1.634883486583374457e-01 3.213771490131658165e-03
1.641423020529707844e-01 4.017582787673071310e-03
1.647988712611826723e-01 4.929598857801902739e-03
1.654580667462274002e-01 2.164698074190605972e-03
1.661198990132123077e-01 8.543305639429794873e-03
1.667843786092651215e-01 8.988884362982412293e-03
1.674515161237022098e-01 1.502181144541492146e-02
1.681213221881969755e-01 4.328336587406259039e-02
1.687938074769497754e-01 2.346148862474748201e-02
1.694689827068575905e-01 1.582040448295121693e-01
1.701468586376850278e-01 1.068945226402875370e-01
1.708274460722357391e-01 1.351818963915970284e-01
1.715107558565246715e-01 1.747040630177184029e-01
1.721967988799507909e-01 1.657319034162598181e-01
1.728855860754705820e-01 2.795334460537404198e-01
1.735771284197724640e-01 1.652333578355657528e-01
1.742714369334515678e-01 1.241302184147278914e-01
1.749685226811853456e-01 6.513141953715974042e-01
1.756683967719100681e-01 2.532219853548628996e-01
1.763710703589977391e-01 1.151440255814909941e+00
1.770765546404337309e-01 1.538076210250119313e+00
1.777848608589954471e-01 3.493775027082315354e-01
1.784960003024314568e-01 2.229897951432684877e+00
1.792099843036411844e-01 1.669348678145284648e+00
1.799268242408557650e-01 1.899161760877275285e+00
1.806465315378191772e-01 5.425323800786091333e+00
1.813691176639704306e-01 8.694238164790618617e-01
1.820945941346263086e-01 3.660320282021959581e+00
1.828229725111648329e-01 1.013767631673057501e+01
1.835542644012094771e-01 6.187776187011004847e-01
1.842884814588143239e-01 5.841070342401260440e+00
1.850256353846495561e-01 2.162096232074715019e+01
1.857657379261881403e-01 2.512526738292309325e+00
1.865088008778928996e-01 2.292989428107318872e+01
1.872548360814044743e-01 1.451033931179301639e+01
1.880038554257300876e-01 3.660571926556533739e+00
1.887558708474330049e-01 3.218720329238424682e+01
1.895108943308226879e-01 1.507052863471123061e+01
1.902689379081460019e-01 7.897228750837017586e+00
1.910300136597785636e-01 6.519754784786873358e+01
1.917941337144176972e-01 2.390762841999259436e+01
1.925613102492753359e-01 3.623727355240030334e+01
1.933315554902724498e-01 1.161106511586534253e+02
1.941048817122335568e-01 6.370361697860224126e+01
1.948813012390824828e-01 6.308286105200295424e+01
1.956608264440388156e-01 2.472577917736900872e+02
1.964434697498149418e-01 6.571670526568593118e+01
1.972292436288141937e-01 1.405309169368657933e+02
1.980181606033294406e-01 2.735303277615867046e+02
1.988102332457427346e-01 1.511301531191827507e+02
1.996054741787257336e-01 1.354812481017654875e+02
2.004038960754406518e-01 1.755924876542164270e+02
2.012055116597424309e-01 1.794422104285566490e+02
2.020103337063813842e-01 2.105461009184221552e+02
2.028183750412069219e-01 2.422627552868945031e+02
2.036296485413717494e-01 1.555281723776849958e+02
2.044441671355372303e-01 1.348772115609441187e+02
2.052619438040793887e-01 2.118547099757977890e+02
2.060829915792957157e-01 1.685813739421713251e+02
2.069073235456129201e-01 1.600994193076229521e+02
2.077349528397953449e-01 1.745001237105316250e+02
2.085658926511545219e-01 2.268875033906853957e+02
2.094001562217591150e-01 2.246123325931629608e+02
2.102377568466461677e-01 2.224180492576241193e+02
2.110787078740327671e-01 1.482575161799384773e+02
2.119230227055288740e-01 2.173161612149328619e+02
2.127707147963510126e-01 2.464037863967856765e+02
2.136217976555363773e-01 2.981598298537120399e+02
2.144762848461585492e-01 1.418148863214807704e+02
2.153341899855431840e-01 2.767983910241766239e+02
2.161955267454853669e-01 4.141095011458849626e+02
2.170603088524672986e-01 4.924635372147513976e+02
2.179285500878772042e-01 2.779258418374533903e+02
2.188002642882286852e-01 3.204723996929929513e+02
2.196754653453815986e-01 6.488311817738625678e+02
2.205541672067631020e-01 4.927051850909527957e+02
2.214363838755901703e-01 1.377672708857859561e+03
2.223221294110925284e-01 4.545868839936360359e+02
2.232114179287369160e-01 2.835754795564125743e+03
2.241042636004518529e-01 1.389581532924626117e+03
2.250006806548536520e-01 5.027410897508575545e+03
2.259006833774730438e-01 2.167292161957107965e+03
2.268042861109829667e-01 3.902423616017546465e+03
2.277115032554268836e-01 5.191087465747908936e+03
2.286223492684485714e-01 5.399962405516640501e+03
2.295368386655223802e-01 1.576534779080660337e+04
2.304549860201844658e-01 2.429377929763869361e+03
2.313768059642651864e-01 1.167548083206093179e+04
2.323023131881222503e-01 9.712191387503375154e+03
2.332315224408747223e-01 1.918833844205864079e+04
2.341644485306381973e-01 2.548061301863107292e+04
2.351011063247607502e-01 4.371636617833532000e+03
2.360415107500598020e-01 3.015319044606533862e+04
2.369856767930600405e-01 4.183499605500607686e+03
2.379336195002322851e-01 3.655771770926335012e+04
2.388853539782332114e-01 2.628709816791886260e+04
2.398408953941461863e-01 1.050848835158407164e+05
2.408002589757227141e-01 1.238074549836357328e+05
2.417634600116256582e-01 2.639006531339876892e+04
2.427305138516721306e-01 2.018845383629465650e+05
2.437014359070788505e-01 1.309486039898736781e+05
2.446762416507071713e-01 4.987356588653915678e+05
2.456549466173099938e-01 1.767268966313610435e+05
2.466375664037792625e-01 3.076006418435871019e+05
2.476241166693943785e-01 4.116266222861647839e+05
2.486146131360719436e-01 3.363607175677893974e+04
2.496090715886161993e-01 3.963013654015983921e+05
2.506075078749706586e-01 2.327063013729055237e+05
2.516099379064705155e-01 4.285751234754666802e+05
2.526163776580964138e-01 5.322940021738746436e+05
2.536268431687287994e-01 4.591968252334844321e+06
2.546413505414037437e-01 5.592651002360089682e+06
2.556599159435693491e-01 2.056220025006648852e+06
2.566825556073435988e-01 1.551330019632198149e+06
2.577092858297729827e-01 1.807449175942313625e+06
2.587401229730920682e-01 1.057054035562254488e+06
2.597750834649844576e-01 2.243083758365143556e+06
2.608141837988444123e-01 1.981748980952890124e+06
2.618574405340398092e-01 7.199626025286906399e+06
2.629048702961759298e-01 1.926150166200619563e+07
2.639564897773606367e-01 1.909520279196784645e+07
2.650123157364701054e-01 1.848669281272399053e+07
2.660723649994159445e-01 1.278694190817502700e+07
2.671366544594135917e-01 1.436858278342140280e+07
2.682052010772512096e-01 1.691728855362286419e+07
2.692780218815602478e-01 1.051520318147514574e+07
2.703551339690865030e-01 2.410007586185215786e+07
2.714365545049627904e-01 1.772801306923605502e+07
2.725223007229827243e-01 1.565194988785784505e+07
2.736123899258746106e-01 2.264562050719213486e+07
2.747068394855781692e-01 3.096006695773041993e+07
2.758056668435204806e-01 4.612119807672393322e+07
2.769088895108945403e-01 1.073861644015188515e+08
2.780165250689380918e-01 8.375892401256519556e+07
2.791285911692138466e-01 1.120052347709150761e+08
2.802451055338907038e-01 9.084930685167832673e+07
2.813660859560263017e-01 7.646575380677524209e+07
2.824915502998503469e-01 5.929802434635520726e+07
2.836215165010497197e-01 4.220439960544308275e+07
2.847560025670539119e-01 8.916755731275219470e+06
2.858950265773221866e-01 1.731556052149166912e+07
2.870386066836315142e-01 6.917979451908966899e+07
2.881867611103660631e-01 1.668400894501783550e+08
2.893395081548075787e-01 2.897197662395966649e+08
2.904968661874267610e-01 3.777863836508585215e+08
2.916588536521764197e-01 4.989871454014044404e+08
2.928254890667851273e-01 4.744838597729782462e+08
2.939967910230522619e-01 4.708945378811224699e+08
2.951727781871444911e-01 3.443016755640227199e+08
2.963534692998930908e-01 3.957821944811881781e+08
2.975388831770926501e-01 4.123241719949685931e+08
2.987290387098009981e-01 6.244827072534266710e+08
2.999239548646402409e-01 4.959205576285089850e+08
3.011236506840988536e-01 1.035386714899330974e+09
3.023281452868351593e-01 4.115865409487555623e+08
3.035374578679824742e-01 1.470311398514050245e+09
3.047516076994544187e-01 1.326924093691592455e+09
3.059706141302522830e-01 1.685146243811719656e+09
3.071944965867733357e-01 3.236115742118330479e+09
3.084232745731204095e-01 4.287677592011530399e+09
3.096569676714128194e-01 3.855893464862265587e+09
3.108955955420985018e-01 5.663634176006347656e+09
3.121391779242668751e-01 6.306939595495383263e+09
3.133877346359639215e-01 7.718598580465296745e+09
3.146412855745078230e-01 9.769262848206773758e+09
3.158998507168058190e-01 9.558925585371107101e+09
3.171634501196730627e-01 1.452549929513422012e+10
3.184321039201517545e-01 1.124535873464389420e+10
3.197058323358323295e-01 9.363406579739259720e+09
3.209846556651756444e-01 1.460513484728946686e+10
3.222685942878363852e-01 1.723546220061902618e+10
3.235576686649877520e-01 1.615160218105382538e+10
3.248518993396476984e-01 2.185899470733127594e+10
3.261513069370062801e-01 2.421996329217673492e+10
3.274559121647543369e-01 2.806185366282043457e+10
3.287657358134133401e-01 3.052546140319807053e+10
3.300807987566670154e-01 2.369319518508126831e+10
3.314011219516936890e-01 4.127651501019541168e+10
3.327267264395004642e-01 4.283663564320899963e+10
3.340576333452584534e-01 4.982811413963082123e+10
3.353938638786395088e-01 4.593686092698345184e+10
3.367354393341540630e-01 4.421070219803742218e+10
3.380823810914907468e-01 4.924314501976731873e+10
3.394347106158566718e-01 5.870986368769190216e+10
3.407924494583201014e-01 5.750496309744255829e+10
3.421556192561533982e-01 5.407912542078726196e+10
3.435242417331779707e-01 3.095828967990921402e+10
3.448983387001106626e-01 3.648732630335692596e+10
3.462779320549111417e-01 4.382452679892929077e+10
3.476630437831307319e-01 3.436999266995409393e+10
3.490536959582632992e-01 3.739930825942755127e+10
3.504499107420963600e-01 8.058150062621534729e+10
3.518517103850647421e-01 6.915057498726075745e+10
3.532591172266050239e-01 9.540396793758610535e+10
3.546721536955114717e-01 1.176013928610735016e+11
3.560908423102934761e-01 5.963489435883881378e+10
3.575152056795346533e-01 3.779601875375693512e+10
3.589452665022527800e-01 7.258474641272773743e+10
3.603810475682617254e-01 9.960389060576631165e+10
3.618225717585348278e-01 8.027680383213255310e+10
3.632698620455689364e-01 8.528619582599217224e+10
3.647229414937512293e-01 7.516293564540472412e+10
3.661818332597261971e-01 1.491517082627173462e+11
3.676465605927651259e-01 1.014663738241914215e+11
3.691171468351361895e-01 1.146997276272467041e+11
3.705936154224767076e-01 5.909877985070388794e+10
3.720759898841666247e-01 2.346776869416692352e+10
3.735642938437032656e-01 2.281050041735119247e+10
3.750585510190780902e-01 3.109737295810551834e+10
3.765587852231543908e-01 8.197922820167935181e+10
3.780650203640470441e-01 1.810061527545667725e+11
3.795772804455032068e-01 1.122607220310424347e+11
3.810955895672852312e-01 1.323742738744314728e+11
3.826199719255543585e-01 4.805181365122419739e+10
3.841504518132565771e-01 9.190529989383264160e+10
3.856870536205096456e-01 4.015419807886108398e+10
3.872298018349916715e-01 8.411519971736021423e+10
3.887787210423316320e-01 7.273544236732304382e+10
3.903338359265008939e-01 1.028052797789247742e+11
3.918951712702069545e-01 1.218639836353728485e+11
3.934627519552877928e-01 1.027909099410482483e+11
3.950366029631089404e-01 2.070599932152755127e+11
3.966167493749613859e-01 1.686095233682833252e+11
3.982032163724612550e-01 2.807823311458860474e+11
3.997960292379510450e-01 3.026707798549114380e+11
4.013952133549028578e-01 3.615345194552220459e+11
4.030007942083224659e-01 4.171807282731450806e+11
4.046127973851557647e-01 3.056099804482153320e+11
4.062312485746963908e-01 3.208186192078550415e+11
4.078561735689951728e-01 3.579832783891401978e+11
4.094875982632711353e-01 3.836552716764518433e+11
4.111255486563242245e-01 4.335716078412278442e+11
4.127700508509495880e-01 3.755429745004761963e+11
4.144211310543532978e-01 3.272063043638051147e+11
4.160788155785707931e-01 3.532465918652590332e+11
4.177431308408850463e-01 2.575027138682852783e+11
4.194141033642486138e-01 1.808661899360926208e+11
4.210917597777056320e-01 8.888632241569290161e+10
4.227761268168164221e-01 1.759239256874007034e+10
4.244672313240837602e-01 9.891420364348783875e+10
4.261651002493800910e-01 1.746998888703454895e+11
4.278697606503775730e-01 2.289903732993525391e+11
4.295812396929790666e-01 2.281218648540720825e+11
4.312995646517510107e-01 2.747678973969631348e+11
4.330247629103580187e-01 3.487765947697583008e+11
4.347568619619994745e-01 4.206764210194387817e+11
4.364958894098474596e-01 3.809037109760499878e+11
4.382418729674867897e-01 3.047481111093729248e+11
4.399948404593567730e-01 3.735168662979898071e+11
4.417548198211941890e-01 4.220320848403435669e+11
4.435218391004789873e-01 3.230373433415948486e+11
4.452959264568808750e-01 3.424868542435129395e+11
4.470771101627084021e-01 3.850435188109381714e+11
4.488654186033592119e-01 4.174371846445656738e+11
4.506608802777726241e-01 4.419122147910151978e+11
4.524635237988837710e-01 4.417752271797126465e+11
4.542733778940792333e-01 4.479829297910588989e+11
4.560904714056555065e-01 4.634463007950283813e+11
4.579148332912781894e-01 5.083868404360466919e+11
4.597464926244433370e-01 3.600502411472998047e+11
4.615854785949410899e-01 5.055011688928506470e+11
4.634318205093208576e-01 3.634669996130716553e+11
4.652855477913582227e-01 4.505201465907443848e+11
4.671466899825236219e-01 4.512380841635113525e+11
4.690152767424536906e-01 4.894891220240239868e+11
4.708913378494234969e-01 5.601718512605791016e+11
4.727749032008212171e-01 5.219819907097320557e+11
4.746660028136244769e-01 5.886555397604720459e+11
4.765646668248789131e-01 3.868552996589412231e+11
4.784709254921784560e-01 3.177199242097432251e+11
4.803848091941470555e-01 4.063017432969430542e+11
4.823063484309236815e-01 4.366601288932092896e+11
4.842355738246474361e-01 5.231421499099145508e+11
4.861725161199459966e-01 5.184687975858146973e+11
4.881172061844257226e-01 6.514494314293223877e+11
4.900696750091634302e-01 5.747324934332429199e+11
4.920299537092001074e-01 7.062846877293630371e+11
4.939980735240369625e-01 8.551776666667467041e+11
4.959740658181330253e-01 5.562572656185128174e+11
4.979579620814056362e-01 6.908473626075966797e+11
4.999497939297311566e-01 5.946227298205423584e+11
5.019495931054501758e-01 5.499419787998647461e+11
5.039573914778719965e-01 6.889717686732963867e+11
5.059732210437835054e-01 5.220914528326439209e+11
5.079971139279585435e-01 5.637665464325142822e+11
5.100291023836703852e-01 5.171464070728356323e+11
5.120692187932051054e-01 5.446080142975618896e+11
5.141174956683780550e-01 5.500797667359603271e+11
5.161739656510514473e-01 4.624793958944557495e+11
5.182386615136556074e-01 3.162133702407482910e+11
5.203116161597103329e-01 4.664618632774211426e+11
5.223928626243490303e-01 7.498936020665158691e+11
5.244824340748465152e-01 6.735214325036530762e+11
5.265803638111459239e-01 5.837652292494971924e+11
5.286866852663905103e-01 6.621211622048513184e+11
5.308014320074561088e-01 6.771355922693391113e+11
5.329246377354859288e-01 5.804497091435560303e+11
5.350563362864277916e-01 6.299878525528544922e+11
5.371965616315735881e-01 5.189350917971843262e+11
5.393453478780998456e-01 5.544350360520668945e+11
5.415027292696121819e-01 5.433496442260061035e+11
5.436687401866906466e-01 5.059428197010160522e+11
5.458434151474373941e-01 3.694211706316275635e+11
5.480267888080271321e-01 4.672931607409133911e+11
5.502188959632591247e-01 4.384164935524265747e+11
5.524197715471121928e-01 4.792341154524249878e+11
5.546294506333006025e-01 5.312401985369717407e+11
5.568479684358338400e-01 4.997833942882548828e+11
5.590753603095770519e-01 4.279217430305430298e+11
5.613116617508153716e-01 3.341329722700516357e+11
5.635569083978186899e-01 2.602752579040113831e+11
5.658111360314097560e-01 3.268237200735580444e+11
5.680743805755354980e-01 2.828706646714316406e+11
5.703466780978375672e-01 3.422539024951462402e+11
5.726280648102289872e-01 3.609723503079848022e+11
5.749185770694699160e-01 4.173482504002609863e+11
5.772182513777477375e-01 3.775653054777538452e+11
5.795271243832587071e-01 4.695995071654118042e+11
5.818452328807918184e-01 4.712130622921785889e+11
5.841726138123150003e-01 4.312437583788192139e+11
5.865093042675643131e-01 2.858702730108987427e+11
5.888553414846344758e-01 1.136728857726181793e+11
5.912107628505729462e-01 1.645159667547153931e+11
5.935756059019753339e-01 2.196563232872932434e+11
5.959499083255832552e-01 2.131832254069017029e+11
5.983337079588855190e-01 2.642986489050271912e+11
6.007270427907210886e-01 3.029277467033744507e+11
6.031299509618840426e-01 3.710381762222744141e+11
6.055424707657315331e-01 4.629821976401040649e+11
6.079646406487945187e-01 5.576970432448240967e+11
6.103964992113897203e-01 6.505414488283103027e+11
6.128380852082353503e-01 7.367638484644949951e+11
6.152894375490681744e-01 6.228823914827165527e+11
6.177505952992645710e-01 3.887111079244146729e+11
6.202215976804615893e-01 3.089239634841252441e+11
6.227024840711834486e-01 2.087099126204813843e+11
6.251932940074681477e-01 2.702928798469937134e+11
6.276940671834980723e-01 3.159906077318052368e+11
6.302048434522321552e-01 4.114078538918007202e+11
6.327256628260409244e-01 5.356088938088976440e+11
6.352565654773452142e-01 6.094474042636667480e+11
6.377975917392545435e-01 5.930822754884945068e+11
6.403487821062116003e-01 8.396607595033753662e+11
6.429101772346363930e-01 9.267570396723660889e+11
6.454818179435749537e-01 1.061309900087892700e+12
6.480637452153492628e-01 1.116917092994150391e+12
6.506560001962106154e-01 1.184340881079215576e+12
6.532586241969955410e-01 1.349885262642242432e+12
6.558716586937833881e-01 1.013072487484987061e+12
6.584951453285585732e-01 9.128982817682640381e+11
6.611291259098727169e-01 7.816668450265616455e+11
6.637736424135122215e-01 6.382584998135151367e+11
6.664287369831662922e-01 5.790144120058087158e+11
6.690944519310989547e-01 5.306853096780343628e+11
6.717708297388232941e-01 5.320713870113022461e+11
6.744579130577786907e-01 5.666860418684251709e+11
6.771557447100098326e-01 7.084572401955512695e+11
6.798643676888498355e-01 6.652034309793122559e+11
6.825838251596052508e-01 7.124881753854819336e+11
6.853141604602436265e-01 6.699468439748847656e+11
6.880554171020846210e-01 6.635889821824610596e+11
6.908076387704928933e-01 7.667514286570560303e+11
6.935708693255748791e-01 9.291663342698615723e+11
6.963451528028771209e-01 1.175171471197099609e+12
6.991305334140887062e-01 1.338405000893448730e+12
7.019270555477450380e-01 1.479627058803539551e+12
7.047347637699360456e-01 1.884531715862014648e+12
7.075537028250157290e-01 1.555040909528096436e+12
7.103839176363159202e-01 1.283973578921104004e+12
7.132254533068611568e-01 1.113950085919930908e+12
7.160783551200886610e-01 1.211105461466516846e+12
7.189426685405689854e-01 1.305330521316041016e+12
7.218184392147313222e-01 1.254068679518032959e+12
7.247057129715901436e-01 1.482115858796386475e+12
7.276045358234763949e-01 1.651551798671850586e+12
7.305149539667704639e-01 1.931339364463763672e+12
7.334370137826373703e-01 2.212306218890377930e+12
7.363707618377679509e-01 2.391155883845419922e+12
7.393162448851190449e-01 2.543590477211683594e+12
7.422735098646596752e-01 2.591382982724560547e+12
7.452426039041182282e-01 2.596287952828760254e+12
7.482235743197346300e-01 2.701635220335187988e+12
7.512164686170136330e-01 2.715612823263623535e+12
7.542213344914817652e-01 2.834411648714077148e+12
7.572382198294477229e-01 2.835039610929922852e+12
7.602671727087656484e-01 2.527020875164109375e+12
7.633082413996006288e-01 2.456281820949481445e+12
7.663614743651989691e-01 1.573560083975004883e+12
7.694269202626597970e-01 1.689881849324966553e+12
7.725046279437104424e-01 2.012688904111363281e+12
7.755946464554852593e-01 1.942350761407163086e+12
7.786970250413072225e-01 1.968392054610760010e+12
7.818118131414724115e-01 2.160961650837389160e+12
7.849390603940383793e-01 1.834146241750529541e+12
7.880788166356144098e-01 2.073366209677813965e+12
7.912311319021569922e-01 1.989028714261451904e+12
7.943960564297655180e-01 2.196402114717119385e+12
7.975736406554845281e-01 2.291914877728717285e+12
8.007639352181065151e-01 2.482073389793644531e+12
8.039669909589789443e-01 2.668511395847454590e+12
8.071828589228148276e-01 2.911390690259042969e+12
8.104115903585061842e-01 3.069812096809065430e+12
8.136532367199402760e-01 3.308690524737081543e+12
8.169078496668199518e-01 3.257421116080655273e+12
8.201754810654874328e-01 2.654851290533937500e+12
8.234561829897493190e-01 3.124586292251518555e+12
8.267500077217083687e-01 3.093348352190383789e+12
8.300570077525952772e-01 2.818991132035946289e+12
8.333772357836056743e-01 2.988397773228970215e+12
8.367107447267401188e-01 2.872654631923204590e+12
8.400575877056470908e-01 2.958056980875363281e+12
8.434178180564695371e-01 2.535840340911900391e+12
8.467914893286955236e-01 1.987546140632708008e+12
8.501786552860102208e-01 2.148036828871289062e+12
8.535793699071543283e-01 2.217754368899582520e+12
8.569936873867830540e-01 2.446600176447186523e+12
8.604216621363300899e-01 2.667107591259962402e+12
8.638633487848753623e-01 2.893570493924519531e+12
8.673188021800150027e-01 3.052133226972261719e+12
8.707880773887352044e-01 3.083768123621771973e+12
8.742712296982900755e-01 3.223108145707678711e+12
8.777683146170831563e-01 3.445392110526775391e+12
8.812793878755513788e-01 3.541100283962898926e+12
8.848045054270535781e-01 3.589377351255676758e+12
8.883437234487617795e-01 2.939484072123929688e+12
8.918970983425568155e-01 3.388464720368603516e+12
8.954646867359271623e-01 2.987974389356685059e+12
8.990465454828707736e-01 3.265840576844828125e+12
9.026427316648023558e-01 3.191451798447171875e+12
9.062533025914615292e-01 3.210103664073957520e+12
9.098783158018273198e-01 3.389830487781034668e+12
9.135178290650346478e-01 3.488149732551572266e+12
9.171719003812948134e-01 3.627395096850385254e+12
9.208405879828199803e-01 3.730849572464987793e+12
9.245239503347512100e-01 3.705955459313445801e+12
9.282220461360901620e-01 3.706746137094124512e+12
9.319349343206346781e-01 3.621109464534409180e+12
9.356626740579171431e-01 3.648876115385128418e+12
9.394053247541488405e-01 3.607586110871491211e+12
9.431629460531654185e-01 3.704037818531100586e+12
9.469355978373780180e-01 3.802995182807960938e+12
9.507233402287275092e-01 3.845953851622377441e+12
9.545262335896426142e-01 3.878586373797847656e+12
9.583443385240012491e-01 3.861794813962987793e+12
9.621777158780971950e-01 3.886199316419205078e+12
9.660264267416096562e-01 3.889224371356940918e+12
9.698905324485760371e-01 3.941815188937159668e+12
9.737700945783701600e-01 3.610473221550868652e+12
9.776651749566835914e-01 3.592539410261799805e+12
9.815758356565105203e-01 3.573490306788933105e+12
9.855021389991363012e-01 3.514785558382597168e+12
9.894441475551331022e-01 3.391525189795714844e+12
9.934019241453534432e-01 2.985436985166023926e+12
9.973755318419349480e-01 3.233929909861768555e+12
1.001365033969302543e+00 3.282363077911777344e+12
1.005370494105179757e+00 3.244969547562118652e+12
1.009391976081600362e+00 3.367181422298871094e+12
1.013429543985926884e+00 3.464032358534533203e+12
1.017483262161870350e+00 3.479715788942790039e+12
1.021553195210518128e+00 3.554450895233593262e+12
1.025639407991360219e+00 3.458800244872851562e+12
1.029741965623325539e+00 3.438550562170084961e+12
1.033860933485818867e+00 3.486365471434230469e+12
1.037996377219762012e+00 3.632066012494828125e+12
1.042148362728641198e+00 3.616406501266782227e+12
1.046316956179555557e+00 3.739862473629023926e+12
1.050502224004274066e+00 3.738935358954687988e+12
1.054704232900291139e+00 3.798458729426196777e+12
1.058923049831892227e+00 3.772097640367135254e+12
1.063158742031219628e+00 3.764873087819494141e+12
1.067411376999344741e+00 3.695891305894850098e+12
1.071681022507342096e+00 3.699298729835967773e+12
1.075967746597371377e+00 3.773579103270756348e+12
1.080271617583760779e+00 3.735394458279534180e+12
1.084592704054095913e+00 3.792667077462426758e+12
1.088931074870312044e+00 3.742542254971698242e+12
1.093286799169793433e+00 3.739092305005639160e+12
1.097659946366472461e+00 3.663115367226242676e+12
1.102050586151938294e+00 3.650973728897679199e+12
1.106458788496546219e+00 3.564245444722892578e+12
1.110884623650532532e+00 3.543460465644914062e+12
1.115328162145134749e+00 3.615698452036044434e+12
1.119789474793714934e+00 3.588516753315813477e+12
1.124268632692889902e+00 3.639282628125752441e+12
1.128765707223661430e+00 3.632134243520211914e+12
1.133280770052556230e+00 3.616418201806132812e+12
1.137813893132766374e+00 3.332800843105638184e+12
1.142365148705297484e+00 3.351614098627983398e+12
1.146934609300118479e+00 3.629752560148451172e+12
1.151522347737319096e+00 3.681201437905060059e+12
1.156128437128268516e+00 3.638265509432765137e+12
1.160752950876781542e+00 3.613988203559015625e+12
1.165395962680288999e+00 3.654355162884634766e+12
1.170057546531009907e+00 3.523271629013259277e+12
1.174737776717134086e+00 3.595060553403371582e+12
1.179436727824002773e+00 3.398472021012077148e+12
1.184154474735298557e+00 3.527036871687500488e+12
1.188891092634239977e+00 3.565974553285506348e+12
1.193646657004777012e+00 3.572540925214220703e+12
1.198421243632796118e+00 3.428138231660392090e+12
1.203214928607327261e+00 3.468074467662011719e+12
1.208027788321756724e+00 3.526331152048095703e+12
1.212859899475043468e+00 3.483595478922446289e+12
1.217711339072943710e+00 3.529935716068451660e+12
1.222582184429235275e+00 3.490160222084294922e+12
1.227472513166952384e+00 3.541506826804992676e+12
1.232382403219620226e+00 3.512402663160210938e+12
1.237311932832498407e+00 3.491213641342754395e+12
1.242261180563828615e+00 3.301545902655595215e+12
1.247230225286083849e+00 3.405775516430494629e+12
1.252219146187228072e+00 3.302150718858632324e+12
1.257228022771976983e+00 3.377882299702540039e+12
1.262256934863064783e+00 3.357173505644898438e+12
1.267305962602517155e+00 3.380969687375090332e+12
1.272375186452927354e+00 3.375269723058259766e+12
1.277464687198738957e+00 3.378456851435683105e+12
1.282574545947533950e+00 3.374847301904385742e+12
1.287704844131324133e+00 3.289752836090711914e+12
1.292855663507849417e+00 3.280628361990044434e+12
1.298027086161880783e+00 3.306695361893659180e+12
1.303219194506528344e+00 3.306516406497195801e+12
1.308432071284554521e+00 3.269468657066663574e+12
1.313665799569692760e+00 3.295482939455888672e+12
1.318920462767971591e+00 3.283403495064484863e+12
1.324196144619043336e+00 3.209995268381343750e+12
1.329492929197519491e+00 3.109081228956380371e+12
1.334810900914309650e+00 2.790728243654011230e+12
1.340150144517967101e+00 2.747945565189870117e+12
1.345510745096038852e+00 2.722207895866344238e+12
1.350892788076423212e+00 2.716695448228725586e+12
1.356296359228728932e+00 2.669967864788510742e+12
1.361721544665643879e+00 2.656790587222532227e+12
1.367168430844306393e+00 2.681264315034309570e+12
1.372637104567683730e+00 2.678412299662173828e+12
1.378127652985954299e+00 2.697832877420078613e+12
1.383640163597898098e+00 2.674562487943125488e+12
1.389174724252289828e+00 2.594529724056263672e+12
1.394731423149298877e+00 2.545590669111638672e+12
1.400310348841896202e+00 2.501091879177118652e+12
1.405911590237263642e+00 2.506790522712744629e+12
1.411535236598212784e+00 2.411198284082717285e+12
1.417181377544605603e+00 2.358823066025835449e+12
1.422850103054784210e+00 2.368283640095870117e+12
1.428541503467003038e+00 2.337042167037262695e+12
1.434255669480871243e+00 2.334669245252687988e+12
1.439992692158794885e+00 2.335793765832701172e+12
1.445752662927429988e+00 2.347889248158720703e+12
1.451535673579139596e+00 2.325288353359068848e+12
1.457341816273456159e+00 2.343511678925062500e+12
1.463171183538549913e+00 2.286213688488122070e+12
1.469023868272704147e+00 2.250554853918703613e+12
1.474899963745795128e+00 2.263121424636413086e+12
1.480799563600778246e+00 2.258778013788280762e+12
1.486722761855181485e+00 2.248944626555598633e+12
1.492669652902602007e+00 2.255163449344958984e+12
1.498640331514212276e+00 2.258088313706055664e+12
1.504634892840269300e+00 2.248114925979194336e+12
1.510653432411630304e+00 2.267832387145393066e+12
1.516696046141276843e+00 2.267594860063983887e+12
1.522762830325842032e+00 2.286794391466667480e+12
1.528853881647145307e+00 2.286214521269888184e+12
1.534969297173733649e+00 2.270435446558940918e+12
1.541109174362428780e+00 2.255012013838249023e+12
1.547273611059878373e+00 2.274927452953277344e+12
1.553462705504118135e+00 2.282436961788967285e+12
1.559676556326134556e+00 2.265771449521959473e+12
1.565915262551438980e+00 2.288979566987924316e+12
1.572178923601644795e+00 2.284444915471814453e+12
1.578467639296051495e+00 2.318262927786653320e+12
1.584781509853235626e+00 2.319628326250434570e+12
1.591120635892648405e+00 2.312352244851753906e+12
1.597485118436219098e+00 2.329722616861594727e+12
1.603875058909963958e+00 2.331319250340177734e+12
1.610290559145603595e+00 2.328055172358179199e+12
1.616731721382186127e+00 2.275984026720934570e+12
1.623198648267714761e+00 2.330357592188262207e+12
1.629691442860785600e+00 2.350675601893512695e+12
1.636210208632228769e+00 2.368715632032481445e+12
1.642755049466757766e+00 2.370996650271207520e+12
1.649326069664624805e+00 2.372622678300791504e+12
1.655923373943283039e+00 2.378785014692639648e+12
1.662547067439056336e+00 2.371362362935729492e+12
1.669197255708812611e+00 2.372536849403860840e+12
1.675874044731648027e+00 2.369543980582162598e+12
1.682577540910574321e+00 2.348295708093741211e+12
1.689307851074216771e+00 2.310084920459753906e+12
1.696065082478513508e+00 2.273915009196328125e+12
1.702849342808427480e+00 2.234512688857421875e+12
1.709660740179661298e+00 2.154461783633645020e+12
1.716499383140379864e+00 2.070736374037604004e+12
1.723365380672941427e+00 2.052265909322174072e+12
1.730258842195633306e+00 2.015406629130392334e+12
1.737179877564415831e+00 1.928567682466814941e+12
1.744128597074673603e+00 1.898075243696734375e+12
1.751105111462972097e+00 1.845042992911829346e+12
1.758109531908824241e+00 1.760088873243531250e+12
1.765141970036459451e+00 1.726697612810647949e+12
1.772202537916605314e+00 1.671550995357413086e+12
1.779291348068271716e+00 1.601900044360778320e+12
1.786408513460544745e+00 1.575003902692784424e+12
1.793554147514387020e+00 1.530345241039013672e+12
1.800728364104444257e+00 1.507247886284109131e+12
1.807931277560862249e+00 1.449926809204111084e+12
1.815163002671105641e+00 1.467088281638059082e+12
1.822423654681789795e+00 1.437740319433544189e+12
1.829713349300517100e+00 1.412451373162208740e+12
1.837032202697718830e+00 1.402171708748736572e+12
1.844380331508509885e+00 1.328015935170357666e+12
1.851757852834543527e+00 1.307506888573374512e+12
1.859164884245881888e+00 1.215938723960898438e+12
1.866601543782865358e+00 1.280965197533758057e+12
1.874067949957996859e+00 1.253175895512372803e+12
1.881564221757828781e+00 1.268057270398738525e+12
1.889090478644860127e+00 1.276800982483441895e+12
1.896646840559439662e+00 1.275332765800905518e+12
1.904233427921677269e+00 1.273238778750540527e+12
1.911850361633363971e+00 1.275813467451582520e+12
1.919497763079897279e+00 1.247818749617322754e+12
1.927175754132217200e+00 1.228563442582584473e+12
1.934884457148745796e+00 1.237747118596526855e+12
1.942623994977340729e+00 1.173271185814562500e+12
1.950394490957250149e+00 1.196987784190005371e+12
1.958196068921079336e+00 1.213372838977785645e+12
1.966028853196763793e+00 1.208210923168492920e+12
1.973892968609550991e+00 1.150041287727536133e+12
1.981788540483989447e+00 1.119108289380476074e+12
1.989715694645925126e+00 1.115300253926291260e+12
1.997674557424508723e+00 1.123791678112145996e+12
2.005665255654207169e+00 1.107906895562476562e+12
2.013687916676823786e+00 1.092969165603612915e+12
2.021742668343530891e+00 1.093060355493585449e+12
2.029829639016905052e+00 1.075453399899175659e+12
2.037948957572972564e+00 1.066960534023802612e+12
2.046100753403264694e+00 1.058155878469479126e+12
2.054285156416877811e+00 1.065168901220910522e+12
2.062502297042545507e+00 1.048394162853247559e+12
2.070752306230715600e+00 1.050277620322495728e+12
2.079035315455638244e+00 1.045790367197963013e+12
2.087351456717461140e+00 1.035569424616677856e+12
2.095700862544330967e+00 1.038622624840397583e+12
2.104083665994508134e+00 1.043901937406583496e+12
2.112500000658485977e+00 1.043168459107007446e+12
2.120950000661120161e+00 1.042300122081508301e+12
2.129433800663764753e+00 1.028707135394036743e+12
2.137951535866419839e+00 1.033732581711916260e+12
2.146503342009885351e+00 1.046838139810953857e+12
2.155089355377924676e+00 1.042229989048735962e+12
2.163709712799436691e+00 1.048926303895646729e+12
2.172364551650634468e+00 1.045891209277112183e+12
2.181054009857236853e+00 1.043486844530435303e+12
2.189778225896665376e+00 1.044006774065683594e+12
2.198537338800252705e+00 1.048521677127322144e+12
2.207331488155453325e+00 1.017077273837429321e+12
2.216160814108075083e+00 1.047918169892926270e+12
2.225025457364507631e+00 1.046119188110916504e+12
2.233925559193965515e+00 1.044220023719368774e+12
2.242861261430741493e+00 1.046564435302152588e+12
2.251832706476463830e+00 1.039842898083903198e+12
2.260840037302370042e+00 1.025242601056545776e+12
2.269883397451579299e+00 1.030479363880602295e+12
2.278962931041386142e+00 1.020702546196488525e+12
2.288078782765551100e+00 1.019978764350927612e+12
2.297231097896613505e+00 9.146492004256146240e+11
2.306420022288200311e+00 9.571417063932565918e+11
2.315645702377353121e+00 9.424635062683719482e+11
2.324908285186861878e+00 8.604813352177445068e+11
2.334207918327609654e+00 8.820106307904041748e+11
2.343544750000919663e+00 8.824639017461968994e+11
2.352918929000923143e+00 8.115849134232684326e+11
2.362330604716927240e+00 8.254546717558645020e+11
2.371779927135795329e+00 8.365254028505439453e+11
2.381267046844337987e+00 7.734017462177487793e+11
2.390792115031715070e+00 7.604777296211679688e+11
2.400355283491842240e+00 7.569772646698565674e+11
2.409956704625809465e+00 7.159723181577735596e+11
2.419596531444312859e+00 7.025266418905504150e+11
2.429274917570089620e+00 6.774266502436790771e+11
2.438992017240370291e+00 6.536593795848640137e+11
2.448747985309331465e+00 6.279297683433847656e+11
2.458542977250568917e+00 6.080579882078298340e+11
2.468377149159570738e+00 5.992546351300876465e+11
2.478250657756209563e+00 5.594754635255729980e+11
2.488163660387234355e+00 5.587128205191318359e+11
2.498116315028783063e+00 5.511214489383457031e+11
2.508108780288898387e+00 5.188644991235873413e+11
2.518141215410053757e+00 5.151278584746846924e+11
2.528213780271693967e+00 4.969955978369213867e+11
2.538326635392781139e+00 4.895696939402335815e+11
2.548479941934351789e+00 4.867823991883412476e+11
2.558673861702089436e+00 4.762475723651351929e+11
2.568908557148898097e+00 4.798511501703853760e+11
2.579184191377493551e+00 4.591351652794639893e+11
2.589500928143003478e+00 4.707489189220542603e+11
2.599858931855575594e+00 4.717273883206065063e+11
2.610258367582998229e+00 4.737055607993214722e+11
2.620699401053329769e+00 4.646417690736906738e+11
2.631182198657543214e+00 4.650205981586373291e+11
2.641706927452173392e+00 4.620261895112168579e+11
2.652273755161981938e+00 4.709879811352445068e+11
2.662882850182629824e+00 4.720217130846632080e+11
2.673534381583360542e+00 4.482917489074078369e+11
2.684228519109693956e+00 4.479013643109245605e+11
2.694965433186132575e+00 4.289112930591271362e+11
2.705745294918877164e+00 4.283037411685128174e+11
2.716568276098552559e+00 4.159128945602377930e+11
2.727434549202946812e+00 3.985273708432235718e+11
2.738344287399758326e+00 3.920249715665166626e+11
2.749297664549357201e+00 3.884129676794557495e+11
2.760294855207554576e+00 3.876558534670181274e+11
2.771336034628385292e+00 3.756527676707293091e+11
2.782421378766898545e+00 3.667241707866398926e+11
2.793551064281966312e+00 3.672046474667348633e+11
2.804725268539093985e+00 3.535062840432013550e+11
2.815944169613250558e+00 3.445035306622622070e+11
2.827207946291703244e+00 3.546989586445765381e+11
2.838516778076869862e+00 3.391823686130815430e+11
2.849870845189177437e+00 3.346945644648505859e+11
2.861270328569933685e+00 3.400398766489623413e+11
2.872715409884213589e+00 3.313928349690078735e+11
2.884206271523750420e+00 3.292179736994942627e+11
2.895743096609845413e+00 3.312819479772229004e+11
2.907326068996284985e+00 3.134173207256075439e+11
2.918955373272270393e+00 3.156919610088254395e+11
2.930631194765359826e+00 3.141141228844492188e+11
2.942353719544420709e+00 3.032181298804756470e+11
2.954123134422598440e+00 3.064594335409912720e+11
2.965939626960289122e+00 2.987532409120115356e+11
2.977803385468130504e+00 3.025786074222686768e+11
2.989714599010003138e+00 2.927907008416456909e+11
3.001673457406043077e+00 2.927548697929603882e+11
3.013680151235667015e+00 2.913968068930352173e+11
3.025734871840609408e+00 2.795580142609086914e+11
3.037837811327972037e+00 2.906704728877360229e+11
3.049989162573283785e+00 2.780654823497088013e+11
3.062189119223576395e+00 2.846311786681602783e+11
3.074437875700470890e+00 2.766409758749525757e+11
3.086735627203272880e+00 2.738997341331665649e+11
3.099082569712085622e+00 2.755852259988070679e+11
3.111478899990933744e+00 2.676513239204280090e+11
3.123924815590897186e+00 2.707378618569649963e+11
3.136420514853261121e+00 2.667881205660987244e+11
3.148966196912674320e+00 2.651832787958114319e+11
3.161562061700325277e+00 2.651851817767443542e+11
3.174208309947126327e+00 2.586815127592157593e+11
3.186905143186915090e+00 2.659062131667190247e+11
3.199652763759662566e+00 2.518553872213986206e+11
3.212451374814701222e+00 2.630233574455267029e+11
3.225301180313960625e+00 2.561823490821479797e+11
3.238202385035215958e+00 2.548651087734120789e+11
3.251155194575356955e+00 2.557925950671186218e+11
3.264159815353658622e+00 2.541845888445993652e+11
3.277216454615073271e+00 2.512142482124575500e+11
3.290325320433533207e+00 2.503854120779350586e+11
3.303486621715267635e+00 2.510065335927266235e+11
3.316700568202128441e+00 2.461651812278649597e+11
3.329967370474937294e+00 2.508632767831373596e+11
3.343287239956836743e+00 2.423871224794515076e+11
3.356660388916663962e+00 2.446482896809950867e+11
3.370087030472330714e+00 2.438287683727659912e+11
3.383567378594220187e+00 2.403776017425796204e+11
3.397101648108596716e+00 2.407721544648071289e+11
3.410690054701031482e+00 2.377705825604479980e+11
3.424332814919834878e+00 2.379915375023127747e+11
3.438030146179514634e+00 2.353743899796098633e+11
3.451782266764232610e+00 2.351012101173439636e+11
3.465589395831289998e+00 2.344013466820672913e+11
3.479451753414614767e+00 2.320238466837339478e+11
3.493369560428273068e+00 2.274604153242154541e+11
3.507343038669985980e+00 2.315319472096223755e+11
3.521372410824665788e+00 2.246697246102775269e+11
3.535457900467964709e+00 2.254741239148269043e+11
3.549599732069836477e+00 2.237460447585118408e+11
3.563798130998116154e+00 2.218224820462657166e+11
3.578053323522108364e+00 2.207349294842624817e+11
3.592365536816196858e+00 2.194602440915557861e+11
3.606734998963461614e+00 2.175588494435556641e+11
3.621161938959315041e+00 2.151090558762561035e+11
3.635646586715152839e+00 2.138242393102134399e+11
3.650189173062013293e+00 2.124976913233404846e+11
3.664789929754260545e+00 2.112724503372720337e+11
3.679449089473277645e+00 2.086025413979542847e+11
3.694166885831170699e+00 2.071021376143063354e+11
3.708943553374495661e+00 2.075446404675549316e+11
3.723779327587993571e+00 2.057197465730144653e+11
3.738674444898345328e+00 2.019145854266796265e+11
3.753629142677938901e+00 2.032583134487929382e+11
3.768643659248651190e+00 1.998257091149429626e+11
3.783718233885645432e+00 2.005600863626531067e+11
3.798853106821188153e+00 1.977115507863097534e+11
3.814048519248473657e+00 1.964803205906203918e+11
3.829304713325467180e+00 1.913490199492114563e+11
3.844621932178768908e+00 1.918979304191736450e+11
3.860000419907484215e+00 1.913781032862364807e+11
3.875440421587113882e+00 1.879969222242174377e+11
3.890942183273462529e+00 1.854861716617601929e+11
3.906505952006555926e+00 1.838326312657682190e+11
3.922131975814582727e+00 1.818374968052847290e+11
3.937820503717840648e+00 1.791041633926786804e+11
3.953571785732711508e+00 1.752133674026531677e+11
3.969386072875642490e+00 1.730153310897861328e+11
3.985263617167145167e+00 1.680724598024475708e+11
4.001204671635814059e+00 1.663537781470554504e+11
4.017209490322357190e+00 1.646837478673546143e+11
4.033278328283646630e+00 1.604876656663429565e+11
4.049411441596781458e+00 1.562237484943471069e+11
4.065609087363168506e+00 1.542701226165625610e+11
4.081871523712622185e+00 1.480390235894460449e+11
4.098199009807472315e+00 1.485707511560654602e+11
4.114591805846702144e+00 1.452468511922137146e+11
4.131050173070089038e+00 1.430596992388072205e+11
4.147574373762369149e+00 1.425166951433171387e+11
4.164164671257418959e+00 1.370100975161170502e+11
4.180821329942449260e+00 1.368073901862862701e+11
4.197544615262219558e+00 1.351586427479358521e+11
4.214334793723269357e+00 1.314508268049718475e+11
4.231192132898162761e+00 1.326988258390280304e+11
4.248116901429755288e+00 1.258057185044791565e+11
4.265109369035473996e+00 1.246339858358128204e+11
4.282169806511615384e+00 1.241721110479265594e+11
4.299298485737661935e+00 1.175666606619906921e+11
4.316495679680612874e+00 1.171241611501692657e+11
4.333761662399335357e+00 1.142722349629305725e+11
4.351096709048932532e+00 1.102064290588097076e+11
4.368501095885127583e+00 1.070281148170311890e+11
4.385975100268668214e+00 1.051992834906577454e+11
4.403519000669743555e+00 1.019874261545254974e+11
4.421133076672422391e+00 9.963928100721051025e+10
4.438817608979111817e+00 9.739133723924339294e+10
4.456572879415028332e+00 9.658707971802203369e+10
4.474399170932688463e+00 9.302024678355250549e+10
4.492296767616419828e+00 9.239408291578652954e+10
4.510265954686884626e+00 9.191990376034339905e+10
4.528307018505633330e+00 8.867656173500302124e+10
4.546420246579655711e+00 8.855148099301838684e+10
4.564605927565974497e+00 8.592695911490713501e+10
4.582864351276237258e+00 8.685983455174327087e+10
4.601195808681342925e+00 8.422282918721133423e+10
4.619600591916067422e+00 8.375157331055125427e+10
4.638078994283731937e+00 8.283085389296998596e+10
4.656631310260867629e+00 8.205473315426985168e+10
4.675257835501911430e+00 7.965020767851922607e+10
4.693958866843916944e+00 8.021562722081271362e+10
4.712734702311292878e+00 7.798278453137435913e+10
4.731585641120538810e+00 7.775575188256994629e+10
4.750511983685020923e+00 7.701369569919776917e+10
4.769514031619761063e+00 7.421434964917367554e+10
4.788592087746240011e+00 7.338604881976579285e+10
4.807746456097224730e+00 7.314295831257701111e+10
4.826977441921613377e+00 7.184310878536869812e+10
4.846285351689299858e+00 7.098090419081611633e+10
4.865670493096057925e+00 6.955279039634133911e+10
4.885133175068442135e+00 6.853033653520093536e+10
4.904673707768715474e+00 6.750548473381200409e+10
4.924292402599791174e+00 6.691978747939631653e+10
4.943989572210189642e+00 6.521949859011076355e+10
4.963765530499030021e+00 6.336879816577259064e+10
4.983620592621027079e+00 6.442925688761779785e+10
5.003555074991511198e+00 6.232498133636778259e+10
5.023569295291476777e+00 6.061242740249066162e+10
5.043663572472643075e+00 6.200399730491490173e+10
5.063838226762532813e+00 5.981260328828462982e+10
5.084093579669583640e+00 5.877359260497055054e+10
5.104429953988261381e+00 5.867630027246286011e+10
5.124847673804215020e+00 5.731031639237849426e+10
5.145347064499431688e+00 5.755799230234585571e+10
5.165928452757428957e+00 5.544685141303392029e+10
5.186592166568458673e+00 5.625206367532989502e+10
5.207338535234733001e+00 5.411113080646866608e+10
5.228167889375671784e+00 5.454205281723567963e+10
5.249080560933174766e+00 5.271347087893990326e+10
5.270076883176907145e+00 5.271291298862308502e+10
5.291157190709615321e+00 5.177639579363806915e+10
5.312321819472453299e+00 5.153731230680915833e+10
5.333571106750343738e+00 5.093048065198746490e+10
5.354905391177344320e+00 4.953854671646009827e+10
5.376325012742054099e+00 4.964494806021142578e+10
5.397830312793021612e+00 4.861061426871518707e+10
5.419421634044193858e+00 4.673150303614224243e+10
5.441099320580370602e+00 4.747173757673783875e+10
5.462863717862692425e+00 4.628653824713511658e+10
5.484715172734142996e+00 4.595779002900737762e+10
5.506654033425078865e+00 4.588531407299687958e+10
5.528680649558780580e+00 4.386589901739614868e+10
5.550795372157015350e+00 4.355051060894805145e+10
5.572998553645643227e+00 4.299274957980219269e+10
5.595290547860225949e+00 4.350305414603379822e+10
5.617671710051667766e+00 4.205485244670705414e+10
5.640142396891874021e+00 4.208513455361383820e+10
5.662702966479441713e+00 4.130184144297039032e+10
5.685353778345359821e+00 4.006627816276657104e+10
5.708095193458740724e+00 4.014461975120261383e+10
5.730927574232576482e+00 3.879022600281326294e+10
5.753851284529505783e+00 3.982237089039150238e+10
5.776866689667624399e+00 3.826124435351985168e+10
5.799974156426294769e+00 3.856658090520690918e+10
5.823174053051999977e+00 3.714028150816122437e+10
5.846466749264207508e+00 3.676650637017513275e+10
5.869852616261264977e+00 3.687968409751139069e+10
5.893332026726310069e+00 3.605722416439949036e+10
5.916905354833215114e+00 3.619190401479598236e+10
5.940572976252548543e+00 3.509178202954143524e+10
5.964335268157558545e+00 3.515912427073154449e+10
5.988192609230189589e+00 3.447616911226770020e+10
6.012145379667110490e+00 3.460800745592171478e+10
6.036193961185778889e+00 3.309177437195201492e+10
6.060338737030522616e+00 3.341164686368687820e+10
6.084580091978644134e+00 3.368821587763570404e+10
6.108918412346558746e+00 3.221314885013407898e+10
6.133354085995945226e+00 3.312786479205810928e+10
6.157887502339929320e+00 3.228900176732276154e+10
6.182519052349287669e+00 3.148382795642003250e+10
6.207249128558685491e+00 3.144333024449116135e+10
6.232078125072920471e+00 3.117522686603119278e+10
6.257006437573212843e+00 3.036406682741521072e+10
6.282034463323505236e+00 3.002093199853877258e+10
6.307162601176800720e+00 2.971862468583024216e+10
6.332391251581507063e+00 2.932786826516496658e+10
6.357720816587833390e+00 2.866629470471643448e+10
6.383151699854184180e+00 2.791798843691502380e+10
6.408684306653601226e+00 2.713226919148932648e+10
6.434319043880215361e+00 2.691296684675775528e+10
6.460056320055736379e+00 2.550519926857230759e+10
6.485896545335958052e+00 2.410116808755238342e+10
6.511840131517302233e+00 2.421297751403417206e+10
6.537887492043371829e+00 2.334911816775953293e+10
6.564039042011545533e+00 2.257116023844862747e+10
6.590295198179591196e+00 2.185727390020857239e+10
6.616656378972309405e+00 2.165342471527602005e+10
6.643123004488199257e+00 2.089627996007228088e+10
6.669695496506150789e+00 2.079675797253115463e+10
6.696374278492176479e+00 2.037297827469532013e+10
6.723159775606144528e+00 2.061309722752122498e+10
6.750052414708568094e+00 2.017733531854970932e+10
6.777052624367403411e+00 1.934320347203815842e+10
6.804160834864871887e+00 1.943705665979798508e+10
6.831377478204331055e+00 1.897590686703802872e+10
6.858702988117148180e+00 1.911392791439416504e+10
6.886137800069615622e+00 1.871325153361643982e+10
6.913682351269895499e+00 1.831581315655375290e+10
6.941337080674975013e+00 1.829663369617930603e+10
6.969102428997675069e+00 1.811235463644184494e+10
6.996978838713665994e+00 1.793776432256872177e+10
7.024966754068519670e+00 1.768182115198887634e+10
7.053066621084793653e+00 1.737841957708332062e+10
7.081278887569133929e+00 1.710332460144421577e+10
7.109604003119409654e+00 1.653300702981133842e+10
7.138042419131887861e+00 1.676346971793859100e+10
7.166594588808414379e+00 1.662134290401311493e+10
7.195260967163648047e+00 1.628614220203084564e+10
7.224042011032302923e+00 1.603776678246290016e+10
7.252938179076432235e+00 1.583334048425076675e+10
7.281949931792737196e+00 1.573208312840583038e+10
7.311077731519908696e+00 1.549803181075226784e+10
7.340322042445988515e+00 1.514392193147546387e+10
7.369683330615771411e+00 1.490769285821056938e+10
7.399162063938235612e+00 1.512975419016862869e+10
7.428758712193988423e+00 1.443042999681922531e+10
7.458473747042765112e+00 1.457825700039763832e+10
7.488307642030935796e+00 1.433655355740019798e+10
7.518260872599060285e+00 1.395357747294137192e+10
7.548333916089456253e+00 1.411196319479294014e+10
7.578527251753813587e+00 1.359372926962096024e+10
7.608841360760829176e+00 1.311307320040709496e+10
7.639276726203872769e+00 1.331227042240800667e+10
7.669833833108687493e+00 1.291414187519528198e+10
7.700513168441122325e+00 1.294896269875193977e+10
7.731315221114887670e+00 1.267233500285251427e+10
7.762240481999347352e+00 1.237263858316149902e+10
7.793289443927344351e+00 1.235739716559897804e+10
7.824462601703054077e+00 1.236511989847360229e+10
7.855760452109866065e+00 1.201790978141539001e+10
7.887183493918306532e+00 1.152584525908888054e+10
7.918732227893980458e+00 1.162730550142543411e+10
7.950407156805555431e+00 1.146906199062533760e+10
7.982208785432777454e+00 1.102901812209642982e+10
8.014137620574508958e+00 1.121011869578755379e+10
8.046194171056805899e+00 1.083441140770176697e+10
8.078378947741034821e+00 1.071637934276494980e+10
8.110692463531997021e+00 1.044576510930325317e+10
8.143135233386125549e+00 1.044813468477640915e+10
8.175707774319670662e+00 1.035142781578037262e+10
8.208410605416949224e+00 9.971532401857316971e+09
8.241244247838615422e+00 1.005212514969583130e+10
8.274209224829968790e+00 9.642822202458068848e+09
8.307306061729288871e+00 9.705976276945095062e+09
8.340535285976207192e+00 9.397335342151138306e+09
8.373897427120111203e+00 9.196750205007761002e+09
8.407393016828594412e+00 9.336777756686672211e+09
8.441022588895906509e+00 9.004222809924831390e+09
8.474786679251490540e+00 9.104075708620023727e+09
8.508685825968495209e+00 8.825714261905345917e+09
8.542720569272368891e+00 8.787730801277397156e+09
8.576891451549458978e+00 8.572049121150566101e+09
8.611199017355655627e+00 8.601468865347520828e+09
8.645643813425078150e+00 8.535957917621097565e+09
8.680226388678779159e+00 8.316748485563942909e+09
8.714947294233493125e+00 8.243893064154385567e+09
8.749807083410427566e+00 7.925899537804351807e+09
8.784806311744070229e+00 8.027099756738292694e+09
8.819945536991047774e+00 7.890908979571007729e+09
8.855225319139009343e+00 7.747259800417955399e+09
8.890646220415566958e+00 7.803852433735758781e+09
8.926208805297228821e+00 7.702745913879457474e+09
8.961913640518417878e+00 7.425970463999605179e+09
8.997761295080492161e+00 7.481754811671085358e+09
9.033752340260813085e+00 7.400329070776661873e+09
9.069887349621856387e+00 7.295731538552691460e+09
9.106166899020346150e+00 7.166823146681857109e+09
9.142591566616424359e+00 7.113591998037963867e+09
9.179161932882891506e+00 7.046827005848361015e+09
9.215878580614422333e+00 6.880537014334692955e+09
9.252742094936881045e+00 6.729235388053594589e+09
9.289753063316627646e+00 6.706527710877888680e+09
9.326912075569895322e+00 6.584080704118269920e+09
9.364219723872173162e+00 6.651718109260021210e+09
9.401676602767663482e+00 6.394150077025505066e+09
9.439283309178733816e+00 6.317145425425524712e+09
9.477040442415447075e+00 6.307228049246143341e+09
9.514948604185111236e+00 6.193735739808269501e+09
9.553008398601852136e+00 6.212137781122357368e+09
9.591220432196260859e+00 5.996136888614110947e+09
9.629585313925044687e+00 5.885628289481658936e+09
9.668103655180747324e+00 5.841707944370284081e+09
9.706776069801470896e+00 5.744664785536645889e+09
9.745603174080676112e+00 5.728763682183200836e+09
9.784585586776998412e+00 5.671334873347978592e+09
9.823723929124106746e+00 5.530566826270906448e+09
9.863018824840601440e+00 5.465711174062833786e+09
9.902470900139965337e+00 5.186679669421456337e+09
9.942080783740523842e+00 5.308290496950927734e+09
9.981849106875488431e+00 5.184821825401636124e+09
1.002177650330298952e+01 5.152330125424884796e+09
1.006186360931619994e+01 5.025889719818790436e+09
1.010211106375346723e+01 4.904917695651738167e+09
1.014251950800847979e+01 4.894863137517536163e+09
1.018308958604051284e+01 4.873159745042509079e+09
1.022382194438467451e+01 4.726869143583335876e+09
1.026471723216221399e+01 4.679453929630134583e+09
1.030577610109086173e+01 4.572114288403546333e+09
1.034699920549522467e+01 4.490607049184050560e+09
1.038838720231720458e+01 4.449383782875520706e+09
1.042994075112647501e+01 4.365121897231637001e+09
1.047166051413097954e+01 4.292308228231495380e+09
1.051354715618750468e+01 4.243990952013726234e+09
1.055560134481225454e+01 4.156156206887989521e+09
1.059782375019150358e+01 4.058577999546441555e+09
1.064021504519226902e+01 4.058455134169906616e+09
1.068277590537303823e+01 4.021905522631123066e+09
1.072550700899452991e+01 3.870549970603971958e+09
1.076840903703050856e+01 3.809030446372535706e+09
1.081148267317863088e+01 3.788314951616358280e+09
1.085472860387134553e+01 3.825607029223223209e+09
1.089814751828683015e+01 3.606398342603003502e+09
1.094174010835997635e+01 3.607903786837845802e+09
1.098550706879341909e+01 3.482272217090749741e+09
1.102944909706859100e+01 3.459293601416548252e+09
1.107356689345686540e+01 3.435177005386174202e+09
1.111786116103069233e+01 3.357076154967305183e+09
1.116233260567481622e+01 3.313589444744887829e+09
1.120698193609751492e+01 3.228216286221526623e+09
1.125180986384190440e+01 3.208128370461138725e+09
1.129681710329727373e+01 3.145439703143275261e+09
1.134200437171046083e+01 3.119015613468402863e+09
1.138737238919730466e+01 3.069174045527187824e+09
1.143292187875409383e+01 2.994362289134484768e+09
1.147865356626910938e+01 2.978612831160264969e+09
1.152456818053418530e+01 2.905543724059340954e+09
1.157066645325632237e+01 2.844473519926207066e+09
1.161694911906934635e+01 2.807362320840332508e+09
1.166341691554562487e+01 2.798051908826820850e+09
1.171007058320780736e+01 2.718618498833213329e+09
1.175691086554063958e+01 2.634158409346360683e+09
1.180393850900279951e+01 2.634297833272416592e+09
1.185115426303881137e+01 2.576409536145876408e+09
1.189855888009096674e+01 2.573266460327906132e+09
1.194615311561133097e+01 2.526865185597548485e+09
1.199393772807377623e+01 2.489965119590129852e+09
1.204191347898607134e+01 2.454764783184209824e+09
1.209008113290201614e+01 2.414780621496246815e+09
1.213844145743362368e+01 2.351568750720449448e+09
1.218699522326335938e+01 2.355260736605590343e+09
1.223574320415641381e+01 2.284814460288209438e+09
1.228468617697303777e+01 2.301300635366384506e+09
1.233382492168093059e+01 2.209568603862120152e+09
1.238316022136765504e+01 2.208493476634092808e+09
1.243269286225312520e+01 2.097481905281807423e+09
1.248242363370213859e+01 2.140353945739377499e+09
1.253235332823694748e+01 2.067052470661820650e+09
1.258248274154989410e+01 2.071846911408144474e+09
1.263281267251609385e+01 2.037918210298329592e+09
1.268334392320615756e+01 1.984189896533224344e+09
1.273407729889898299e+01 2.011996860949309587e+09
1.278501360809457665e+01 1.908090550421899319e+09
1.283615366252695544e+01 1.875474113348703861e+09
1.288749827717706253e+01 1.909857364198849440e+09
1.293904827028577031e+01 1.812199545898745775e+09
1.299080446336691352e+01 1.834606970618450403e+09
1.304276768122038099e+01 1.778663376680488348e+09
1.309493875194526424e+01 1.775815463356613159e+09
1.314731850695304693e+01 1.727233636045613050e+09
1.319990778098085649e+01 1.697415058143883944e+09
1.325270741210477965e+01 1.670364336229457617e+09
1.330571824175319939e+01 1.643439482327256203e+09
1.335894111472021173e+01 1.618141205434903383e+09
1.341237687917909227e+01 1.615213109366520166e+09
1.346602638669580898e+01 1.551253994247498035e+09
1.351989049224258999e+01 1.571588883911444664e+09
1.357397005421156067e+01 1.519754485857689142e+09
1.362826593442840917e+01 1.506199208244239807e+09
1.368277899816612297e+01 1.489559279880796909e+09
1.373751011415878942e+01 1.439142934648571730e+09
1.379246015461542463e+01 1.458342131471324205e+09
1.384762999523388416e+01 1.397097540404150963e+09
1.390302051521481808e+01 1.424526032453352213e+09
1.395863259727567751e+01 1.383188612160451889e+09
1.401446712766477987e+01 1.340920763994064331e+09
1.407052499617543972e+01 1.363356042807203531e+09
1.412680709616014063e+01 1.285936826217891216e+09
1.418331432454478147e+01 1.262006194861850977e+09
1.424004758184296193e+01 1.275767864961045027e+09
1.429700777217033369e+01 1.268561973195075989e+09
1.435419580325901379e+01 1.222066114811129808e+09
1.441161258647204946e+01 1.218484570402978420e+09
1.446925903681793812e+01 1.171354913922153711e+09
1.452713607296521126e+01 1.182903266756781578e+09
1.458524461725707155e+01 1.164599286282071829e+09
1.464358559572609764e+01 1.120370532911575317e+09
1.470215993810900557e+01 1.104734372660469294e+09
1.476096857786143879e+01 1.128751814365194321e+09
1.482001245217288599e+01 1.091764996053364038e+09
1.487929250198157760e+01 1.063114293676481247e+09
1.493880967198950316e+01 1.052640304648179293e+09
1.499856491067746056e+01 1.037468412001642227e+09
1.505855917032016933e+01 1.031401026219017744e+09
1.511879340700144958e+01 1.007570687302847147e+09
1.517926858062945605e+01 9.846068902399859428e+08
1.523998565495197433e+01 9.879000546485519409e+08
1.530094559757178274e+01 9.558229052972087860e+08
1.536214937996206764e+01 9.419414089107371569e+08
1.542359797748191674e+01 9.284624086404345036e+08
1.548529236939184450e+01 9.217706822381516695e+08
1.554723353886941339e+01 8.919429393646495342e+08
1.560942247302489072e+01 9.026002925039509535e+08
1.567186016291699069e+01 8.804230378935453892e+08
1.573454760356865556e+01 8.609078985750726461e+08
1.579748579398293096e+01 8.591748318557510376e+08
1.586067573715886247e+01 8.371553363123146296e+08
1.592411844010749888e+01 8.404376147459037304e+08
1.598781491386792730e+01 7.952897395170373917e+08
1.605176617352340074e+01 8.002794770660918951e+08
1.611597323821749228e+01 7.756250359748066664e+08
1.618043713117036120e+01 7.708193467962793112e+08
1.624515887969504391e+01 7.504306527023938894e+08
1.631013951521382310e+01 7.647730667545993328e+08
1.637538007327468037e+01 7.534071893223937750e+08
1.644088159356778078e+01 7.415008224127427340e+08
1.650664511994205341e+01 7.124925759692100286e+08
1.657267170042182158e+01 6.963343778637931347e+08
1.663896238722350418e+01 6.812296191420701742e+08
1.670551823677240222e+01 6.878674100622611046e+08
1.677234030971949608e+01 6.915268939735953808e+08
1.683942967095837062e+01 6.636779649005588293e+08
1.690678738964220429e+01 6.529211290651266575e+08
1.697441453920077237e+01 6.536189204316010475e+08
1.704231219735757108e+01 6.608202859140533209e+08
1.711048144614700561e+01 6.124269015025244951e+08
1.717892337193159236e+01 6.194841489458796978e+08
1.724763906541932101e+01 5.936366599602741003e+08
1.731662962168099895e+01 5.879832923477317095e+08
1.738589614016772344e+01 5.830846902676683664e+08
1.745543972472839300e+01 5.876231788812112808e+08
1.752526148362730751e+01 5.743237691840213537e+08
1.759536252956181812e+01 5.578484683370709419e+08
1.766574397968006238e+01 5.464820853419728279e+08
1.773640695559878466e+01 5.417860089165338278e+08
1.780735258342117433e+01 5.399714535219745636e+08
1.787858199375486024e+01 5.367040704763777256e+08
1.795009632172988034e+01 5.157956933734838963e+08
1.802189670701679702e+01 5.201716504396287203e+08
1.809398429384486562e+01 5.081323006915327907e+08
1.816636023102024211e+01 4.792583140805770159e+08
1.823902567194432578e+01 4.991867996865691543e+08
1.831198177463210186e+01 4.901017468176516294e+08
1.838522970173062987e+01 4.769049209843896627e+08
1.845877062053754969e+01 4.749572725476385951e+08
1.853260570301970134e+01 4.481557897209870219e+08
1.860673612583178027e+01 4.393740424176909328e+08
1.868116307033510637e+01 4.453866982183175087e+08
1.875588772261644976e+01 4.372270647812498808e+08
1.883091127350691352e+01 4.410154310168367028e+08
1.890623491860094063e+01 4.252778581606242061e+08
1.898185985827534594e+01 4.165183995833065510e+08
1.905778729770844748e+01 4.256451088419429660e+08
1.913401844689928311e+01 4.195779540628643632e+08
1.921055452068688041e+01 3.897070134404844046e+08
1.928739673876962968e+01 3.986033329198662043e+08
1.936454632572470658e+01 3.925283915073560476e+08
1.944200451102760141e+01 3.708711335579329133e+08
1.951977252907171589e+01 3.889700559192897081e+08
1.959785161918800256e+01 3.649396972622726560e+08
1.967624302566475691e+01 3.645207041274921894e+08
1.991079942767366973e+01 3.515752884596363902e+08
