# Wavelength (micrometer), Flux (W / m2 / m)
1.000553076518779783e-01 3.197408038425542603e+11
1.004555288824854897e-01 1.329354463055467056e-04
1.008573509980154326e-01 2.279760322773484785e-04
1.012607804020075053e-01 2.076029726269847933e-04
1.016658235236155422e-01 3.883939993238805428e-04
1.020724868177099870e-01 2.165154783278445006e-03
1.024807767649808382e-01 1.245441426319380965e-03
1.028906998720407612e-01 6.242156417998557865e-04
1.033022626715289355e-01 3.055579481327421604e-03
1.037154717222150413e-01 9.776223828246684896e-04
1.041303336091038839e-01 7.380984196901191037e-04
1.045468549435403099e-01 1.965213913452669350e-03
1.049650423633144702e-01 5.545011633458180956e-04
1.053849025327677214e-01 2.873415479979537709e-03
1.058064421428987906e-01 8.727138616389734996e-04
1.062296679114703990e-01 3.775993607693110300e-03
1.066545865831162732e-01 4.193993845612191407e-03
1.070812049294487533e-01 2.429080250704369719e-03
1.075095297491665408e-01 9.985258143448466975e-03
1.079395678681632220e-01 2.780252755880963707e-03
1.083713261396358624e-01 1.111191821663058167e-02
1.088048114441943909e-01 8.380853241978540244e-03
1.092400306899711654e-01 4.822675151132167770e-02
1.096769908127310511e-01 1.227856324158113806e-02
1.101156987759819850e-01 1.547439550390444264e-02
1.105561615710859147e-01 5.228963040750512353e-02
1.109983862173702651e-01 3.800816198099475629e-02
1.114423797622397516e-01 2.630879879137815527e-02
1.118881492812886930e-01 1.722542681374603091e-02
1.123357018784138517e-01 3.704698103276424237e-02
1.127850446859275102e-01 2.662000777326966050e-01
1.132361848646712132e-01 2.808840104267752991e-01
1.136891296041298988e-01 2.564792031959747254e-01
1.141438861225464035e-01 2.819984695496896010e-01
1.146004616670366072e-01 2.645456375021385531e-01
1.150588635137047705e-01 3.018951182045579440e-01
1.155190989677595953e-01 2.904330064117932597e-01
1.159811753636306314e-01 4.369422435150525086e-01
1.164451000650851553e-01 2.984106218423641654e-01
1.169108804653455069e-01 3.706900347083750269e-01
1.173785239872068981e-01 7.231489537681667912e-01
1.178480380831557206e-01 1.107933158830789466e+00
1.183194302354883543e-01 9.953553280678167914e-01
1.187927079564302935e-01 9.932836549343988519e-01
1.192678787882560099e-01 1.318088319887116278e+00
1.197449503034090645e-01 1.803590223386559055e+00
1.202239301046226783e-01 1.000665078260857488e+00
1.207048258250411760e-01 2.432342548561450712e+00
1.211876451283413342e-01 2.115178016785251192e+00
1.216723957088547137e-01 3.676835168839070800e+00
1.221590852916901310e-01 5.092324240010342784e+00
1.226477216328568792e-01 8.420429736016462385e+00
1.231383125193883099e-01 6.869108301588600085e+00
1.236308657694658586e-01 8.514017344248726360e+00
1.241253892325437369e-01 6.578786807873192366e+00
1.246218907894739159e-01 6.958450500456580201e+00
1.251203783526317892e-01 8.884482121700719048e+00
1.256208598660423226e-01 8.561009937222147315e+00
1.261233433055065078e-01 1.166176834436805443e+01
1.266278366787285392e-01 8.462041765863954623e+00
1.271343480254434610e-01 1.799625514841437735e+01
1.276428854175452321e-01 1.498881504238812035e+01
1.281534569592154005e-01 1.237240368696791748e+01
1.286660707870522780e-01 1.587611185365703648e+01
1.291807350702004475e-01 2.655812638105709311e+01
1.296974580104812425e-01 2.616806556136257100e+01
1.302162478425231973e-01 1.890299273449241468e+01
1.307371128338932764e-01 2.356660293853835597e+01
1.312600612852288795e-01 4.030379897977568504e+01
1.317851015303697915e-01 3.077552078796538382e+01
1.323122419364912705e-01 3.368072847237512235e+01
1.328414909042372472e-01 3.342768935486343906e+01
1.333728568678542170e-01 4.255443859927903816e+01
1.339063482953256612e-01 4.230779432298287901e+01
1.344419736885069383e-01 3.521599715885074033e+01
1.349797415832609815e-01 6.664490651092515350e+01
1.355196605495940232e-01 6.848027796715004456e+01
1.360617391917924301e-01 9.887297610353495259e+01
1.366059861485595939e-01 7.543021536841170871e+01
1.371524100931538481e-01 8.691517743103804605e+01
1.377010197335264696e-01 1.273814802583016359e+02
1.382518238124605670e-01 1.429992376439867883e+02
1.388048311077104136e-01 1.747667541881813236e+02
1.393600504321412248e-01 1.912635422372010510e+02
1.399174906338697677e-01 1.468407056739295911e+02
1.404771605964052761e-01 2.753091784644640256e+02
1.410390692387908651e-01 2.663828680889573661e+02
1.416032255157460562e-01 4.825385357836526055e+02
1.421696384178090522e-01 2.188055583762239280e+02
1.427383169714803168e-01 3.549954282900982321e+02
1.433092702393662099e-01 1.044778293589815121e+03
1.438825073203236771e-01 6.110407346399366588e+02
1.444580373496049674e-01 1.116705189127519589e+03
1.450358694990033503e-01 7.798188501549836928e+02
1.456160129769993872e-01 1.359964024484143010e+03
1.461984770289073976e-01 1.427380190620989197e+03
1.467832709370230082e-01 1.192530914478489422e+03
1.473704040207710897e-01 1.678776331815216736e+03
1.479598856368541382e-01 1.048936977757844943e+03
1.485517251794015725e-01 2.202531845967891513e+03
1.491459320801191979e-01 3.885292274983106836e+03
1.497425158084396690e-01 2.805010650324565631e+03
1.503414858716734248e-01 6.324059879363576329e+03
1.509428518151600951e-01 4.850077043537461577e+03
1.515466232224207677e-01 3.116293953264829725e+03
1.521528097153104220e-01 8.536807057787844315e+03
1.527614209541716672e-01 6.599329973806766247e+03
1.533724666379883694e-01 7.912688590396740437e+03
1.539859565045403056e-01 1.013070542015350838e+04
1.546019003305584838e-01 2.467575545923713889e+03
1.552203079318807133e-01 5.490123548341659443e+03
1.558411891636082569e-01 5.394243182972936665e+03
1.564645539202626778e-01 3.782117792022146205e+03
1.570904121359437411e-01 5.750268782661254590e+03
1.577187737844875093e-01 4.857995485367464426e+03
1.583496488796254653e-01 5.420438969062552133e+03
1.589830474751439959e-01 7.029325140160034607e+03
1.596189796650445414e-01 4.236565437981025752e+03
1.602574555837047166e-01 4.042380161451173990e+03
1.608984854060395708e-01 5.618120379224845237e+03
1.615420793476636807e-01 6.745618184661457235e+03
1.621882476650543525e-01 7.997429456134960674e+03
1.628370006557145755e-01 7.212284544521476164e+03
1.634883486583374457e-01 8.757174997697429717e+03
1.641423020529707844e-01 9.642393535148150477e+03
1.647988712611826723e-01 1.019414912478814767e+04
1.654580667462274002e-01 6.400526330183706705e+03
1.661198990132123077e-01 1.130523101827064238e+04
1.667843786092651215e-01 1.327937867685024685e+04
1.674515161237022098e-01 1.697958808699541260e+04
1.681213221881969755e-01 2.538289972265236429e+04
1.687938074769497754e-01 2.324154547355714021e+04
1.694689827068575905e-01 4.112877142321048450e+04
1.701468586376850278e-01 3.738284138705790974e+04
1.708274460722357391e-01 4.310155953161669458e+04
1.715107558565246715e-01 5.108265246015583398e+04
1.721967988799507909e-01 5.289610362947064277e+04
1.728855860754705820e-01 7.079662239408420282e+04
1.735771284197724640e-01 6.639209836154397635e+04
1.742714369334515678e-01 7.580087474224767357e+04
1.749685226811853456e-01 1.176890372901725641e+05
1.756683967719100681e-01 9.059023731186171062e+04
1.763710703589977391e-01 1.490659529655598744e+05
1.770765546404337309e-01 1.646304098480804241e+05
1.777848608589954471e-01 1.236529382661592681e+05
1.784960003024314568e-01 2.202793227186287695e+05
1.792099843036411844e-01 1.889075823388003628e+05
1.799268242408557650e-01 2.053143240550987830e+05
1.806465315378191772e-01 3.178624975558957085e+05
1.813691176639704306e-01 1.871040212194089545e+05
1.820945941346263086e-01 3.043948705334858387e+05
1.828229725111648329e-01 4.717083601607892779e+05
1.835542644012094771e-01 2.336182846824790468e+05
1.842884814588143239e-01 4.328579056706241681e+05
1.850256353846495561e-01 6.452716913084742846e+05
1.857657379261881403e-01 3.997140485771022504e+05
1.865088008778928996e-01 7.585999487749767723e+05
1.872548360814044743e-01 7.956234582596461987e+05
1.880038554257300876e-01 5.906442256492505549e+05
1.887558708474330049e-01 1.068881443109889515e+06
1.895108943308226879e-01 1.003955061246571830e+06
1.902689379081460019e-01 8.951603002063543536e+05
1.910300136597785636e-01 1.659807769227981335e+06
1.917941337144176972e-01 1.474493015409074258e+06
1.925613102492753359e-01 1.514639902728286339e+06
1.933315554902724498e-01 2.337939025140624493e+06
1.941048817122335568e-01 2.207940515318239573e+06
1.948813012390824828e-01 2.338282148822423071e+06
1.956608264440388156e-01 3.616839887881570496e+06
1.964434697498149418e-01 2.983882690556327347e+06
1.972292436288141937e-01 3.334287800477141514e+06
1.980181606033294406e-01 5.064281898510347120e+06
1.988102332457427346e-01 4.644439371992105618e+06
1.996054741787257336e-01 4.517000230504934676e+06
2.004038960754406518e-01 5.784238881837793626e+06
2.012055116597424309e-01 6.462899097302648239e+06
2.020103337063813842e-01 6.768059277041997761e+06
2.028183750412069219e-01 8.055299265612618998e+06
2.036296485413717494e-01 7.541601763139966875e+06
2.044441671355372303e-01 7.458867725002172403e+06
2.052619438040793887e-01 8.995283879405656829e+06
2.060829915792957157e-01 8.881031856894981116e+06
2.069073235456129201e-01 8.793993553059235215e+06
2.077349528397953449e-01 9.769056836851093918e+06
2.085658926511545219e-01 1.063234787875974737e+07
2.094001562217591150e-01 1.034172883310746588e+07
2.102377568466461677e-01 1.062293079489090852e+07
2.110787078740327671e-01 9.904052174743400887e+06
2.119230227055288740e-01 1.094298395706818067e+07
2.127707147963510126e-01 1.170658871267020889e+07
2.136217976555363773e-01 1.259478652437203564e+07
2.144762848461585492e-01 1.039804658363859542e+07
2.153341899855431840e-01 1.213261543181221932e+07
2.161955267454853669e-01 1.378504407880601101e+07
2.170603088524672986e-01 1.481075199134279601e+07
2.179285500878772042e-01 1.286558643852355890e+07
2.188002642882286852e-01 1.375016642621872388e+07
2.196754653453815986e-01 1.748556343862438574e+07
2.205541672067631020e-01 1.672827303812756762e+07
2.214363838755901703e-01 2.179536488130058348e+07
2.223221294110925284e-01 1.565532303934993595e+07
2.232114179287369160e-01 2.906687760903308541e+07
2.241042636004518529e-01 2.468781230411856249e+07
2.250006806548536520e-01 3.925481144846865535e+07
2.259006833774730438e-01 2.633333023749025539e+07
2.268042861109829667e-01 3.601739815408928692e+07
2.277115032554268836e-01 4.443788072960866988e+07
2.286223492684485714e-01 5.124422062455123663e+07
2.295368386655223802e-01 7.211109793716301024e+07
2.304549860201844658e-01 3.554436428784982115e+07
2.313768059642651864e-01 6.844656985247083008e+07
2.323023131881222503e-01 7.389459292167761922e+07
2.332315224408747223e-01 9.859705912611243129e+07
2.341644485306381973e-01 9.499455911992645264e+07
2.351011063247607502e-01 5.176176969207222015e+07
2.360415107500598020e-01 9.982960801730699837e+07
2.369856767930600405e-01 6.066555487999053299e+07
2.379336195002322851e-01 1.166279349101055264e+08
2.388853539782332114e-01 1.128402699911966324e+08
2.398408953941461863e-01 1.706211942671732008e+08
2.408002589757227141e-01 2.082733541107898355e+08
2.417634600116256582e-01 1.120165438088606745e+08
2.427305138516721306e-01 2.350218799357301593e+08
2.437014359070788505e-01 2.592568606957520545e+08
2.446762416507071713e-01 3.948064886803482771e+08
2.456549466173099938e-01 3.174180551314705014e+08
2.466375664037792625e-01 3.539096674756286144e+08
2.476241166693943785e-01 4.417052032763872147e+08
2.486146131360719436e-01 2.070048816796170771e+08
2.496090715886161993e-01 3.560059849551749825e+08
2.506075078749706586e-01 3.667559002227818966e+08
2.516099379064705155e-01 4.441444683723067641e+08
2.526163776580964138e-01 6.529444196402505636e+08
2.536268431687287994e-01 9.953057014169235229e+08
2.546413505414037437e-01 1.191271264775230408e+09
2.556599159435693491e-01 8.776809577606368065e+08
2.566825556073435988e-01 6.778767853375321627e+08
2.577092858297729827e-01 8.182413160301141739e+08
2.587401229730920682e-01 7.156249351683080196e+08
2.597750834649844576e-01 9.635799123427188396e+08
2.608141837988444123e-01 1.066109051272709131e+09
2.618574405340398092e-01 1.414506668985157728e+09
2.629048702961759298e-01 1.979475353692551136e+09
2.639564897773606367e-01 2.008565246838080645e+09
2.650123157364701054e-01 1.982477077875179768e+09
2.660723649994159445e-01 1.993255699396059990e+09
2.671366544594135917e-01 1.909664848983117104e+09
2.682052010772512096e-01 2.319138663303302765e+09
2.692780218815602478e-01 2.142332119813975811e+09
2.703551339690865030e-01 2.766435609249487877e+09
2.714365545049627904e-01 2.885725143797665596e+09
2.725223007229827243e-01 3.023728303193008900e+09
2.736123899258746106e-01 3.393437399644217491e+09
2.747068394855781692e-01 3.954007577495562553e+09
2.758056668435204806e-01 4.200821255394515991e+09
2.769088895108945403e-01 5.705045386068614960e+09
2.780165250689380918e-01 5.335135653151429176e+09
2.791285911692138466e-01 6.357362167734179497e+09
2.802451055338907038e-01 6.397293851446481705e+09
2.813660859560263017e-01 6.542687209875989914e+09
2.824915502998503469e-01 6.704611167868674278e+09
2.836215165010497197e-01 6.816983575807859421e+09
2.847560025670539119e-01 4.762104425690322876e+09
2.858950265773221866e-01 6.389952884951104164e+09
2.870386066836315142e-01 8.593072271967660904e+09
2.881867611103660631e-01 1.079195368741119766e+10
2.893395081548075787e-01 1.347165227834548950e+10
2.904968661874267610e-01 1.501537322411228943e+10
2.916588536521764197e-01 1.778902586397853088e+10
2.928254890667851273e-01 1.728997318161593246e+10
2.939967910230522619e-01 1.845958505194885254e+10
2.951727781871444911e-01 1.703392800538670158e+10
2.963534692998930908e-01 1.881239860438850784e+10
2.975388831770926501e-01 1.949484499605602646e+10
2.987290387098009981e-01 2.379970470985700989e+10
2.999239548646402409e-01 2.102748701525074005e+10
3.011236506840988536e-01 3.141162213508950043e+10
3.023281452868351593e-01 2.139964117536951447e+10
3.035374578679824742e-01 3.979980064170178223e+10
3.047516076994544187e-01 3.810625399099946594e+10
3.059706141302522830e-01 4.299268153465148163e+10
3.071944965867733357e-01 5.964567855814031219e+10
3.084232745731204095e-01 7.361494168175648499e+10
3.096569676714128194e-01 6.391468449492433929e+10
3.108955955420985018e-01 9.115856232831744385e+10
3.121391779242668751e-01 9.786993207742935181e+10
3.133877346359639215e-01 1.141209960838131866e+11
3.146412855745078230e-01 1.376135606817126465e+11
3.158998507168058190e-01 1.314355527396002655e+11
3.171634501196730627e-01 1.884126560443786011e+11
3.184321039201517545e-01 1.521014404583196411e+11
3.197058323358323295e-01 1.419153934651904297e+11
3.209846556651756444e-01 1.786113055110591736e+11
3.222685942878363852e-01 2.022346335162653198e+11
3.235576686649877520e-01 2.000470588482856445e+11
3.248518993396476984e-01 2.539217224835146484e+11
3.261513069370062801e-01 2.883836516861420898e+11
3.274559121647543369e-01 3.271951978639716187e+11
3.287657358134133401e-01 3.390223400882308960e+11
3.300807987566670154e-01 3.831490496431436157e+11
3.314011219516936890e-01 4.508543945651173706e+11
3.327267264395004642e-01 4.451741876355817871e+11
3.340576333452584534e-01 4.915706488426409912e+11
3.353938638786395088e-01 4.604876472658912354e+11
3.367354393341540630e-01 4.250363615051654053e+11
3.380823810914907468e-01 4.636767635009305420e+11
3.394347106158566718e-01 5.578533027496701660e+11
3.407924494583201014e-01 5.418548650470856934e+11
3.421556192561533982e-01 5.319141766352540894e+11
3.435242417331779707e-01 3.890308423331785889e+11
3.448983387001106626e-01 4.360300997923038940e+11
3.462779320549111417e-01 5.072830159189553223e+11
3.476630437831307319e-01 4.295847621349786377e+11
3.490536959582632992e-01 4.644192080362505493e+11
3.504499107420963600e-01 7.656180298246602783e+11
3.518517103850647421e-01 6.531932148376533203e+11
3.532591172266050239e-01 7.936693075659753418e+11
3.546721536955114717e-01 9.359033216930627441e+11
3.560908423102934761e-01 5.256979541823882446e+11
3.575152056795346533e-01 3.778998448579293823e+11
3.589452665022527800e-01 6.152191717224877930e+11
3.603810475682617254e-01 7.777289984274425049e+11
3.618225717585348278e-01 6.459062245508955078e+11
3.632698620455689364e-01 6.916556890890468750e+11
3.647229414937512293e-01 6.113154624077398682e+11
3.661818332597261971e-01 1.106736847929888184e+12
3.676465605927651259e-01 8.635408702034436035e+11
3.691171468351361895e-01 9.577273030789082031e+11
3.705936154224767076e-01 6.335434930698969727e+11
3.720759898841666247e-01 3.597724560463651123e+11
3.735642938437032656e-01 3.385865595962045898e+11
3.750585510190780902e-01 3.747747816668509521e+11
3.765587852231543908e-01 6.982049009730892334e+11
3.780650203640470441e-01 1.298520338825183594e+12
3.795772804455032068e-01 8.639217742351275635e+11
3.810955895672852312e-01 9.539768803962338867e+11
3.826199719255543585e-01 4.290842852367583618e+11
3.841504518132565771e-01 6.667583020102890625e+11
3.856870536205096456e-01 5.139869754797730713e+11
3.872298018349916715e-01 8.031168329886541748e+11
3.887787210423316320e-01 7.723654664768884277e+11
3.903338359265008939e-01 8.940956476910340576e+11
3.918951712702069545e-01 8.711808573104504395e+11
3.934627519552877928e-01 4.601788998988299561e+11
3.950366029631089404e-01 1.055487822429224121e+12
3.966167493749613859e-01 7.292102145481693115e+11
3.982032163724612550e-01 1.399317832884897217e+12
3.997960292379510450e-01 1.672664489811060791e+12
4.013952133549028578e-01 2.003803269261948486e+12
4.030007942083224659e-01 2.314911526372160645e+12
4.046127973851557647e-01 1.911189371836992432e+12
4.062312485746963908e-01 1.929094070113842773e+12
4.078561735689951728e-01 2.182389649943999756e+12
4.094875982632711353e-01 2.457618095041847656e+12
4.111255486563242245e-01 2.750771645591137207e+12
4.127700508509495880e-01 2.515334714483093750e+12
4.144211310543532978e-01 2.418047807478435059e+12
4.160788155785707931e-01 2.785612155589264648e+12
4.177431308408850463e-01 2.466104604124573730e+12
4.194141033642486138e-01 1.967715935641936523e+12
4.210917597777056320e-01 1.341364276955070312e+12
4.227761268168164221e-01 4.876568078242683105e+11
4.244672313240837602e-01 1.326818814305417236e+12
4.261651002493800910e-01 2.071962657685834229e+12
4.278697606503775730e-01 2.233575593037496094e+12
4.295812396929790666e-01 1.699598489585278809e+12
4.312995646517510107e-01 2.253692917630452148e+12
4.330247629103580187e-01 2.788647920194198730e+12
4.347568619619994745e-01 3.343445614960837891e+12
4.364958894098474596e-01 3.262021201695522461e+12
4.382418729674867897e-01 2.422296126421865723e+12
4.399948404593567730e-01 3.022695199085821289e+12
4.417548198211941890e-01 3.110302251244173340e+12
4.435218391004789873e-01 2.735936161899769043e+12
4.452959264568808750e-01 2.864194167578071289e+12
4.470771101627084021e-01 3.626876524648309570e+12
4.488654186033592119e-01 3.588033462959600098e+12
4.506608802777726241e-01 4.008827105939696777e+12
4.524635237988837710e-01 3.284984671146964844e+12
4.542733778940792333e-01 3.572248524820881836e+12
4.560904714056555065e-01 4.013794894185547852e+12
4.579148332912781894e-01 3.795830199915503906e+12
4.597464926244433370e-01 4.078005233781963867e+12
4.615854785949410899e-01 4.295794274335613770e+12
4.634318205093208576e-01 4.107717345350933105e+12
4.652855477913582227e-01 4.215762753979377441e+12
4.671466899825236219e-01 4.169929171098742676e+12
4.690152767424536906e-01 4.134923337491377930e+12
4.708913378494234969e-01 4.456500555041862305e+12
4.727749032008212171e-01 4.397296840959333984e+12
4.746660028136244769e-01 4.500246901399812500e+12
4.765646668248789131e-01 4.082419214434488770e+12
4.784709254921784560e-01 3.405797608443592285e+12
4.803848091941470555e-01 3.991640307234375000e+12
4.823063484309236815e-01 4.131586232981427734e+12
4.842355738246474361e-01 4.312879656214637695e+12
4.861725161199459966e-01 4.691413126267367188e+12
4.881172061844257226e-01 4.700127624842414062e+12
4.900696750091634302e-01 4.649058126434288086e+12
4.920299537092001074e-01 4.711701456720263672e+12
4.939980735240369625e-01 5.049010549433064453e+12
4.959740658181330253e-01 4.670129142997437500e+12
4.979579620814056362e-01 4.463072201636061523e+12
4.999497939297311566e-01 3.974357363154750488e+12
5.019495931054501758e-01 3.880071613175499512e+12
5.039573914778719965e-01 4.208049977942627930e+12
5.059732210437835054e-01 4.259704999538800781e+12
5.079971139279585435e-01 4.221351349496498047e+12
5.100291023836703852e-01 3.874951961656566406e+12
5.120692187932051054e-01 3.704129022447572754e+12
5.141174956683780550e-01 3.643497494518463379e+12
5.161739656510514473e-01 3.060287937868033691e+12
5.182386615136556074e-01 2.612495181365236816e+12
5.203116161597103329e-01 3.851285359148499512e+12
5.223928626243490303e-01 4.843711928796932617e+12
5.244824340748465152e-01 5.211960029220345703e+12
5.265803638111459239e-01 4.174754027748530273e+12
5.286866852663905103e-01 5.356748125969348633e+12
5.308014320074561088e-01 5.478690059427096680e+12
5.329246377354859288e-01 4.697126958403887695e+12
5.350563362864277916e-01 5.533193798264076172e+12
5.371965616315735881e-01 5.070338233733616211e+12
5.393453478780998456e-01 5.212103372098051758e+12
5.415027292696121819e-01 5.336534581249477539e+12
5.436687401866906466e-01 4.668405662143304688e+12
5.458434151474373941e-01 5.013963659655460938e+12
5.480267888080271321e-01 5.403907701602016602e+12
5.502188959632591247e-01 5.238956445371708984e+12
5.524197715471121928e-01 5.549715600833110352e+12
5.546294506333006025e-01 5.758674092757908203e+12
5.568479684358338400e-01 5.738697240105095703e+12
5.590753603095770519e-01 5.080519373106706055e+12
5.613116617508153716e-01 5.591084046826824219e+12
5.635569083978186899e-01 5.870562301845842773e+12
5.658111360314097560e-01 6.062018977738791016e+12
5.680743805755354980e-01 5.908403005726412109e+12
5.703466780978375672e-01 6.227500730949635742e+12
5.726280648102289872e-01 6.314843448435741211e+12
5.749185770694699160e-01 6.463554054060063477e+12
5.772182513777477375e-01 6.395526861618181641e+12
5.795271243832587071e-01 6.556658632437582031e+12
5.818452328807918184e-01 6.544983419427972656e+12
5.841726138123150003e-01 6.557860539341906250e+12
5.865093042675643131e-01 5.944825081632347656e+12
5.888553414846344758e-01 3.462180757062824219e+12
5.912107628505729462e-01 5.211004983222590820e+12
5.935756059019753339e-01 5.921665007855973633e+12
5.959499083255832552e-01 5.946549742059877930e+12
5.983337079588855190e-01 6.158897921270576172e+12
6.007270427907210886e-01 6.380304472291082031e+12
6.031299509618840426e-01 6.629209091010472656e+12
6.055424707657315331e-01 6.810545459446210938e+12
6.079646406487945187e-01 7.016787497032960938e+12
6.103964992113897203e-01 6.899930308895586914e+12
6.128380852082353503e-01 6.739837859395054688e+12
6.152894375490681744e-01 6.336319455473802734e+12
6.177505952992645710e-01 6.140762219936496094e+12
6.202215976804615893e-01 6.152549506251084961e+12
6.227024840711834486e-01 5.685078180185002930e+12
6.251932940074681477e-01 6.042057689239661133e+12
6.276940671834980723e-01 6.336934942830728516e+12
6.302048434522321552e-01 6.598146264862016602e+12
6.327256628260409244e-01 6.842392942282126953e+12
6.352565654773452142e-01 6.740270994676488281e+12
6.377975917392545435e-01 5.923715357251490234e+12
6.403487821062116003e-01 6.666989420061842773e+12
6.429101772346363930e-01 7.063001386981777344e+12
6.454818179435749537e-01 7.156356412900154297e+12
6.480637452153492628e-01 7.558471289720547852e+12
6.506560001962106154e-01 7.434633150805416016e+12
6.532586241969955410e-01 7.974602573300363281e+12
6.558716586937833881e-01 7.755875423689757812e+12
6.584951453285585732e-01 7.696162658466494141e+12
6.611291259098727169e-01 7.739846360866074219e+12
6.637736424135122215e-01 7.637524462593427734e+12
6.664287369831662922e-01 7.427057779793063477e+12
6.690944519310989547e-01 7.229859704767473633e+12
6.717708297388232941e-01 7.056103862110174805e+12
6.744579130577786907e-01 6.924141836256934570e+12
6.771557447100098326e-01 6.913214873598162109e+12
6.798643676888498355e-01 6.480701318491005859e+12
6.825838251596052508e-01 6.361916572974382812e+12
6.853141604602436265e-01 5.911666802442750000e+12
6.880554171020846210e-01 5.480206018597763672e+12
6.908076387704928933e-01 5.462214416290258789e+12
6.935708693255748791e-01 6.564665851128119141e+12
6.963451528028771209e-01 6.933061483998891602e+12
6.991305334140887062e-01 7.120393431478760742e+12
7.019270555477450380e-01 7.361987139694725586e+12
7.047347637699360456e-01 8.203794412485916992e+12
7.075537028250157290e-01 7.993130686608069336e+12
7.103839176363159202e-01 7.625415313848255859e+12
7.132254533068611568e-01 7.398344554503426758e+12
7.160783551200886610e-01 7.487763511882011719e+12
7.189426685405689854e-01 7.795015446606540039e+12
7.218184392147313222e-01 7.863789157819250977e+12
7.247057129715901436e-01 8.055224295519761719e+12
7.276045358234763949e-01 8.310429422482523438e+12
7.305149539667704639e-01 8.460829874827464844e+12
7.334370137826373703e-01 8.443564645232605469e+12
7.363707618377679509e-01 8.490739725351722656e+12
7.393162448851190449e-01 8.557144481797911133e+12
7.422735098646596752e-01 8.539692052566264648e+12
7.452426039041182282e-01 8.590272728712666992e+12
7.482235743197346300e-01 8.640740081137332031e+12
7.512164686170136330e-01 8.660419800703157227e+12
7.542213344914817652e-01 8.695832823878397461e+12
7.572382198294477229e-01 8.713649582596000977e+12
7.602671727087656484e-01 8.640535547011366211e+12
7.633082413996006288e-01 8.687046414846724609e+12
7.663614743651989691e-01 8.284741784341721680e+12
7.694269202626597970e-01 8.347443304354616211e+12
7.725046279437104424e-01 8.532965994593103516e+12
7.755946464554852593e-01 8.474235173413192383e+12
7.786970250413072225e-01 8.507963970641420898e+12
7.818118131414724115e-01 8.514578238537454102e+12
7.849390603940383793e-01 8.520741029396276367e+12
7.880788166356144098e-01 8.596107426705138672e+12
7.912311319021569922e-01 8.595856792562250000e+12
7.943960564297655180e-01 8.594805245289381836e+12
7.975736406554845281e-01 8.684103306882882812e+12
8.007639352181065151e-01 8.723562502330581055e+12
8.039669909589789443e-01 8.684430951488209961e+12
8.071828589228148276e-01 8.693857609179026367e+12
8.104115903585061842e-01 8.723348377742976562e+12
8.136532367199402760e-01 8.735162670823995117e+12
8.169078496668199518e-01 8.638586767293428711e+12
8.201754810654874328e-01 8.200470584245047852e+12
8.234561829897493190e-01 8.669539228367421875e+12
8.267500077217083687e-01 8.697143301835144531e+12
8.300570077525952772e-01 8.647867068182572266e+12
8.333772357836056743e-01 8.545763316383714844e+12
8.367107447267401188e-01 8.433171723149699219e+12
8.400575877056470908e-01 8.407794397108418945e+12
8.434178180564695371e-01 8.272450143412474609e+12
8.467914893286955236e-01 8.359314957154983398e+12
8.501786552860102208e-01 8.158659550568878906e+12
8.535793699071543283e-01 7.884871649722771484e+12
8.569936873867830540e-01 8.455101132494237305e+12
8.604216621363300899e-01 8.495553729944759766e+12
8.638633487848753623e-01 8.386000025507788086e+12
8.673188021800150027e-01 7.721201978627481445e+12
8.707880773887352044e-01 8.164378771942367188e+12
8.742712296982900755e-01 8.204933052804869141e+12
8.777683146170831563e-01 8.305054997590197266e+12
8.812793878755513788e-01 8.168881902378717773e+12
8.848045054270535781e-01 8.344411710101951172e+12
8.883437234487617795e-01 8.091308799930470703e+12
8.918970983425568155e-01 8.215831388205972656e+12
8.954646867359271623e-01 8.195325422264898438e+12
8.990465454828707736e-01 8.190694958233254883e+12
9.026427316648023558e-01 8.094721103342413086e+12
9.062533025914615292e-01 8.017640911683225586e+12
9.098783158018273198e-01 8.084584256383189453e+12
9.135178290650346478e-01 8.120631872395778320e+12
9.171719003812948134e-01 8.155263735041710938e+12
9.208405879828199803e-01 8.185652485918684570e+12
9.245239503347512100e-01 8.166499189495265625e+12
9.282220461360901620e-01 8.128437221465130859e+12
9.319349343206346781e-01 8.065383237092846680e+12
9.356626740579171431e-01 8.027345211515145508e+12
9.394053247541488405e-01 7.895348355534021484e+12
9.431629460531654185e-01 7.981688265781171875e+12
9.469355978373780180e-01 7.996048467454561523e+12
9.507233402287275092e-01 8.006757539736000977e+12
9.545262335896426142e-01 7.960635850502186523e+12
9.583443385240012491e-01 7.902882033057690430e+12
9.621777158780971950e-01 7.856982538525808594e+12
9.660264267416096562e-01 7.775839885366660156e+12
9.698905324485760371e-01 7.820875455283386719e+12
9.737700945783701600e-01 7.721491500068892578e+12
9.776651749566835914e-01 7.643230537906528320e+12
9.815758356565105203e-01 7.787434760491093750e+12
9.855021389991363012e-01 7.731054207276849609e+12
9.894441475551331022e-01 7.502628223412407227e+12
9.934019241453534432e-01 7.054119727314220703e+12
9.973755318419349480e-01 7.230931044745307617e+12
1.001365033969302543e+00 7.312962922540336914e+12
1.005370494105179757e+00 7.204396952981171875e+12
1.009391976081600362e+00 7.305978436888728516e+12
1.013429543985926884e+00 7.305965289938516602e+12
1.017483262161870350e+00 7.282713940369551758e+12
1.021553195210518128e+00 7.293533229497442383e+12
1.025639407991360219e+00 7.112972534084356445e+12
1.029741965623325539e+00 7.046156828309033203e+12
1.033860933485818867e+00 7.049710075948536133e+12
1.037996377219762012e+00 7.161938902142618164e+12
1.042148362728641198e+00 7.097381645104452148e+12
1.046316956179555557e+00 7.171200671435743164e+12
1.050502224004274066e+00 7.131748945164458008e+12
1.054704232900291139e+00 7.173618371835382812e+12
1.058923049831892227e+00 7.092739023381918945e+12
1.063158742031219628e+00 7.094900404295879883e+12
1.067411376999344741e+00 6.980231545374829102e+12
1.071681022507342096e+00 6.974540742768980469e+12
1.075967746597371377e+00 7.008087111667399414e+12
1.080271617583760779e+00 6.962233874094696289e+12
1.084592704054095913e+00 6.979540760747702148e+12
1.088931074870312044e+00 6.968094063453796875e+12
1.093286799169793433e+00 6.943425384842444336e+12
1.097659946366472461e+00 6.892298292768759766e+12
1.102050586151938294e+00 6.887206896266258789e+12
1.106458788496546219e+00 6.865842458418892578e+12
1.110884623650532532e+00 6.803744010228651367e+12
1.115328162145134749e+00 6.838359511196971680e+12
1.119789474793714934e+00 6.790247433426923828e+12
1.124268632692889902e+00 6.785152534125997070e+12
1.128765707223661430e+00 6.740973795631993164e+12
1.133280770052556230e+00 6.738265201329184570e+12
1.137813893132766374e+00 6.554328994737185547e+12
1.142365148705297484e+00 6.499634317743091797e+12
1.146934609300118479e+00 6.631844192925563477e+12
1.151522347737319096e+00 6.662325190014191406e+12
1.156128437128268516e+00 6.582405352959581055e+12
1.160752950876781542e+00 6.479289997757742188e+12
1.165395962680288999e+00 6.515041898055657227e+12
1.170057546531009907e+00 6.466335642255014648e+12
1.174737776717134086e+00 6.460747629996444336e+12
1.179436727824002773e+00 6.377047350038372070e+12
1.184154474735298557e+00 6.259160687464949219e+12
1.188891092634239977e+00 6.302956999711206055e+12
1.193646657004777012e+00 6.326522168642703125e+12
1.198421243632796118e+00 6.123026036594646484e+12
1.203214928607327261e+00 6.207076749986188477e+12
1.208027788321756724e+00 6.181716204910658203e+12
1.212859899475043468e+00 6.178094175073165039e+12
1.217711339072943710e+00 6.180333800143078125e+12
1.222582184429235275e+00 6.124850340753381836e+12
1.227472513166952384e+00 6.135964390758555664e+12
1.232382403219620226e+00 6.083474606480558594e+12
1.237311932832498407e+00 6.045221989307275391e+12
1.242261180563828615e+00 5.897814101377049805e+12
1.247230225286083849e+00 5.943089496343070312e+12
1.252219146187228072e+00 5.888299313791177734e+12
1.257228022771976983e+00 5.891241903036861328e+12
1.262256934863064783e+00 5.855781568532257812e+12
1.267305962602517155e+00 5.857028956097787109e+12
1.272375186452927354e+00 5.812496263043684570e+12
1.277464687198738957e+00 5.785537592804921875e+12
1.282574545947533950e+00 5.704377318282062500e+12
1.287704844131324133e+00 5.670932521990666992e+12
1.292855663507849417e+00 5.627606830104809570e+12
1.298027086161880783e+00 5.641567292987838867e+12
1.303219194506528344e+00 5.617362436910195312e+12
1.308432071284554521e+00 5.572853823151199219e+12
1.313665799569692760e+00 5.572538509517226562e+12
1.318920462767971591e+00 5.548992216995672852e+12
1.324196144619043336e+00 5.490335992501059570e+12
1.329492929197519491e+00 5.438631460780765625e+12
1.334810900914309650e+00 5.375553871980496094e+12
1.340150144517967101e+00 5.340413485002014648e+12
1.345510745096038852e+00 5.324064576474406250e+12
1.350892788076423212e+00 5.308479845530873047e+12
1.356296359228728932e+00 5.277447406947891602e+12
1.361721544665643879e+00 5.266476671881043945e+12
1.367168430844306393e+00 5.240560648938333984e+12
1.372637104567683730e+00 5.234286804488652344e+12
1.378127652985954299e+00 5.198040545474852539e+12
1.383640163597898098e+00 5.179820609640048828e+12
1.389174724252289828e+00 5.138915241073379883e+12
1.394731423149298877e+00 5.110709513116223633e+12
1.400310348841896202e+00 5.079555795840383789e+12
1.405911590237263642e+00 5.048831311180144531e+12
1.411535236598212784e+00 5.020406039271851562e+12
1.417181377544605603e+00 4.992157133888342773e+12
1.422850103054784210e+00 4.961460445635603516e+12
1.428541503467003038e+00 4.872375825844339844e+12
1.434255669480871243e+00 4.930713957468674805e+12
1.439992692158794885e+00 4.898002649235070312e+12
1.445752662927429988e+00 4.882110375823218750e+12
1.451535673579139596e+00 4.852298090265040039e+12
1.457341816273456159e+00 4.823753857944557617e+12
1.463171183538549913e+00 4.811245436551133789e+12
1.469023868272704147e+00 4.773115431222691406e+12
1.474899963745795128e+00 4.764203713525968750e+12
1.480799563600778246e+00 4.741486357470838867e+12
1.486722761855181485e+00 4.639503750459760742e+12
1.492669652902602007e+00 4.705245474701512695e+12
1.498640331514212276e+00 4.665899646810333008e+12
1.504634892840269300e+00 4.348204726434497559e+12
1.510653432411630304e+00 4.644614882001068359e+12
1.516696046141276843e+00 4.633182778073281250e+12
1.522762830325842032e+00 4.622349570341303711e+12
1.528853881647145307e+00 4.602636454770467773e+12
1.534969297173733649e+00 4.577537370796860352e+12
1.541109174362428780e+00 4.576988655611350586e+12
1.547273611059878373e+00 4.559975166524746094e+12
1.553462705504118135e+00 4.535434173612661133e+12
1.559676556326134556e+00 4.518513280570199219e+12
1.565915262551438980e+00 4.510642275895916992e+12
1.572178923601644795e+00 4.446728706716223633e+12
1.578467639296051495e+00 4.421002104044188477e+12
1.584781509853235626e+00 4.465496732952822266e+12
1.591120635892648405e+00 4.427590116363141602e+12
1.597485118436219098e+00 4.456501686147412109e+12
1.603875058909963958e+00 4.430445391714363281e+12
1.610290559145603595e+00 4.416645826235380859e+12
1.616731721382186127e+00 4.180181864079444824e+12
1.623198648267714761e+00 4.340569829028177734e+12
1.629691442860785600e+00 4.366652912927973633e+12
1.636210208632228769e+00 4.349169389316739258e+12
1.642755049466757766e+00 4.286680792772808105e+12
1.649326069664624805e+00 4.257587910338560547e+12
1.655923373943283039e+00 4.224702737557527832e+12
1.662547067439056336e+00 4.172079110169246582e+12
1.669197255708812611e+00 4.141289243991449219e+12
1.675874044731648027e+00 4.099621771684661621e+12
1.682577540910574321e+00 4.049903570444456055e+12
1.689307851074216771e+00 4.009471009884268555e+12
1.696065082478513508e+00 3.963608832435337891e+12
1.702849342808427480e+00 3.912764047907605469e+12
1.709660740179661298e+00 3.733329231891173340e+12
1.716499383140379864e+00 3.806600267603263672e+12
1.723365380672941427e+00 3.764968510373675293e+12
1.730258842195633306e+00 3.717188352011497559e+12
1.737179877564415831e+00 3.658095866998460938e+12
1.744128597074673603e+00 3.615105946432235840e+12
1.751105111462972097e+00 3.561182083681877441e+12
1.758109531908824241e+00 3.501916730341748535e+12
1.765141970036459451e+00 3.462051643359084473e+12
1.772202537916605314e+00 3.405699788295404785e+12
1.779291348068271716e+00 3.351141256686057617e+12
1.786408513460544745e+00 3.305816243260952148e+12
1.793554147514387020e+00 3.254209959503382812e+12
1.800728364104444257e+00 3.215852010576206543e+12
1.807931277560862249e+00 3.163936548784317383e+12
1.815163002671105641e+00 3.140114319883464355e+12
1.822423654681789795e+00 3.098766468670243652e+12
1.829713349300517100e+00 3.055007558208826172e+12
1.837032202697718830e+00 3.024345007126978516e+12
1.844380331508509885e+00 2.932583629143973633e+12
1.851757852834543527e+00 2.923902902864453613e+12
1.859164884245881888e+00 2.850713812537454590e+12
1.866601543782865358e+00 2.867528673972347168e+12
1.874067949957996859e+00 2.813861304880662598e+12
1.881564221757828781e+00 2.800469178711751953e+12
1.889090478644860127e+00 2.753512371386318359e+12
1.896646840559439662e+00 2.737963936697740234e+12
1.904233427921677269e+00 2.711581689080560547e+12
1.911850361633363971e+00 2.692053437655906250e+12
1.919497763079897279e+00 2.653747122449819336e+12
1.927175754132217200e+00 2.534358784612709473e+12
1.934884457148745796e+00 2.545388984080835449e+12
1.942623994977340729e+00 2.378348556774676270e+12
1.950394490957250149e+00 2.400282405469068359e+12
1.958196068921079336e+00 2.500626902227515625e+12
1.966028853196763793e+00 2.479625574560408691e+12
1.973892968609550991e+00 2.293159294146749023e+12
1.981788540483989447e+00 2.245218892880224609e+12
1.989715694645925126e+00 2.228837104045251953e+12
1.997674557424508723e+00 2.325266785581770508e+12
2.005665255654207169e+00 2.321243593569562988e+12
2.013687916676823786e+00 2.289495651236518555e+12
2.021742668343530891e+00 2.265054084556685059e+12
2.029829639016905052e+00 2.232791394257593750e+12
2.037948957572972564e+00 2.206328451994856445e+12
2.046100753403264694e+00 2.177931092677708496e+12
2.054285156416877811e+00 2.161778551566283447e+12
2.062502297042545507e+00 2.118334433813877686e+12
2.070752306230715600e+00 2.108203133034325439e+12
2.079035315455638244e+00 2.084343562115156982e+12
2.087351456717461140e+00 2.057811262759760254e+12
2.095700862544330967e+00 2.024292068725167725e+12
2.104083665994508134e+00 2.016813734298072754e+12
2.112500000658485977e+00 1.995309117556476074e+12
2.120950000661120161e+00 1.974358347657461914e+12
2.129433800663764753e+00 1.947878433356865479e+12
2.137951535866419839e+00 1.928866586779147461e+12
2.146503342009885351e+00 1.913063346758898193e+12
2.155089355377924676e+00 1.892055191858648682e+12
2.163709712799436691e+00 1.873925686468791260e+12
2.172364551650634468e+00 1.852760556390317139e+12
2.181054009857236853e+00 1.822847424028979248e+12
2.189778225896665376e+00 1.806810639750485840e+12
2.198537338800252705e+00 1.791948892827631348e+12
2.207331488155453325e+00 1.741509065590552979e+12
2.216160814108075083e+00 1.757225724141789795e+12
2.225025457364507631e+00 1.718658203069370117e+12
2.233925559193965515e+00 1.712373429118653320e+12
2.242861261430741493e+00 1.698282899692893066e+12
2.251832706476463830e+00 1.680565407142467285e+12
2.260840037302370042e+00 1.642157755993575928e+12
2.269883397451579299e+00 1.640943123825414307e+12
2.278962931041386142e+00 1.613520218966608887e+12
2.288078782765551100e+00 1.603441850823322754e+12
2.297231097896613505e+00 1.489356855098140869e+12
2.306420022288200311e+00 1.524725739536626465e+12
2.315645702377353121e+00 1.513297649002663818e+12
2.324908285186861878e+00 1.412230085046107422e+12
2.334207918327609654e+00 1.437897885034228027e+12
2.343544750000919663e+00 1.438951392396303467e+12
2.352918929000923143e+00 1.363599310766067871e+12
2.362330604716927240e+00 1.372226582689442627e+12
2.371779927135795329e+00 1.376311974973409180e+12
2.381267046844337987e+00 1.318923428032486816e+12
2.390792115031715070e+00 1.300581959937785645e+12
2.400355283491842240e+00 1.300479427786217529e+12
2.409956704625809465e+00 1.265073420100119873e+12
2.419596531444312859e+00 1.227668624035557861e+12
2.429274917570089620e+00 1.225421211650640869e+12
2.438992017240370291e+00 1.213093385608709473e+12
2.448747985309331465e+00 1.153261888577846924e+12
2.458542977250568917e+00 1.149748786784086670e+12
2.468377149159570738e+00 1.152110519280201416e+12
2.478250657756209563e+00 1.099496112717369263e+12
2.488163660387234355e+00 1.092084769278974243e+12
2.498116315028783063e+00 1.090953449927464966e+12
2.508108780288898387e+00 1.061336968554186401e+12
2.518141215410053757e+00 1.045635753346283691e+12
2.528213780271693967e+00 1.027417990072012573e+12
2.538326635392781139e+00 1.018514515010240479e+12
2.548479941934351789e+00 1.002940225608151733e+12
2.558673861702089436e+00 9.933417127152540283e+11
2.568908557148898097e+00 9.901355857289855957e+11
2.579184191377493551e+00 9.697095866602014160e+11
2.589500928143003478e+00 9.674692760264831543e+11
2.599858931855575594e+00 9.620335797710070801e+11
2.610258367582998229e+00 9.577815633014177246e+11
2.620699401053329769e+00 9.417867081952578125e+11
2.631182198657543214e+00 9.375207212028049316e+11
2.641706927452173392e+00 9.286496135649704590e+11
2.652273755161981938e+00 9.255148997962902832e+11
2.662882850182629824e+00 9.144357358862558594e+11
2.673534381583360542e+00 8.943824608487082520e+11
2.684228519109693956e+00 8.830460593986809082e+11
2.694965433186132575e+00 8.624423387749831543e+11
2.705745294918877164e+00 8.534443050857492676e+11
2.716568276098552559e+00 8.344428215708776855e+11
2.727434549202946812e+00 8.151439876380721436e+11
2.738344287399758326e+00 8.016336636035096436e+11
2.749297664549357201e+00 7.937729125842658691e+11
2.760294855207554576e+00 7.848598534706925049e+11
2.771336034628385292e+00 7.690856236421093750e+11
2.782421378766898545e+00 7.578860477182996826e+11
2.793551064281966312e+00 7.541198136496541748e+11
2.804725268539093985e+00 7.329223829390145264e+11
2.815944169613250558e+00 7.182469394355126953e+11
2.827207946291703244e+00 7.231843929565605469e+11
2.838516778076869862e+00 7.008464075929353027e+11
2.849870845189177437e+00 6.900292378992093506e+11
2.861270328569933685e+00 6.941415452092738037e+11
2.872715409884213589e+00 6.737730529209583740e+11
2.884206271523750420e+00 6.685564190773588867e+11
2.895743096609845413e+00 6.643756792322629395e+11
2.907326068996284985e+00 6.414095189663742676e+11
2.918955373272270393e+00 6.435307960136485596e+11
2.930631194765359826e+00 6.279494964385295410e+11
2.942353719544420709e+00 6.150424340724074707e+11
2.954123134422598440e+00 6.159716014841583252e+11
2.965939626960289122e+00 6.010811378898359375e+11
2.977803385468130504e+00 6.006930020781134033e+11
2.989714599010003138e+00 5.859646233504188232e+11
3.001673457406043077e+00 5.821456775372441406e+11
3.013680151235667015e+00 5.759255215164180908e+11
3.025734871840609408e+00 5.570012957730614014e+11
3.037837811327972037e+00 5.668263579727575684e+11
3.049989162573283785e+00 5.470490249025087891e+11
3.062189119223576395e+00 5.493328936166147461e+11
3.074437875700470890e+00 5.368345639012478027e+11
3.086735627203272880e+00 5.299136171971930542e+11
3.099082569712085622e+00 5.285321717894706421e+11
3.111478899990933744e+00 5.162049093526552124e+11
3.123924815590897186e+00 5.151357677405454712e+11
3.136420514853261121e+00 5.065072691600946655e+11
3.148966196912674320e+00 5.014071398044293823e+11
3.161562061700325277e+00 4.965812492395689697e+11
3.174208309947126327e+00 4.878377767698955688e+11
3.186905143186915090e+00 4.875719634972223511e+11
3.199652763759662566e+00 4.746002026740644531e+11
3.212451374814701222e+00 4.784544528739344482e+11
3.225301180313960625e+00 4.690382455695774536e+11
3.238202385035215958e+00 4.641232703947343140e+11
3.251155194575356955e+00 4.599181468387451782e+11
3.264159815353658622e+00 4.543692447703005371e+11
3.277216454615073271e+00 4.494180055374344482e+11
3.290325320433533207e+00 4.439745452233333740e+11
3.303486621715267635e+00 4.407684654286709595e+11
3.316700568202128441e+00 4.332994391899523926e+11
3.329967370474937294e+00 4.323472648869699097e+11
3.343287239956836743e+00 4.242556801890195312e+11
3.356660388916663962e+00 4.210293864307714233e+11
3.370087030472330714e+00 4.164418096074441528e+11
3.383567378594220187e+00 4.108271136352281494e+11
3.397101648108596716e+00 4.067748457529221191e+11
3.410690054701031482e+00 4.000221254080777588e+11
3.424332814919834878e+00 3.977104563788097534e+11
3.438030146179514634e+00 3.925074786761978760e+11
3.451782266764232610e+00 3.881600542814041138e+11
3.465589395831289998e+00 3.836784819494483032e+11
3.479451753414614767e+00 3.788099893252559204e+11
3.493369560428273068e+00 3.734609266300740356e+11
3.507343038669985980e+00 3.706091186979807129e+11
3.521372410824665788e+00 3.642213716592797852e+11
3.535457900467964709e+00 3.605655992847338257e+11
3.549599732069836477e+00 3.562020496073109741e+11
3.563798130998116154e+00 3.514505172062614746e+11
3.578053323522108364e+00 3.472089211402408447e+11
3.592365536816196858e+00 3.429999735963784790e+11
3.606734998963461614e+00 3.385285828723857422e+11
3.621161938959315041e+00 3.340220681056901245e+11
3.635646586715152839e+00 3.297376113658453369e+11
3.650189173062013293e+00 3.256056645620946045e+11
3.664789929754260545e+00 3.213999613009259033e+11
3.679449089473277645e+00 3.165941163284913940e+11
3.694166885831170699e+00 3.129263557588621826e+11
3.708943553374495661e+00 3.091464791830312500e+11
3.723779327587993571e+00 3.051204687549173584e+11
3.738674444898345328e+00 3.007228769558321533e+11
3.753629142677938901e+00 2.974694948707731323e+11
3.768643659248651190e+00 2.930090023101690674e+11
3.783718233885645432e+00 2.896562589358269653e+11
3.798853106821188153e+00 2.855592713546609497e+11
3.814048519248473657e+00 2.818569813072139282e+11
3.829304713325467180e+00 2.774001295462257690e+11
3.844621932178768908e+00 2.740639297056491089e+11
3.860000419907484215e+00 2.705495900030920105e+11
3.875440421587113882e+00 2.665294846891295471e+11
3.890942183273462529e+00 2.627809710453519592e+11
3.906505952006555926e+00 2.592969599619832153e+11
3.922131975814582727e+00 2.557299538498078918e+11
3.937820503717840648e+00 2.519778559878879700e+11
3.953571785732711508e+00 2.474053604220125122e+11
3.969386072875642490e+00 2.447484733901536865e+11
3.985263617167145167e+00 2.401678158477436218e+11
4.001204671635814059e+00 2.371541494528908386e+11
4.017209490322357190e+00 2.340677191630593872e+11
4.033278328283646630e+00 2.304211585119063416e+11
4.049411441596781458e+00 2.251475269241808472e+11
4.065609087363168506e+00 2.234860702191796265e+11
4.081871523712622185e+00 2.185809822073063049e+11
4.098199009807472315e+00 2.165564774334939880e+11
4.114591805846702144e+00 2.136374100768877869e+11
4.131050173070089038e+00 2.090024096289667358e+11
4.147574373762369149e+00 2.075721447322519226e+11
4.164164671257418959e+00 2.032087497895773010e+11
4.180821329942449260e+00 2.009824810748741760e+11
4.197544615262219558e+00 1.981970664758648987e+11
4.214334793723269357e+00 1.943015489841217957e+11
4.231192132898162761e+00 1.930701124443687134e+11
4.248116901429755288e+00 1.889904257556799011e+11
4.265109369035473996e+00 1.865507702452771606e+11
4.282169806511615384e+00 1.846146694094426575e+11
4.299298485737661935e+00 1.719754708217602844e+11
4.316495679680612874e+00 1.712825111312770691e+11
4.333761662399335357e+00 1.685325423462685242e+11
4.351096709048932532e+00 1.617786177568977356e+11
4.368501095885127583e+00 1.578681627213926086e+11
4.385975100268668214e+00 1.549155184981193542e+11
4.403519000669743555e+00 1.505868135398838501e+11
4.421133076672422391e+00 1.472066273184944763e+11
4.438817608979111817e+00 1.447860489569941101e+11
4.456572879415028332e+00 1.423793327421110229e+11
4.474399170932688463e+00 1.370461920853616333e+11
4.492296767616419828e+00 1.367878378955193939e+11
4.510265954686884626e+00 1.354811097910243988e+11
4.528307018505633330e+00 1.311192248050653839e+11
4.546420246579655711e+00 1.301730401415957947e+11
4.564605927565974497e+00 1.281271488406588135e+11
4.582864351276237258e+00 1.265034578332980042e+11
4.601195808681342925e+00 1.244876096231629944e+11
4.619600591916067422e+00 1.244116265104106598e+11
4.638078994283731937e+00 1.221460615198495789e+11
4.656631310260867629e+00 1.223638413607328644e+11
4.675257835501911430e+00 1.199778670518257294e+11
4.693958866843916944e+00 1.185203445491196442e+11
4.712734702311292878e+00 1.169068697768549347e+11
4.731585641120538810e+00 1.162814769921064301e+11
4.750511983685020923e+00 1.142550708661441193e+11
4.769514031619761063e+00 1.123460819253731384e+11
4.788592087746240011e+00 1.109553040794963531e+11
4.807746456097224730e+00 1.094454621222228546e+11
4.826977441921613377e+00 1.089600670221880951e+11
4.846285351689299858e+00 1.072394934948411713e+11
4.865670493096057925e+00 1.057752856695146179e+11
4.885133175068442135e+00 1.035111727352060394e+11
4.904673707768715474e+00 1.024638234417175293e+11
4.924292402599791174e+00 1.004649423597971039e+11
4.943989572210189642e+00 9.910879704039085388e+10
4.963765530499030021e+00 9.687508346844505310e+10
4.983620592621027079e+00 9.677068867444114685e+10
5.003555074991511198e+00 9.469046704492774963e+10
5.023569295291476777e+00 9.268693009133366394e+10
5.043663572472643075e+00 9.321954872662254333e+10
5.063838226762532813e+00 9.127723368984658813e+10
5.084093579669583640e+00 8.907487779415277100e+10
5.104429953988261381e+00 8.860437144631227112e+10
5.124847673804215020e+00 8.724375060596669006e+10
5.145347064499431688e+00 8.690274501891964722e+10
5.165928452757428957e+00 8.418701511381779480e+10
5.186592166568458673e+00 8.465346067202197266e+10
5.207338535234733001e+00 8.214562538300793457e+10
5.228167889375671784e+00 8.200932801806623840e+10
5.249080560933174766e+00 7.971783720951216125e+10
5.270076883176907145e+00 7.968557560267539978e+10
5.291157190709615321e+00 7.773746537228854370e+10
5.312321819472453299e+00 7.732766701625546265e+10
5.333571106750343738e+00 7.624718454622454834e+10
5.354905391177344320e+00 7.514813874616995239e+10
5.376325012742054099e+00 7.400082724570391846e+10
5.397830312793021612e+00 7.359448838576330566e+10
5.419421634044193858e+00 7.132031546460522461e+10
5.441099320580370602e+00 7.163244101680960083e+10
5.462863717862692425e+00 6.989749749498690796e+10
5.484715172734142996e+00 6.926529075100617981e+10
5.506654033425078865e+00 6.845307675590487671e+10
5.528680649558780580e+00 6.809083175168733215e+10
5.550795372157015350e+00 6.640936651591229248e+10
5.572998553645643227e+00 6.575823019903367615e+10
5.595290547860225949e+00 6.523828667383888245e+10
5.617671710051667766e+00 6.422456593274415588e+10
5.640142396891874021e+00 6.348963191209873962e+10
5.662702966479441713e+00 6.280781013609170532e+10
5.685353778345359821e+00 6.111467137173163605e+10
5.708095193458740724e+00 6.104998520913817596e+10
5.730927574232576482e+00 5.995047225474265289e+10
5.753851284529505783e+00 5.975595373490274811e+10
5.776866689667624399e+00 5.874862617097505188e+10
5.799974156426294769e+00 5.812010422007568359e+10
5.823174053051999977e+00 5.682650181765018463e+10
5.846466749264207508e+00 5.613996374294837952e+10
5.869852616261264977e+00 5.569354138626902771e+10
5.893332026726310069e+00 5.475005684828527832e+10
5.916905354833215114e+00 5.436767918754274750e+10
5.940572976252548543e+00 5.340830037382859802e+10
5.964335268157558545e+00 5.269789515477392578e+10
5.988192609230189589e+00 5.198412749018589783e+10
6.012145379667110490e+00 5.145941224248718262e+10
6.036193961185778889e+00 5.035219397117394257e+10
6.060338737030522616e+00 4.994811965337769318e+10
6.084580091978644134e+00 4.946580609408936310e+10
6.108918412346558746e+00 4.840190097855225372e+10
6.133354085995945226e+00 4.812150820171489716e+10
6.157887502339929320e+00 4.742052508595645905e+10
6.182519052349287669e+00 4.655161444168631744e+10
6.207249128558685491e+00 4.599106004351293945e+10
6.232078125072920471e+00 4.541241710468238831e+10
6.257006437573212843e+00 4.461698009047585297e+10
6.282034463323505236e+00 4.400520047959516144e+10
6.307162601176800720e+00 4.334068748089652252e+10
6.332391251581507063e+00 4.273709261744651794e+10
6.357720816587833390e+00 4.197948442717763519e+10
6.383151699854184180e+00 4.125142796466664124e+10
6.408684306653601226e+00 4.048745860461092377e+10
6.434319043880215361e+00 3.991259313744393921e+10
6.460056320055736379e+00 3.866256519842476654e+10
6.485896545335958052e+00 3.759930357584769440e+10
6.511840131517302233e+00 3.718257826252909851e+10
6.537887492043371829e+00 3.638289975962754822e+10
6.564039042011545533e+00 3.558658328330737305e+10
6.590295198179591196e+00 3.475170715028905487e+10
6.616656378972309405e+00 3.435619768738401794e+10
6.643123004488199257e+00 3.362764106740084457e+10
6.669695496506150789e+00 3.318613619394165039e+10
6.696374278492176479e+00 3.256100317815431595e+10
6.723159775606144528e+00 3.236477218285436249e+10
6.750052414708568094e+00 3.185490885287290955e+10
6.777052624367403411e+00 3.087003980774076462e+10
6.804160834864871887e+00 3.070205200291566849e+10
6.831377478204331055e+00 3.010252359819479370e+10
6.858702988117148180e+00 3.001239284615950394e+10
6.886137800069615622e+00 2.947961882458349609e+10
6.913682351269895499e+00 2.884656950352585983e+10
6.941337080674975013e+00 2.852365123009259796e+10
6.969102428997675069e+00 2.813689151686655426e+10
6.996978838713665994e+00 2.780880986907312775e+10
7.024966754068519670e+00 2.741341926403974152e+10
7.053066621084793653e+00 2.699565387612102890e+10
7.081278887569133929e+00 2.656714049934571838e+10
7.109604003119409654e+00 2.602997056843243408e+10
7.138042419131887861e+00 2.588580584984039307e+10
7.166594588808414379e+00 2.552162917544546127e+10
7.195260967163648047e+00 2.506466893819565964e+10
7.224042011032302923e+00 2.463762012845980453e+10
7.252938179076432235e+00 2.429336621856042099e+10
7.281949931792737196e+00 2.406611050137611771e+10
7.311077731519908696e+00 2.370573639070960999e+10
7.340322042445988515e+00 2.323559593847851181e+10
7.369683330615771411e+00 2.288902993753851700e+10
7.399162063938235612e+00 2.281860584818649673e+10
7.428758712193988423e+00 2.218051719130506134e+10
7.458473747042765112e+00 2.209813436727204895e+10
7.488307642030935796e+00 2.173969927501396942e+10
7.518260872599060285e+00 2.132866708656723022e+10
7.548333916089456253e+00 2.118860995316668701e+10
7.578527251753813587e+00 2.065416670210370255e+10
7.608841360760829176e+00 2.019574008032430267e+10
7.639276726203872769e+00 2.004668100956610489e+10
7.669833833108687493e+00 1.968860446160795975e+10
7.700513168441122325e+00 1.948538500863171387e+10
7.731315221114887670e+00 1.904386891592845917e+10
7.762240481999347352e+00 1.870073483753720093e+10
7.793289443927344351e+00 1.841760281422378540e+10
7.824462601703054077e+00 1.830230943641056061e+10
7.855760452109866065e+00 1.787369859533280945e+10
7.887183493918306532e+00 1.749117771808227158e+10
7.918732227893980458e+00 1.726909608847044754e+10
7.950407156805555431e+00 1.709064604493042946e+10
7.982208785432777454e+00 1.664992602349493217e+10
8.014137620574508958e+00 1.658937646868336678e+10
8.046194171056805899e+00 1.610988205624202728e+10
8.078378947741034821e+00 1.596805669134854507e+10
8.110692463531997021e+00 1.570638366337837410e+10
8.143135233386125549e+00 1.555079976299270821e+10
8.175707774319670662e+00 1.529083161274529076e+10
8.208410605416949224e+00 1.500727796297246742e+10
8.241244247838615422e+00 1.488976966531085968e+10
8.274209224829968790e+00 1.456550672040354347e+10
8.307306061729288871e+00 1.443086796657604218e+10
8.340535285976207192e+00 1.416648099919408989e+10
8.373897427120111203e+00 1.387694571301262856e+10
8.407393016828594412e+00 1.384178685676445007e+10
8.441022588895906509e+00 1.353393126215022278e+10
8.474786679251490540e+00 1.341975374346971893e+10
8.508685825968495209e+00 1.312854841033316803e+10
8.542720569272368891e+00 1.300286760474212456e+10
8.576891451549458978e+00 1.275519838839986229e+10
8.611199017355655627e+00 1.265661229898188019e+10
8.645643813425078150e+00 1.248664120227961349e+10
8.680226388678779159e+00 1.226926270013917923e+10
8.714947294233493125e+00 1.210444181128029060e+10
8.749807083410427566e+00 1.181036932414125443e+10
8.784806311744070229e+00 1.176060302430750275e+10
8.819945536991047774e+00 1.155077424607595634e+10
8.855225319139009343e+00 1.137530513608423996e+10
8.890646220415566958e+00 1.127185438474985886e+10
8.926208805297228821e+00 1.112953407163355255e+10
8.961913640518417878e+00 1.087915967791118813e+10
8.997761295080492161e+00 1.076362528554419136e+10
9.033752340260813085e+00 1.064751545472844887e+10
9.069887349621856387e+00 1.050179552347915649e+10
9.106166899020346150e+00 1.029400588389000702e+10
9.142591566616424359e+00 1.017188004716804504e+10
9.179161932882891506e+00 1.001918531859254837e+10
9.215878580614422333e+00 9.852078025224920273e+09
9.252742094936881045e+00 9.675671695691003799e+09
9.289753063316627646e+00 9.603639225883155823e+09
9.326912075569895322e+00 9.380276858556776047e+09
9.364219723872173162e+00 9.346902156564104080e+09
9.401676602767663482e+00 9.137661507684337616e+09
9.439283309178733816e+00 8.984199102854106903e+09
9.477040442415447075e+00 8.888692623316709518e+09
9.514948604185111236e+00 8.751355258299098969e+09
9.553008398601852136e+00 8.648532288721645355e+09
9.591220432196260859e+00 8.464692650324819565e+09
9.629585313925044687e+00 8.339380527625870705e+09
9.668103655180747324e+00 8.219142840501502991e+09
9.706776069801470896e+00 8.115488779421848297e+09
9.745603174080676112e+00 7.999585571835513115e+09
9.784585586776998412e+00 7.888077254669718742e+09
9.823723929124106746e+00 7.754527863318691254e+09
9.863018824840601440e+00 7.628524361620803833e+09
9.902470900139965337e+00 7.409855229190206528e+09
9.942080783740523842e+00 7.388700532629649162e+09
9.981849106875488431e+00 7.255144344300482750e+09
1.002177650330298952e+01 7.169456693400175095e+09
1.006186360931619994e+01 7.027295883962153435e+09
1.010211106375346723e+01 6.904636342973458290e+09
1.014251950800847979e+01 6.808239240340475082e+09
1.018308958604051284e+01 6.733173598975967407e+09
1.022382194438467451e+01 6.609538247439054489e+09
1.026471723216221399e+01 6.491249692215739250e+09
1.030577610109086173e+01 6.372943106395726204e+09
1.034699920549522467e+01 6.278737541904641151e+09
1.038838720231720458e+01 6.188623061428175926e+09
1.042994075112647501e+01 6.087929459641932487e+09
1.047166051413097954e+01 5.989335359498813629e+09
1.051354715618750468e+01 5.876161173788312912e+09
1.055560134481225454e+01 5.784945712246578217e+09
1.059782375019150358e+01 5.692627233740648270e+09
1.064021504519226902e+01 5.644986391171926498e+09
1.068277590537303823e+01 5.549127508414155006e+09
1.072550700899452991e+01 5.397655096637310028e+09
1.076840903703050856e+01 5.334372800134798050e+09
1.081148267317863088e+01 5.258640092114267349e+09
1.085472860387134553e+01 5.262176180522943497e+09
1.089814751828683015e+01 5.053722069489327431e+09
1.094174010835997635e+01 5.019990746176687241e+09
1.098550706879341909e+01 4.895915227135809898e+09
1.102944909706859100e+01 4.840059340580771446e+09
1.107356689345686540e+01 4.781685240243458748e+09
1.111786116103069233e+01 4.694952647327821732e+09
1.116233260567481622e+01 4.639548381911710739e+09
1.120698193609751492e+01 4.520535420868925095e+09
1.125180986384190440e+01 4.486931108390509605e+09
1.129681710329727373e+01 4.401792362224414825e+09
1.134200437171046083e+01 4.353545413325167656e+09
1.138737238919730466e+01 4.289707337651432514e+09
1.143292187875409383e+01 4.181387933904331684e+09
1.147865356626910938e+01 4.145337772742386341e+09
1.152456818053418530e+01 4.053361601082005501e+09
1.157066645325632237e+01 3.998531611078752518e+09
1.161694911906934635e+01 3.918206499078136444e+09
1.166341691554562487e+01 3.898775551898103237e+09
1.171007058320780736e+01 3.819441169908711433e+09
1.175691086554063958e+01 3.719714292048635006e+09
1.180393850900279951e+01 3.703760792756825924e+09
1.185115426303881137e+01 3.625296221116500378e+09
1.189855888009096674e+01 3.601040484528134823e+09
1.194615311561133097e+01 3.547182594048127651e+09
1.199393772807377623e+01 3.479009644864640713e+09
1.204191347898607134e+01 3.429181013481771469e+09
1.209008113290201614e+01 3.370781736603804588e+09
1.213844145743362368e+01 3.310578637386814594e+09
1.218699522326335938e+01 3.277989330637030602e+09
1.223574320415641381e+01 3.220085404500768185e+09
1.228468617697303777e+01 3.197480631903550148e+09
1.233382492168093059e+01 3.102711723703619480e+09
1.238316022136765504e+01 3.071906213884146690e+09
1.243269286225312520e+01 2.978460562338413715e+09
1.248242363370213859e+01 2.996926988612417221e+09
1.253235332823694748e+01 2.919734883925099850e+09
1.258248274154989410e+01 2.896620045416830063e+09
1.263281267251609385e+01 2.856042067847846508e+09
1.268334392320615756e+01 2.790502545882762909e+09
1.273407729889898299e+01 2.790154720057541847e+09
1.278501360809457665e+01 2.695028853764015675e+09
1.283615366252695544e+01 2.645207738649394512e+09
1.288749827717706253e+01 2.650714089178194046e+09
1.293904827028577031e+01 2.568177415284111023e+09
1.299080446336691352e+01 2.561886729265200615e+09
1.304276768122038099e+01 2.503552495228401184e+09
1.309493875194526424e+01 2.473178204297873020e+09
1.314731850695304693e+01 2.429372527945377827e+09
1.319990778098085649e+01 2.384859474379089355e+09
1.325270741210477965e+01 2.352490914971987724e+09
1.330571824175319939e+01 2.311357289012248039e+09
1.335894111472021173e+01 2.271212224175172806e+09
1.341237687917909227e+01 2.262840047188827038e+09
1.346602638669580898e+01 2.200535944333143711e+09
1.351989049224258999e+01 2.193337824599038601e+09
1.357397005421156067e+01 2.136249033688238859e+09
1.362826593442840917e+01 2.108518057097377300e+09
1.368277899816612297e+01 2.084288538784331799e+09
1.373751011415878942e+01 2.031191987069377184e+09
1.379246015461542463e+01 2.025325391385867834e+09
1.384762999523388416e+01 1.976585464196279287e+09
1.390302051521481808e+01 1.977021526447252035e+09
1.395863259727567751e+01 1.933125927238636017e+09
1.401446712766477987e+01 1.892441600178225040e+09
1.407052499617543972e+01 1.891709850031689882e+09
1.412680709616014063e+01 1.822231838685685873e+09
1.418331432454478147e+01 1.784791496993999720e+09
1.424004758184296193e+01 1.787331450129107475e+09
1.429700777217033369e+01 1.768516377376809359e+09
1.435419580325901379e+01 1.718289844537917852e+09
1.441161258647204946e+01 1.705831905313488007e+09
1.446925903681793812e+01 1.658076787762787104e+09
1.452713607296521126e+01 1.656076001121814966e+09
1.458524461725707155e+01 1.625027247962969780e+09
1.464358559572609764e+01 1.582471561287193060e+09
1.470215993810900557e+01 1.560512392500865459e+09
1.476096857786143879e+01 1.564197803701421499e+09
1.482001245217288599e+01 1.531181261771008015e+09
1.487929250198157760e+01 1.499101240590967417e+09
1.493880967198950316e+01 1.477449950019496441e+09
1.499856491067746056e+01 1.454177589367091656e+09
1.505855917032016933e+01 1.439018797102500677e+09
1.511879340700144958e+01 1.409625220506857157e+09
1.517926858062945605e+01 1.388650361875342369e+09
1.523998565495197433e+01 1.375308803646324635e+09
1.530094559757178274e+01 1.341520176143858910e+09
1.536214937996206764e+01 1.322809040513547897e+09
1.542359797748191674e+01 1.301191792121866465e+09
1.548529236939184450e+01 1.288275567671189308e+09
1.554723353886941339e+01 1.258645065660901070e+09
1.560942247302489072e+01 1.252588240799890995e+09
1.567186016291699069e+01 1.227740555109674692e+09
1.573454760356865556e+01 1.201877693448689699e+09
1.579748579398293096e+01 1.197488988050489426e+09
1.586067573715886247e+01 1.170513932668905020e+09
1.592411844010749888e+01 1.159189606821339607e+09
1.598781491386792730e+01 1.125209669951963902e+09
1.605176617352340074e+01 1.117971633853759766e+09
1.611597323821749228e+01 1.095085865048941851e+09
1.618043713117036120e+01 1.076770229386454105e+09
1.624515887969504391e+01 1.058768195848047614e+09
1.631013951521382310e+01 1.056750804814832807e+09
1.637538007327468037e+01 1.040657197662674904e+09
1.644088159356778078e+01 1.023898272789479494e+09
1.650664511994205341e+01 1.000100213941732645e+09
1.657267170042182158e+01 9.802549028661550283e+08
1.663896238722350418e+01 9.624006976168160439e+08
1.670551823677240222e+01 9.582059298189814091e+08
1.677234030971949608e+01 9.487448899078950882e+08
1.683942967095837062e+01 9.246518394731431007e+08
1.690678738964220429e+01 9.121190469243439436e+08
1.697441453920077237e+01 9.005255681323701143e+08
1.704231219735757108e+01 8.968892085165967941e+08
1.711048144614700561e+01 8.624503610602140427e+08
1.717892337193159236e+01 8.596771465768384933e+08
1.724763906541932101e+01 8.362925027765986919e+08
1.731662962168099895e+01 8.273929241422812939e+08
1.738589614016772344e+01 8.173528238007572889e+08
1.745543972472839300e+01 8.123582418057005405e+08
1.752526148362730751e+01 7.964799439759758711e+08
1.759536252956181812e+01 7.777957227210463285e+08
1.766574397968006238e+01 7.656443031931035519e+08
1.773640695559878466e+01 7.564754695347753763e+08
1.780735258342117433e+01 7.485160941248697042e+08
1.787858199375486024e+01 7.413784013348699808e+08
1.795009632172988034e+01 7.201977716734660864e+08
1.802189670701679702e+01 7.154435230007941723e+08
1.809398429384486562e+01 7.044605745388413668e+08
1.816636023102024211e+01 6.780433779229661226e+08
1.823902567194432578e+01 6.843583743220297098e+08
1.831198177463210186e+01 6.742525145145766735e+08
1.838522970173062987e+01 6.600876550389829874e+08
1.845877062053754969e+01 6.519507161124963760e+08
1.853260570301970134e+01 6.335880340694886446e+08
1.860673612583178027e+01 6.214301779768204689e+08
1.868116307033510637e+01 6.183565299556283951e+08
1.875588772261644976e+01 6.068511079055936337e+08
1.883091127350691352e+01 6.045449900658575296e+08
1.890623491860094063e+01 5.910013481018239260e+08
1.898185985827534594e+01 5.791636313698178530e+08
1.905778729770844748e+01 5.791217685128076077e+08
1.913401844689928311e+01 5.716408449075069427e+08
1.921055452068688041e+01 5.485913913460398912e+08
1.928739673876962968e+01 5.487026876064536572e+08
1.936454632572470658e+01 5.424421508499045372e+08
1.944200451102760141e+01 5.244079017396273613e+08
1.951977252907171589e+01 5.295199215160604715e+08
1.959785161918800256e+01 5.112712867151847482e+08
1.967624302566475691e+01 5.065398210661585927e+08
1.991079942767366973e+01 4.881906506080120802e+08
