# Wavelength (micrometer), Flux (W / m2 / m)
1.000553076518779783e-01 1.115235997473576823e+01
1.004555288824854897e-01 1.098377386035876979e-20
1.008573509980154326e-01 4.318849458665897649e-20
1.012607804020075053e-01 6.291885777035687383e-20
1.016658235236155422e-01 2.392299558873760331e-20
1.020724868177099870e-01 2.539187716468886582e-16
1.024807767649808382e-01 1.641359347948529732e-18
1.028906998720407612e-01 2.526090262252300259e-19
1.033022626715289355e-01 2.088032920973098183e-15
1.037154717222150413e-01 1.553702414599345896e-19
1.041303336091038839e-01 1.076925114662210381e-18
1.045468549435403099e-01 6.156310864959822153e-18
1.049650423633144702e-01 1.070941064669217051e-19
1.053849025327677214e-01 1.911417733367413229e-16
1.058064421428987906e-01 1.010386217199652173e-18
1.062296679114703990e-01 4.734110921558726788e-16
1.066545865831162732e-01 2.838884383365452291e-17
1.070812049294487533e-01 1.368578200559673810e-17
1.075095297491665408e-01 1.742816663955275054e-14
1.079395678681632220e-01 2.174895604223346843e-17
1.083713261396358624e-01 2.230934371529137117e-14
1.088048114441943909e-01 3.947105493095017251e-15
1.092400306899711654e-01 6.397913445792606521e-12
1.096769908127310511e-01 9.498387842286027891e-15
1.101156987759819850e-01 5.995507139650891179e-15
1.105561615710859147e-01 3.773645739095276925e-12
1.109983862173702651e-01 1.214662353188338530e-12
1.114423797622397516e-01 1.400557524463037429e-13
1.118881492812886930e-01 8.697683727379363721e-15
1.123357018784138517e-01 1.333458205880286091e-13
1.127850446859275102e-01 7.094942352574545302e-10
1.132361848646712132e-01 5.388831774115683891e-11
1.136891296041298988e-01 5.623790717600667458e-11
1.141438861225464035e-01 7.058151521008318868e-11
1.146004616670366072e-01 9.463319523870305380e-11
1.150588635137047705e-01 6.561678532337696831e-11
1.155190989677595953e-01 5.514122839331524447e-11
1.159811753636306314e-01 8.759146355863808364e-11
1.164451000650851553e-01 1.536698228901526496e-11
1.169108804653455069e-01 1.859552737159043879e-11
1.173785239872068981e-01 2.527963253894001527e-12
1.178480380831557206e-01 6.144932476250524789e-13
1.183194302354883543e-01 4.229299781234907021e-12
1.187927079564302935e-01 3.720365926743306264e-13
1.192678787882560099e-01 3.441087572185840927e-13
1.197449503034090645e-01 1.452431354428170776e-13
1.202239301046226783e-01 3.642686189524130317e-14
1.207048258250411760e-01 1.336235669573724966e-12
1.211876451283413342e-01 2.279978035189043083e-13
1.216723957088547137e-01 3.869354927578278522e-16
1.221590852916901310e-01 1.793837746764204872e-13
1.226477216328568792e-01 5.955588421068070438e-12
1.231383125193883099e-01 1.140649713880126904e-14
1.236308657694658586e-01 1.059436863064818207e-13
1.241253892325437369e-01 8.154234342185091678e-14
1.246218907894739159e-01 6.804164383322158989e-14
1.251203783526317892e-01 2.390349901328440907e-12
1.256208598660423226e-01 9.852627848754502039e-12
1.261233433055065078e-01 2.677016557808409555e-12
1.266278366787285392e-01 2.580115785698217252e-14
1.271343480254434610e-01 1.409700787518580487e-10
1.276428854175452321e-01 1.646327091058009735e-11
1.281534569592154005e-01 1.500457167887385151e-12
1.286660707870522780e-01 2.531811068628749523e-11
1.291807350702004475e-01 1.042478718105355099e-10
1.296974580104812425e-01 1.503279004165315429e-10
1.302162478425231973e-01 1.166372004775453911e-14
1.307371128338932764e-01 5.897598555927308288e-12
1.312600612852288795e-01 2.068603586546750214e-09
1.317851015303697915e-01 2.423835304353460058e-12
1.323122419364912705e-01 9.400883359786962769e-11
1.328414909042372472e-01 4.886120219078382478e-10
1.333728568678542170e-01 8.922628377396250499e-11
1.339063482953256612e-01 4.063023012448979971e-13
1.344419736885069383e-01 1.293389512085427124e-10
1.349797415832609815e-01 3.342974570534563894e-10
1.355196605495940232e-01 1.505785435384501736e-10
1.360617391917924301e-01 3.647759681658419628e-10
1.366059861485595939e-01 4.856781308363198369e-11
1.371524100931538481e-01 4.368889637083017334e-13
1.377010197335264696e-01 8.744571806367568094e-12
1.382518238124605670e-01 1.108330672902249127e-08
1.388048311077104136e-01 6.928777408129640178e-10
1.393600504321412248e-01 1.243931822989666622e-11
1.399174906338697677e-01 6.078322867932801832e-12
1.404771605964052761e-01 3.983001257466695915e-09
1.410390692387908651e-01 1.423188713763113509e-10
1.416032255157460562e-01 1.763144596528412048e-08
1.421696384178090522e-01 4.379413985945447623e-13
1.427383169714803168e-01 1.289624361355431928e-09
1.433092702393662099e-01 4.623730232050004868e-07
1.438825073203236771e-01 6.608037915773538549e-09
1.444580373496049674e-01 3.030657517091834889e-07
1.450358694990033503e-01 4.834650181183859677e-09
1.456160129769993872e-01 5.337799522273919145e-07
1.461984770289073976e-01 1.900253084761865164e-06
1.467832709370230082e-01 3.713341648287706466e-08
1.473704040207710897e-01 9.354392318331086590e-07
1.479598856368541382e-01 5.367697538558584000e-10
1.485517251794015725e-01 1.177039251057660782e-07
1.491459320801191979e-01 5.126257923968636692e-07
1.497425158084396690e-01 2.123850041785996632e-08
1.503414858716734248e-01 5.742703017544692502e-06
1.509428518151600951e-01 6.875679136302461753e-08
1.515466232224207677e-01 1.699821813153264674e-11
1.521528097153104220e-01 2.250013205550687921e-09
1.527614209541716672e-01 3.351098752199193261e-13
1.533724666379883694e-01 3.702041703662969936e-13
1.539859565045403056e-01 1.907732988739595628e-13
1.546019003305584838e-01 4.377396132369839529e-15
1.552203079318807133e-01 3.437736805395051433e-14
1.558411891636082569e-01 2.921700839828799802e-14
1.564645539202626778e-01 2.447041857070818963e-14
1.570904121359437411e-01 4.224582574585150551e-14
1.577187737844875093e-01 1.570343489647048363e-14
1.583496488796254653e-01 8.950048124155544969e-14
1.589830474751439959e-01 4.049990403012517798e-13
1.596189796650445414e-01 5.814939490814644856e-14
1.602574555837047166e-01 1.015250339851732348e-13
1.608984854060395708e-01 3.241715493897393819e-13
1.615420793476636807e-01 2.350922719116036607e-13
1.621882476650543525e-01 3.635424152981927387e-13
1.628370006557145755e-01 3.659593129045381157e-13
1.634883486583374457e-01 7.346767231504649272e-13
1.641423020529707844e-01 1.146479590675983733e-12
1.647988712611826723e-01 1.255574662141508017e-12
1.654580667462274002e-01 2.196683377446087390e-13
1.661198990132123077e-01 3.101052763878601482e-12
1.667843786092651215e-01 2.692306810851240463e-12
1.674515161237022098e-01 9.081239863128337892e-12
1.681213221881969755e-01 2.879165473599488744e-11
1.687938074769497754e-01 1.219572975958747812e-11
1.694689827068575905e-01 2.331378786751943549e-10
1.701468586376850278e-01 9.731021931874098375e-11
1.708274460722357391e-01 1.169907843473425370e-10
1.715107558565246715e-01 1.778906559531364020e-10
1.721967988799507909e-01 1.444174326585808033e-10
1.728855860754705820e-01 3.169399636099514591e-10
1.735771284197724640e-01 1.861123215217267551e-10
1.742714369334515678e-01 1.076911044261582390e-10
1.749685226811853456e-01 1.195991238324328188e-09
1.756683967719100681e-01 3.532744191994108183e-10
1.763710703589977391e-01 4.341401348167429678e-09
1.770765546404337309e-01 6.039541586329100098e-09
1.777848608589954471e-01 5.169036957767373426e-10
1.784960003024314568e-01 1.700973066981619265e-08
1.792099843036411844e-01 9.958554313138672391e-09
1.799268242408557650e-01 9.076797999982026305e-09
1.806465315378191772e-01 9.809539366363618143e-08
1.813691176639704306e-01 2.449631788282351455e-09
1.820945941346263086e-01 1.701458707258515949e-08
1.828229725111648329e-01 1.090602998281449872e-08
1.835542644012094771e-01 1.181041825534148417e-09
1.842884814588143239e-01 6.076393650903038564e-08
1.850256353846495561e-01 1.314983443142512111e-06
1.857657379261881403e-01 1.107456627506304625e-08
1.865088008778928996e-01 1.195067284655752699e-06
1.872548360814044743e-01 1.865923745407480712e-07
1.880038554257300876e-01 1.919043077287129838e-08
1.887558708474330049e-01 2.283573653652931611e-06
1.895108943308226879e-01 2.568967997250475631e-07
1.902689379081460019e-01 5.557108653528193771e-08
1.910300136597785636e-01 7.000708156855251807e-06
1.917941337144176972e-01 2.771494313874152585e-07
1.925613102492753359e-01 8.613067583254306607e-07
1.933315554902724498e-01 9.814917151046387652e-06
1.941048817122335568e-01 2.006465792332461042e-06
1.948813012390824828e-01 1.092920304941521285e-06
1.956608264440388156e-01 1.698125256883077102e-05
1.964434697498149418e-01 8.568417158970939865e-07
1.972292436288141937e-01 2.510611758564014495e-06
1.980181606033294406e-01 7.058194942632039999e-06
1.988102332457427346e-01 2.214130294548811806e-06
1.996054741787257336e-01 1.473231937352611613e-06
2.004038960754406518e-01 2.428460124529021523e-06
2.012055116597424309e-01 2.017624065232597271e-06
2.020103337063813842e-01 1.296092295840938196e-06
2.028183750412069219e-01 5.697883979457516501e-07
2.036296485413717494e-01 2.005886963186389566e-06
2.044441671355372303e-01 1.342878516347229386e-06
2.052619438040793887e-01 4.018765383431102355e-06
2.060829915792957157e-01 3.037944275326819140e-06
2.069073235456129201e-01 3.230183649577563271e-06
2.077349528397953449e-01 4.030024886331728827e-06
2.085658926511545219e-01 6.068097388137917956e-06
2.094001562217591150e-01 7.292317300616843393e-06
2.102377568466461677e-01 7.166102741170686856e-06
2.110787078740327671e-01 5.204897998675429648e-06
2.119230227055288740e-01 9.157432944723253325e-06
2.127707147963510126e-01 1.234371445165226882e-05
2.136217976555363773e-01 1.863943556707815547e-05
2.144762848461585492e-01 5.932820037603759922e-06
2.153341899855431840e-01 1.928106378445014450e-05
2.161955267454853669e-01 3.667728853427298648e-05
2.170603088524672986e-01 4.682253206367411810e-05
2.179285500878772042e-01 2.131872930960946734e-05
2.188002642882286852e-01 2.258177695103293209e-05
2.196754653453815986e-01 7.867744919905801518e-05
2.205541672067631020e-01 4.628105287567153283e-05
2.214363838755901703e-01 4.155604153267090451e-04
2.223221294110925284e-01 5.025320649573826860e-05
2.232114179287369160e-01 1.066605977110165332e-03
2.241042636004518529e-01 2.234264116862147529e-04
2.250006806548536520e-01 3.914801789044260356e-03
2.259006833774730438e-01 6.564073702507627938e-04
2.268042861109829667e-01 1.325348111315054461e-03
2.277115032554268836e-01 1.749878077036843985e-03
2.286223492684485714e-01 1.606778550603646990e-03
2.295368386655223802e-01 2.331422749601391037e-02
2.304549860201844658e-01 3.306155726475142921e-04
2.313768059642651864e-01 1.079361837537455224e-02
2.323023131881222503e-01 3.932064034339876300e-03
2.332315224408747223e-01 2.627401041332597803e-02
2.341644485306381973e-01 5.704742217550348715e-02
2.351011063247607502e-01 1.813414972797791494e-03
2.360415107500598020e-01 1.109538507949258401e-01
2.369856767930600405e-01 1.413358310641384986e-03
2.379336195002322851e-01 1.598414037507139007e-01
2.388853539782332114e-01 5.280073899391202891e-02
2.398408953941461863e-01 2.267699849041102222e+00
2.408002589757227141e-01 2.089086512578680388e+00
2.417634600116256582e-01 3.111117356788717023e-02
2.427305138516721306e-01 3.279182782636383298e+00
2.437014359070788505e-01 7.205664400145830317e-01
2.446762416507071713e-01 1.243510411282555239e+01
2.456549466173099938e-01 1.789540952072151470e+00
2.466375664037792625e-01 5.060039045010208625e+00
2.476241166693943785e-01 6.463805796785552005e+00
2.486146131360719436e-01 2.555421237790147515e-01
2.496090715886161993e-01 6.449545402290933538e+00
2.506075078749706586e-01 2.450877134036192118e+00
2.516099379064705155e-01 7.034396495695168561e+00
2.526163776580964138e-01 2.017962593656352155e+01
2.536268431687287994e-01 5.485474744161112426e+01
2.546413505414037437e-01 6.769710632745220380e+01
2.556599159435693491e-01 4.987226229085961648e+01
2.566825556073435988e-01 6.570786862702985331e+01
2.577092858297729827e-01 7.143347813838478544e+01
2.587401229730920682e-01 3.993080637413422807e+01
2.597750834649844576e-01 9.594726985944339503e+01
2.608141837988444123e-01 4.970402980914595048e+01
2.618574405340398092e-01 2.061529305725809706e+02
2.629048702961759298e-01 3.757565739986116569e+02
2.639564897773606367e-01 3.494840635176326487e+02
2.650123157364701054e-01 2.721157065658315446e+02
2.660723649994159445e-01 1.760487093531692437e+02
2.671366544594135917e-01 1.466482149250502687e+02
2.682052010772512096e-01 1.750420250138780602e+02
2.692780218815602478e-01 9.753995695157378520e+01
2.703551339690865030e-01 1.341822614730014607e+02
2.714365545049627904e-01 9.662945066886230450e+01
2.725223007229827243e-01 7.512165475678001769e+01
2.736123899258746106e-01 7.115341059083951336e+01
2.747068394855781692e-01 7.638838135422270170e+01
2.758056668435204806e-01 5.296232502125144492e+01
2.769088895108945403e-01 5.410395711404865438e+01
2.780165250689380918e-01 3.448908476530608880e+01
2.791285911692138466e-01 2.898475214213477003e+01
2.802451055338907038e-01 2.076620833181351244e+01
2.813660859560263017e-01 1.382590175182417447e+01
2.824915502998503469e-01 8.265649606154500617e+00
2.836215165010497197e-01 3.579131751661646987e+00
2.847560025670539119e-01 5.425593785436495509e-01
2.858950265773221866e-01 1.100592528116478563e+00
2.870386066836315142e-01 6.627489638300239072e+00
2.881867611103660631e-01 1.822877328938075792e+01
2.893395081548075787e-01 3.936544750383509950e+01
2.904968661874267610e-01 7.639254085805661987e+01
2.916588536521764197e-01 1.416698399431541873e+02
2.928254890667851273e-01 2.514225638261342226e+02
2.939967910230522619e-01 4.241342153785695359e+02
2.951727781871444911e-01 7.116732354785951884e+02
2.963534692998930908e-01 1.128956157313333506e+03
2.975388831770926501e-01 1.710779929692837413e+03
2.987290387098009981e-01 2.642135570478682439e+03
2.999239548646402409e-01 3.609888141131181783e+03
3.011236506840988536e-01 5.491456630568690343e+03
3.023281452868351593e-01 6.249450729087448963e+03
3.035374578679824742e-01 1.038966661072412353e+04
3.047516076994544187e-01 1.350567362056019556e+04
3.059706141302522830e-01 1.836962081457050954e+04
3.071944965867733357e-01 3.688366047218864696e+04
3.084232745731204095e-01 5.938168510382444219e+04
3.096569676714128194e-01 7.331713123891671421e+04
3.108955955420985018e-01 1.171963037039150804e+05
3.121391779242668751e-01 1.581772216040546773e+05
3.133877346359639215e-01 2.176022179451813863e+05
3.146412855745078230e-01 2.789562606631028466e+05
3.158998507168058190e-01 3.861246761488623451e+05
3.171634501196730627e-01 5.038487652876344509e+05
3.184321039201517545e-01 3.809908115800453234e+05
3.197058323358323295e-01 3.056083212686321349e+05
3.209846556651756444e-01 7.661074269446253311e+05
3.222685942878363852e-01 8.968015045391311869e+05
3.235576686649877520e-01 9.299452530581750907e+05
3.248518993396476984e-01 1.648306589055954013e+06
3.261513069370062801e-01 2.018122135716391029e+06
3.274559121647543369e-01 2.762329121002016589e+06
3.287657358134133401e-01 2.703293415675483644e+06
3.300807987566670154e-01 5.005664139652148588e+05
3.314011219516936890e-01 2.549930167307628319e+06
3.327267264395004642e-01 5.326686503425590694e+06
3.340576333452584534e-01 5.493085364796803333e+06
3.353938638786395088e-01 5.582979788384631276e+06
3.367354393341540630e-01 5.922269868631154299e+06
3.380823810914907468e-01 6.297311410940848291e+06
3.394347106158566718e-01 9.489358945548955351e+06
3.407924494583201014e-01 8.566025065935093910e+06
3.421556192561533982e-01 5.729543167999846861e+06
3.435242417331779707e-01 1.374232955604591407e+06
3.448983387001106626e-01 1.763484773602604400e+06
3.462779320549111417e-01 2.490774405761524104e+06
3.476630437831307319e-01 1.716746552080438705e+06
3.490536959582632992e-01 1.796041857739500934e+06
3.504499107420963600e-01 9.812028447551272810e+06
3.518517103850647421e-01 1.098474942295825854e+07
3.532591172266050239e-01 1.960207914100672677e+07
3.546721536955114717e-01 3.650423166230033338e+07
3.560908423102934761e-01 1.605320290156062692e+07
3.575152056795346533e-01 8.679172087758388370e+06
3.589452665022527800e-01 2.305722682263063267e+07
3.603810475682617254e-01 3.490511879336649179e+07
3.618225717585348278e-01 2.770774302973386645e+07
3.632698620455689364e-01 2.345289546035611257e+07
3.647229414937512293e-01 1.920404423901876435e+07
3.661818332597261971e-01 3.605882755287197977e+07
3.676465605927651259e-01 1.371439892657075822e+07
3.691171468351361895e-01 1.523958420231138356e+07
3.705936154224767076e-01 5.403287649798562750e+06
3.720759898841666247e-01 2.818725950456453022e+06
3.735642938437032656e-01 3.131743807805255521e+06
3.750585510190780902e-01 5.156212442523993552e+06
3.765587852231543908e-01 2.009392258101181313e+07
3.780650203640470441e-01 5.102081161482042819e+07
3.795772804455032068e-01 4.127577905147551745e+07
3.810955895672852312e-01 4.443854379238300025e+07
3.826199719255543585e-01 1.110075882443742268e+07
3.841504518132565771e-01 2.451701965069709346e+07
3.856870536205096456e-01 6.599687896099051461e+06
3.872298018349916715e-01 1.273136251053896919e+07
3.887787210423316320e-01 1.014334827768197283e+07
3.903338359265008939e-01 1.894738676658373326e+07
3.918951712702069545e-01 2.571383846875935793e+07
3.934627519552877928e-01 5.012001656581261009e+07
3.950366029631089404e-01 1.384042728125036955e+08
3.966167493749613859e-01 2.234543492082101405e+08
3.982032163724612550e-01 2.414792650596255958e+08
3.997960292379510450e-01 2.519149768212572038e+08
4.013952133549028578e-01 3.533486585216889381e+08
4.030007942083224659e-01 4.103308019806460738e+08
4.046127973851557647e-01 1.596291247888141274e+08
4.062312485746963908e-01 3.195911749410574436e+08
4.078561735689951728e-01 2.700011113459210396e+08
4.094875982632711353e-01 2.923951160849931836e+08
4.111255486563242245e-01 2.986732414212140441e+08
4.127700508509495880e-01 2.688972373307402134e+08
4.144211310543532978e-01 2.292986119026553929e+08
4.160788155785707931e-01 2.097909767893094420e+08
4.177431308408850463e-01 1.736296931166423559e+08
4.194141033642486138e-01 1.472641490635322630e+08
4.210917597777056320e-01 1.165083042495853752e+08
4.227761268168164221e-01 1.277379495114310533e+08
4.244672313240837602e-01 1.443545385711886287e+08
4.261651002493800910e-01 1.667752578329792619e+08
4.278697606503775730e-01 2.076086376228269041e+08
4.295812396929790666e-01 2.539815492896732986e+08
4.312995646517510107e-01 3.377383964954028130e+08
4.330247629103580187e-01 4.316742698303165436e+08
4.347568619619994745e-01 5.055580988656923771e+08
4.364958894098474596e-01 4.083021181966876984e+08
4.382418729674867897e-01 3.955962078184794188e+08
4.399948404593567730e-01 6.895419261796048880e+08
4.417548198211941890e-01 8.647985015264992714e+08
4.435218391004789873e-01 6.988793531760289669e+08
4.452959264568808750e-01 1.054085342406636238e+09
4.470771101627084021e-01 9.530434241849831343e+08
4.488654186033592119e-01 1.076662733824858665e+09
4.506608802777726241e-01 1.500632742846494913e+09
4.524635237988837710e-01 1.589573263963844061e+09
4.542733778940792333e-01 1.706905530050455570e+09
4.560904714056555065e-01 1.776744754111124277e+09
4.579148332912781894e-01 1.991104722429735184e+09
4.597464926244433370e-01 1.329020616162247896e+09
4.615854785949410899e-01 2.440666539362738132e+09
4.634318205093208576e-01 1.506424522826756954e+09
4.652855477913582227e-01 2.128929434735520601e+09
4.671466899825236219e-01 2.061724160159325600e+09
4.690152767424536906e-01 2.453720803999783993e+09
4.708913378494234969e-01 3.357812775324631691e+09
4.727749032008212171e-01 2.976600587362640381e+09
4.746660028136244769e-01 3.581571007952311993e+09
4.765646668248789131e-01 1.898388666302822113e+09
4.784709254921784560e-01 1.415066627818196058e+09
4.803848091941470555e-01 1.966447393333598852e+09
4.823063484309236815e-01 2.115746958005363941e+09
4.842355738246474361e-01 2.995794671328925610e+09
4.861725161199459966e-01 2.970021741543415546e+09
4.881172061844257226e-01 4.376713253950986862e+09
4.900696750091634302e-01 3.116722821759508133e+09
4.920299537092001074e-01 4.265351346131919384e+09
4.939980735240369625e-01 5.246584883055883408e+09
4.959740658181330253e-01 2.815197868519629478e+09
4.979579620814056362e-01 2.926327369757257462e+09
4.999497939297311566e-01 2.688015191455639362e+09
5.019495931054501758e-01 2.285598360921785831e+09
5.039573914778719965e-01 2.977311747549999237e+09
5.059732210437835054e-01 2.511022174864876270e+09
5.079971139279585435e-01 2.606017859981305599e+09
5.100291023836703852e-01 2.321036903693229675e+09
5.120692187932051054e-01 2.192968889638320923e+09
5.141174956683780550e-01 2.108618009192925215e+09
5.161739656510514473e-01 1.694176360890110731e+09
5.182386615136556074e-01 1.253356884221017838e+09
5.203116161597103329e-01 1.924134953234116077e+09
5.223928626243490303e-01 3.343140781957309246e+09
5.244824340748465152e-01 2.954887984049860001e+09
5.265803638111459239e-01 2.667977342122221470e+09
5.286866852663905103e-01 3.091736244268253326e+09
5.308014320074561088e-01 3.122283490606863022e+09
5.329246377354859288e-01 2.640742463152458668e+09
5.350563362864277916e-01 2.909370255475511551e+09
5.371965616315735881e-01 2.533249702141518593e+09
5.393453478780998456e-01 2.654099937577696800e+09
5.415027292696121819e-01 2.591724100190179348e+09
5.436687401866906466e-01 2.382562063609314442e+09
5.458434151474373941e-01 2.127111635118485451e+09
5.480267888080271321e-01 2.221901355873727322e+09
5.502188959632591247e-01 2.144630646191434145e+09
5.524197715471121928e-01 2.160420018425103664e+09
5.546294506333006025e-01 2.180488449075743198e+09
5.568479684358338400e-01 2.038728050896214485e+09
5.590753603095770519e-01 1.882958232316401005e+09
5.613116617508153716e-01 1.720633206654663563e+09
5.635569083978186899e-01 1.662165393599444151e+09
5.658111360314097560e-01 1.591737027058224440e+09
5.680743805755354980e-01 1.437714797753694296e+09
5.703466780978375672e-01 1.323137767183643818e+09
5.726280648102289872e-01 1.166934219089893341e+09
5.749185770694699160e-01 9.773320725132336617e+08
5.772182513777477375e-01 8.175273064002856016e+08
5.795271243832587071e-01 6.541758908219994307e+08
5.818452328807918184e-01 5.000821831259961724e+08
5.841726138123150003e-01 3.685804675327482224e+08
5.865093042675643131e-01 1.905366046140088141e+08
5.888553414846344758e-01 3.677458754753737152e+07
5.912107628505729462e-01 1.170677525612266660e+08
5.935756059019753339e-01 3.571086390911704898e+08
5.959499083255832552e-01 6.394258408177980185e+08
5.983337079588855190e-01 9.748080474094387293e+08
6.007270427907210886e-01 1.406061265611961365e+09
6.031299509618840426e-01 1.947408341478669167e+09
6.055424707657315331e-01 2.566711242009701729e+09
6.079646406487945187e-01 3.254120883744089127e+09
6.103964992113897203e-01 3.959742497871946812e+09
6.128380852082353503e-01 4.865481411957521439e+09
6.152894375490681744e-01 5.348540394473251343e+09
6.177505952992645710e-01 5.388764458038519859e+09
6.202215976804615893e-01 5.870288101201291084e+09
6.227024840711834486e-01 6.265788502561015129e+09
6.251932940074681477e-01 7.026025876370954514e+09
6.276940671834980723e-01 7.768409500057445526e+09
6.302048434522321552e-01 8.729264555880132675e+09
6.327256628260409244e-01 9.877126491774324417e+09
6.352565654773452142e-01 1.074169884144067383e+10
6.377975917392545435e-01 1.089477523494067001e+10
6.403487821062116003e-01 1.342024035720503807e+10
6.429101772346363930e-01 1.518138903729861069e+10
6.454818179435749537e-01 1.829822335168632126e+10
6.480637452153492628e-01 1.971780107173890686e+10
6.506560001962106154e-01 2.178672940214776611e+10
6.532586241969955410e-01 2.597610399579710007e+10
6.558716586937833881e-01 2.010772841236468124e+10
6.584951453285585732e-01 1.940488895266698456e+10
6.611291259098727169e-01 1.870930443768294907e+10
6.637736424135122215e-01 1.784768348578464127e+10
6.664287369831662922e-01 1.760424334968143463e+10
6.690944519310989547e-01 1.795188176549117279e+10
6.717708297388232941e-01 1.847219814034237671e+10
6.744579130577786907e-01 1.953091881664593506e+10
6.771557447100098326e-01 2.239619341451896286e+10
6.798643676888498355e-01 2.179219522196406174e+10
6.825838251596052508e-01 2.249742266697471237e+10
6.853141604602436265e-01 2.233403577165837479e+10
6.880554171020846210e-01 2.302006980314002991e+10
6.908076387704928933e-01 2.253207926811611176e+10
6.935708693255748791e-01 2.583509882017620850e+10
6.963451528028771209e-01 3.065863209268793106e+10
6.991305334140887062e-01 3.406496260721647644e+10
7.019270555477450380e-01 3.743017142817893982e+10
7.047347637699360456e-01 4.742626069542649078e+10
7.075537028250157290e-01 3.369439703420296097e+10
7.103839176363159202e-01 2.968346289102363205e+10
7.132254533068611568e-01 3.013864647935588455e+10
7.160783551200886610e-01 3.185312072894566727e+10
7.189426685405689854e-01 3.670275201511329651e+10
7.218184392147313222e-01 3.697578561798714447e+10
7.247057129715901436e-01 4.497121403930054474e+10
7.276045358234763949e-01 5.009613281067520905e+10
7.305149539667704639e-01 6.014480876472225952e+10
7.334370137826373703e-01 6.777267167054572296e+10
7.363707618377679509e-01 7.225768158771510315e+10
7.393162448851190449e-01 7.239873474985823059e+10
7.422735098646596752e-01 7.121350916773071289e+10
7.452426039041182282e-01 6.570666331779201508e+10
7.482235743197346300e-01 6.436678714385744476e+10
7.512164686170136330e-01 6.022914198021359253e+10
7.542213344914817652e-01 5.860885966217988586e+10
7.572382198294477229e-01 5.280254714462357330e+10
7.602671727087656484e-01 3.902490248385034180e+10
7.633082413996006288e-01 1.922954274914773941e+10
7.663614743651989691e-01 2.082167768059113979e+09
7.694269202626597970e-01 2.642294555133995056e+09
7.725046279437104424e-01 1.302802627876724625e+10
7.755946464554852593e-01 2.957821746679738235e+10
7.786970250413072225e-01 4.362935965227822876e+10
7.818118131414724115e-01 5.627587863480464172e+10
7.849390603940383793e-01 5.302183404911804199e+10
7.880788166356144098e-01 6.437772241610855865e+10
7.912311319021569922e-01 6.515375173063272095e+10
7.943960564297655180e-01 7.806854931857255554e+10
7.975736406554845281e-01 8.430805072426612854e+10
8.007639352181065151e-01 1.018949162162798309e+11
8.039669909589789443e-01 1.138817692375256958e+11
8.071828589228148276e-01 1.352338092996047821e+11
8.104115903585061842e-01 1.507373780990782471e+11
8.136532367199402760e-01 1.802611980771209717e+11
8.169078496668199518e-01 1.843471564934205933e+11
8.201754810654874328e-01 1.377575180744255066e+11
8.234561829897493190e-01 1.811395382446326294e+11
8.267500077217083687e-01 1.800965855043877563e+11
8.300570077525952772e-01 1.605709527420213928e+11
8.333772357836056743e-01 1.841197707477191467e+11
8.367107447267401188e-01 1.792609801967696533e+11
8.400575877056470908e-01 1.880833555842996216e+11
8.434178180564695371e-01 1.491075912738075867e+11
8.467914893286955236e-01 9.794407837989453125e+10
8.501786552860102208e-01 1.160509176746730347e+11
8.535793699071543283e-01 1.211162498037483673e+11
8.569936873867830540e-01 1.439948956228698120e+11
8.604216621363300899e-01 1.661148937269899597e+11
8.638633487848753623e-01 1.500171125701893311e+11
8.673188021800150027e-01 1.997705809393439331e+11
8.707880773887352044e-01 1.508241829117970581e+11
8.742712296982900755e-01 1.720506641890841064e+11
8.777683146170831563e-01 2.105891296532757874e+11
8.812793878755513788e-01 2.357164375520919495e+11
8.848045054270535781e-01 2.706548758704888306e+11
8.883437234487617795e-01 1.750503843816947937e+11
8.918970983425568155e-01 2.514366072917574463e+11
8.954646867359271623e-01 2.250601048200848389e+11
8.990465454828707736e-01 2.673061100319772644e+11
9.026427316648023558e-01 2.328864657864237061e+11
9.062533025914615292e-01 2.445423931176742859e+11
9.098783158018273198e-01 2.935105166749605103e+11
9.135178290650346478e-01 3.165486732044705811e+11
9.171719003812948134e-01 3.569799112806090698e+11
9.208405879828199803e-01 3.709772363591701660e+11
9.245239503347512100e-01 3.438986387884442139e+11
9.282220461360901620e-01 3.559371448412633057e+11
9.319349343206346781e-01 3.327342641116043701e+11
9.356626740579171431e-01 3.507843708278669434e+11
9.394053247541488405e-01 2.938536129630203857e+11
9.431629460531654185e-01 3.508886955805859375e+11
9.469355978373780180e-01 3.882485893749852905e+11
9.507233402287275092e-01 4.210574214638421021e+11
9.545262335896426142e-01 4.462141866415213013e+11
9.583443385240012491e-01 4.077382667656580200e+11
9.621777158780971950e-01 4.381830555498505249e+11
9.660264267416096562e-01 4.347174634375948486e+11
9.698905324485760371e-01 4.728509079533513794e+11
9.737700945783701600e-01 4.016880619760307007e+11
9.776651749566835914e-01 3.920429793702714233e+11
9.815758356565105203e-01 4.131544833063779907e+11
9.855021389991363012e-01 4.026982229074187012e+11
9.894441475551331022e-01 3.574969441850126953e+11
9.934019241453534432e-01 2.126957098901812439e+11
9.973755318419349480e-01 2.695756122346434937e+11
1.001365033969302543e+00 2.441726669539732056e+11
1.005370494105179757e+00 2.519129983365840149e+11
1.009391976081600362e+00 2.857583234891821289e+11
1.013429543985926884e+00 3.164101556034367676e+11
1.017483262161870350e+00 3.359636715134576416e+11
1.021553195210518128e+00 3.563289513574653931e+11
1.025639407991360219e+00 3.516348235101443481e+11
1.029741965623325539e+00 3.370619323536143799e+11
1.033860933485818867e+00 3.394018153265230713e+11
1.037996377219762012e+00 4.073713270907376709e+11
1.042148362728641198e+00 4.138695305313154297e+11
1.046316956179555557e+00 4.675493829281389771e+11
1.050502224004274066e+00 4.623371177575780640e+11
1.054704232900291139e+00 5.096234606923468018e+11
1.058923049831892227e+00 5.096204978289742432e+11
1.063158742031219628e+00 5.050493358922990723e+11
1.067411376999344741e+00 4.842658030759835815e+11
1.071681022507342096e+00 4.933415987654770508e+11
1.075967746597371377e+00 5.462330540626188965e+11
1.080271617583760779e+00 5.517411707111662598e+11
1.084592704054095913e+00 5.894484220174487305e+11
1.088931074870312044e+00 5.358558140241504517e+11
1.093286799169793433e+00 5.924781104687977295e+11
1.097659946366472461e+00 5.895902956835957031e+11
1.102050586151938294e+00 5.998052524348930664e+11
1.106458788496546219e+00 5.769152943812899170e+11
1.110884623650532532e+00 5.468743954866356201e+11
1.115328162145134749e+00 6.250856058776468506e+11
1.119789474793714934e+00 6.303334488784394531e+11
1.124268632692889902e+00 6.589787059300659180e+11
1.128765707223661430e+00 6.750108875383686523e+11
1.133280770052556230e+00 6.508479425529400635e+11
1.137813893132766374e+00 5.377647732563306274e+11
1.142365148705297484e+00 5.808013369056192627e+11
1.146934609300118479e+00 7.024305107937839355e+11
1.151522347737319096e+00 7.332313536254875488e+11
1.156128437128268516e+00 7.330073798446369629e+11
1.160752950876781542e+00 7.400034732920953369e+11
1.165395962680288999e+00 7.336429846453095703e+11
1.170057546531009907e+00 5.701616107895113525e+11
1.174737776717134086e+00 5.996156937791248779e+11
1.179436727824002773e+00 5.083162988271287842e+11
1.184154474735298557e+00 6.774520149668540039e+11
1.188891092634239977e+00 7.382407625128673096e+11
1.193646657004777012e+00 7.230792545661221924e+11
1.198421243632796118e+00 6.215511211837081299e+11
1.203214928607327261e+00 6.375256086437824707e+11
1.208027788321756724e+00 7.119900843656374512e+11
1.212859899475043468e+00 6.660089667011447754e+11
1.217711339072943710e+00 7.130475707552120361e+11
1.222582184429235275e+00 6.879573251372242432e+11
1.227472513166952384e+00 7.504017991835596924e+11
1.232382403219620226e+00 7.397016249535063477e+11
1.237311932832498407e+00 7.245470922042479248e+11
1.242261180563828615e+00 5.116612232475886841e+11
1.247230225286083849e+00 6.891084320727709961e+11
1.252219146187228072e+00 5.037415712547445068e+11
1.257228022771976983e+00 6.898094937000048828e+11
1.262256934863064783e+00 6.971521554974205322e+11
1.267305962602517155e+00 7.545706943926691895e+11
1.272375186452927354e+00 7.434237838771752930e+11
1.277464687198738957e+00 7.505862510869118652e+11
1.282574545947533950e+00 7.618881480479705811e+11
1.287704844131324133e+00 6.861375998908088379e+11
1.292855663507849417e+00 6.940968900824364014e+11
1.298027086161880783e+00 7.175755573596353760e+11
1.303219194506528344e+00 7.357470122907362061e+11
1.308432071284554521e+00 7.311058245892359619e+11
1.313665799569692760e+00 7.613724363021408691e+11
1.318920462767971591e+00 7.663766234833563232e+11
1.324196144619043336e+00 7.356388080051153564e+11
1.329492929197519491e+00 7.286126910366280518e+11
1.334810900914309650e+00 6.583256081963453369e+11
1.340150144517967101e+00 6.356724182405281982e+11
1.345510745096038852e+00 6.385908291643781738e+11
1.350892788076423212e+00 6.456251132917432861e+11
1.356296359228728932e+00 6.325363305016091309e+11
1.361721544665643879e+00 6.645071992325158691e+11
1.367168430844306393e+00 6.857817239832384033e+11
1.372637104567683730e+00 7.020626326168740234e+11
1.378127652985954299e+00 7.078895134305085449e+11
1.383640163597898098e+00 7.014664069056400146e+11
1.389174724252289828e+00 6.974388825144116211e+11
1.394731423149298877e+00 6.860205511133652344e+11
1.400310348841896202e+00 6.789247585144467773e+11
1.405911590237263642e+00 6.859223445322680664e+11
1.411535236598212784e+00 6.606863957584963379e+11
1.417181377544605603e+00 6.585955385012249756e+11
1.422850103054784210e+00 6.604018784279215088e+11
1.428541503467003038e+00 6.508708438012156982e+11
1.434255669480871243e+00 6.606862986258417969e+11
1.439992692158794885e+00 6.709622431768662109e+11
1.445752662927429988e+00 6.823195938890004883e+11
1.451535673579139596e+00 6.888338851233942871e+11
1.457341816273456159e+00 6.997138983534549561e+11
1.463171183538549913e+00 6.957438188305571289e+11
1.469023868272704147e+00 6.885164620923137207e+11
1.474899963745795128e+00 7.030482136569482422e+11
1.480799563600778246e+00 7.074018677579188232e+11
1.486722761855181485e+00 7.062561718383653564e+11
1.492669652902602007e+00 7.126601658480432129e+11
1.498640331514212276e+00 7.141244371845529785e+11
1.504634892840269300e+00 7.183241705759420166e+11
1.510653432411630304e+00 7.185284441079549561e+11
1.516696046141276843e+00 6.944424202695830078e+11
1.522762830325842032e+00 7.324386621994857178e+11
1.528853881647145307e+00 7.385926954240474854e+11
1.534969297173733649e+00 7.347806484889108887e+11
1.541109174362428780e+00 7.384588937829166260e+11
1.547273611059878373e+00 7.407067214198366699e+11
1.553462705504118135e+00 7.380306278089323730e+11
1.559676556326134556e+00 7.083815770761478271e+11
1.565915262551438980e+00 7.332545645882932129e+11
1.572178923601644795e+00 7.410838448198370361e+11
1.578467639296051495e+00 7.226429373817204590e+11
1.584781509853235626e+00 7.297652437273206787e+11
1.591120635892648405e+00 7.405598610330375977e+11
1.597485118436219098e+00 7.277308765389699707e+11
1.603875058909963958e+00 7.197726931615351562e+11
1.610290559145603595e+00 7.268842504036121826e+11
1.616731721382186127e+00 7.232479246600711670e+11
1.623198648267714761e+00 7.165743343437149658e+11
1.629691442860785600e+00 7.227209723815710449e+11
1.636210208632228769e+00 7.247184712453862305e+11
1.642755049466757766e+00 7.151106024198096924e+11
1.649326069664624805e+00 7.205131698347666016e+11
1.655923373943283039e+00 7.183559909745093994e+11
1.662547067439056336e+00 7.119642572575356445e+11
1.669197255708812611e+00 7.097159397017611084e+11
1.675874044731648027e+00 7.062967368464471436e+11
1.682577540910574321e+00 7.035466472998768311e+11
1.689307851074216771e+00 6.983764691227132568e+11
1.696065082478513508e+00 6.917414534445196533e+11
1.702849342808427480e+00 6.859980702323906250e+11
1.709660740179661298e+00 6.756060561531582031e+11
1.716499383140379864e+00 6.608635827342232666e+11
1.723365380672941427e+00 6.535575396624117432e+11
1.730258842195633306e+00 6.394124052246395264e+11
1.737179877564415831e+00 6.253415283538432617e+11
1.744128597074673603e+00 6.086057817100560303e+11
1.751105111462972097e+00 5.992241974160380859e+11
1.758109531908824241e+00 5.776746297865352783e+11
1.765141970036459451e+00 5.601890308366287842e+11
1.772202537916605314e+00 5.508536321742438965e+11
1.779291348068271716e+00 5.253955560975283813e+11
1.786408513460544745e+00 5.146727458943489990e+11
1.793554147514387020e+00 4.963712395420774536e+11
1.800728364104444257e+00 4.954213636120028076e+11
1.807931277560862249e+00 4.748675260468660278e+11
1.815163002671105641e+00 4.822290394813133545e+11
1.822423654681789795e+00 4.821245892118264771e+11
1.829713349300517100e+00 4.645366422482675171e+11
1.837032202697718830e+00 4.698608735023959961e+11
1.844380331508509885e+00 4.492283976943601685e+11
1.851757852834543527e+00 4.366053521839575806e+11
1.859164884245881888e+00 4.017842110985471802e+11
1.866601543782865358e+00 4.288550674257133789e+11
1.874067949957996859e+00 4.249334309753428345e+11
1.881564221757828781e+00 4.403630211321457520e+11
1.889090478644860127e+00 4.465558848512893066e+11
1.896646840559439662e+00 4.572358842599139404e+11
1.904233427921677269e+00 4.512171538648862915e+11
1.911850361633363971e+00 4.599751173820300293e+11
1.919497763079897279e+00 4.449099828068997192e+11
1.927175754132217200e+00 4.259670761938387451e+11
1.934884457148745796e+00 4.237217582284003296e+11
1.942623994977340729e+00 3.804455272903295288e+11
1.950394490957250149e+00 3.986003465261738892e+11
1.958196068921079336e+00 4.015385385360471802e+11
1.966028853196763793e+00 4.093435271907177734e+11
1.973892968609550991e+00 3.745772110575170898e+11
1.981788540483989447e+00 3.748494939165380249e+11
1.989715694645925126e+00 3.771792859949158325e+11
1.997674557424508723e+00 3.929543478359812012e+11
2.005665255654207169e+00 3.967275393806450806e+11
2.013687916676823786e+00 3.927406419246248779e+11
2.021742668343530891e+00 4.017706304407861328e+11
2.029829639016905052e+00 3.957473136809935913e+11
2.037948957572972564e+00 4.002630810094194336e+11
2.046100753403264694e+00 4.011187777749301147e+11
2.054285156416877811e+00 4.080338310904700928e+11
2.062502297042545507e+00 4.045600057733707275e+11
2.070752306230715600e+00 4.089177867532724609e+11
2.079035315455638244e+00 4.083019516897527466e+11
2.087351456717461140e+00 4.071327229466885376e+11
2.095700862544330967e+00 4.073023908508441772e+11
2.104083665994508134e+00 4.078820604475558472e+11
2.112500000658485977e+00 4.065166943224698486e+11
2.120950000661120161e+00 4.041940891957407837e+11
2.129433800663764753e+00 4.008400945563160400e+11
2.137951535866419839e+00 3.987968152926343384e+11
2.146503342009885351e+00 3.971230150172213135e+11
2.155089355377924676e+00 3.929447570639415283e+11
2.163709712799436691e+00 3.891715892785746460e+11
2.172364551650634468e+00 3.849239617503493652e+11
2.181054009857236853e+00 3.791049715604241333e+11
2.189778225896665376e+00 3.742336535024703369e+11
2.198537338800252705e+00 3.681738036638601685e+11
2.207331488155453325e+00 3.543127767528974609e+11
2.216160814108075083e+00 3.585451959410513306e+11
2.225025457364507631e+00 3.544978667265570068e+11
2.233925559193965515e+00 3.506781292522741699e+11
2.242861261430741493e+00 3.457067936858132935e+11
2.251832706476463830e+00 3.407176879481250610e+11
2.260840037302370042e+00 3.358645093839938965e+11
2.269883397451579299e+00 3.318928881740709839e+11
2.278962931041386142e+00 3.267330657921047974e+11
2.288078782765551100e+00 3.218062934036200562e+11
2.297231097896613505e+00 2.306904587448067017e+11
2.306420022288200311e+00 2.568586967285200195e+11
2.315645702377353121e+00 2.628366250889839172e+11
2.324908285186861878e+00 2.168152443193243408e+11
2.334207918327609654e+00 2.370239866750959778e+11
2.343544750000919663e+00 2.440791453545661316e+11
2.352918929000923143e+00 2.278258689984828796e+11
2.362330604716927240e+00 2.276136519876977539e+11
2.371779927135795329e+00 2.342382635070213318e+11
2.381267046844337987e+00 2.261581526845895996e+11
2.390792115031715070e+00 2.211343944867406616e+11
2.400355283491842240e+00 2.316579716914981079e+11
2.409956704625809465e+00 2.229838060113331299e+11
2.419596531444312859e+00 2.171445135205380554e+11
2.429274917570089620e+00 2.140987762252957764e+11
2.438992017240370291e+00 2.075580918629775085e+11
2.448747985309331465e+00 1.969077027675122681e+11
2.458542977250568917e+00 1.970273082939390869e+11
2.468377149159570738e+00 2.004685323331780701e+11
2.478250657756209563e+00 1.929128023352671509e+11
2.488163660387234355e+00 1.922661286213042603e+11
2.498116315028783063e+00 1.947950364873402710e+11
2.508108780288898387e+00 1.811384771763815002e+11
2.518141215410053757e+00 1.823022759093582153e+11
2.528213780271693967e+00 1.731026290064461060e+11
2.538326635392781139e+00 1.727682146384503479e+11
2.548479941934351789e+00 1.712253440009621887e+11
2.558673861702089436e+00 1.725929329464441833e+11
2.568908557148898097e+00 1.753315560216523438e+11
2.579184191377493551e+00 1.685968951975874023e+11
2.589500928143003478e+00 1.748855160975003967e+11
2.599858931855575594e+00 1.787465692393624878e+11
2.610258367582998229e+00 1.873135761727781067e+11
2.620699401053329769e+00 1.836358299478880005e+11
2.631182198657543214e+00 1.835103307116279602e+11
2.641706927452173392e+00 1.893444218717249756e+11
2.652273755161981938e+00 1.938802968470319214e+11
2.662882850182629824e+00 1.916338500970922241e+11
2.673534381583360542e+00 1.693826492795607910e+11
2.684228519109693956e+00 1.640834816302199097e+11
2.694965433186132575e+00 1.567500750045945435e+11
2.705745294918877164e+00 1.553096196595444641e+11
2.716568276098552559e+00 1.514090858894418335e+11
2.727434549202946812e+00 1.511896982598571777e+11
2.738344287399758326e+00 1.479603064769709778e+11
2.749297664549357201e+00 1.555936692999998474e+11
2.760294855207554576e+00 1.527967030486740723e+11
2.771336034628385292e+00 1.469993351936262512e+11
2.782421378766898545e+00 1.416399035815422974e+11
2.793551064281966312e+00 1.532996249823599243e+11
2.804725268539093985e+00 1.374705220394940796e+11
2.815944169613250558e+00 1.385464617108628540e+11
2.827207946291703244e+00 1.516174903165885620e+11
2.838516778076869862e+00 1.351726026622151489e+11
2.849870845189177437e+00 1.363461550263921967e+11
2.861270328569933685e+00 1.437005707563814392e+11
2.872715409884213589e+00 1.358104718901172485e+11
2.884206271523750420e+00 1.374648865139123840e+11
2.895743096609845413e+00 1.387451336202317810e+11
2.907326068996284985e+00 1.321272685667122192e+11
2.918955373272270393e+00 1.357854541016346893e+11
2.930631194765359826e+00 1.346925601361718903e+11
2.942353719544420709e+00 1.308209337119928741e+11
2.954123134422598440e+00 1.330131876655497131e+11
2.965939626960289122e+00 1.296962901479708252e+11
2.977803385468130504e+00 1.335185315435345459e+11
2.989714599010003138e+00 1.300765252070149536e+11
3.001673457406043077e+00 1.304521516067269592e+11
3.013680151235667015e+00 1.331556945480496521e+11
3.025734871840609408e+00 1.239071600094449310e+11
3.037837811327972037e+00 1.338864031170386200e+11
3.049989162573283785e+00 1.231269089867041016e+11
3.062189119223576395e+00 1.274295352099721069e+11
3.074437875700470890e+00 1.212921565173493347e+11
3.086735627203272880e+00 1.175344768362616272e+11
3.099082569712085622e+00 1.183289925529948578e+11
3.111478899990933744e+00 1.107124255823067780e+11
3.123924815590897186e+00 1.116519939340106201e+11
3.136420514853261121e+00 1.068233642351288300e+11
3.148966196912674320e+00 1.041516259379128113e+11
3.161562061700325277e+00 1.023707449840623474e+11
3.174208309947126327e+00 1.007345455556728363e+11
3.186905143186915090e+00 1.024901734451272583e+11
3.199652763759662566e+00 9.806333023274566650e+10
3.212451374814701222e+00 1.066763501216843719e+11
3.225301180313960625e+00 1.057503521815540009e+11
3.238202385035215958e+00 1.081155214780626831e+11
3.251155194575356955e+00 1.127164846045668488e+11
3.264159815353658622e+00 1.141782033718209534e+11
3.277216454615073271e+00 1.165700701639190216e+11
3.290325320433533207e+00 1.179469021663106689e+11
3.303486621715267635e+00 1.138528696474919434e+11
3.316700568202128441e+00 8.511076113474148560e+10
3.329967370474937294e+00 5.949889071533633423e+10
3.343287239956836743e+00 6.339763216849050903e+10
3.356660388916663962e+00 8.095837518051348877e+10
3.370087030472330714e+00 1.002940673227466736e+11
3.383567378594220187e+00 1.075333503456136627e+11
3.397101648108596716e+00 1.100911744964460907e+11
3.410690054701031482e+00 1.081750855237419739e+11
3.424332814919834878e+00 1.051946719706608124e+11
3.438030146179514634e+00 1.021240611385672302e+11
3.451782266764232610e+00 1.023674216297716827e+11
3.465589395831289998e+00 1.045835926244295197e+11
3.479451753414614767e+00 1.040382342687112579e+11
3.493369560428273068e+00 1.020821254480364380e+11
3.507343038669985980e+00 1.047888019913591614e+11
3.521372410824665788e+00 1.028283635423114166e+11
3.535457900467964709e+00 1.027575510393596954e+11
3.549599732069836477e+00 1.022283523425796967e+11
3.563798130998116154e+00 1.020657399212994385e+11
3.578053323522108364e+00 1.032182565238301544e+11
3.592365536816196858e+00 1.058365139571368866e+11
3.606734998963461614e+00 1.062943531419376373e+11
3.621161938959315041e+00 1.072846714487850342e+11
3.635646586715152839e+00 1.081318495993725128e+11
3.650189173062013293e+00 1.081486903331391296e+11
3.664789929754260545e+00 1.087551354288358459e+11
3.679449089473277645e+00 1.093309135428414459e+11
3.694166885831170699e+00 1.096635740250016327e+11
3.708943553374495661e+00 1.098927862981397095e+11
3.723779327587993571e+00 1.099475286164806976e+11
3.738674444898345328e+00 1.079059196720601196e+11
3.753629142677938901e+00 1.093905419702858124e+11
3.768643659248651190e+00 1.081942664696249084e+11
3.783718233885645432e+00 1.071585472333026428e+11
3.798853106821188153e+00 1.066506380862199707e+11
3.814048519248473657e+00 1.058562227819198456e+11
3.829304713325467180e+00 1.043696113827527618e+11
3.844621932178768908e+00 1.042997227245489655e+11
3.860000419907484215e+00 1.028302868606253662e+11
3.875440421587113882e+00 1.020879222717192688e+11
3.890942183273462529e+00 1.006337503237132721e+11
3.906505952006555926e+00 9.979327971565600586e+10
3.922131975814582727e+00 9.846402306220521545e+10
3.937820503717840648e+00 9.687072358122625732e+10
3.953571785732711508e+00 9.548600371802174377e+10
3.969386072875642490e+00 9.373550380620838928e+10
3.985263617167145167e+00 9.170632925360249329e+10
4.001204671635814059e+00 8.704692453561215210e+10
4.017209490322357190e+00 8.492690277188465881e+10
4.033278328283646630e+00 8.387380395928141785e+10
4.049411441596781458e+00 7.744487508356188965e+10
4.065609087363168506e+00 7.859233046703581238e+10
4.081871523712622185e+00 7.409186418521629333e+10
4.098199009807472315e+00 7.401903194018074036e+10
4.114591805846702144e+00 7.392248630178570557e+10
4.131050173070089038e+00 6.936534761109786987e+10
4.147574373762369149e+00 7.145606652280461121e+10
4.164164671257418959e+00 6.856313909382794952e+10
4.180821329942449260e+00 6.838568042334442902e+10
4.197544615262219558e+00 6.884194185075233459e+10
4.214334793723269357e+00 6.615848575890067291e+10
4.231192132898162761e+00 6.757830377404164124e+10
4.248116901429755288e+00 6.458262115085866547e+10
4.265109369035473996e+00 6.470384686356894684e+10
4.282169806511615384e+00 6.402314952548624420e+10
4.299298485737661935e+00 5.449207927601315308e+10
4.316495679680612874e+00 4.812344778623340607e+10
4.333761662399335357e+00 4.472679119648834991e+10
4.351096709048932532e+00 4.232051981423225403e+10
4.368501095885127583e+00 3.888834312062937164e+10
4.385975100268668214e+00 3.597923901965470886e+10
4.403519000669743555e+00 3.399006010129616547e+10
4.421133076672422391e+00 3.248346156962701797e+10
4.438817608979111817e+00 3.016259736871082687e+10
4.456572879415028332e+00 2.876609827729110336e+10
4.474399170932688463e+00 2.726211818541587830e+10
4.492296767616419828e+00 2.696204114603346634e+10
4.510265954686884626e+00 2.618376513559095001e+10
4.528307018505633330e+00 2.572567486285832214e+10
4.546420246579655711e+00 2.534537557237042618e+10
4.564605927565974497e+00 2.428915093673894119e+10
4.582864351276237258e+00 2.486782176130686951e+10
4.601195808681342925e+00 2.539069318474486542e+10
4.619600591916067422e+00 2.518664362228638458e+10
4.638078994283731937e+00 2.483006671108102036e+10
4.656631310260867629e+00 2.726826111605222702e+10
4.675257835501911430e+00 2.631920560889348984e+10
4.693958866843916944e+00 2.615688295133626175e+10
4.712734702311292878e+00 2.592923417580333710e+10
4.731585641120538810e+00 2.574340210536218643e+10
4.750511983685020923e+00 2.410724503757188416e+10
4.769514031619761063e+00 2.417661525567475510e+10
4.788592087746240011e+00 2.409719203380761719e+10
4.807746456097224730e+00 2.426306199134252548e+10
4.826977441921613377e+00 2.433590442346451569e+10
4.846285351689299858e+00 2.366242689643210983e+10
4.865670493096057925e+00 2.407580724828968048e+10
4.885133175068442135e+00 2.309996418103183365e+10
4.904673707768715474e+00 2.325486414651294327e+10
4.924292402599791174e+00 2.180345903775351715e+10
4.943989572210189642e+00 2.280421939851505661e+10
4.963765530499030021e+00 2.188468371404173660e+10
4.983620592621027079e+00 2.363252251963548660e+10
5.003555074991511198e+00 2.264812921669757843e+10
5.023569295291476777e+00 2.165000904717609406e+10
5.043663572472643075e+00 2.364171842342481232e+10
5.063838226762532813e+00 2.352297073466478729e+10
5.084093579669583640e+00 2.321289126425405884e+10
5.104429953988261381e+00 2.410118357001802826e+10
5.124847673804215020e+00 2.362866807608048248e+10
5.145347064499431688e+00 2.465458454281074905e+10
5.165928452757428957e+00 2.300724978698652649e+10
5.186592166568458673e+00 2.465534805623211670e+10
5.207338535234733001e+00 2.310731486422073364e+10
5.228167889375671784e+00 2.422891178319266129e+10
5.249080560933174766e+00 2.341089397611407089e+10
5.270076883176907145e+00 2.356116619387963867e+10
5.291157190709615321e+00 2.322522918202036285e+10
5.312321819472453299e+00 2.412653118766921997e+10
5.333571106750343738e+00 2.420652823813235855e+10
5.354905391177344320e+00 2.330921993027827835e+10
5.376325012742054099e+00 2.336912321288899612e+10
5.397830312793021612e+00 2.357353470219886780e+10
5.419421634044193858e+00 2.204112981406014633e+10
5.441099320580370602e+00 2.396480304851292419e+10
5.462863717862692425e+00 2.287293307447797775e+10
5.484715172734142996e+00 2.326162156657646942e+10
5.506654033425078865e+00 2.325275571682296371e+10
5.528680649558780580e+00 2.294192005651746750e+10
5.550795372157015350e+00 2.188831027892594147e+10
5.572998553645643227e+00 2.199299324373570633e+10
5.595290547860225949e+00 2.298452131774797440e+10
5.617671710051667766e+00 2.230903098310642242e+10
5.640142396891874021e+00 2.292911694421968079e+10
5.662702966479441713e+00 2.240842744671551895e+10
5.685353778345359821e+00 2.113925683012009430e+10
5.708095193458740724e+00 2.155616875779597473e+10
5.730927574232576482e+00 2.073817175964172363e+10
5.753851284529505783e+00 2.117788570604989624e+10
5.776866689667624399e+00 1.978152097189853287e+10
5.799974156426294769e+00 2.106609020930147552e+10
5.823174053051999977e+00 1.935660279224402237e+10
5.846466749264207508e+00 1.972525098484567261e+10
5.869852616261264977e+00 1.963132570465057373e+10
5.893332026726310069e+00 1.947531554700839233e+10
5.916905354833215114e+00 2.045385892764299774e+10
5.940572976252548543e+00 1.863223597964296341e+10
5.964335268157558545e+00 1.899409386402872467e+10
5.988192609230189589e+00 1.905820576609083557e+10
6.012145379667110490e+00 1.922785592035872269e+10
6.036193961185778889e+00 1.842126685144648743e+10
6.060338737030522616e+00 1.840350540113759232e+10
6.084580091978644134e+00 1.906185692588363266e+10
6.108918412346558746e+00 1.785173642144132614e+10
6.133354085995945226e+00 2.031520485744039536e+10
6.157887502339929320e+00 1.858757091822412872e+10
6.182519052349287669e+00 1.767501006554093933e+10
6.207249128558685491e+00 1.808911081280136490e+10
6.232078125072920471e+00 1.801594522152590561e+10
6.257006437573212843e+00 1.772176588956072617e+10
6.282034463323505236e+00 1.824127235704156876e+10
6.307162601176800720e+00 1.731591926960412216e+10
6.332391251581507063e+00 1.754072926566519928e+10
6.357720816587833390e+00 1.721684576259287262e+10
6.383151699854184180e+00 1.648733243265575600e+10
6.408684306653601226e+00 1.506486814735140038e+10
6.434319043880215361e+00 1.554121190006963921e+10
6.460056320055736379e+00 1.401153763893028641e+10
6.485896545335958052e+00 1.258201665922791672e+10
6.511840131517302233e+00 1.278860754649471474e+10
6.537887492043371829e+00 1.265954487515069008e+10
6.564039042011545533e+00 1.189971882983879852e+10
6.590295198179591196e+00 1.142107514971339226e+10
6.616656378972309405e+00 1.144872143312854004e+10
6.643123004488199257e+00 1.129377048484327698e+10
6.669695496506150789e+00 1.132078819973144150e+10
6.696374278492176479e+00 1.125568456759013367e+10
6.723159775606144528e+00 1.090808968149531555e+10
6.750052414708568094e+00 1.145246940804145241e+10
6.777052624367403411e+00 1.057579601614787674e+10
6.804160834864871887e+00 1.044771717077517128e+10
6.831377478204331055e+00 9.999399029135646820e+09
6.858702988117148180e+00 1.031262319228515434e+10
6.886137800069615622e+00 1.052924394954975319e+10
6.913682351269895499e+00 1.032660734919629097e+10
6.941337080674975013e+00 1.026088526411927032e+10
6.969102428997675069e+00 1.005803570891442108e+10
6.996978838713665994e+00 1.021486927304262161e+10
7.024966754068519670e+00 9.631843532078451157e+09
7.053066621084793653e+00 9.404883573432008743e+09
7.081278887569133929e+00 9.319664326588321686e+09
7.109604003119409654e+00 8.979473142116157532e+09
7.138042419131887861e+00 9.136683085374240875e+09
7.166594588808414379e+00 8.954966861898233414e+09
7.195260967163648047e+00 8.728611724738021851e+09
7.224042011032302923e+00 8.374741357981257439e+09
7.252938179076432235e+00 8.176028808689841270e+09
7.281949931792737196e+00 8.081382155582878113e+09
7.311077731519908696e+00 8.035242781815035820e+09
7.340322042445988515e+00 7.620655403649487495e+09
7.369683330615771411e+00 7.549371049898102760e+09
7.399162063938235612e+00 7.669062244124210358e+09
7.428758712193988423e+00 7.360519471211486816e+09
7.458473747042765112e+00 7.417548977858924866e+09
7.488307642030935796e+00 7.453175723291172981e+09
7.518260872599060285e+00 7.597698709084444046e+09
7.548333916089456253e+00 7.583491786997209549e+09
7.578527251753813587e+00 7.247012091545213699e+09
7.608841360760829176e+00 7.040253799185633659e+09
7.639276726203872769e+00 7.447689664352310181e+09
7.669833833108687493e+00 6.706341554967725754e+09
7.700513168441122325e+00 6.396048177203016281e+09
7.731315221114887670e+00 5.960494754496170998e+09
7.762240481999347352e+00 5.780208199860609055e+09
7.793289443927344351e+00 5.660163814534690857e+09
7.824462601703054077e+00 5.677048530281159401e+09
7.855760452109866065e+00 5.657663531640709877e+09
7.887183493918306532e+00 5.507365235877517700e+09
7.918732227893980458e+00 5.596817788789093018e+09
7.950407156805555431e+00 5.573130338767244339e+09
7.982208785432777454e+00 5.515233219774626732e+09
8.014137620574508958e+00 5.504973062945484161e+09
8.046194171056805899e+00 5.253060907085071564e+09
8.078378947741034821e+00 5.473512073368031502e+09
8.110692463531997021e+00 5.296153934421574593e+09
8.143135233386125549e+00 5.287246533525181770e+09
8.175707774319670662e+00 5.195722021138820648e+09
8.208410605416949224e+00 5.063260827724050522e+09
8.241244247838615422e+00 5.162170975704943657e+09
8.274209224829968790e+00 5.017438551455524445e+09
8.307306061729288871e+00 5.050366018169342995e+09
8.340535285976207192e+00 4.848864766983647346e+09
8.373897427120111203e+00 4.796159356400606155e+09
8.407393016828594412e+00 5.051002901973165512e+09
8.441022588895906509e+00 4.778054411683391571e+09
8.474786679251490540e+00 4.903819052862935066e+09
8.508685825968495209e+00 4.722940390010456085e+09
8.542720569272368891e+00 4.810521261326170921e+09
8.576891451549458978e+00 4.753677355424171448e+09
8.611199017355655627e+00 4.826775651347237587e+09
8.645643813425078150e+00 4.755256310974311829e+09
8.680226388678779159e+00 4.680385763630526543e+09
8.714947294233493125e+00 4.686800716379363060e+09
8.749807083410427566e+00 4.565891888243008614e+09
8.784806311744070229e+00 4.670106480718571663e+09
8.819945536991047774e+00 4.543527739843728065e+09
8.855225319139009343e+00 4.565067110751758575e+09
8.890646220415566958e+00 4.671896821287838936e+09
8.926208805297228821e+00 4.556341376533242226e+09
8.961913640518417878e+00 4.434018517047384262e+09
8.997761295080492161e+00 4.461091871594589233e+09
9.033752340260813085e+00 4.445507841142024994e+09
9.069887349621856387e+00 4.480019598451957703e+09
9.106166899020346150e+00 4.366256158816640854e+09
9.142591566616424359e+00 4.426321088187724113e+09
9.179161932882891506e+00 4.404763258749114037e+09
9.215878580614422333e+00 4.352409317348274231e+09
9.252742094936881045e+00 4.282144142263290882e+09
9.289753063316627646e+00 4.302622226008255005e+09
9.326912075569895322e+00 4.293527618784018993e+09
9.364219723872173162e+00 4.365447512409187317e+09
9.401676602767663482e+00 4.140375620199016571e+09
9.439283309178733816e+00 4.083983470767391205e+09
9.477040442415447075e+00 4.127239695454914570e+09
9.514948604185111236e+00 4.102964368612498283e+09
9.553008398601852136e+00 4.176313555945796967e+09
9.591220432196260859e+00 3.982481237299674034e+09
9.629585313925044687e+00 3.945777639157035351e+09
9.668103655180747324e+00 3.937718535733704567e+09
9.706776069801470896e+00 3.908767691370923996e+09
9.745603174080676112e+00 3.915652277443681717e+09
9.784585586776998412e+00 3.949667754271146297e+09
9.823723929124106746e+00 3.739407270791138172e+09
9.863018824840601440e+00 3.798763473553126812e+09
9.902470900139965337e+00 3.347787867898419857e+09
9.942080783740523842e+00 3.693928735007727146e+09
9.981849106875488431e+00 3.615479193758881092e+09
1.002177650330298952e+01 3.618996906413936615e+09
1.006186360931619994e+01 3.499275392811397552e+09
1.010211106375346723e+01 3.352634387707842350e+09
1.014251950800847979e+01 3.491694685354545116e+09
1.018308958604051284e+01 3.415053069530501842e+09
1.022382194438467451e+01 3.313000897855291367e+09
1.026471723216221399e+01 3.219620522580544949e+09
1.030577610109086173e+01 3.208546347113540649e+09
1.034699920549522467e+01 3.105572041508781910e+09
1.038838720231720458e+01 3.000165126626867294e+09
1.042994075112647501e+01 2.950836567443075180e+09
1.047166051413097954e+01 2.884121868827835560e+09
1.051354715618750468e+01 2.989508733633936405e+09
1.055560134481225454e+01 2.889683058827666759e+09
1.059782375019150358e+01 2.802199860343789577e+09
1.064021504519226902e+01 2.857899345271420002e+09
1.068277590537303823e+01 2.855662750727062702e+09
1.072550700899452991e+01 2.722187722020992756e+09
1.076840903703050856e+01 2.668296889490201473e+09
1.081148267317863088e+01 2.715056818953152657e+09
1.085472860387134553e+01 2.745580333618469715e+09
1.089814751828683015e+01 2.456927543520978928e+09
1.094174010835997635e+01 2.554035246768226624e+09
1.098550706879341909e+01 2.292720183688652039e+09
1.102944909706859100e+01 2.340658573964903355e+09
1.107356689345686540e+01 2.355169038724737167e+09
1.111786116103069233e+01 2.365701871359100342e+09
1.116233260567481622e+01 2.287884807630506516e+09
1.120698193609751492e+01 2.251895691058203220e+09
1.125180986384190440e+01 2.227622941860405922e+09
1.129681710329727373e+01 2.190704127990757465e+09
1.134200437171046083e+01 2.148924171902801514e+09
1.138737238919730466e+01 2.189203634267506599e+09
1.143292187875409383e+01 2.112014922888166428e+09
1.147865356626910938e+01 2.067410220908498526e+09
1.152456818053418530e+01 2.009925900137521744e+09
1.157066645325632237e+01 1.929282430028195143e+09
1.161694911906934635e+01 1.899262992812101603e+09
1.166341691554562487e+01 1.958513854958798885e+09
1.171007058320780736e+01 1.824633960459087610e+09
1.175691086554063958e+01 1.697089321797659159e+09
1.180393850900279951e+01 1.789185786955385923e+09
1.185115426303881137e+01 1.741398290215482712e+09
1.189855888009096674e+01 1.736451606211179495e+09
1.194615311561133097e+01 1.729475032266525745e+09
1.199393772807377623e+01 1.702484556767705441e+09
1.204191347898607134e+01 1.691677478462435484e+09
1.209008113290201614e+01 1.569520364514682770e+09
1.213844145743362368e+01 1.561762294465599537e+09
1.218699522326335938e+01 1.637587226768592358e+09
1.223574320415641381e+01 1.524714583474184990e+09
1.228468617697303777e+01 1.559685851426352262e+09
1.233382492168093059e+01 1.479892816004631281e+09
1.238316022136765504e+01 1.459209365919108152e+09
1.243269286225312520e+01 1.336482893851535082e+09
1.248242363370213859e+01 1.443109432408351421e+09
1.253235332823694748e+01 1.322146060145282745e+09
1.258248274154989410e+01 1.359542610209714413e+09
1.263281267251609385e+01 1.333637809002889395e+09
1.268334392320615756e+01 1.323534562372198820e+09
1.273407729889898299e+01 1.347140947495954990e+09
1.278501360809457665e+01 1.233784850345273733e+09
1.283615366252695544e+01 1.211038090300299883e+09
1.288749827717706253e+01 1.300573214388795614e+09
1.293904827028577031e+01 1.174792377245454311e+09
1.299080446336691352e+01 1.209418124537816286e+09
1.304276768122038099e+01 1.141603391744252682e+09
1.309493875194526424e+01 1.169579278377237320e+09
1.314731850695304693e+01 1.123297879989431381e+09
1.319990778098085649e+01 1.138406392299138308e+09
1.325270741210477965e+01 1.039555209922493577e+09
1.330571824175319939e+01 1.024724854563690662e+09
1.335894111472021173e+01 1.059880866462341070e+09
1.341237687917909227e+01 1.058879352872977614e+09
1.346602638669580898e+01 9.778208796553084850e+08
1.351989049224258999e+01 1.027858501847972631e+09
1.357397005421156067e+01 9.864638512387291193e+08
1.362826593442840917e+01 9.707659259961102009e+08
1.368277899816612297e+01 9.566481847886159420e+08
1.373751011415878942e+01 8.955917159969102144e+08
1.379246015461542463e+01 9.391962312273352146e+08
1.384762999523388416e+01 8.424792477356079817e+08
1.390302051521481808e+01 9.010648069640566111e+08
1.395863259727567751e+01 8.762437149823788404e+08
1.401446712766477987e+01 8.228911860873055458e+08
1.407052499617543972e+01 9.033811418349723816e+08
1.412680709616014063e+01 8.194316231234917641e+08
1.418331432454478147e+01 7.807632594722307920e+08
1.424004758184296193e+01 8.015731877943035364e+08
1.429700777217033369e+01 8.342929462476463318e+08
1.435419580325901379e+01 7.667161752026606798e+08
1.441161258647204946e+01 7.579974863632479906e+08
1.446925903681793812e+01 7.293734123017832041e+08
1.452713607296521126e+01 7.467020110753495693e+08
1.458524461725707155e+01 7.412644746884727478e+08
1.464358559572609764e+01 7.127602370780997276e+08
1.470215993810900557e+01 7.062183366636114120e+08
1.476096857786143879e+01 7.512018791933856010e+08
1.482001245217288599e+01 6.848774486193951368e+08
1.487929250198157760e+01 6.498699524646693468e+08
1.493880967198950316e+01 6.774143286077601910e+08
1.499856491067746056e+01 6.538476277098397017e+08
1.505855917032016933e+01 6.508709197133301497e+08
1.511879340700144958e+01 6.301838172470930815e+08
1.517926858062945605e+01 6.212862043660575151e+08
1.523998565495197433e+01 6.458078872160304785e+08
1.530094559757178274e+01 6.314506975535860062e+08
1.536214937996206764e+01 5.967794106588369608e+08
1.542359797748191674e+01 5.755034432248272896e+08
1.548529236939184450e+01 5.817785136860518456e+08
1.554723353886941339e+01 5.501515854683384895e+08
1.560942247302489072e+01 5.646168271108031273e+08
1.567186016291699069e+01 5.662220195384238958e+08
1.573454760356865556e+01 5.244948424411484599e+08
1.579748579398293096e+01 5.430133189154777527e+08
1.586067573715886247e+01 5.287688873104678988e+08
1.592411844010749888e+01 5.570507989450371265e+08
1.598781491386792730e+01 4.794793154648107886e+08
1.605176617352340074e+01 5.011720032682617307e+08
1.611597323821749228e+01 4.809210072821318507e+08
1.618043713117036120e+01 5.087680957568419576e+08
1.624515887969504391e+01 4.555804929691244364e+08
1.631013951521382310e+01 4.840432041092001200e+08
1.637538007327468037e+01 4.864166245246597528e+08
1.644088159356778078e+01 4.621295070641574264e+08
1.650664511994205341e+01 4.432045916502702236e+08
1.657267170042182158e+01 4.396535047028639913e+08
1.663896238722350418e+01 4.070802566353586912e+08
1.670551823677240222e+01 4.350483997078995705e+08
1.677234030971949608e+01 4.551212823307055831e+08
1.683942967095837062e+01 4.309923282122478485e+08
1.690678738964220429e+01 4.092573776359266043e+08
1.697441453920077237e+01 4.041707749490289092e+08
1.704231219735757108e+01 4.398448927629699707e+08
1.711048144614700561e+01 3.650467827870767713e+08
1.717892337193159236e+01 4.013661900529585481e+08
1.724763906541932101e+01 3.709809802864359617e+08
1.731662962168099895e+01 3.679894680387506485e+08
1.738589614016772344e+01 3.453412114235894680e+08
1.745543972472839300e+01 3.751720830082055330e+08
1.752526148362730751e+01 3.643234523187742829e+08
1.759536252956181812e+01 3.475765417760974169e+08
1.766574397968006238e+01 3.382134159770137072e+08
1.773640695559878466e+01 3.383618023064467907e+08
1.780735258342117433e+01 3.334733901659196615e+08
1.787858199375486024e+01 3.502007131203671694e+08
1.795009632172988034e+01 3.147359019395651221e+08
1.802189670701679702e+01 3.392591615749504566e+08
1.809398429384486562e+01 3.220750749528086185e+08
1.816636023102024211e+01 2.894499661595138907e+08
1.823902567194432578e+01 3.159181067576491833e+08
1.831198177463210186e+01 3.179073789128214121e+08
1.838522970173062987e+01 2.985489645940568447e+08
1.845877062053754969e+01 2.923108009660071731e+08
1.853260570301970134e+01 2.716514021464425325e+08
1.860673612583178027e+01 2.622177676533724666e+08
1.868116307033510637e+01 2.780523164888044000e+08
1.875588772261644976e+01 2.689886430665667057e+08
1.883091127350691352e+01 2.897951635117942691e+08
1.890623491860094063e+01 2.672180600031953454e+08
1.898185985827534594e+01 2.532329584438089430e+08
1.905778729770844748e+01 2.722348494855405092e+08
1.913401844689928311e+01 2.669684543643203676e+08
1.921055452068688041e+01 2.402156595598304272e+08
1.928739673876962968e+01 2.427112452606770694e+08
1.936454632572470658e+01 2.495293777261783481e+08
1.944200451102760141e+01 2.186298754975456893e+08
1.951977252907171589e+01 2.517810617619425654e+08
1.959785161918800256e+01 2.242147415625082254e+08
1.967624302566475691e+01 2.259114095137078464e+08
1.991079942767366973e+01 2.196355028743783832e+08
