# Wavelength (micrometer), Flux (W / m2 / m)
1.000553076518779783e-01 3.103103638430670799e+02
1.004555288824854897e-01 2.823557515195451760e-18
1.008573509980154326e-01 1.121816768712310747e-17
1.012607804020075053e-01 1.510403548770610151e-17
1.016658235236155422e-01 5.828237506213371739e-18
1.020724868177099870e-01 5.773785155975149359e-14
1.024807767649808382e-01 4.041677006422369441e-15
1.028906998720407612e-01 6.803288306031888258e-17
1.033022626715289355e-01 2.254986425981220912e-13
1.037154717222150413e-01 3.425296937162421495e-17
1.041303336091038839e-01 1.858923373723593201e-16
1.045468549435403099e-01 5.034237365571409834e-15
1.049650423633144702e-01 2.528660399209410718e-17
1.053849025327677214e-01 7.273898817286381615e-14
1.058064421428987906e-01 1.254402086361164011e-16
1.062296679114703990e-01 1.533204270539601075e-13
1.066545865831162732e-01 1.606350525456204400e-14
1.070812049294487533e-01 2.167427811984481171e-15
1.075095297491665408e-01 1.940033283987727348e-12
1.079395678681632220e-01 3.738378013543583874e-15
1.083713261396358624e-01 2.320420024124565371e-12
1.088048114441943909e-01 8.897270625471137591e-13
1.092400306899711654e-01 2.703514453274891565e-10
1.096769908127310511e-01 1.832393110724110080e-12
1.101156987759819850e-01 1.609987639739680304e-12
1.105561615710859147e-01 1.150678296918015487e-10
1.109983862173702651e-01 4.497756374472381573e-11
1.114423797622397516e-01 1.294660481365742978e-11
1.118881492812886930e-01 2.296815394596401524e-12
1.123357018784138517e-01 1.469986040371241745e-11
1.127850446859275102e-01 1.573527101835408427e-08
1.132361848646712132e-01 2.130971267321149329e-09
1.136891296041298988e-01 1.923617373470150976e-09
1.141438861225464035e-01 2.257443824755798490e-09
1.146004616670366072e-01 2.565645881514278991e-09
1.150588635137047705e-01 2.020812660886249615e-09
1.155190989677595953e-01 1.391307561242480819e-09
1.159811753636306314e-01 3.411930187912632516e-09
1.164451000650851553e-01 8.202054527731514389e-10
1.169108804653455069e-01 1.001930998113854683e-09
1.173785239872068981e-01 7.930619589404056170e-10
1.178480380831557206e-01 5.505751543429606182e-10
1.183194302354883543e-01 1.257618848085291837e-09
1.187927079564302935e-01 1.681686372641238693e-10
1.192678787882560099e-01 1.697657477049414703e-10
1.197449503034090645e-01 6.371054651938773807e-11
1.202239301046226783e-01 8.160707958371238140e-12
1.207048258250411760e-01 4.963514419514972720e-10
1.211876451283413342e-01 8.281326424935276197e-11
1.216723957088547137e-01 1.262897708694637071e-12
1.221590852916901310e-01 1.977223722740454435e-10
1.226477216328568792e-01 1.699668988646524723e-09
1.231383125193883099e-01 2.565696810243038548e-12
1.236308657694658586e-01 1.701234744577894149e-10
1.241253892325437369e-01 1.235060882499040962e-10
1.246218907894739159e-01 4.615515903450400317e-12
1.251203783526317892e-01 2.067309588622758086e-10
1.256208598660423226e-01 4.875422662507940855e-09
1.261233433055065078e-01 1.629887373355726898e-09
1.266278366787285392e-01 9.895684026945086128e-12
1.271343480254434610e-01 1.119440110572381984e-08
1.276428854175452321e-01 2.296277024762427667e-09
1.281534569592154005e-01 2.107285740787486248e-10
1.286660707870522780e-01 4.150375701716899147e-09
1.291807350702004475e-01 1.050728105780975012e-08
1.296974580104812425e-01 1.222768472965910593e-08
1.302162478425231973e-01 1.102432880336016340e-11
1.307371128338932764e-01 2.923273685668199967e-09
1.312600612852288795e-01 8.946492372597172876e-08
1.317851015303697915e-01 1.025881638747049305e-09
1.323122419364912705e-01 3.375553485487909781e-08
1.328414909042372472e-01 9.791863882544524250e-08
1.333728568678542170e-01 2.903968140657200124e-08
1.339063482953256612e-01 1.651329841041783508e-10
1.344419736885069383e-01 3.542152056566557956e-08
1.349797415832609815e-01 9.495305052901106492e-08
1.355196605495940232e-01 4.882749654465030835e-08
1.360617391917924301e-01 1.076875496176019070e-07
1.366059861485595939e-01 1.082773804837945503e-08
1.371524100931538481e-01 2.383350668195801244e-10
1.377010197335264696e-01 2.049409253785851423e-09
1.382518238124605670e-01 8.902659619057741032e-07
1.388048311077104136e-01 1.624442772859614937e-07
1.393600504321412248e-01 2.864650504058491553e-09
1.399174906338697677e-01 1.846283393288935011e-09
1.404771605964052761e-01 7.282872306120460254e-07
1.410390692387908651e-01 2.444467475292919832e-08
1.416032255157460562e-01 2.575346966352877785e-06
1.421696384178090522e-01 2.427881636436248421e-10
1.427383169714803168e-01 2.266733310771379841e-07
1.433092702393662099e-01 2.583433435915492989e-05
1.438825073203236771e-01 1.358405732813915258e-06
1.444580373496049674e-01 1.860166919905803520e-05
1.450358694990033503e-01 8.530375033056145849e-07
1.456160129769993872e-01 3.631105163365804775e-05
1.461984770289073976e-01 8.269221754493351090e-05
1.467832709370230082e-01 6.342480069559131807e-06
1.473704040207710897e-01 5.631785695863961904e-05
1.479598856368541382e-01 8.202943336104854344e-08
1.485517251794015725e-01 1.591991617537851758e-05
1.491459320801191979e-01 4.676932550142358391e-05
1.497425158084396690e-01 3.928488825281489556e-06
1.503414858716734248e-01 2.732382681721118789e-04
1.509428518151600951e-01 1.473241411106177392e-05
1.515466232224207677e-01 9.492729445271234409e-08
1.521528097153104220e-01 8.146879471413243921e-07
1.527614209541716672e-01 5.543406609801413151e-10
1.533724666379883694e-01 8.298986377012324238e-09
1.539859565045403056e-01 2.467889461939522971e-09
1.546019003305584838e-01 9.727995002556446526e-11
1.552203079318807133e-01 5.405421644252765691e-10
1.558411891636082569e-01 5.325593192472805729e-10
1.564645539202626778e-01 4.610394069822550293e-10
1.570904121359437411e-01 6.646402195105525167e-10
1.577187737844875093e-01 4.340367659682169698e-10
1.583496488796254653e-01 1.050228663358229239e-09
1.589830474751439959e-01 3.227064063990933159e-09
1.596189796650445414e-01 1.004701667104365602e-09
1.602574555837047166e-01 1.422093291763856748e-09
1.608984854060395708e-01 2.932655578745576301e-09
1.615420793476636807e-01 2.920526198627148679e-09
1.621882476650543525e-01 4.904922928776659925e-09
1.628370006557145755e-01 4.824038251853283771e-09
1.634883486583374457e-01 7.391768207134456616e-09
1.641423020529707844e-01 1.053124036977757559e-08
1.647988712611826723e-01 9.930360153834028533e-09
1.654580667462274002e-01 4.734005641030403884e-09
1.661198990132123077e-01 1.982623654688079467e-08
1.667843786092651215e-01 1.876974633864252534e-08
1.674515161237022098e-01 3.674645428440803706e-08
1.681213221881969755e-01 7.557217234764819435e-08
1.687938074769497754e-01 6.047784309226669698e-08
1.694689827068575905e-01 3.332229973104267038e-07
1.701468586376850278e-01 1.851076312213334980e-07
1.708274460722357391e-01 2.183999029163580267e-07
1.715107558565246715e-01 2.709566023951633637e-07
1.721967988799507909e-01 2.869774815802276412e-07
1.728855860754705820e-01 4.599246285225972109e-07
1.735771284197724640e-01 4.017136311432488931e-07
1.742714369334515678e-01 3.844753164198512180e-07
1.749685226811853456e-01 1.678462214235141687e-06
1.756683967719100681e-01 7.391422724706418625e-07
1.763710703589977391e-01 5.316077427230632015e-06
1.770765546404337309e-01 9.277184203108772861e-06
1.777848608589954471e-01 1.103692170436562146e-06
1.784960003024314568e-01 1.866310910369241700e-05
1.792099843036411844e-01 8.973855558504794899e-06
1.799268242408557650e-01 8.672638936475395951e-06
1.806465315378191772e-01 9.145678770682487033e-05
1.813691176639704306e-01 3.622985761056749719e-06
1.820945941346263086e-01 1.787426333575470360e-05
1.828229725111648329e-01 4.298223246317543452e-05
1.835542644012094771e-01 3.917014109630132562e-06
1.842884814588143239e-01 5.405095302084159749e-05
1.850256353846495561e-01 7.015112668523611032e-04
1.857657379261881403e-01 1.299630658004946093e-05
1.865088008778928996e-01 6.906328423498028085e-04
1.872548360814044743e-01 1.593617815263963949e-04
1.880038554257300876e-01 2.090118925362319832e-05
1.887558708474330049e-01 1.141288338037001670e-03
1.895108943308226879e-01 1.717090512293512788e-04
1.902689379081460019e-01 4.692053514125621672e-05
1.910300136597785636e-01 2.867912538224388908e-03
1.917941337144176972e-01 1.978598648944820872e-04
1.925613102492753359e-01 6.280253091319021970e-04
1.933315554902724498e-01 4.325730733360335853e-03
1.941048817122335568e-01 1.353813676627698684e-03
1.948813012390824828e-01 8.818506571409049461e-04
1.956608264440388156e-01 7.867676534240062441e-03
1.964434697498149418e-01 6.355612553658524693e-04
1.972292436288141937e-01 2.119473037986484808e-03
1.980181606033294406e-01 4.650390917278085859e-03
1.988102332457427346e-01 1.490487993642091325e-03
1.996054741787257336e-01 1.063822056042286772e-03
2.004038960754406518e-01 1.475915764067063044e-03
2.012055116597424309e-01 1.352907982160153101e-03
2.020103337063813842e-01 1.349413457787173231e-03
2.028183750412069219e-01 1.828895271665216017e-03
2.036296485413717494e-01 1.460564425992164636e-03
2.044441671355372303e-01 1.197060394926264875e-03
2.052619438040793887e-01 2.246983051323691531e-03
2.060829915792957157e-01 1.920735073375000540e-03
2.069073235456129201e-01 2.055607584516591473e-03
2.077349528397953449e-01 2.332033464603270635e-03
2.085658926511545219e-01 3.113753462712024866e-03
2.094001562217591150e-01 3.521764246100989992e-03
2.102377568466461677e-01 3.657113631821044732e-03
2.110787078740327671e-01 3.194277561026715243e-03
2.119230227055288740e-01 4.569087138617222189e-03
2.127707147963510126e-01 5.421858658941846286e-03
2.136217976555363773e-01 6.885644203362599990e-03
2.144762848461585492e-01 4.638656824202783829e-03
2.153341899855431840e-01 7.920407660092165791e-03
2.161955267454853669e-01 1.150947798911030294e-02
2.170603088524672986e-01 1.414348795880498305e-02
2.179285500878772042e-01 9.987344381343497141e-03
2.188002642882286852e-01 1.156228264516796951e-02
2.196754653453815986e-01 2.193543325513487227e-02
2.205541672067631020e-01 1.835870756649194899e-02
2.214363838755901703e-01 8.486312636371758089e-02
2.223221294110925284e-01 2.089688334604786202e-02
2.232114179287369160e-01 2.183691660673675317e-01
2.241042636004518529e-01 5.390533152417705670e-02
2.250006806548536520e-01 6.256506918174822296e-01
2.259006833774730438e-01 1.281638076124740899e-01
2.268042861109829667e-01 2.665786728947441842e-01
2.277115032554268836e-01 3.716935137926463684e-01
2.286223492684485714e-01 3.302928500369279319e-01
2.295368386655223802e-01 2.454239536677325528e+00
2.304549860201844658e-01 1.000139162718288455e-01
2.313768059642651864e-01 1.401287194935982194e+00
2.323023131881222503e-01 7.415846045893768057e-01
2.332315224408747223e-01 2.809747534144717562e+00
2.341644485306381973e-01 4.743731265982122025e+00
2.351011063247607502e-01 3.121805457731642863e-01
2.360415107500598020e-01 7.626399551912935948e+00
2.369856767930600405e-01 2.986370456122957595e-01
2.379336195002322851e-01 9.796886961391431115e+00
2.388853539782332114e-01 5.319094067818962657e+00
2.398408953941461863e-01 3.887535011354840719e+01
2.408002589757227141e-01 4.238634080992451203e+01
2.417634600116256582e-01 3.978806458206499475e+00
2.427305138516721306e-01 6.467385918773173614e+01
2.437014359070788505e-01 3.369442562414895548e+01
2.446762416507071713e-01 1.868168520673548869e+02
2.456549466173099938e-01 5.591341555041791622e+01
2.466375664037792625e-01 1.274794042013244990e+02
2.476241166693943785e-01 1.960668228327924396e+02
2.486146131360719436e-01 1.857490643250269358e+01
2.496090715886161993e-01 1.740961118364304241e+02
2.506075078749706586e-01 8.527001524410563604e+01
2.516099379064705155e-01 1.925731854313075928e+02
2.526163776580964138e-01 6.112365476086897615e+02
2.536268431687287994e-01 1.105080386261785861e+03
2.546413505414037437e-01 1.445681346522142803e+03
2.556599159435693491e-01 5.900204291242268937e+02
2.566825556073435988e-01 5.431766952099918626e+02
2.577092858297729827e-01 6.073605758840706130e+02
2.587401229730920682e-01 4.091682537924708072e+02
2.597750834649844576e-01 8.048986656271536049e+02
2.608141837988444123e-01 6.113748031844403386e+02
2.618574405340398092e-01 1.418297746547713587e+03
2.629048702961759298e-01 2.463525504389263915e+03
2.639564897773606367e-01 2.267197057916528593e+03
2.650123157364701054e-01 1.970738750646894914e+03
2.660723649994159445e-01 1.647268068120430826e+03
2.671366544594135917e-01 1.397190719080839699e+03
2.682052010772512096e-01 2.070843140149584997e+03
2.692780218815602478e-01 1.527674733899127432e+03
2.703551339690865030e-01 2.281670285545871593e+03
2.714365545049627904e-01 2.301502569483520801e+03
2.725223007229827243e-01 2.087537026748758308e+03
2.736123899258746106e-01 2.162237229018339349e+03
2.747068394855781692e-01 2.621791731533807251e+03
2.758056668435204806e-01 2.153743698334340024e+03
2.769088895108945403e-01 2.592167585192819388e+03
2.780165250689380918e-01 2.180631845033546597e+03
2.791285911692138466e-01 2.315864035686358420e+03
2.802451055338907038e-01 2.191424738387516300e+03
2.813660859560263017e-01 2.068420768498212055e+03
2.824915502998503469e-01 1.952093526131391627e+03
2.836215165010497197e-01 1.985380351791262683e+03
2.847560025670539119e-01 1.985811575010850675e+03
2.858950265773221866e-01 2.380644938704571814e+03
2.870386066836315142e-01 2.824860788867422343e+03
2.881867611103660631e-01 3.727664432003821275e+03
2.893395081548075787e-01 5.007250373062718609e+03
2.904968661874267610e-01 6.659964113210984578e+03
2.916588536521764197e-01 9.069986500850676748e+03
2.928254890667851273e-01 1.201713684247243691e+04
2.939967910230522619e-01 1.579632709274467925e+04
2.951727781871444911e-01 2.074059084787319443e+04
2.963534692998930908e-01 2.667066100027263383e+04
2.975388831770926501e-01 3.359852164014986920e+04
2.987290387098009981e-01 4.317776965642871073e+04
2.999239548646402409e-01 5.297802826965691202e+04
3.011236506840988536e-01 6.716657677337786299e+04
3.023281452868351593e-01 8.141389039219325059e+04
3.035374578679824742e-01 9.690069411955385294e+04
3.047516076994544187e-01 1.217234212942398881e+05
3.059706141302522830e-01 1.476838077444860828e+05
3.071944965867733357e-01 1.822307008351012191e+05
3.084232745731204095e-01 2.288318116657903010e+05
3.096569676714128194e-01 2.624905212452099076e+05
3.108955955420985018e-01 3.319100713713302976e+05
3.121391779242668751e-01 4.271129941484249430e+05
3.133877346359639215e-01 5.285593406622631010e+05
3.146412855745078230e-01 6.467709620022645686e+05
3.158998507168058190e-01 8.045884256059339968e+05
3.171634501196730627e-01 9.902800309774348279e+05
3.184321039201517545e-01 9.921018901130985469e+05
3.197058323358323295e-01 1.015555616003058269e+06
3.209846556651756444e-01 1.545405675715709105e+06
3.222685942878363852e-01 1.604744991929990705e+06
3.235576686649877520e-01 1.912593984713720158e+06
3.248518993396476984e-01 2.653725629130140413e+06
3.261513069370062801e-01 3.090374176621966064e+06
3.274559121647543369e-01 3.736936705586926080e+06
3.287657358134133401e-01 3.277354257934980094e+06
3.300807987566670154e-01 4.087608390119376709e+05
3.314011219516936890e-01 2.655241676320662256e+06
3.327267264395004642e-01 6.390040279947319999e+06
3.340576333452584534e-01 7.790381602519327775e+06
3.353938638786395088e-01 8.898481188533574343e+06
3.367354393341540630e-01 9.809049378181962296e+06
3.380823810914907468e-01 1.101139802911294997e+07
3.394347106158566718e-01 1.263513997186655365e+07
3.407924494583201014e-01 1.214872901325140335e+07
3.421556192561533982e-01 1.036348721083304472e+07
3.435242417331779707e-01 6.095903896028636023e+06
3.448983387001106626e-01 5.592877488467050716e+06
3.462779320549111417e-01 8.269403705202664249e+06
3.476630437831307319e-01 7.839579018605675548e+06
3.490536959582632992e-01 8.470686005062421784e+06
3.504499107420963600e-01 1.732687215339852124e+07
3.518517103850647421e-01 1.843463630047078803e+07
3.532591172266050239e-01 2.679711519988892600e+07
3.546721536955114717e-01 4.090504881426852196e+07
3.560908423102934761e-01 2.397145635197674856e+07
3.575152056795346533e-01 1.790255010657040775e+07
3.589452665022527800e-01 3.165573248050552979e+07
3.603810475682617254e-01 4.342501136281988770e+07
3.618225717585348278e-01 3.818347714103054255e+07
3.632698620455689364e-01 4.137200017164558917e+07
3.647229414937512293e-01 4.036138780943232775e+07
3.661818332597261971e-01 5.860272219253493845e+07
3.676465605927651259e-01 3.267291950308317691e+07
3.691171468351361895e-01 3.582562989708437026e+07
3.705936154224767076e-01 2.613955166165066138e+07
3.720759898841666247e-01 2.422825176691114902e+07
3.735642938437032656e-01 2.608356435697130486e+07
3.750585510190780902e-01 2.977805167528059706e+07
3.765587852231543908e-01 4.628740326259795576e+07
3.780650203640470441e-01 7.963166970369771123e+07
3.795772804455032068e-01 6.901476546272784472e+07
3.810955895672852312e-01 7.599242847025269270e+07
3.826199719255543585e-01 4.525949084643999487e+07
3.841504518132565771e-01 6.204868165057709068e+07
3.856870536205096456e-01 4.620779218690957874e+07
3.872298018349916715e-01 5.586065393104332685e+07
3.887787210423316320e-01 5.573493087723158300e+07
3.903338359265008939e-01 6.800221268517322838e+07
3.918951712702069545e-01 7.851003522193224728e+07
3.934627519552877928e-01 1.056628615193985254e+08
3.950366029631089404e-01 2.220764652529399395e+08
3.966167493749613859e-01 2.877463784048426747e+08
3.982032163724612550e-01 3.444325147409273982e+08
3.997960292379510450e-01 3.684196582192985415e+08
4.013952133549028578e-01 4.246336767806329131e+08
4.030007942083224659e-01 4.328811330381668210e+08
4.046127973851557647e-01 1.427178324634274542e+08
4.062312485746963908e-01 3.434182443759726286e+08
4.078561735689951728e-01 3.402642123863264322e+08
4.094875982632711353e-01 3.621919310392454267e+08
4.111255486563242245e-01 3.545978291471784711e+08
4.127700508509495880e-01 3.158597214780733585e+08
4.144211310543532978e-01 2.914692097351816297e+08
4.160788155785707931e-01 2.664485803434545994e+08
4.177431308408850463e-01 2.265788724139765203e+08
4.194141033642486138e-01 1.965129094902641475e+08
4.210917597777056320e-01 1.781531924682893753e+08
4.227761268168164221e-01 1.784502653545300663e+08
4.244672313240837602e-01 2.001578943446680903e+08
4.261651002493800910e-01 2.320392236291437447e+08
4.278697606503775730e-01 2.861140817785911560e+08
4.295812396929790666e-01 3.530364908795130253e+08
4.312995646517510107e-01 4.559369011040903330e+08
4.330247629103580187e-01 5.671505825307387114e+08
4.347568619619994745e-01 7.088197957398313284e+08
4.364958894098474596e-01 6.427601335289242268e+08
4.382418729674867897e-01 6.055004726108390093e+08
4.399948404593567730e-01 9.925083099768023491e+08
4.417548198211941890e-01 1.074939330967887640e+09
4.435218391004789873e-01 1.089083149462796211e+09
4.452959264568808750e-01 1.276115731735981941e+09
4.470771101627084021e-01 1.355271348999454498e+09
4.488654186033592119e-01 1.599885051730298281e+09
4.506608802777726241e-01 2.175178706320544720e+09
4.524635237988837710e-01 2.370344675696231365e+09
4.542733778940792333e-01 2.618408919966394901e+09
4.560904714056555065e-01 2.495653708194761753e+09
4.579148332912781894e-01 2.322852040813236713e+09
4.597464926244433370e-01 2.344650985782369614e+09
4.615854785949410899e-01 3.388391511601487637e+09
4.634318205093208576e-01 2.550782646347155094e+09
4.652855477913582227e-01 3.319632097457828522e+09
4.671466899825236219e-01 3.299975464001042843e+09
4.690152767424536906e-01 3.705369509445538521e+09
4.708913378494234969e-01 4.477775185051762581e+09
4.727749032008212171e-01 4.307206870767615318e+09
4.746660028136244769e-01 4.684220108795109749e+09
4.765646668248789131e-01 3.009467230809955597e+09
4.784709254921784560e-01 2.393595948832138538e+09
4.803848091941470555e-01 2.710927154242676258e+09
4.823063484309236815e-01 3.058106079028879166e+09
4.842355738246474361e-01 4.307301400310633659e+09
4.861725161199459966e-01 4.351062064685009956e+09
4.881172061844257226e-01 5.293868642644766808e+09
4.900696750091634302e-01 4.327578085186140060e+09
4.920299537092001074e-01 5.210479884397954941e+09
4.939980735240369625e-01 6.157401423131156921e+09
4.959740658181330253e-01 3.878724427191497803e+09
4.979579620814056362e-01 4.001980196122375488e+09
4.999497939297311566e-01 3.839783011064131260e+09
5.019495931054501758e-01 3.147351203324144840e+09
5.039573914778719965e-01 3.328142607275528908e+09
5.059732210437835054e-01 2.677322333618381023e+09
5.079971139279585435e-01 2.812542271882367134e+09
5.100291023836703852e-01 2.433913715493904591e+09
5.120692187932051054e-01 2.203284473692643642e+09
5.141174956683780550e-01 2.004958824549376488e+09
5.161739656510514473e-01 1.682640635711505890e+09
5.182386615136556074e-01 1.329297837309646606e+09
5.203116161597103329e-01 2.021624346382301569e+09
5.223928626243490303e-01 3.519322544859895706e+09
5.244824340748465152e-01 3.093583484687437057e+09
5.265803638111459239e-01 2.834353826429953098e+09
5.286866852663905103e-01 3.245364446292756557e+09
5.308014320074561088e-01 3.286589655354934216e+09
5.329246377354859288e-01 2.775247579767832756e+09
5.350563362864277916e-01 3.020413756405893326e+09
5.371965616315735881e-01 2.615952376786580563e+09
5.393453478780998456e-01 2.553683501943152428e+09
5.415027292696121819e-01 2.428170232901244164e+09
5.436687401866906466e-01 2.153488750789397240e+09
5.458434151474373941e-01 1.911361198870540380e+09
5.480267888080271321e-01 1.765272390737407684e+09
5.502188959632591247e-01 1.687075699554941893e+09
5.524197715471121928e-01 1.582592001641677380e+09
5.546294506333006025e-01 1.484731354753600359e+09
5.568479684358338400e-01 1.358053415554142237e+09
5.590753603095770519e-01 1.207144068296952486e+09
5.613116617508153716e-01 1.058619953734592438e+09
5.635569083978186899e-01 9.459058046184499264e+08
5.658111360314097560e-01 8.180167112378519773e+08
5.680743805755354980e-01 6.832536191585991383e+08
5.703466780978375672e-01 5.627551167029951811e+08
5.726280648102289872e-01 4.489575750128440857e+08
5.749185770694699160e-01 3.387590311747092009e+08
5.772182513777477375e-01 2.535938149150940180e+08
5.795271243832587071e-01 1.798450927960833311e+08
5.818452328807918184e-01 1.226454480257058442e+08
5.841726138123150003e-01 8.092061480475302041e+07
5.865093042675643131e-01 3.304720378473287448e+07
5.888553414846344758e-01 2.796052725512763020e+06
5.912107628505729462e-01 1.581803554914223775e+07
5.935756059019753339e-01 7.503767717013771832e+07
5.959499083255832552e-01 1.612566258652049005e+08
5.983337079588855190e-01 2.866653499878299236e+08
6.007270427907210886e-01 4.843569812159104943e+08
6.031299509618840426e-01 7.842807971110925674e+08
6.055424707657315331e-01 1.180576967446333647e+09
6.079646406487945187e-01 1.680628005004656315e+09
6.103964992113897203e-01 2.261578842315886974e+09
6.128380852082353503e-01 3.048593806828363419e+09
6.152894375490681744e-01 3.751504493537482262e+09
6.177505952992645710e-01 4.180098984113408566e+09
6.202215976804615893e-01 4.873792709106032372e+09
6.227024840711834486e-01 5.455510224494604111e+09
6.251932940074681477e-01 6.612982558730834007e+09
6.276940671834980723e-01 7.783134799714597702e+09
6.302048434522321552e-01 8.942639039411275864e+09
6.327256628260409244e-01 1.032148826368639374e+10
6.352565654773452142e-01 1.152802760044019127e+10
6.377975917392545435e-01 1.121808864136149788e+10
6.403487821062116003e-01 1.499784588564749908e+10
6.429101772346363930e-01 1.823220307242381287e+10
6.454818179435749537e-01 2.193223942777396011e+10
6.480637452153492628e-01 2.423258408945006180e+10
6.506560001962106154e-01 2.684773428706568146e+10
6.532586241969955410e-01 3.098301116197973251e+10
6.558716586937833881e-01 2.845013117275786209e+10
6.584951453285585732e-01 2.755565375591570282e+10
6.611291259098727169e-01 2.908036145761460876e+10
6.637736424135122215e-01 2.818330578810823822e+10
6.664287369831662922e-01 2.649793299896239090e+10
6.690944519310989547e-01 2.674511527173605728e+10
6.717708297388232941e-01 2.727620520360773087e+10
6.744579130577786907e-01 2.894876825559141159e+10
6.771557447100098326e-01 3.345656550045871735e+10
6.798643676888498355e-01 2.869615434302306366e+10
6.825838251596052508e-01 3.044404506724588013e+10
6.853141604602436265e-01 2.734971072020698929e+10
6.880554171020846210e-01 2.684303498078165054e+10
6.908076387704928933e-01 2.562203259560198593e+10
6.935708693255748791e-01 2.895080082526252365e+10
6.963451528028771209e-01 3.525045275629237366e+10
6.991305334140887062e-01 4.121991314704304504e+10
7.019270555477450380e-01 4.988490713512259674e+10
7.047347637699360456e-01 6.194666192548628998e+10
7.075537028250157290e-01 4.555587407481941223e+10
7.103839176363159202e-01 3.952796801956522369e+10
7.132254533068611568e-01 3.944651178232962799e+10
7.160783551200886610e-01 4.301998603294233704e+10
7.189426685405689854e-01 5.032944860284651184e+10
7.218184392147313222e-01 5.145436081922747803e+10
7.247057129715901436e-01 6.160841010151139832e+10
7.276045358234763949e-01 6.774757291659871674e+10
7.305149539667704639e-01 7.554589064834759521e+10
7.334370137826373703e-01 8.016585790165557861e+10
7.363707618377679509e-01 7.768974506418309021e+10
7.393162448851190449e-01 7.272716766442913818e+10
7.422735098646596752e-01 6.725690712320385742e+10
7.452426039041182282e-01 6.140387174217394257e+10
7.482235743197346300e-01 5.741037408605219269e+10
7.512164686170136330e-01 5.264074331873004913e+10
7.542213344914817652e-01 4.856047919273187256e+10
7.572382198294477229e-01 4.219410459308335876e+10
7.602671727087656484e-01 3.008133431983872986e+10
7.633082413996006288e-01 1.150774588362598801e+10
7.663614743651989691e-01 6.263872489173790216e+08
7.694269202626597970e-01 8.366863105398398638e+08
7.725046279437104424e-01 6.559085160931089401e+09
7.755946464554852593e-01 2.070582951464442825e+10
7.786970250413072225e-01 3.857789162902411652e+10
7.818118131414724115e-01 5.242615428002990723e+10
7.849390603940383793e-01 6.108507829159325409e+10
7.880788166356144098e-01 7.173439113902821350e+10
7.912311319021569922e-01 7.901466989526142883e+10
7.943960564297655180e-01 9.025446868905041504e+10
7.975736406554845281e-01 9.903137691640466309e+10
8.007639352181065151e-01 1.137886236864051666e+11
8.039669909589789443e-01 1.272995819837025909e+11
8.071828589228148276e-01 1.433681352695841064e+11
8.104115903585061842e-01 1.586509925153744507e+11
8.136532367199402760e-01 1.786292200804338684e+11
8.169078496668199518e-01 1.780970879833150635e+11
8.201754810654874328e-01 1.418181660302471619e+11
8.234561829897493190e-01 1.929187981005043945e+11
8.267500077217083687e-01 2.003002081961441650e+11
8.300570077525952772e-01 1.959723470078365173e+11
8.333772357836056743e-01 2.152261655368755798e+11
8.367107447267401188e-01 2.166424836109890137e+11
8.400575877056470908e-01 2.229609355151118164e+11
8.434178180564695371e-01 2.004581053869370422e+11
8.467914893286955236e-01 1.530255279506021423e+11
8.501786552860102208e-01 1.756779924690260620e+11
8.535793699071543283e-01 1.908689603334893188e+11
8.569936873867830540e-01 2.150393516536212769e+11
8.604216621363300899e-01 2.258084845519256897e+11
8.638633487848753623e-01 1.748430585564577942e+11
8.673188021800150027e-01 2.213097955916906433e+11
8.707880773887352044e-01 1.593713397048815918e+11
8.742712296982900755e-01 1.754609052315048523e+11
8.777683146170831563e-01 2.146786068866224060e+11
8.812793878755513788e-01 2.269078673721906738e+11
8.848045054270535781e-01 2.640987415962699890e+11
8.883437234487617795e-01 1.854580225819113770e+11
8.918970983425568155e-01 2.446756908620262146e+11
8.954646867359271623e-01 2.349937002640297546e+11
8.990465454828707736e-01 2.715842444744438477e+11
9.026427316648023558e-01 2.596194874115626221e+11
9.062533025914615292e-01 2.583459828890637207e+11
9.098783158018273198e-01 3.002518671037841187e+11
9.135178290650346478e-01 3.163162832889965210e+11
9.171719003812948134e-01 3.470162221742902222e+11
9.208405879828199803e-01 3.698810074281389771e+11
9.245239503347512100e-01 3.652078031405311279e+11
9.282220461360901620e-01 3.667051997503327026e+11
9.319349343206346781e-01 3.546086448156369019e+11
9.356626740579171431e-01 3.628383276753983765e+11
9.394053247541488405e-01 3.468834197883669434e+11
9.431629460531654185e-01 3.841608911870411987e+11
9.469355978373780180e-01 4.185182180152564087e+11
9.507233402287275092e-01 4.322940428274020996e+11
9.545262335896426142e-01 4.457430350979869385e+11
9.583443385240012491e-01 4.364580846036163940e+11
9.621777158780971950e-01 4.472954824008165894e+11
9.660264267416096562e-01 4.587134077145667114e+11
9.698905324485760371e-01 4.804803336691625977e+11
9.737700945783701600e-01 4.376034722229782715e+11
9.776651749566835914e-01 4.275444583660419922e+11
9.815758356565105203e-01 4.400998537846381836e+11
9.855021389991363012e-01 4.246994056186816406e+11
9.894441475551331022e-01 3.617906890785120850e+11
9.934019241453534432e-01 2.098315015380946655e+11
9.973755318419349480e-01 2.491046980312624207e+11
1.001365033969302543e+00 2.432673601507402649e+11
1.005370494105179757e+00 2.459892632407796326e+11
1.009391976081600362e+00 2.862787277829223633e+11
1.013429543985926884e+00 3.003300650120934448e+11
1.017483262161870350e+00 3.095292349815493164e+11
1.021553195210518128e+00 3.221709178311182251e+11
1.025639407991360219e+00 3.187137428733448486e+11
1.029741965623325539e+00 3.003796672130213013e+11
1.033860933485818867e+00 3.056359162971162109e+11
1.037996377219762012e+00 3.639473275058775635e+11
1.042148362728641198e+00 3.690794814600188599e+11
1.046316956179555557e+00 4.097907359195884399e+11
1.050502224004274066e+00 4.011454688432059937e+11
1.054704232900291139e+00 4.486700487492661743e+11
1.058923049831892227e+00 4.456774648156913452e+11
1.063158742031219628e+00 4.496703180156550293e+11
1.067411376999344741e+00 4.281288865604671021e+11
1.071681022507342096e+00 4.428751905552687378e+11
1.075967746597371377e+00 4.890487024911788330e+11
1.080271617583760779e+00 4.983106781049832764e+11
1.084592704054095913e+00 5.310934712302592163e+11
1.088931074870312044e+00 5.404265973303367920e+11
1.093286799169793433e+00 5.507563078167014160e+11
1.097659946366472461e+00 5.368729383150696411e+11
1.102050586151938294e+00 5.580506269307238770e+11
1.106458788496546219e+00 5.435155420895830688e+11
1.110884623650532532e+00 5.450334380814953613e+11
1.115328162145134749e+00 5.797995734862821045e+11
1.119789474793714934e+00 5.857905401697503662e+11
1.124268632692889902e+00 6.155275473525767822e+11
1.128765707223661430e+00 6.197273469278856201e+11
1.133280770052556230e+00 6.148583317286226807e+11
1.137813893132766374e+00 5.043249934039981079e+11
1.142365148705297484e+00 5.435551317304102783e+11
1.146934609300118479e+00 6.466250879171895752e+11
1.151522347737319096e+00 6.790709508140845947e+11
1.156128437128268516e+00 6.685424010785506592e+11
1.160752950876781542e+00 6.738054053031419678e+11
1.165395962680288999e+00 6.627164816587795410e+11
1.170057546531009907e+00 5.085360386942645264e+11
1.174737776717134086e+00 5.421094959348260498e+11
1.179436727824002773e+00 4.615327287995547485e+11
1.184154474735298557e+00 6.202959701828985596e+11
1.188891092634239977e+00 6.828662898407021484e+11
1.193646657004777012e+00 6.637269979956658936e+11
1.198421243632796118e+00 5.585317071869909668e+11
1.203214928607327261e+00 5.750914053893392334e+11
1.208027788321756724e+00 6.493520257874981689e+11
1.212859899475043468e+00 6.109426559187343750e+11
1.217711339072943710e+00 6.605834503220761719e+11
1.222582184429235275e+00 6.322124640159916992e+11
1.227472513166952384e+00 6.915196328331445312e+11
1.232382403219620226e+00 6.756637363117269287e+11
1.237311932832498407e+00 6.634716521441571045e+11
1.242261180563828615e+00 4.844289329391165771e+11
1.247230225286083849e+00 6.340125830011093750e+11
1.252219146187228072e+00 4.860369254151701050e+11
1.257228022771976983e+00 6.397363020717225342e+11
1.262256934863064783e+00 6.505094500772288818e+11
1.267305962602517155e+00 7.031316833492525635e+11
1.272375186452927354e+00 6.914113170345111084e+11
1.277464687198738957e+00 6.968553112082564697e+11
1.282574545947533950e+00 7.150486854924086914e+11
1.287704844131324133e+00 6.401355651248894043e+11
1.292855663507849417e+00 6.402278574837036133e+11
1.298027086161880783e+00 6.694642000453730469e+11
1.303219194506528344e+00 6.899184004753017578e+11
1.308432071284554521e+00 6.840572592220350342e+11
1.313665799569692760e+00 7.122052432642070312e+11
1.318920462767971591e+00 7.111499360766378174e+11
1.324196144619043336e+00 6.800797238905426025e+11
1.329492929197519491e+00 6.518473372466856689e+11
1.334810900914309650e+00 5.141613908067581787e+11
1.340150144517967101e+00 4.664733470635420532e+11
1.345510745096038852e+00 4.446532425726121216e+11
1.350892788076423212e+00 4.427982600319991455e+11
1.356296359228728932e+00 4.166771474233802490e+11
1.361721544665643879e+00 4.607934583960620728e+11
1.367168430844306393e+00 4.920415359649396973e+11
1.372637104567683730e+00 5.017035838114926758e+11
1.378127652985954299e+00 5.290695065050516968e+11
1.383640163597898098e+00 5.033654979127616577e+11
1.389174724252289828e+00 4.963992133791823120e+11
1.394731423149298877e+00 4.715074656922794800e+11
1.400310348841896202e+00 4.628928525098732300e+11
1.405911590237263642e+00 4.784792184178383789e+11
1.411535236598212784e+00 4.322614331926799927e+11
1.417181377544605603e+00 4.344665828277179565e+11
1.422850103054784210e+00 4.361830786862843628e+11
1.428541503467003038e+00 4.365446271225850830e+11
1.434255669480871243e+00 4.352175187368895874e+11
1.439992692158794885e+00 4.481250671202930908e+11
1.445752662927429988e+00 4.695390593875454712e+11
1.451535673579139596e+00 4.812060054136369629e+11
1.457341816273456159e+00 5.040537630812316895e+11
1.463171183538549913e+00 4.955874524814562988e+11
1.469023868272704147e+00 4.894607080238134766e+11
1.474899963745795128e+00 5.113363863886212158e+11
1.480799563600778246e+00 5.202785751224254150e+11
1.486722761855181485e+00 5.239345767835171509e+11
1.492669652902602007e+00 5.342663681638331299e+11
1.498640331514212276e+00 5.436765340157950439e+11
1.504634892840269300e+00 5.544237547817056885e+11
1.510653432411630304e+00 5.585105131148298340e+11
1.516696046141276843e+00 5.628048961597286377e+11
1.522762830325842032e+00 5.890632802096993408e+11
1.528853881647145307e+00 5.979711421628070068e+11
1.534969297173733649e+00 5.997420455785488281e+11
1.541109174362428780e+00 6.077266003961550293e+11
1.547273611059878373e+00 6.231127848338453369e+11
1.553462705504118135e+00 6.264713880815638428e+11
1.559676556326134556e+00 6.204528796859241943e+11
1.565915262551438980e+00 6.376334546188115234e+11
1.572178923601644795e+00 6.437206298859713135e+11
1.578467639296051495e+00 6.454862405732299805e+11
1.584781509853235626e+00 6.538336956470979004e+11
1.591120635892648405e+00 6.575063296259213867e+11
1.597485118436219098e+00 6.579999814484501953e+11
1.603875058909963958e+00 6.559654068391582031e+11
1.610290559145603595e+00 6.587210935770000000e+11
1.616731721382186127e+00 6.607778558509584961e+11
1.623198648267714761e+00 6.567086016603294678e+11
1.629691442860785600e+00 6.601220978093742676e+11
1.636210208632228769e+00 6.629807381367023926e+11
1.642755049466757766e+00 6.593925599647814941e+11
1.649326069664624805e+00 6.621129938120449219e+11
1.655923373943283039e+00 6.600326660255939941e+11
1.662547067439056336e+00 6.562265457738079834e+11
1.669197255708812611e+00 6.526046262472684326e+11
1.675874044731648027e+00 6.508786446897569580e+11
1.682577540910574321e+00 6.491301887174479980e+11
1.689307851074216771e+00 6.403512380447471924e+11
1.696065082478513508e+00 6.303506581247135010e+11
1.702849342808427480e+00 6.218646726566766357e+11
1.709660740179661298e+00 6.046735759452932129e+11
1.716499383140379864e+00 5.753075617375968018e+11
1.723365380672941427e+00 5.661057911027996826e+11
1.730258842195633306e+00 5.413648735129780273e+11
1.737179877564415831e+00 5.188283357612512207e+11
1.744128597074673603e+00 4.903779329689055786e+11
1.751105111462972097e+00 4.772368220824301758e+11
1.758109531908824241e+00 4.446193426928656616e+11
1.765141970036459451e+00 4.207785516307783203e+11
1.772202537916605314e+00 4.067699859122412109e+11
1.779291348068271716e+00 3.720931427328901367e+11
1.786408513460544745e+00 3.562121397519969482e+11
1.793554147514387020e+00 3.335440606350675659e+11
1.800728364104444257e+00 3.354689165192404175e+11
1.807931277560862249e+00 3.120230292373235474e+11
1.815163002671105641e+00 3.243668456547057495e+11
1.822423654681789795e+00 3.276991590635786743e+11
1.829713349300517100e+00 3.067313419755077515e+11
1.837032202697718830e+00 3.146470528009641113e+11
1.844380331508509885e+00 2.949047354397586670e+11
1.851757852834543527e+00 2.778923386564371948e+11
1.859164884245881888e+00 2.416674657718301697e+11
1.866601543782865358e+00 2.701199491363364258e+11
1.874067949957996859e+00 2.708263086295368652e+11
1.881564221757828781e+00 2.974614064267996826e+11
1.889090478644860127e+00 3.067120065572856445e+11
1.896646840559439662e+00 3.264314644187368774e+11
1.904233427921677269e+00 3.172454765521892700e+11
1.911850361633363971e+00 3.345148950248170166e+11
1.919497763079897279e+00 3.164834881771707764e+11
1.927175754132217200e+00 3.072970953482041626e+11
1.934884457148745796e+00 2.987105560519700928e+11
1.942623994977340729e+00 2.644619530401553955e+11
1.950394490957250149e+00 2.863972260763626099e+11
1.958196068921079336e+00 2.656015330017467346e+11
1.966028853196763793e+00 2.809096597286525879e+11
1.973892968609550991e+00 2.636261732446186218e+11
1.981788540483989447e+00 2.657775569739953918e+11
1.989715694645925126e+00 2.684469459675388184e+11
1.997674557424508723e+00 2.748683525807367554e+11
2.005665255654207169e+00 2.821467636171963501e+11
2.013687916676823786e+00 2.812224674465023193e+11
2.021742668343530891e+00 2.986866848783091431e+11
2.029829639016905052e+00 2.927615766881683350e+11
2.037948957572972564e+00 3.035459769069603882e+11
2.046100753403264694e+00 3.091106712726583862e+11
2.054285156416877811e+00 3.223602130523676147e+11
2.062502297042545507e+00 3.212650036043138428e+11
2.070752306230715600e+00 3.320482524093703613e+11
2.079035315455638244e+00 3.341423614680617065e+11
2.087351456717461140e+00 3.370119851600807495e+11
2.095700862544330967e+00 3.412788211775131226e+11
2.104083665994508134e+00 3.464464556275932617e+11
2.112500000658485977e+00 3.485465086427879639e+11
2.120950000661120161e+00 3.485810740428731079e+11
2.129433800663764753e+00 3.472169701858457031e+11
2.137951535866419839e+00 3.480262777463897705e+11
2.146503342009885351e+00 3.496120330985575562e+11
2.155089355377924676e+00 3.465262040446007690e+11
2.163709712799436691e+00 3.442767223489931030e+11
2.172364551650634468e+00 3.417614644123710327e+11
2.181054009857236853e+00 3.371248995794965210e+11
2.189778225896665376e+00 3.323586933058532104e+11
2.198537338800252705e+00 3.263028930077266846e+11
2.207331488155453325e+00 3.163170312989736328e+11
2.216160814108075083e+00 3.173498021267843628e+11
2.225025457364507631e+00 3.144764987037009277e+11
2.233925559193965515e+00 3.101570247996641846e+11
2.242861261430741493e+00 3.048293465090774536e+11
2.251832706476463830e+00 3.000618687548416748e+11
2.260840037302370042e+00 2.951362788242639771e+11
2.269883397451579299e+00 2.908073826339282227e+11
2.278962931041386142e+00 2.860469515020493774e+11
2.288078782765551100e+00 2.816030609095516357e+11
2.297231097896613505e+00 2.069706765102615356e+11
2.306420022288200311e+00 2.245103250912471619e+11
2.315645702377353121e+00 2.270537368122144775e+11
2.324908285186861878e+00 1.946813519832888489e+11
2.334207918327609654e+00 2.049483088759831848e+11
2.343544750000919663e+00 2.096620967842209167e+11
2.352918929000923143e+00 2.021596219062830505e+11
2.362330604716927240e+00 1.979338640835006409e+11
2.371779927135795329e+00 2.003802706366154175e+11
2.381267046844337987e+00 1.942816246120498047e+11
2.390792115031715070e+00 1.905409183315717773e+11
2.400355283491842240e+00 1.925645351180946960e+11
2.409956704625809465e+00 1.813131549292003174e+11
2.419596531444312859e+00 1.740377692017203674e+11
2.429274917570089620e+00 1.692858045454235229e+11
2.438992017240370291e+00 1.656870666812905579e+11
2.448747985309331465e+00 1.528466132882254028e+11
2.458542977250568917e+00 1.537105080925796509e+11
2.468377149159570738e+00 1.473554167178799744e+11
2.478250657756209563e+00 1.298143744195163879e+11
2.488163660387234355e+00 1.316240393503522644e+11
2.498116315028783063e+00 1.304357000819762268e+11
2.508108780288898387e+00 1.113923676291578217e+11
2.518141215410053757e+00 1.123254908273196259e+11
2.528213780271693967e+00 1.025407447965554352e+11
2.538326635392781139e+00 1.010008989777355652e+11
2.548479941934351789e+00 9.784459106655860901e+10
2.558673861702089436e+00 1.013295205875891571e+11
2.568908557148898097e+00 1.037723112193936920e+11
2.579184191377493551e+00 9.948744105957675171e+10
2.589500928143003478e+00 1.039128101832911224e+11
2.599858931855575594e+00 1.078703249008768005e+11
2.610258367582998229e+00 1.187765893754132080e+11
2.620699401053329769e+00 1.153107020923990173e+11
2.631182198657543214e+00 1.146444004877518768e+11
2.641706927452173392e+00 1.231963823214893036e+11
2.652273755161981938e+00 1.266927679857915802e+11
2.662882850182629824e+00 1.235423037076799469e+11
2.673534381583360542e+00 9.790641790266401672e+10
2.684228519109693956e+00 9.175152424007548523e+10
2.694965433186132575e+00 8.844384829997038269e+10
2.705745294918877164e+00 8.760191355405900574e+10
2.716568276098552559e+00 8.582257619978231812e+10
2.727434549202946812e+00 8.996542346854515076e+10
2.738344287399758326e+00 8.643568481986846924e+10
2.749297664549357201e+00 9.573752289815745544e+10
2.760294855207554576e+00 9.117762918690422058e+10
2.771336034628385292e+00 8.742206036587382507e+10
2.782421378766898545e+00 8.145241702490724182e+10
2.793551064281966312e+00 9.437461348198353577e+10
2.804725268539093985e+00 7.962668434284820557e+10
2.815944169613250558e+00 8.240504651579774475e+10
2.827207946291703244e+00 9.533346554720593262e+10
2.838516778076869862e+00 7.988659993049363708e+10
2.849870845189177437e+00 8.161172143451365662e+10
2.861270328569933685e+00 8.898626132450195312e+10
2.872715409884213589e+00 8.220554108834286499e+10
2.884206271523750420e+00 8.401098328530677795e+10
2.895743096609845413e+00 8.544991094799362183e+10
2.907326068996284985e+00 8.204342178490615845e+10
2.918955373272270393e+00 8.573183420060081482e+10
2.930631194765359826e+00 8.566103989498852539e+10
2.942353719544420709e+00 8.341834883592599487e+10
2.954123134422598440e+00 8.507135937984349060e+10
2.965939626960289122e+00 8.324949303414387512e+10
2.977803385468130504e+00 8.756593537969285583e+10
2.989714599010003138e+00 8.681251102906942749e+10
3.001673457406043077e+00 8.717676841745834351e+10
3.013680151235667015e+00 9.174050098539604187e+10
3.025734871840609408e+00 8.339876132586735535e+10
3.037837811327972037e+00 9.346812138942495728e+10
3.049989162573283785e+00 8.394813916535624695e+10
3.062189119223576395e+00 8.942180331615155029e+10
3.074437875700470890e+00 8.499803464337509155e+10
3.086735627203272880e+00 8.169847075164968872e+10
3.099082569712085622e+00 8.426078102584579468e+10
3.111478899990933744e+00 7.725971493548390198e+10
3.123924815590897186e+00 8.038966109953349304e+10
3.136420514853261121e+00 7.584372749875471497e+10
3.148966196912674320e+00 7.470319542083021545e+10
3.161562061700325277e+00 7.346264670573165894e+10
3.174208309947126327e+00 7.170859945367266846e+10
3.186905143186915090e+00 7.503422922574642944e+10
3.199652763759662566e+00 6.945922856956643677e+10
3.212451374814701222e+00 7.833253782608035278e+10
3.225301180313960625e+00 7.806405337182438660e+10
3.238202385035215958e+00 7.966364183729336548e+10
3.251155194575356955e+00 8.547616234359791565e+10
3.264159815353658622e+00 8.742686568722756958e+10
3.277216454615073271e+00 8.862638899471586609e+10
3.290325320433533207e+00 9.150972330870155334e+10
3.303486621715267635e+00 8.723767651610679626e+10
3.316700568202128441e+00 5.987018316933281708e+10
3.329967370474937294e+00 3.991935741249448395e+10
3.343287239956836743e+00 4.567143245799653625e+10
3.356660388916663962e+00 6.141272194757563782e+10
3.370087030472330714e+00 7.851532477680772400e+10
3.383567378594220187e+00 8.354547511116409302e+10
3.397101648108596716e+00 8.634809083891183472e+10
3.410690054701031482e+00 8.373256191179119873e+10
3.424332814919834878e+00 8.208004237396542358e+10
3.438030146179514634e+00 7.987696890256680298e+10
3.451782266764232610e+00 7.993900707553913879e+10
3.465589395831289998e+00 8.259674628716540527e+10
3.479451753414614767e+00 8.254681808869383240e+10
3.493369560428273068e+00 8.045129943556149292e+10
3.507343038669985980e+00 8.567400986044113159e+10
3.521372410824665788e+00 8.336765654401451111e+10
3.535457900467964709e+00 8.404423624426947021e+10
3.549599732069836477e+00 8.405192713172280884e+10
3.563798130998116154e+00 8.449418762960209656e+10
3.578053323522108364e+00 8.624284521441210938e+10
3.592365536816196858e+00 9.005257145141841125e+10
3.606734998963461614e+00 9.067905522645996094e+10
3.621161938959315041e+00 9.190655459878323364e+10
3.635646586715152839e+00 9.375407335101173401e+10
3.650189173062013293e+00 9.502686183790286255e+10
3.664789929754260545e+00 9.580087479822915649e+10
3.679449089473277645e+00 9.599241910713139343e+10
3.694166885831170699e+00 9.726184344654089355e+10
3.708943553374495661e+00 9.862685690711714172e+10
3.723779327587993571e+00 9.932354943325254822e+10
3.738674444898345328e+00 9.670302314778190613e+10
3.753629142677938901e+00 9.942727173248292542e+10
3.768643659248651190e+00 9.796888298561547852e+10
3.783718233885645432e+00 9.867125725953988647e+10
3.798853106821188153e+00 9.805672524044329834e+10
3.814048519248473657e+00 9.702844907696340942e+10
3.829304713325467180e+00 9.538966959484719849e+10
3.844621932178768908e+00 9.617738068023623657e+10
3.860000419907484215e+00 9.591913460320346069e+10
3.875440421587113882e+00 9.462434708732450867e+10
3.890942183273462529e+00 9.335109319198043823e+10
3.906505952006555926e+00 9.265497295775247192e+10
3.922131975814582727e+00 9.204591667338623047e+10
3.937820503717840648e+00 9.051303282877842712e+10
3.953571785732711508e+00 8.883288481617645264e+10
3.969386072875642490e+00 8.701101264744395447e+10
3.985263617167145167e+00 8.467142515331840515e+10
4.001204671635814059e+00 8.141974485400813293e+10
4.017209490322357190e+00 7.975899479951438904e+10
4.033278328283646630e+00 7.777674074989811707e+10
4.049411441596781458e+00 7.384457168348019409e+10
4.065609087363168506e+00 7.292703695090539551e+10
4.081871523712622185e+00 6.763001273806179810e+10
4.098199009807472315e+00 6.827130041882781982e+10
4.114591805846702144e+00 6.727709270453072357e+10
4.131050173070089038e+00 6.381613780274486542e+10
4.147574373762369149e+00 6.559612088252385712e+10
4.164164671257418959e+00 6.124928662480749512e+10
4.180821329942449260e+00 6.132029112357885742e+10
4.197544615262219558e+00 6.132622033335137939e+10
4.214334793723269357e+00 5.747930137424887085e+10
4.231192132898162761e+00 5.951172083069757843e+10
4.248116901429755288e+00 5.378554751461686707e+10
4.265109369035473996e+00 5.523475593118004608e+10
4.282169806511615384e+00 5.435954385348381042e+10
4.299298485737661935e+00 4.818297705335678864e+10
4.316495679680612874e+00 4.305356087484509277e+10
4.333761662399335357e+00 4.006901679315050507e+10
4.351096709048932532e+00 3.767264573642556763e+10
4.368501095885127583e+00 3.452467362266349792e+10
4.385975100268668214e+00 3.142001574522145844e+10
4.403519000669743555e+00 2.914534916695026016e+10
4.421133076672422391e+00 2.763310461872500229e+10
4.438817608979111817e+00 2.516337440229917908e+10
4.456572879415028332e+00 2.380294275572956848e+10
4.474399170932688463e+00 2.213284802082206345e+10
4.492296767616419828e+00 2.183495593378252411e+10
4.510265954686884626e+00 2.101496026925409698e+10
4.528307018505633330e+00 2.062559892438822937e+10
4.546420246579655711e+00 2.027461939384888077e+10
4.564605927565974497e+00 1.914970031799590302e+10
4.582864351276237258e+00 1.996425683211271286e+10
4.601195808681342925e+00 2.053405351570881653e+10
4.619600591916067422e+00 2.044368265128623581e+10
4.638078994283731937e+00 2.031392223148399734e+10
4.656631310260867629e+00 2.317718376357896805e+10
4.675257835501911430e+00 2.224111908279854202e+10
4.693958866843916944e+00 2.216584829107112885e+10
4.712734702311292878e+00 2.174132834731088638e+10
4.731585641120538810e+00 2.148786022884138489e+10
4.750511983685020923e+00 1.978753242136724091e+10
4.769514031619761063e+00 1.981043500409961700e+10
4.788592087746240011e+00 1.974301820901279449e+10
4.807746456097224730e+00 2.015475226860955048e+10
4.826977441921613377e+00 2.018723738763037109e+10
4.846285351689299858e+00 1.960193991601941299e+10
4.865670493096057925e+00 2.005959226347751236e+10
4.885133175068442135e+00 1.919505842032196808e+10
4.904673707768715474e+00 1.929987447562281799e+10
4.924292402599791174e+00 1.800508367576307678e+10
4.943989572210189642e+00 1.913069124172966003e+10
4.963765530499030021e+00 1.808040367276073456e+10
4.983620592621027079e+00 2.025826968455186844e+10
5.003555074991511198e+00 1.898677151144644547e+10
5.023569295291476777e+00 1.778483491491162872e+10
5.043663572472643075e+00 1.971175051492505646e+10
5.063838226762532813e+00 1.998005173633331680e+10
5.084093579669583640e+00 1.923952800537474442e+10
5.104429953988261381e+00 2.033004022403546906e+10
5.124847673804215020e+00 1.981758874547164917e+10
5.145347064499431688e+00 1.967914484204047775e+10
5.165928452757428957e+00 1.849604133510353851e+10
5.186592166568458673e+00 2.078472948466325378e+10
5.207338535234733001e+00 1.836829395732687378e+10
5.228167889375671784e+00 1.998268874372322083e+10
5.249080560933174766e+00 1.901373841051678085e+10
5.270076883176907145e+00 1.902496210774753189e+10
5.291157190709615321e+00 1.878716077541315842e+10
5.312321819472453299e+00 1.994569434102946854e+10
5.333571106750343738e+00 2.013724364811896896e+10
5.354905391177344320e+00 1.891752004181669998e+10
5.376325012742054099e+00 1.907898518311055374e+10
5.397830312793021612e+00 1.924802736953887939e+10
5.419421634044193858e+00 1.658613915443932343e+10
5.441099320580370602e+00 1.940925339916572571e+10
5.462863717862692425e+00 1.811235921790091324e+10
5.484715172734142996e+00 1.846151692521755600e+10
5.506654033425078865e+00 1.813174657536365128e+10
5.528680649558780580e+00 1.686814459204959679e+10
5.550795372157015350e+00 1.672790042778602982e+10
5.572998553645643227e+00 1.619607298290745544e+10
5.595290547860225949e+00 1.768475100582394791e+10
5.617671710051667766e+00 1.658745380407853699e+10
5.640142396891874021e+00 1.724097285273193359e+10
5.662702966479441713e+00 1.633227166612525940e+10
5.685353778345359821e+00 1.519625960244926643e+10
5.708095193458740724e+00 1.541400988608768845e+10
5.730927574232576482e+00 1.469671638000927925e+10
5.753851284529505783e+00 1.609672043400476265e+10
5.776866689667624399e+00 1.438132648768779564e+10
5.799974156426294769e+00 1.572222895862984467e+10
5.823174053051999977e+00 1.351902659089085960e+10
5.846466749264207508e+00 1.444553355703103447e+10
5.869852616261264977e+00 1.403593373277221489e+10
5.893332026726310069e+00 1.374739898151946259e+10
5.916905354833215114e+00 1.504561404512945366e+10
5.940572976252548543e+00 1.315411240365356255e+10
5.964335268157558545e+00 1.440850346674349022e+10
5.988192609230189589e+00 1.453455467581782913e+10
6.012145379667110490e+00 1.484358530351543999e+10
6.036193961185778889e+00 1.334035716188115120e+10
6.060338737030522616e+00 1.330539002916965866e+10
6.084580091978644134e+00 1.482936127956836128e+10
6.108918412346558746e+00 1.349979092640392685e+10
6.133354085995945226e+00 1.620491452951387978e+10
6.157887502339929320e+00 1.376107999630024338e+10
6.182519052349287669e+00 1.376380328142650795e+10
6.207249128558685491e+00 1.414190052594541550e+10
6.232078125072920471e+00 1.436540847477242470e+10
6.257006437573212843e+00 1.402872580421980858e+10
6.282034463323505236e+00 1.435494362702140236e+10
6.307162601176800720e+00 1.399875729834760857e+10
6.332391251581507063e+00 1.406160292684334373e+10
6.357720816587833390e+00 1.368292366213250351e+10
6.383151699854184180e+00 1.250130657737431335e+10
6.408684306653601226e+00 1.108876309728986740e+10
6.434319043880215361e+00 1.168921220406930161e+10
6.460056320055736379e+00 1.019904159099666214e+10
6.485896545335958052e+00 8.812025695955739975e+09
6.511840131517302233e+00 9.052527933905569077e+09
6.537887492043371829e+00 9.205055210311441422e+09
6.564039042011545533e+00 8.387127610764980316e+09
6.590295198179591196e+00 7.895895427282659531e+09
6.616656378972309405e+00 7.988111985721889496e+09
6.643123004488199257e+00 8.000919123162722588e+09
6.669695496506150789e+00 8.184432880765507698e+09
6.696374278492176479e+00 8.235622606995552063e+09
6.723159775606144528e+00 7.771989230275304794e+09
6.750052414708568094e+00 8.458830169089256287e+09
6.777052624367403411e+00 7.673292859872500420e+09
6.804160834864871887e+00 7.507343475688774109e+09
6.831377478204331055e+00 7.090041760089639664e+09
6.858702988117148180e+00 7.357077929278396606e+09
6.886137800069615622e+00 7.922620154218762398e+09
6.913682351269895499e+00 7.753118295276075363e+09
6.941337080674975013e+00 7.710575203328090668e+09
6.969102428997675069e+00 7.438449444627748489e+09
6.996978838713665994e+00 7.668757174021962166e+09
7.024966754068519670e+00 7.133157004004050255e+09
7.053066621084793653e+00 6.894770055193541527e+09
7.081278887569133929e+00 6.928800280366930008e+09
7.109604003119409654e+00 6.680366902333016396e+09
7.138042419131887861e+00 6.879776944634680748e+09
7.166594588808414379e+00 6.641621026124856949e+09
7.195260967163648047e+00 6.582341831020049095e+09
7.224042011032302923e+00 6.285185360967429161e+09
7.252938179076432235e+00 6.137600717904319763e+09
7.281949931792737196e+00 6.034076049161596298e+09
7.311077731519908696e+00 6.256283718852565765e+09
7.340322042445988515e+00 5.636747920520581245e+09
7.369683330615771411e+00 5.654124192694489479e+09
7.399162063938235612e+00 5.880326171220944405e+09
7.428758712193988423e+00 5.551993031764851570e+09
7.458473747042765112e+00 5.520523808452396393e+09
7.488307642030935796e+00 5.632417424470463753e+09
7.518260872599060285e+00 5.835390558170571327e+09
7.548333916089456253e+00 5.698181040473293304e+09
7.578527251753813587e+00 5.467937943609351158e+09
7.608841360760829176e+00 5.261055074986877441e+09
7.639276726203872769e+00 5.886489223090667725e+09
7.669833833108687493e+00 5.099670097702871323e+09
7.700513168441122325e+00 4.872928237562406540e+09
7.731315221114887670e+00 4.585876251172789574e+09
7.762240481999347352e+00 4.509733794526752472e+09
7.793289443927344351e+00 4.569820980528694153e+09
7.824462601703054077e+00 4.662602366875535965e+09
7.855760452109866065e+00 4.653451869276415825e+09
7.887183493918306532e+00 4.349759856192564011e+09
7.918732227893980458e+00 4.633811956606776237e+09
7.950407156805555431e+00 4.656715304335167885e+09
7.982208785432777454e+00 4.617511364275810242e+09
8.014137620574508958e+00 4.581936382126891136e+09
8.046194171056805899e+00 4.358640732256979942e+09
8.078378947741034821e+00 4.592164447009460449e+09
8.110692463531997021e+00 4.455697726374409676e+09
8.143135233386125549e+00 4.437517659275462151e+09
8.175707774319670662e+00 4.317041392552445412e+09
8.208410605416949224e+00 4.246124948640965939e+09
8.241244247838615422e+00 4.353272680083909988e+09
8.274209224829968790e+00 4.257715697916710377e+09
8.307306061729288871e+00 4.324568202692839622e+09
8.340535285976207192e+00 4.076939875327215672e+09
8.373897427120111203e+00 4.050205350721833706e+09
8.407393016828594412e+00 4.384034636904203415e+09
8.441022588895906509e+00 4.056097145611017704e+09
8.474786679251490540e+00 4.218671425548275471e+09
8.508685825968495209e+00 4.021404425716960907e+09
8.542720569272368891e+00 4.112932927409741402e+09
8.576891451549458978e+00 4.107227859886054039e+09
8.611199017355655627e+00 4.158675527193731308e+09
8.645643813425078150e+00 4.106370586053987980e+09
8.680226388678779159e+00 4.053175018148031712e+09
8.714947294233493125e+00 4.069128161593109131e+09
8.749807083410427566e+00 3.927469152732467175e+09
8.784806311744070229e+00 4.048569803727873802e+09
8.819945536991047774e+00 3.927810955005098820e+09
8.855225319139009343e+00 3.973381113418672085e+09
8.890646220415566958e+00 4.101532056114070892e+09
8.926208805297228821e+00 3.999151762394280434e+09
8.961913640518417878e+00 3.830708136680011749e+09
8.997761295080492161e+00 3.911903534736919403e+09
9.033752340260813085e+00 3.833050272269229889e+09
9.069887349621856387e+00 3.901078131024618626e+09
9.106166899020346150e+00 3.793391227455431461e+09
9.142591566616424359e+00 3.867867533292879105e+09
9.179161932882891506e+00 3.823960999660925388e+09
9.215878580614422333e+00 3.830558022420065880e+09
9.252742094936881045e+00 3.696435769802053452e+09
9.289753063316627646e+00 3.694766945040105820e+09
9.326912075569895322e+00 3.734288329959688663e+09
9.364219723872173162e+00 3.813441872562983990e+09
9.401676602767663482e+00 3.516250623595641613e+09
9.439283309178733816e+00 3.409381245182094574e+09
9.477040442415447075e+00 3.479754873398304939e+09
9.514948604185111236e+00 3.501680224631659031e+09
9.553008398601852136e+00 3.691507562243807793e+09
9.591220432196260859e+00 3.394033461299698353e+09
9.629585313925044687e+00 3.399268665209812641e+09
9.668103655180747324e+00 3.397330631430008888e+09
9.706776069801470896e+00 3.404444272562778950e+09
9.745603174080676112e+00 3.442060536093043327e+09
9.784585586776998412e+00 3.526028433495852947e+09
9.823723929124106746e+00 3.166669525684550285e+09
9.863018824840601440e+00 3.284569301068747044e+09
9.902470900139965337e+00 2.694555587946788788e+09
9.942080783740523842e+00 3.185263817403566360e+09
9.981849106875488431e+00 3.104360251150373459e+09
1.002177650330298952e+01 3.115361562730609417e+09
1.006186360931619994e+01 2.999508580813022614e+09
1.010211106375346723e+01 2.839698611189213753e+09
1.014251950800847979e+01 3.045285964155410290e+09
1.018308958604051284e+01 2.958224594045167446e+09
1.022382194438467451e+01 2.864480303059803963e+09
1.026471723216221399e+01 2.745980657147781849e+09
1.030577610109086173e+01 2.727051881593418121e+09
1.034699920549522467e+01 2.600812381869358540e+09
1.038838720231720458e+01 2.462288124303025723e+09
1.042994075112647501e+01 2.431753322759233952e+09
1.047166051413097954e+01 2.389905431404313087e+09
1.051354715618750468e+01 2.555469432598979473e+09
1.055560134481225454e+01 2.455345895146784782e+09
1.059782375019150358e+01 2.356290229841238499e+09
1.064021504519226902e+01 2.414188889699067116e+09
1.068277590537303823e+01 2.458333507489282608e+09
1.072550700899452991e+01 2.324869927045184612e+09
1.076840903703050856e+01 2.259895469773423672e+09
1.081148267317863088e+01 2.344365740884268284e+09
1.085472860387134553e+01 2.321506527543427944e+09
1.089814751828683015e+01 2.072603161950127840e+09
1.094174010835997635e+01 2.142189803579603195e+09
1.098550706879341909e+01 1.863627346097381115e+09
1.102944909706859100e+01 1.918619635800135136e+09
1.107356689345686540e+01 1.962776185748936415e+09
1.111786116103069233e+01 2.019248032859611034e+09
1.116233260567481622e+01 1.919800884591270685e+09
1.120698193609751492e+01 1.922418698799947262e+09
1.125180986384190440e+01 1.863044489936245441e+09
1.129681710329727373e+01 1.856685303844597340e+09
1.134200437171046083e+01 1.809382280382787466e+09
1.138737238919730466e+01 1.883455791127854824e+09
1.143292187875409383e+01 1.802514561202544928e+09
1.147865356626910938e+01 1.747572503121538639e+09
1.152456818053418530e+01 1.708922677540551424e+09
1.157066645325632237e+01 1.600086761871853828e+09
1.161694911906934635e+01 1.578067629290623903e+09
1.166341691554562487e+01 1.653429581386403561e+09
1.171007058320780736e+01 1.508157102673361778e+09
1.175691086554063958e+01 1.381290064779986382e+09
1.180393850900279951e+01 1.507776360604898930e+09
1.185115426303881137e+01 1.470649200209059238e+09
1.189855888009096674e+01 1.455196854307783604e+09
1.194615311561133097e+01 1.461086724311843872e+09
1.199393772807377623e+01 1.439205838373749256e+09
1.204191347898607134e+01 1.437648352515702963e+09
1.209008113290201614e+01 1.290266705619750977e+09
1.213844145743362368e+01 1.312831796362025738e+09
1.218699522326335938e+01 1.401926848483489513e+09
1.223574320415641381e+01 1.277848013689170837e+09
1.228468617697303777e+01 1.282512232759114742e+09
1.233382492168093059e+01 1.255931028676540852e+09
1.238316022136765504e+01 1.191299298057185411e+09
1.243269286225312520e+01 1.098157520724902630e+09
1.248242363370213859e+01 1.211644465097058058e+09
1.253235332823694748e+01 1.082004125867049217e+09
1.258248274154989410e+01 1.123652465944335699e+09
1.263281267251609385e+01 1.111099397206080437e+09
1.268334392320615756e+01 1.121753748874855518e+09
1.273407729889898299e+01 1.121987997510708332e+09
1.278501360809457665e+01 1.030517101776084185e+09
1.283615366252695544e+01 1.008843986413459182e+09
1.288749827717706253e+01 1.105173353245967388e+09
1.293904827028577031e+01 9.832000320136543512e+08
1.299080446336691352e+01 1.020181647461162925e+09
1.304276768122038099e+01 9.386899886825507879e+08
1.309493875194526424e+01 9.799012050029351711e+08
1.314731850695304693e+01 9.234963496129410267e+08
1.319990778098085649e+01 9.680896104033764601e+08
1.325270741210477965e+01 8.512885815988903046e+08
1.330571824175319939e+01 8.298814870393389463e+08
1.335894111472021173e+01 8.929588028917055130e+08
1.341237687917909227e+01 8.709966460486042500e+08
1.346602638669580898e+01 7.892796844224407673e+08
1.351989049224258999e+01 8.531140620141469240e+08
1.357397005421156067e+01 8.172874385300271511e+08
1.362826593442840917e+01 8.084619188881512880e+08
1.368277899816612297e+01 7.975347023290051222e+08
1.373751011415878942e+01 7.426748981724698544e+08
1.379246015461542463e+01 7.992618530219095945e+08
1.384762999523388416e+01 6.965185918932170868e+08
1.390302051521481808e+01 7.726610838206020594e+08
1.395863259727567751e+01 7.558303410491648912e+08
1.401446712766477987e+01 6.820388646711032391e+08
1.407052499617543972e+01 7.742202974239522219e+08
1.412680709616014063e+01 6.835243077575962543e+08
1.418331432454478147e+01 6.336884943380019665e+08
1.424004758184296193e+01 6.552638181437480450e+08
1.429700777217033369e+01 7.095974693441050053e+08
1.435419580325901379e+01 6.240594951722406149e+08
1.441161258647204946e+01 6.130424079374192953e+08
1.446925903681793812e+01 5.930546103312834501e+08
1.452713607296521126e+01 6.009502557913514376e+08
1.458524461725707155e+01 6.116817460311888456e+08
1.464358559572609764e+01 5.860780849253305197e+08
1.470215993810900557e+01 5.837112840663490295e+08
1.476096857786143879e+01 6.280899000620666742e+08
1.482001245217288599e+01 5.542258648514565229e+08
1.487929250198157760e+01 5.184249476897410750e+08
1.493880967198950316e+01 5.520649965877678394e+08
1.499856491067746056e+01 5.319723054629346132e+08
1.505855917032016933e+01 5.313827807954432964e+08
1.511879340700144958e+01 5.190812726690695286e+08
1.517926858062945605e+01 5.008049906712613702e+08
1.523998565495197433e+01 5.382147868059746027e+08
1.530094559757178274e+01 5.283159766402314901e+08
1.536214937996206764e+01 4.899644009833680391e+08
1.542359797748191674e+01 4.670821591935138702e+08
1.548529236939184450e+01 4.750696280843740106e+08
1.554723353886941339e+01 4.380249573380286098e+08
1.560942247302489072e+01 4.569553929248005152e+08
1.567186016291699069e+01 4.681657322911313176e+08
1.573454760356865556e+01 4.149928808868911266e+08
1.579748579398293096e+01 4.400210645869386792e+08
1.586067573715886247e+01 4.325134090849019289e+08
1.592411844010749888e+01 4.688104935249308348e+08
1.598781491386792730e+01 3.773853790987926126e+08
1.605176617352340074e+01 4.110253693391837478e+08
1.611597323821749228e+01 3.876862087770975828e+08
1.618043713117036120e+01 4.240665513790076375e+08
1.624515887969504391e+01 3.617369173209452033e+08
1.631013951521382310e+01 3.923337975511686802e+08
1.637538007327468037e+01 3.939040401293706894e+08
1.644088159356778078e+01 3.706436101456218958e+08
1.650664511994205341e+01 3.579962112504541278e+08
1.657267170042182158e+01 3.596548064000337124e+08
1.663896238722350418e+01 3.189143076692015529e+08
1.670551823677240222e+01 3.523406612823107839e+08
1.677234030971949608e+01 3.769929153661407828e+08
1.683942967095837062e+01 3.543175031863451600e+08
1.690678738964220429e+01 3.294051812395312786e+08
1.697441453920077237e+01 3.238122806697608232e+08
1.704231219735757108e+01 3.616771637130028009e+08
1.711048144614700561e+01 2.869200110062501431e+08
1.717892337193159236e+01 3.277638973182797432e+08
1.724763906541932101e+01 2.992638668207585812e+08
1.731662962168099895e+01 2.970795056718019247e+08
1.738589614016772344e+01 2.677772249252660275e+08
1.745543972472839300e+01 3.062261530273094177e+08
1.752526148362730751e+01 2.950368502690132260e+08
1.759536252956181812e+01 2.821904198040004373e+08
1.766574397968006238e+01 2.744886832153725028e+08
1.773640695559878466e+01 2.717039152214967608e+08
1.780735258342117433e+01 2.675382234628012180e+08
1.787858199375486024e+01 2.867960992408743501e+08
1.795009632172988034e+01 2.499521349295679927e+08
1.802189670701679702e+01 2.774134121409389973e+08
1.809398429384486562e+01 2.618314475538276732e+08
1.816636023102024211e+01 2.272107328897469938e+08
1.823902567194432578e+01 2.569681958667929173e+08
1.831198177463210186e+01 2.608522276601740122e+08
1.838522970173062987e+01 2.412723975078563094e+08
1.845877062053754969e+01 2.346116443698940575e+08
1.853260570301970134e+01 2.144650704084553719e+08
1.860673612583178027e+01 2.052227694242379963e+08
1.868116307033510637e+01 2.253379039217809439e+08
1.875588772261644976e+01 2.149976274370903075e+08
1.883091127350691352e+01 2.415950228050729632e+08
1.890623491860094063e+01 2.174644689540367424e+08
1.898185985827534594e+01 2.006754885656495988e+08
1.905778729770844748e+01 2.244964463151445389e+08
1.913401844689928311e+01 2.180338568653355837e+08
1.921055452068688041e+01 1.934156523776296973e+08
1.928739673876962968e+01 1.923152175953222513e+08
1.936454632572470658e+01 2.010173053890894055e+08
1.944200451102760141e+01 1.676734716256943047e+08
1.951977252907171589e+01 2.040063656609698236e+08
1.959785161918800256e+01 1.774932892571526468e+08
1.967624302566475691e+01 1.808734998687090874e+08
1.991079942767366973e+01 1.773171380912418962e+08
