# Wavelength (micrometer), Flux (W / m2 / m)
1.000553076518779783e-01 1.024734126547677612e+12
1.004555288824854897e-01 4.264550587812021912e-05
1.008573509980154326e-01 5.930865512190875658e-05
1.012607804020075053e-01 5.980650610607043992e-05
1.016658235236155422e-01 1.038881637228700108e-04
1.020724868177099870e-01 1.114760713494069829e-03
1.024807767649808382e-01 3.450460193927037001e-04
1.028906998720407612e-01 1.864873445848473285e-04
1.033022626715289355e-01 1.294778467172103638e-03
1.037154717222150413e-01 2.886404471000026382e-04
1.041303336091038839e-01 2.792440313051562737e-04
1.045468549435403099e-01 5.612867856458952703e-04
1.049650423633144702e-01 3.001024967452395136e-04
1.053849025327677214e-01 7.822500047738701690e-04
1.058064421428987906e-01 4.423559379933572643e-04
1.062296679114703990e-01 1.214654216795555590e-03
1.066545865831162732e-01 1.263851117185265044e-03
1.070812049294487533e-01 1.028263744920715570e-03
1.075095297491665408e-01 3.228247092382336651e-03
1.079395678681632220e-01 1.319342631711711410e-03
1.083713261396358624e-01 3.620852847229944112e-03
1.088048114441943909e-01 2.944843933947017319e-03
1.092400306899711654e-01 3.537537184927799089e-02
1.096769908127310511e-01 4.339424091127859311e-03
1.101156987759819850e-01 5.321842989022742415e-03
1.105561615710859147e-01 2.368123869668793333e-02
1.109983862173702651e-01 1.297851516394339655e-02
1.114423797622397516e-01 8.895990861817321821e-03
1.118881492812886930e-01 8.281199377838046813e-03
1.123357018784138517e-01 1.345318485846100018e-02
1.127850446859275102e-01 3.138776415609813020e-01
1.132361848646712132e-01 3.565311570309194211e-01
1.136891296041298988e-01 1.934428375456092586e-01
1.141438861225464035e-01 1.731307557003957664e-01
1.146004616670366072e-01 1.336974607164246043e-01
1.150588635137047705e-01 1.501464980545562100e-01
1.155190989677595953e-01 1.207389621319179401e-01
1.159811753636306314e-01 2.197967780510576008e-01
1.164451000650851553e-01 1.144015687885380633e-01
1.169108804653455069e-01 1.383421443812495044e-01
1.173785239872068981e-01 3.372724768681697460e-01
1.178480380831557206e-01 8.714048687129150039e-01
1.183194302354883543e-01 5.191709020607013780e-01
1.187927079564302935e-01 4.026903726215380064e-01
1.192678787882560099e-01 6.179892690463192340e-01
1.197449503034090645e-01 9.680394194140290454e-01
1.202239301046226783e-01 3.675648689732544105e-01
1.207048258250411760e-01 9.731600773562559814e-01
1.211876451283413342e-01 7.043963847767124031e-01
1.216723957088547137e-01 9.350522703284477322e-01
1.221590852916901310e-01 1.252125158262872739e+00
1.226477216328568792e-01 1.767865694259449727e+00
1.231383125193883099e-01 1.109047980812548628e+00
1.236308657694658586e-01 1.407120854254349185e+00
1.241253892325437369e-01 1.317238546845027836e+00
1.246218907894739159e-01 1.337284854078410357e+00
1.251203783526317892e-01 1.717217050686291824e+00
1.256208598660423226e-01 1.848465270729033882e+00
1.261233433055065078e-01 2.226322168534581536e+00
1.266278366787285392e-01 1.682487311037662359e+00
1.271343480254434610e-01 3.354450165323859867e+00
1.276428854175452321e-01 3.412501254047313193e+00
1.281534569592154005e-01 2.314372874954375270e+00
1.286660707870522780e-01 3.038921614484610512e+00
1.291807350702004475e-01 5.123744224838881145e+00
1.296974580104812425e-01 4.893388754612833402e+00
1.302162478425231973e-01 4.445466909428819946e+00
1.307371128338932764e-01 5.835636319301553243e+00
1.312600612852288795e-01 6.339274020845610202e+00
1.317851015303697915e-01 7.642559784014575364e+00
1.323122419364912705e-01 9.180917634152784501e+00
1.328414909042372472e-01 9.873893358163611467e+00
1.333728568678542170e-01 1.112905509296070861e+01
1.339063482953256612e-01 9.559438870505548635e+00
1.344419736885069383e-01 1.151427532295626754e+01
1.349797415832609815e-01 1.458394805427892926e+01
1.355196605495940232e-01 1.843387859615069146e+01
1.360617391917924301e-01 1.989839005383204906e+01
1.366059861485595939e-01 1.686938756133714179e+01
1.371524100931538481e-01 1.606584860346028520e+01
1.377010197335264696e-01 2.208556723280418055e+01
1.382518238124605670e-01 3.474999820749772539e+01
1.388048311077104136e-01 3.391222861699831981e+01
1.393600504321412248e-01 3.099660862416482843e+01
1.399174906338697677e-01 2.787446264189751233e+01
1.404771605964052761e-01 4.982295677343939388e+01
1.410390692387908651e-01 4.471944254814721376e+01
1.416032255157460562e-01 8.369728855204292017e+01
1.421696384178090522e-01 3.989861487282876595e+01
1.427383169714803168e-01 6.593729114237744682e+01
1.433092702393662099e-01 2.057493701857299300e+02
1.438825073203236771e-01 1.121035103302210132e+02
1.444580373496049674e-01 2.211858590010762953e+02
1.450358694990033503e-01 1.229440924219188531e+02
1.456160129769993872e-01 2.710544788987483003e+02
1.461984770289073976e-01 3.760146962329681628e+02
1.467832709370230082e-01 2.220474155622268029e+02
1.473704040207710897e-01 3.400625116217120194e+02
1.479598856368541382e-01 1.709198235171940041e+02
1.485517251794015725e-01 3.949533950652892713e+02
1.491459320801191979e-01 6.365576948209570673e+02
1.497425158084396690e-01 4.825097998827185393e+02
1.503414858716734248e-01 1.260758809210191885e+03
1.509428518151600951e-01 7.219849293022223264e+02
1.515466232224207677e-01 5.139550239500642874e+02
1.521528097153104220e-01 1.592108727654405129e+03
1.527614209541716672e-01 9.638022041033391361e+02
1.533724666379883694e-01 1.097513522105570473e+03
1.539859565045403056e-01 1.380448245599472784e+03
1.546019003305584838e-01 5.363795161864782131e+02
1.552203079318807133e-01 9.584646326748517140e+02
1.558411891636082569e-01 1.022001931491818709e+03
1.564645539202626778e-01 9.026619310567953107e+02
1.570904121359437411e-01 1.249820714055862709e+03
1.577187737844875093e-01 1.219294268557775013e+03
1.583496488796254653e-01 1.408419761810863747e+03
1.589830474751439959e-01 1.779700202515579576e+03
1.596189796650445414e-01 1.316793387061225076e+03
1.602574555837047166e-01 1.376235705493616251e+03
1.608984854060395708e-01 1.746462855414677279e+03
1.615420793476636807e-01 2.087330890003893273e+03
1.621882476650543525e-01 2.424255791571320970e+03
1.628370006557145755e-01 2.495299765115583796e+03
1.634883486583374457e-01 2.873221655106474373e+03
1.641423020529707844e-01 3.103500207056524232e+03
1.647988712611826723e-01 3.484071294570909231e+03
1.654580667462274002e-01 2.802720400441010497e+03
1.661198990132123077e-01 4.150581450197571030e+03
1.667843786092651215e-01 4.722832236223702239e+03
1.674515161237022098e-01 5.526682614576081505e+03
1.681213221881969755e-01 7.085635908227870459e+03
1.687938074769497754e-01 7.030681765700343021e+03
1.694689827068575905e-01 9.953161537023357596e+03
1.701468586376850278e-01 9.916720394370475333e+03
1.708274460722357391e-01 1.151838504241728697e+04
1.715107558565246715e-01 1.391582032201789116e+04
1.721967988799507909e-01 1.419729561520993229e+04
1.728855860754705820e-01 1.851629431494488017e+04
1.735771284197724640e-01 1.810907800330344617e+04
1.742714369334515678e-01 2.071771344101565774e+04
1.749685226811853456e-01 2.797329997014480614e+04
1.756683967719100681e-01 2.470264251869451618e+04
1.763710703589977391e-01 3.431754915408039960e+04
1.770765546404337309e-01 3.840599773021266446e+04
1.777848608589954471e-01 3.462101862621841428e+04
1.784960003024314568e-01 5.024877910804768180e+04
1.792099843036411844e-01 4.780038766488326655e+04
1.799268242408557650e-01 5.235648158574417175e+04
1.806465315378191772e-01 7.173569583833104116e+04
1.813691176639704306e-01 5.573049578730345820e+04
1.820945941346263086e-01 7.580927096907379746e+04
1.828229725111648329e-01 1.029277371909539506e+05
1.835542644012094771e-01 7.479721903973759618e+04
1.842884814588143239e-01 1.087237063129513699e+05
1.850256353846495561e-01 1.426306820401242294e+05
1.857657379261881403e-01 1.157824252715864131e+05
1.865088008778928996e-01 1.703711145868177409e+05
1.872548360814044743e-01 1.886555279506644583e+05
1.880038554257300876e-01 1.676346550543236372e+05
1.887558708474330049e-01 2.442300301468837424e+05
1.895108943308226879e-01 2.512730155909789028e+05
1.902689379081460019e-01 2.442601928007566894e+05
1.910300136597785636e-01 3.605491384970639483e+05
1.917941337144176972e-01 3.596381472129294416e+05
1.925613102492753359e-01 3.728368402306331554e+05
1.933315554902724498e-01 5.068999322020281688e+05
1.941048817122335568e-01 5.183321739415926277e+05
1.948813012390824828e-01 5.527637883917519357e+05
1.956608264440388156e-01 7.487118573239723919e+05
1.964434697498149418e-01 7.134778191096567316e+05
1.972292436288141937e-01 7.763975392167858081e+05
1.980181606033294406e-01 1.039944059347569826e+06
1.988102332457427346e-01 1.036491055449878797e+06
1.996054741787257336e-01 1.058479393074752297e+06
2.004038960754406518e-01 1.288935822232644306e+06
2.012055116597424309e-01 1.429392824167993153e+06
2.020103337063813842e-01 1.509974426702888450e+06
2.028183750412069219e-01 1.762614305350294337e+06
2.036296485413717494e-01 1.801913795892945025e+06
2.044441671355372303e-01 1.865442368032856146e+06
2.052619438040793887e-01 2.160122988446613308e+06
2.060829915792957157e-01 2.251990524283746257e+06
2.069073235456129201e-01 2.337185555865041912e+06
2.077349528397953449e-01 2.580895303754516877e+06
2.085658926511545219e-01 2.814766884021708276e+06
2.094001562217591150e-01 2.881020230596873909e+06
2.102377568466461677e-01 3.040915664943308569e+06
2.110787078740327671e-01 3.060468270822128281e+06
2.119230227055288740e-01 3.372942929153178353e+06
2.127707147963510126e-01 3.645916530674901791e+06
2.136217976555363773e-01 3.927996252477721311e+06
2.144762848461585492e-01 3.651866053325376473e+06
2.153341899855431840e-01 4.135405251577422488e+06
2.161955267454853669e-01 4.581624462795755826e+06
2.170603088524672986e-01 4.946628245779413730e+06
2.179285500878772042e-01 4.726110110568656586e+06
2.188002642882286852e-01 5.064195371639467776e+06
2.196754653453815986e-01 6.053960062705221586e+06
2.205541672067631020e-01 6.152393591211409308e+06
2.214363838755901703e-01 7.249824226286360063e+06
2.223221294110925284e-01 6.190024935826817527e+06
2.232114179287369160e-01 9.105829258666675538e+06
2.241042636004518529e-01 8.591039792689582333e+06
2.250006806548536520e-01 1.174926494733628817e+07
2.259006833774730438e-01 9.221718573285046965e+06
2.268042861109829667e-01 1.169321242336538620e+07
2.277115032554268836e-01 1.389153725335261598e+07
2.286223492684485714e-01 1.581237859939319640e+07
2.295368386655223802e-01 1.990522613316032663e+07
2.304549860201844658e-01 1.299805303479846567e+07
2.313768059642651864e-01 2.019164601189292595e+07
2.323023131881222503e-01 2.261733156823598221e+07
2.332315224408747223e-01 2.804283822920274362e+07
2.341644485306381973e-01 2.750506488866288215e+07
2.351011063247607502e-01 2.007924631003053859e+07
2.360415107500598020e-01 3.037058919322199747e+07
2.369856767930600405e-01 2.409680411547135189e+07
2.379336195002322851e-01 3.610013756655888259e+07
2.388853539782332114e-01 3.690094485130761564e+07
2.398408953941461863e-01 4.906642259370715916e+07
2.408002589757227141e-01 5.730737607884710282e+07
2.417634600116256582e-01 3.864835968098407984e+07
2.427305138516721306e-01 6.364815263470138609e+07
2.437014359070788505e-01 7.036568476702886820e+07
2.446762416507071713e-01 9.789116159908318520e+07
2.456549466173099938e-01 8.621533920665667951e+07
2.466375664037792625e-01 9.625878185144554079e+07
2.476241166693943785e-01 1.146939328253506124e+08
2.486146131360719436e-01 7.223591272273051739e+07
2.496090715886161993e-01 1.032190180450570732e+08
2.506075078749706586e-01 1.091681702393098474e+08
2.516099379064705155e-01 1.280846951351309270e+08
2.526163776580964138e-01 1.762615164987791181e+08
2.536268431687287994e-01 2.658041685167257786e+08
2.546413505414037437e-01 3.202178173427581191e+08
2.556599159435693491e-01 2.299271819777235687e+08
2.566825556073435988e-01 1.957924256410727203e+08
2.577092858297729827e-01 2.279223806307137609e+08
2.587401229730920682e-01 2.127243447847996950e+08
2.597750834649844576e-01 2.687047823953483105e+08
2.608141837988444123e-01 2.915226615867010951e+08
2.618574405340398092e-01 3.864388046714913845e+08
2.629048702961759298e-01 5.557557076738753319e+08
2.639564897773606367e-01 5.679296928188194036e+08
2.650123157364701054e-01 5.688237714049886465e+08
2.660723649994159445e-01 5.551698908970507383e+08
2.671366544594135917e-01 5.538890393333544731e+08
2.682052010772512096e-01 6.543330987049407959e+08
2.692780218815602478e-01 5.971207675277011395e+08
2.703551339690865030e-01 7.879077739080957174e+08
2.714365545049627904e-01 7.994512931023406982e+08
2.725223007229827243e-01 8.363078737311830521e+08
2.736123899258746106e-01 9.525225883324314356e+08
2.747068394855781692e-01 1.161682410135269165e+09
2.758056668435204806e-01 1.261080977197687149e+09
2.769088895108945403e-01 1.863141348663401365e+09
2.780165250689380918e-01 1.716075865852731943e+09
2.791285911692138466e-01 2.119008527697252035e+09
2.802451055338907038e-01 2.086851791312269926e+09
2.813660859560263017e-01 2.110067950330156326e+09
2.824915502998503469e-01 2.117123742970986128e+09
2.836215165010497197e-01 2.203678911489861488e+09
2.847560025670539119e-01 1.423398106210766792e+09
2.858950265773221866e-01 1.961185414575813055e+09
2.870386066836315142e-01 2.971577787147912979e+09
2.881867611103660631e-01 4.112433244836112022e+09
2.893395081548075787e-01 5.372423264271908760e+09
2.904968661874267610e-01 6.040717019254785538e+09
2.916588536521764197e-01 7.050804450605817795e+09
2.928254890667851273e-01 6.673955587317142487e+09
2.939967910230522619e-01 7.331801736568935394e+09
2.951727781871444911e-01 6.900915399084406853e+09
2.963534692998930908e-01 8.054701324976529121e+09
2.975388831770926501e-01 8.332340751500764847e+09
2.987290387098009981e-01 1.091276070430023575e+10
2.999239548646402409e-01 9.381970100175994873e+09
3.011236506840988536e-01 1.573231108361041260e+10
3.023281452868351593e-01 9.095345582952133179e+09
3.035374578679824742e-01 2.043695265551377106e+10
3.047516076994544187e-01 1.944742996565165329e+10
3.059706141302522830e-01 2.283427958744567108e+10
3.071944965867733357e-01 2.595686102141166687e+10
3.084232745731204095e-01 3.079023116217883301e+10
3.096569676714128194e-01 2.937128778995154953e+10
3.108955955420985018e-01 3.721381025456297302e+10
3.121391779242668751e-01 4.070213208583190918e+10
3.133877346359639215e-01 4.767999157912189484e+10
3.146412855745078230e-01 5.816129082804830170e+10
3.158998507168058190e-01 5.632064118059516144e+10
3.171634501196730627e-01 8.407067762694018555e+10
3.184321039201517545e-01 7.145965919065324402e+10
3.197058323358323295e-01 8.006335203406076050e+10
3.209846556651756444e-01 8.875751487690478516e+10
3.222685942878363852e-01 1.016056707914315796e+11
3.235576686649877520e-01 1.050941473598179779e+11
3.248518993396476984e-01 1.209387456364841614e+11
3.261513069370062801e-01 1.318777564788556061e+11
3.274559121647543369e-01 1.473400432351170349e+11
3.287657358134133401e-01 1.617835461770123291e+11
3.300807987566670154e-01 1.819425721069542236e+11
3.314011219516936890e-01 2.153814398098285522e+11
3.327267264395004642e-01 2.200640639063756714e+11
3.340576333452584534e-01 2.700648407723547668e+11
3.353938638786395088e-01 2.598276582490000610e+11
3.367354393341540630e-01 2.861011898500260010e+11
3.380823810914907468e-01 3.036680609528117676e+11
3.394347106158566718e-01 3.147506344103359985e+11
3.407924494583201014e-01 3.318456331749479370e+11
3.421556192561533982e-01 3.173814393207964478e+11
3.435242417331779707e-01 2.416824161650892029e+11
3.448983387001106626e-01 2.837938032878760986e+11
3.462779320549111417e-01 3.255527207044424438e+11
3.476630437831307319e-01 2.990784442962011719e+11
3.490536959582632992e-01 3.363005171631198120e+11
3.504499107420963600e-01 5.163718458860328979e+11
3.518517103850647421e-01 4.503777117969493408e+11
3.532591172266050239e-01 5.335463709117324219e+11
3.546721536955114717e-01 6.616217577762082520e+11
3.560908423102934761e-01 4.084623408193696899e+11
3.575152056795346533e-01 3.076925071344859009e+11
3.589452665022527800e-01 4.648376097728366699e+11
3.603810475682617254e-01 5.919117835061076660e+11
3.618225717585348278e-01 5.190933914354769897e+11
3.632698620455689364e-01 5.627483065199609375e+11
3.647229414937512293e-01 5.678744314822990723e+11
3.661818332597261971e-01 9.581510804182680664e+11
3.676465605927651259e-01 7.015024759678343506e+11
3.691171468351361895e-01 7.957142325285201416e+11
3.705936154224767076e-01 5.454843709749266357e+11
3.720759898841666247e-01 3.040332311240504761e+11
3.735642938437032656e-01 2.844443577025098267e+11
3.750585510190780902e-01 3.172609203398509521e+11
3.765587852231543908e-01 6.166756327828636475e+11
3.780650203640470441e-01 1.156025534688837158e+12
3.795772804455032068e-01 7.654019396509660645e+11
3.810955895672852312e-01 8.590245112874447021e+11
3.826199719255543585e-01 3.730973884934948120e+11
3.841504518132565771e-01 6.065011714969328613e+11
3.856870536205096456e-01 4.473234898677950439e+11
3.872298018349916715e-01 7.239882178352095947e+11
3.887787210423316320e-01 7.004288917306337891e+11
3.903338359265008939e-01 8.366622150735261230e+11
3.918951712702069545e-01 8.728033431296110840e+11
3.934627519552877928e-01 4.766386891812395020e+11
3.950366029631089404e-01 1.116460351324997559e+12
3.966167493749613859e-01 8.278940302476788330e+11
3.982032163724612550e-01 1.406252449494709961e+12
3.997960292379510450e-01 1.705923813864300293e+12
4.013952133549028578e-01 1.943248222301975830e+12
4.030007942083224659e-01 2.326472838758694824e+12
4.046127973851557647e-01 1.804880122476006592e+12
4.062312485746963908e-01 1.798613309002243896e+12
4.078561735689951728e-01 2.071118129096622803e+12
4.094875982632711353e-01 2.253375682833557129e+12
4.111255486563242245e-01 2.607553460458049805e+12
4.127700508509495880e-01 2.306643132588960449e+12
4.144211310543532978e-01 2.129920323117564453e+12
4.160788155785707931e-01 2.473693394036809570e+12
4.177431308408850463e-01 2.009801041324512451e+12
4.194141033642486138e-01 1.524150011665776855e+12
4.210917597777056320e-01 9.337527932017799072e+11
4.227761268168164221e-01 2.971295384713720703e+11
4.244672313240837602e-01 9.738862406562496338e+11
4.261651002493800910e-01 1.557818544435033203e+12
4.278697606503775730e-01 1.735111212959562500e+12
4.295812396929790666e-01 1.444935237480595215e+12
4.312995646517510107e-01 1.715436599303799561e+12
4.330247629103580187e-01 2.190287022581465332e+12
4.347568619619994745e-01 2.620401326241026367e+12
4.364958894098474596e-01 2.462911575789073242e+12
4.382418729674867897e-01 1.871542893195308838e+12
4.399948404593567730e-01 2.177155587095790771e+12
4.417548198211941890e-01 2.372725194506109375e+12
4.435218391004789873e-01 1.913656902559079346e+12
4.452959264568808750e-01 1.959483162149319336e+12
4.470771101627084021e-01 2.326621445258150879e+12
4.488654186033592119e-01 2.382832403287895020e+12
4.506608802777726241e-01 2.554702107401105469e+12
4.524635237988837710e-01 2.336871120662549316e+12
4.542733778940792333e-01 2.436442073358652344e+12
4.560904714056555065e-01 2.569967358413041504e+12
4.579148332912781894e-01 2.660208422938343750e+12
4.597464926244433370e-01 2.166337031861655029e+12
4.615854785949410899e-01 2.691851569180511719e+12
4.634318205093208576e-01 2.145581882211618164e+12
4.652855477913582227e-01 2.457390532254821289e+12
4.671466899825236219e-01 2.461850806763818848e+12
4.690152767424536906e-01 2.550516603441635254e+12
4.708913378494234969e-01 2.837307998936177246e+12
4.727749032008212171e-01 2.700423238580338379e+12
4.746660028136244769e-01 2.986952188225628906e+12
4.765646668248789131e-01 2.207707288444318359e+12
4.784709254921784560e-01 1.904045496155255859e+12
4.803848091941470555e-01 2.273324786872709473e+12
4.823063484309236815e-01 2.378780611872963867e+12
4.842355738246474361e-01 2.681929196719490234e+12
4.861725161199459966e-01 2.624828263107700684e+12
4.881172061844257226e-01 2.999520338311620117e+12
4.900696750091634302e-01 3.031612961436863770e+12
4.920299537092001074e-01 3.391520511163918945e+12
4.939980735240369625e-01 3.864082198170417969e+12
4.959740658181330253e-01 2.774211274654760254e+12
4.979579620814056362e-01 3.210182429792343262e+12
4.999497939297311566e-01 2.823806830622131836e+12
5.019495931054501758e-01 2.642277273426155762e+12
5.039573914778719965e-01 3.121115419825066895e+12
5.059732210437835054e-01 2.602717571536261230e+12
5.079971139279585435e-01 2.754572582603986328e+12
5.100291023836703852e-01 2.669332687632498535e+12
5.120692187932051054e-01 2.642992759610630371e+12
5.141174956683780550e-01 2.698569651715129883e+12
5.161739656510514473e-01 2.177702743025837891e+12
5.182386615136556074e-01 1.615180913833086182e+12
5.203116161597103329e-01 2.428828744555327637e+12
5.223928626243490303e-01 3.362390599258095215e+12
5.244824340748465152e-01 3.258560894946645508e+12
5.265803638111459239e-01 2.751319088832570801e+12
5.286866852663905103e-01 3.228677496415284668e+12
5.308014320074561088e-01 3.277570455862802734e+12
5.329246377354859288e-01 2.874212720717017090e+12
5.350563362864277916e-01 3.161720718713866699e+12
5.371965616315735881e-01 2.749733713485106445e+12
5.393453478780998456e-01 2.842914619489868652e+12
5.415027292696121819e-01 2.845042187671735840e+12
5.436687401866906466e-01 2.586436504464372070e+12
5.458434151474373941e-01 2.116994602956348145e+12
5.480267888080271321e-01 2.483087178993496094e+12
5.502188959632591247e-01 2.340385272825497559e+12
5.524197715471121928e-01 2.485124628010710449e+12
5.546294506333006025e-01 2.665987971381205566e+12
5.568479684358338400e-01 2.605149612108974121e+12
5.590753603095770519e-01 2.302594760992100098e+12
5.613116617508153716e-01 2.023600632983860840e+12
5.635569083978186899e-01 1.741980946663647705e+12
5.658111360314097560e-01 1.969822295391851318e+12
5.680743805755354980e-01 1.807999332574125488e+12
5.703466780978375672e-01 2.014725023233812012e+12
5.726280648102289872e-01 2.087298614998572510e+12
5.749185770694699160e-01 2.292917185479551758e+12
5.772182513777477375e-01 2.159703124656410400e+12
5.795271243832587071e-01 2.489025255823289551e+12
5.818452328807918184e-01 2.522410231431376953e+12
5.841726138123150003e-01 2.479071334067424316e+12
5.865093042675643131e-01 1.998483028532652100e+12
5.888553414846344758e-01 1.354550710470783447e+12
5.912107628505729462e-01 1.472453730008473877e+12
5.935756059019753339e-01 1.621455433406242188e+12
5.959499083255832552e-01 1.561307858162956055e+12
5.983337079588855190e-01 1.737803854998062256e+12
6.007270427907210886e-01 1.870550375977851318e+12
6.031299509618840426e-01 2.103534172590810303e+12
6.055424707657315331e-01 2.422529372717596680e+12
6.079646406487945187e-01 2.717318480485238281e+12
6.103964992113897203e-01 3.026357262489816406e+12
6.128380852082353503e-01 3.259020776078710938e+12
6.152894375490681744e-01 2.926714871880005371e+12
6.177505952992645710e-01 2.197078275426292725e+12
6.202215976804615893e-01 1.935301414585854736e+12
6.227024840711834486e-01 1.567714401926968750e+12
6.251932940074681477e-01 1.795179315142916504e+12
6.276940671834980723e-01 1.956700122234862549e+12
6.302048434522321552e-01 2.281747113734833008e+12
6.327256628260409244e-01 2.682801980073976562e+12
6.352565654773452142e-01 2.897916801358126465e+12
6.377975917392545435e-01 2.812463045553799805e+12
6.403487821062116003e-01 3.441651250714626465e+12
6.429101772346363930e-01 3.700413270576231445e+12
6.454818179435749537e-01 3.951878532362391602e+12
6.480637452153492628e-01 4.139524534782668457e+12
6.506560001962106154e-01 4.272566595543038574e+12
6.532586241969955410e-01 4.691848368875471680e+12
6.558716586937833881e-01 3.992890509721301270e+12
6.584951453285585732e-01 3.781991954807680176e+12
6.611291259098727169e-01 3.468796909867554688e+12
6.637736424135122215e-01 3.064635698309708008e+12
6.664287369831662922e-01 2.847983147570642090e+12
6.690944519310989547e-01 2.646395949339680664e+12
6.717708297388232941e-01 2.626111244329286133e+12
6.744579130577786907e-01 2.686961785574814941e+12
6.771557447100098326e-01 3.029897420699679688e+12
6.798643676888498355e-01 2.905272021838230957e+12
6.825838251596052508e-01 2.992919033963202148e+12
6.853141604602436265e-01 2.856466267378474609e+12
6.880554171020846210e-01 2.843049853476389648e+12
6.908076387704928933e-01 3.119195672206496094e+12
6.935708693255748791e-01 3.698725531105753906e+12
6.963451528028771209e-01 4.270093006991528809e+12
6.991305334140887062e-01 4.644112737243531250e+12
7.019270555477450380e-01 4.990236493342390625e+12
7.047347637699360456e-01 5.924384858667196289e+12
7.075537028250157290e-01 5.228910730133930664e+12
7.103839176363159202e-01 4.567951503014344727e+12
7.132254533068611568e-01 4.135287733916756348e+12
7.160783551200886610e-01 4.343625990249636230e+12
7.189426685405689854e-01 4.557225256556716797e+12
7.218184392147313222e-01 4.441523052380450195e+12
7.247057129715901436e-01 4.941523773329528320e+12
7.276045358234763949e-01 5.300601558515807617e+12
7.305149539667704639e-01 5.863631124101601562e+12
7.334370137826373703e-01 6.367611656033653320e+12
7.363707618377679509e-01 6.724898777106161133e+12
7.393162448851190449e-01 7.116979761158864258e+12
7.422735098646596752e-01 7.260285731108523438e+12
7.452426039041182282e-01 7.310693182587822266e+12
7.482235743197346300e-01 7.491796131440656250e+12
7.512164686170136330e-01 7.538972997747061523e+12
7.542213344914817652e-01 7.726548812429344727e+12
7.572382198294477229e-01 7.706938336931512695e+12
7.602671727087656484e-01 7.059044239668804688e+12
7.633082413996006288e-01 6.837789286973615234e+12
7.663614743651989691e-01 6.169280946197413086e+12
7.694269202626597970e-01 5.857307254155173828e+12
7.725046279437104424e-01 5.887605096957685547e+12
7.755946464554852593e-01 5.669230913732325195e+12
7.786970250413072225e-01 5.706590379099416016e+12
7.818118131414724115e-01 6.018959982527472656e+12
7.849390603940383793e-01 5.588247798627475586e+12
7.880788166356144098e-01 5.997331620916844727e+12
7.912311319021569922e-01 5.897154212478694336e+12
7.943960564297655180e-01 6.222374006971655273e+12
7.975736406554845281e-01 6.450839007327500977e+12
8.007639352181065151e-01 6.713104388124255859e+12
8.039669909589789443e-01 7.024854513589745117e+12
8.071828589228148276e-01 7.353923772827088867e+12
8.104115903585061842e-01 7.608577735156630859e+12
8.136532367199402760e-01 7.946563456932985352e+12
8.169078496668199518e-01 7.999199188562432617e+12
8.201754810654874328e-01 7.182369450404119141e+12
8.234561829897493190e-01 7.581614909063097656e+12
8.267500077217083687e-01 7.543865372261909180e+12
8.300570077525952772e-01 7.080580590755124023e+12
8.333772357836056743e-01 7.283206531974330078e+12
8.367107447267401188e-01 7.058973706822466797e+12
8.400575877056470908e-01 7.180523910732710938e+12
8.434178180564695371e-01 6.601903432012668945e+12
8.467914893286955236e-01 5.875641741569919922e+12
8.501786552860102208e-01 6.030602081023351562e+12
8.535793699071543283e-01 6.032103745705124023e+12
8.569936873867830540e-01 6.503374224124929688e+12
8.604216621363300899e-01 6.793019326548866211e+12
8.638633487848753623e-01 7.126444064497582031e+12
8.673188021800150027e-01 6.952333087245019531e+12
8.707880773887352044e-01 7.380585188303960938e+12
8.742712296982900755e-01 7.548110407588289062e+12
8.777683146170831563e-01 7.856964530946964844e+12
8.812793878755513788e-01 7.851314786178641602e+12
8.848045054270535781e-01 7.936069185523495117e+12
8.883437234487617795e-01 6.825226448476275391e+12
8.918970983425568155e-01 7.447911333025426758e+12
8.954646867359271623e-01 6.836140795321346680e+12
8.990465454828707736e-01 7.200436436414602539e+12
9.026427316648023558e-01 7.228237581108632812e+12
9.062533025914615292e-01 7.272068015833131836e+12
9.098783158018273198e-01 7.508379149011186523e+12
9.135178290650346478e-01 7.655550832830411133e+12
9.171719003812948134e-01 7.825996787642950195e+12
9.208405879828199803e-01 7.928533369748204102e+12
9.245239503347512100e-01 7.922844957978521484e+12
9.282220461360901620e-01 7.923026313248627930e+12
9.319349343206346781e-01 7.815716076298447266e+12
9.356626740579171431e-01 7.812080196231231445e+12
9.394053247541488405e-01 7.780741081831327148e+12
9.431629460531654185e-01 7.830762094833288086e+12
9.469355978373780180e-01 7.917090672000607422e+12
9.507233402287275092e-01 7.941478233825135742e+12
9.545262335896426142e-01 7.894067533339590820e+12
9.583443385240012491e-01 7.931608129676057617e+12
9.621777158780971950e-01 7.908835905608437500e+12
9.660264267416096562e-01 7.858605451168133789e+12
9.698905324485760371e-01 7.917710235682003906e+12
9.737700945783701600e-01 7.515538833990799805e+12
9.776651749566835914e-01 7.450618543371267578e+12
9.815758356565105203e-01 7.405655887625157227e+12
9.855021389991363012e-01 7.305575267104818359e+12
9.894441475551331022e-01 7.145089300888712891e+12
9.934019241453534432e-01 6.580130277455879883e+12
9.973755318419349480e-01 6.883116622762762695e+12
1.001365033969302543e+00 6.947948686972932617e+12
1.005370494105179757e+00 6.883410633302795898e+12
1.009391976081600362e+00 7.026577221545958984e+12
1.013429543985926884e+00 7.109774763312333008e+12
1.017483262161870350e+00 7.095769781978583008e+12
1.021553195210518128e+00 7.163691777649363281e+12
1.025639407991360219e+00 7.007542360445199219e+12
1.029741965623325539e+00 6.965649936001134766e+12
1.033860933485818867e+00 6.995491718756714844e+12
1.037996377219762012e+00 7.173338349416569336e+12
1.042148362728641198e+00 7.131457506429897461e+12
1.046316956179555557e+00 7.248763533639167969e+12
1.050502224004274066e+00 7.234104944080906250e+12
1.054704232900291139e+00 7.291297958570349609e+12
1.058923049831892227e+00 7.218038277572751953e+12
1.063158742031219628e+00 7.219448710018095703e+12
1.067411376999344741e+00 7.101346291750943359e+12
1.071681022507342096e+00 7.094125477315199219e+12
1.075967746597371377e+00 7.147738367107393555e+12
1.080271617583760779e+00 7.064941982938658203e+12
1.084592704054095913e+00 7.105236735433442383e+12
1.088931074870312044e+00 7.067464356957058594e+12
1.093286799169793433e+00 7.048290878104749023e+12
1.097659946366472461e+00 6.955269551330154297e+12
1.102050586151938294e+00 6.929665968133699219e+12
1.106458788496546219e+00 6.811044810098855469e+12
1.110884623650532532e+00 6.794147422488221680e+12
1.115328162145134749e+00 6.855671575788433594e+12
1.119789474793714934e+00 6.793893028551592773e+12
1.124268632692889902e+00 6.824522538688180664e+12
1.128765707223661430e+00 6.784855177835169922e+12
1.133280770052556230e+00 6.805492428082407227e+12
1.137813893132766374e+00 6.543725115223057617e+12
1.142365148705297484e+00 6.501226522902443359e+12
1.146934609300118479e+00 6.721816434958698242e+12
1.151522347737319096e+00 6.774324747897067383e+12
1.156128437128268516e+00 6.688838806868508789e+12
1.160752950876781542e+00 6.575422708614075195e+12
1.165395962680288999e+00 6.638899382327957031e+12
1.170057546531009907e+00 6.567300962234454102e+12
1.174737776717134086e+00 6.586919809296890625e+12
1.179436727824002773e+00 6.456879962850324219e+12
1.184154474735298557e+00 6.340725128764420898e+12
1.188891092634239977e+00 6.422075922525377930e+12
1.193646657004777012e+00 6.446945842962684570e+12
1.198421243632796118e+00 6.212462264978012695e+12
1.203214928607327261e+00 6.325745818918382812e+12
1.208027788321756724e+00 6.284067930082926758e+12
1.212859899475043468e+00 6.300783797053699219e+12
1.217711339072943710e+00 6.318953316790113281e+12
1.222582184429235275e+00 6.253203767733180664e+12
1.227472513166952384e+00 6.278764002503136719e+12
1.232382403219620226e+00 6.221232452236501953e+12
1.237311932832498407e+00 6.182843011060648438e+12
1.242261180563828615e+00 5.980644452705433594e+12
1.247230225286083849e+00 6.042177136089391602e+12
1.252219146187228072e+00 5.990073962751959961e+12
1.257228022771976983e+00 5.972543293685330078e+12
1.262256934863064783e+00 5.932600337485303711e+12
1.267305962602517155e+00 5.949416926742407227e+12
1.272375186452927354e+00 5.905481001724795898e+12
1.277464687198738957e+00 5.882617777033770508e+12
1.282574545947533950e+00 5.803925833589728516e+12
1.287704844131324133e+00 5.767038483869793945e+12
1.292855663507849417e+00 5.725530370739316406e+12
1.298027086161880783e+00 5.754781636388578125e+12
1.303219194506528344e+00 5.730854107671146484e+12
1.308432071284554521e+00 5.680095614156425781e+12
1.313665799569692760e+00 5.687152213437863281e+12
1.318920462767971591e+00 5.669629158366962891e+12
1.324196144619043336e+00 5.596788690534589844e+12
1.329492929197519491e+00 5.520949943095417969e+12
1.334810900914309650e+00 5.366692438844101562e+12
1.340150144517967101e+00 5.326760669595021484e+12
1.345510745096038852e+00 5.298337638788432617e+12
1.350892788076423212e+00 5.288201103359754883e+12
1.356296359228728932e+00 5.253193577581470703e+12
1.361721544665643879e+00 5.246464796277168945e+12
1.367168430844306393e+00 5.234142889680951172e+12
1.372637104567683730e+00 5.237941394283373047e+12
1.378127652985954299e+00 5.207532042067168945e+12
1.383640163597898098e+00 5.183204618342448242e+12
1.389174724252289828e+00 5.112195501061970703e+12
1.394731423149298877e+00 5.069449344312750000e+12
1.400310348841896202e+00 5.029628509438435547e+12
1.405911590237263642e+00 5.004890164782861328e+12
1.411535236598212784e+00 4.941988563648908203e+12
1.417181377544605603e+00 4.898990030246785156e+12
1.422850103054784210e+00 4.866446876901389648e+12
1.428541503467003038e+00 4.748913302992071289e+12
1.434255669480871243e+00 4.841658069242610352e+12
1.439992692158794885e+00 4.815994639276397461e+12
1.445752662927429988e+00 4.804657721933722656e+12
1.451535673579139596e+00 4.762353610252540039e+12
1.457341816273456159e+00 4.740763861034616211e+12
1.463171183538549913e+00 4.714478983731535156e+12
1.469023868272704147e+00 4.671143171744012695e+12
1.474899963745795128e+00 4.662975727503879883e+12
1.480799563600778246e+00 4.641718877305824219e+12
1.486722761855181485e+00 4.532699081262405273e+12
1.492669652902602007e+00 4.617264492448367188e+12
1.498640331514212276e+00 4.577968448794507812e+12
1.504634892840269300e+00 4.225275971673173340e+12
1.510653432411630304e+00 4.565501427138432617e+12
1.516696046141276843e+00 4.563349942647694336e+12
1.522762830325842032e+00 4.560188757650407227e+12
1.528853881647145307e+00 4.547258898667166992e+12
1.534969297173733649e+00 4.525037678258738281e+12
1.541109174362428780e+00 4.517802253772652344e+12
1.547273611059878373e+00 4.510983144395687500e+12
1.553462705504118135e+00 4.493779856031371094e+12
1.559676556326134556e+00 4.459868101918493164e+12
1.565915262551438980e+00 4.464006563598001953e+12
1.572178923601644795e+00 4.383740378184965332e+12
1.578467639296051495e+00 4.371934732757361328e+12
1.584781509853235626e+00 4.435207657119262695e+12
1.591120635892648405e+00 4.401551032738303711e+12
1.597485118436219098e+00 4.446337099162818359e+12
1.603875058909963958e+00 4.415459435620015625e+12
1.610290559145603595e+00 4.409041245792718750e+12
1.616731721382186127e+00 4.053799163394628906e+12
1.623198648267714761e+00 4.303376150714080078e+12
1.629691442860785600e+00 4.378233998806128906e+12
1.636210208632228769e+00 4.370961752382041016e+12
1.642755049466757766e+00 4.305258663614620117e+12
1.649326069664624805e+00 4.289218758920326172e+12
1.655923373943283039e+00 4.269006606931445801e+12
1.662547067439056336e+00 4.211068423721679688e+12
1.669197255708812611e+00 4.196971515994938965e+12
1.675874044731648027e+00 4.164157135851116211e+12
1.682577540910574321e+00 4.108778027912044434e+12
1.689307851074216771e+00 4.063384035930572754e+12
1.696065082478513508e+00 4.015048929741160645e+12
1.702849342808427480e+00 3.957022740037497559e+12
1.709660740179661298e+00 3.734076190234000488e+12
1.716499383140379864e+00 3.811274399620371094e+12
1.723365380672941427e+00 3.770956252779552734e+12
1.730258842195633306e+00 3.713156689043229004e+12
1.737179877564415831e+00 3.629673217612500488e+12
1.744128597074673603e+00 3.580619468539948730e+12
1.751105111462972097e+00 3.495811109180066895e+12
1.758109531908824241e+00 3.427404801517366211e+12
1.765141970036459451e+00 3.377624233107859375e+12
1.772202537916605314e+00 3.307226487876137207e+12
1.779291348068271716e+00 3.226434026606305176e+12
1.786408513460544745e+00 3.177357401385944824e+12
1.793554147514387020e+00 3.111497524038813477e+12
1.800728364104444257e+00 3.074135407087383789e+12
1.807931277560862249e+00 3.001885397601793457e+12
1.815163002671105641e+00 2.994889279180340332e+12
1.822423654681789795e+00 2.947285453001699219e+12
1.829713349300517100e+00 2.894726505100096680e+12
1.837032202697718830e+00 2.872536052366584961e+12
1.844380331508509885e+00 2.758234832842473633e+12
1.851757852834543527e+00 2.738614704615202637e+12
1.859164884245881888e+00 2.620833906895610352e+12
1.866601543782865358e+00 2.689277156730088379e+12
1.874067949957996859e+00 2.622385528045519531e+12
1.881564221757828781e+00 2.629450823585486328e+12
1.889090478644860127e+00 2.590174510476523438e+12
1.896646840559439662e+00 2.585317493054075684e+12
1.904233427921677269e+00 2.562882203457086426e+12
1.911850361633363971e+00 2.550909024804699219e+12
1.919497763079897279e+00 2.507704972069634766e+12
1.927175754132217200e+00 2.386206476280682129e+12
1.934884457148745796e+00 2.408163904508296875e+12
1.942623994977340729e+00 2.228106210060533203e+12
1.950394490957250149e+00 2.252912482486674316e+12
1.958196068921079336e+00 2.376066757546371094e+12
1.966028853196763793e+00 2.365468789788862305e+12
1.973892968609550991e+00 2.162254144434026611e+12
1.981788540483989447e+00 2.086739925080858887e+12
1.989715694645925126e+00 2.088242384440099854e+12
1.997674557424508723e+00 2.190532649819928223e+12
2.005665255654207169e+00 2.193534322500192627e+12
2.013687916676823786e+00 2.160464873170464844e+12
2.021742668343530891e+00 2.138536021274972656e+12
2.029829639016905052e+00 2.105250948568182373e+12
2.037948957572972564e+00 2.079734318011427490e+12
2.046100753403264694e+00 2.051968028328900146e+12
2.054285156416877811e+00 2.047276584704456787e+12
2.062502297042545507e+00 1.998362235008914307e+12
2.070752306230715600e+00 1.994847022806794434e+12
2.079035315455638244e+00 1.975913618934773682e+12
2.087351456717461140e+00 1.948765834128676758e+12
2.095700862544330967e+00 1.911623579666518066e+12
2.104083665994508134e+00 1.924248447995972412e+12
2.112500000658485977e+00 1.908431397801093506e+12
2.120950000661120161e+00 1.892650925599288086e+12
2.129433800663764753e+00 1.864570141977648193e+12
2.137951535866419839e+00 1.854212933152546143e+12
2.146503342009885351e+00 1.850486346760178955e+12
2.155089355377924676e+00 1.833366411075634521e+12
2.163709712799436691e+00 1.825328607016276367e+12
2.172364551650634468e+00 1.807894626132200439e+12
2.181054009857236853e+00 1.784629841683933594e+12
2.189778225896665376e+00 1.774098338114459717e+12
2.198537338800252705e+00 1.765160606743641113e+12
2.207331488155453325e+00 1.708612845428201904e+12
2.216160814108075083e+00 1.742263436499911133e+12
2.225025457364507631e+00 1.698524941886400879e+12
2.233925559193965515e+00 1.697979542319780029e+12
2.242861261430741493e+00 1.695269983512599854e+12
2.251832706476463830e+00 1.681056914835168701e+12
2.260840037302370042e+00 1.627482302263964111e+12
2.269883397451579299e+00 1.645364434009179199e+12
2.278962931041386142e+00 1.611228871992988525e+12
2.288078782765551100e+00 1.613230563655883301e+12
2.297231097896613505e+00 1.470805076782234619e+12
2.306420022288200311e+00 1.523304331379551270e+12
2.315645702377353121e+00 1.510640123272149658e+12
2.324908285186861878e+00 1.390079175251754883e+12
2.334207918327609654e+00 1.420456108949661865e+12
2.343544750000919663e+00 1.422956134182496582e+12
2.352918929000923143e+00 1.330888756547389893e+12
2.362330604716927240e+00 1.342692092901439697e+12
2.371779927135795329e+00 1.355800400111785889e+12
2.381267046844337987e+00 1.277210150985645508e+12
2.390792115031715070e+00 1.254164300714829102e+12
2.400355283491842240e+00 1.256636132452990234e+12
2.409956704625809465e+00 1.210304069164691650e+12
2.419596531444312859e+00 1.162338379702983887e+12
2.429274917570089620e+00 1.164626661883663330e+12
2.438992017240370291e+00 1.146835216107923584e+12
2.448747985309331465e+00 1.077479939159143799e+12
2.458542977250568917e+00 1.073345549182218872e+12
2.468377149159570738e+00 1.072236730555694092e+12
2.478250657756209563e+00 1.005941582084292114e+12
2.488163660387234355e+00 1.002735965318708862e+12
2.498116315028783063e+00 9.978689156977850342e+11
2.508108780288898387e+00 9.585538377625571289e+11
2.518141215410053757e+00 9.438107285768890381e+11
2.528213780271693967e+00 9.224235659473051758e+11
2.538326635392781139e+00 9.104410324684926758e+11
2.548479941934351789e+00 8.975664649983524170e+11
2.558673861702089436e+00 8.862447030342668457e+11
2.568908557148898097e+00 8.876070585589144287e+11
2.579184191377493551e+00 8.599099834214875488e+11
2.589500928143003478e+00 8.674295361202326660e+11
2.599858931855575594e+00 8.653408403669281006e+11
2.610258367582998229e+00 8.654157048099113770e+11
2.620699401053329769e+00 8.507657968382893066e+11
2.631182198657543214e+00 8.490483841017340088e+11
2.641706927452173392e+00 8.407243313760872803e+11
2.652273755161981938e+00 8.474329347308632812e+11
2.662882850182629824e+00 8.430329289542565918e+11
2.673534381583360542e+00 8.172125666181380615e+11
2.684228519109693956e+00 8.115122630581148682e+11
2.694965433186132575e+00 7.840204321192568359e+11
2.705745294918877164e+00 7.812156690185944824e+11
2.716568276098552559e+00 7.591438393130460205e+11
2.727434549202946812e+00 7.328438478776791992e+11
2.738344287399758326e+00 7.193675087514118652e+11
2.749297664549357201e+00 7.100228480626196289e+11
2.760294855207554576e+00 7.044300471658386230e+11
2.771336034628385292e+00 6.856218782528623047e+11
2.782421378766898545e+00 6.731503696470617676e+11
2.793551064281966312e+00 6.690380942026108398e+11
2.804725268539093985e+00 6.477745102510255127e+11
2.815944169613250558e+00 6.301544970267141113e+11
2.827207946291703244e+00 6.403499988894759521e+11
2.838516778076869862e+00 6.171444862226108398e+11
2.849870845189177437e+00 6.064585017029001465e+11
2.861270328569933685e+00 6.134648194499882812e+11
2.872715409884213589e+00 5.958880626865993652e+11
2.884206271523750420e+00 5.913080845800319824e+11
2.895743096609845413e+00 5.917203548047911377e+11
2.907326068996284985e+00 5.642005762480933838e+11
2.918955373272270393e+00 5.660118337894018555e+11
2.930631194765359826e+00 5.544216602397509766e+11
2.942353719544420709e+00 5.383366500481766357e+11
2.954123134422598440e+00 5.435693466954769897e+11
2.965939626960289122e+00 5.284909688645291138e+11
2.977803385468130504e+00 5.311214616442911377e+11
2.989714599010003138e+00 5.151983028344687500e+11
3.001673457406043077e+00 5.129072919417046509e+11
3.013680151235667015e+00 5.081131439280008545e+11
3.025734871840609408e+00 4.875505656749450684e+11
3.037837811327972037e+00 5.021285482724665527e+11
3.049989162573283785e+00 4.811994555621884766e+11
3.062189119223576395e+00 4.871379360625783691e+11
3.074437875700470890e+00 4.743357353683628540e+11
3.086735627203272880e+00 4.670605990772929688e+11
3.099082569712085622e+00 4.679863345600431519e+11
3.111478899990933744e+00 4.551031280909424438e+11
3.123924815590897186e+00 4.569440220733681641e+11
3.136420514853261121e+00 4.486977289149176636e+11
3.148966196912674320e+00 4.446917304143926392e+11
3.161562061700325277e+00 4.421502332094912109e+11
3.174208309947126327e+00 4.323144079434575195e+11
3.186905143186915090e+00 4.374262650116566772e+11
3.199652763759662566e+00 4.195162177329736328e+11
3.212451374814701222e+00 4.318897783655275269e+11
3.225301180313960625e+00 4.202005918059149170e+11
3.238202385035215958e+00 4.174444317330903931e+11
3.251155194575356955e+00 4.154235848114018555e+11
3.264159815353658622e+00 4.113449229960053101e+11
3.277216454615073271e+00 4.068051966685166626e+11
3.290325320433533207e+00 4.030721327908935547e+11
3.303486621715267635e+00 4.024607184730294800e+11
3.316700568202128441e+00 3.946197482864874268e+11
3.329967370474937294e+00 3.979634077182753296e+11
3.343287239956836743e+00 3.881114970846636963e+11
3.356660388916663962e+00 3.879463178038869629e+11
3.370087030472330714e+00 3.851530715225249023e+11
3.383567378594220187e+00 3.800480255533035889e+11
3.397101648108596716e+00 3.781966570306599731e+11
3.410690054701031482e+00 3.720081248284027710e+11
3.424332814919834878e+00 3.718874922562280273e+11
3.438030146179514634e+00 3.671237603357304077e+11
3.451782266764232610e+00 3.648612201214583740e+11
3.465589395831289998e+00 3.617645711501770020e+11
3.479451753414614767e+00 3.576799524786323853e+11
3.493369560428273068e+00 3.521335700187233276e+11
3.507343038669985980e+00 3.528728559134597168e+11
3.521372410824665788e+00 3.450220468521118164e+11
3.535457900467964709e+00 3.435553339231059570e+11
3.549599732069836477e+00 3.400491774937705078e+11
3.563798130998116154e+00 3.359612231303862305e+11
3.578053323522108364e+00 3.327215775116214600e+11
3.592365536816196858e+00 3.296225890350995483e+11
3.606734998963461614e+00 3.257914360469639282e+11
3.621161938959315041e+00 3.216939283411948853e+11
3.635646586715152839e+00 3.182390298549581909e+11
3.650189173062013293e+00 3.149148473921198120e+11
3.664789929754260545e+00 3.115088040442809448e+11
3.679449089473277645e+00 3.065769045864675903e+11
3.694166885831170699e+00 3.039909951551810303e+11
3.708943553374495661e+00 3.013750695525117798e+11
3.723779327587993571e+00 2.979358611729236450e+11
3.738674444898345328e+00 2.933905826354052124e+11
3.753629142677938901e+00 2.919014949756029053e+11
3.768643659248651190e+00 2.870226652059370728e+11
3.783718233885645432e+00 2.851192589775332031e+11
3.798853106821188153e+00 2.809694742590383911e+11
3.814048519248473657e+00 2.779113055585851440e+11
3.829304713325467180e+00 2.726089429649465027e+11
3.844621932178768908e+00 2.703028903561897278e+11
3.860000419907484215e+00 2.676851220407926941e+11
3.875440421587113882e+00 2.633014225775409546e+11
3.890942183273462529e+00 2.595343974082401733e+11
3.906505952006555926e+00 2.565505771063574524e+11
3.922131975814582727e+00 2.531934333334982910e+11
3.937820503717840648e+00 2.492636792574843750e+11
3.953571785732711508e+00 2.429658265746965027e+11
3.969386072875642490e+00 2.417940415310439453e+11
3.985263617167145167e+00 2.362432869172080688e+11
4.001204671635814059e+00 2.328537998709176636e+11
4.017209490322357190e+00 2.305747223864664307e+11
4.033278328283646630e+00 2.264312605044833984e+11
4.049411441596781458e+00 2.189699238530293274e+11
4.065609087363168506e+00 2.188256067312608337e+11
4.081871523712622185e+00 2.114426374047793884e+11
4.098199009807472315e+00 2.108972746593391418e+11
4.114591805846702144e+00 2.083091664990819092e+11
4.131050173070089038e+00 2.015086583543243713e+11
4.147574373762369149e+00 2.022723189443735657e+11
4.164164671257418959e+00 1.963235744287566833e+11
4.180821329942449260e+00 1.949274153687899170e+11
4.197544615262219558e+00 1.925844851308105469e+11
4.214334793723269357e+00 1.871909486451003113e+11
4.231192132898162761e+00 1.873297045789899597e+11
4.248116901429755288e+00 1.815911553904379272e+11
4.265109369035473996e+00 1.790562554296973572e+11
4.282169806511615384e+00 1.776320243654157410e+11
4.299298485737661935e+00 1.651100762555073853e+11
4.316495679680612874e+00 1.658952984429201965e+11
4.333761662399335357e+00 1.629495777423074341e+11
4.351096709048932532e+00 1.557753434866028137e+11
4.368501095885127583e+00 1.526143024174466248e+11
4.385975100268668214e+00 1.498729994487042542e+11
4.403519000669743555e+00 1.451679528334102478e+11
4.421133076672422391e+00 1.419420651961147156e+11
4.438817608979111817e+00 1.397481082340831604e+11
4.456572879415028332e+00 1.375916313027141418e+11
4.474399170932688463e+00 1.319481504924516449e+11
4.492296767616419828e+00 1.320977430128382721e+11
4.510265954686884626e+00 1.308289391031359711e+11
4.528307018505633330e+00 1.261642383506407471e+11
4.546420246579655711e+00 1.256534474372678375e+11
4.564605927565974497e+00 1.232318078637800293e+11
4.582864351276237258e+00 1.222524474197172241e+11
4.601195808681342925e+00 1.197385799237549591e+11
4.619600591916067422e+00 1.195610602935560303e+11
4.638078994283731937e+00 1.175793838225197601e+11
4.656631310260867629e+00 1.172746559329829102e+11
4.675257835501911430e+00 1.148976990648594513e+11
4.693958866843916944e+00 1.138234130871192017e+11
4.712734702311292878e+00 1.117625645377110596e+11
4.731585641120538810e+00 1.111811539458562012e+11
4.750511983685020923e+00 1.099648066481850433e+11
4.769514031619761063e+00 1.072903282225066071e+11
4.788592087746240011e+00 1.057649765893146210e+11
4.807746456097224730e+00 1.048140165351708069e+11
4.826977441921613377e+00 1.038242783081960297e+11
4.846285351689299858e+00 1.024787813239076233e+11
4.865670493096057925e+00 1.005861882468789673e+11
4.885133175068442135e+00 9.865072474331636047e+10
4.904673707768715474e+00 9.703014488630168152e+10
4.924292402599791174e+00 9.634684275144822693e+10
4.943989572210189642e+00 9.412960601623081970e+10
4.963765530499030021e+00 9.195813429335520935e+10
4.983620592621027079e+00 9.233221931061993408e+10
5.003555074991511198e+00 8.986661654187501526e+10
5.023569295291476777e+00 8.767749866778497314e+10
5.043663572472643075e+00 8.862284639919776917e+10
5.063838226762532813e+00 8.626058274287371826e+10
5.084093579669583640e+00 8.413920446699851990e+10
5.104429953988261381e+00 8.390013716458004761e+10
5.124847673804215020e+00 8.238311201663804626e+10
5.145347064499431688e+00 8.228226179601411438e+10
5.165928452757428957e+00 7.935538482237596130e+10
5.186592166568458673e+00 8.001762943581748962e+10
5.207338535234733001e+00 7.719456038627320862e+10
5.228167889375671784e+00 7.771573640944055176e+10
5.249080560933174766e+00 7.526260883902494812e+10
5.270076883176907145e+00 7.548196947153205872e+10
5.291157190709615321e+00 7.337511330835945129e+10
5.312321819472453299e+00 7.335502622016423035e+10
5.333571106750343738e+00 7.199254049585508728e+10
5.354905391177344320e+00 7.079671884379110718e+10
5.376325012742054099e+00 7.028097677192065430e+10
5.397830312793021612e+00 6.965998809526902771e+10
5.419421634044193858e+00 6.744591853629513550e+10
5.441099320580370602e+00 6.786330468538415527e+10
5.462863717862692425e+00 6.598414207830120850e+10
5.484715172734142996e+00 6.568350755681215668e+10
5.506654033425078865e+00 6.501772516208740234e+10
5.528680649558780580e+00 6.397138873286787415e+10
5.550795372157015350e+00 6.281307742646585846e+10
5.572998553645643227e+00 6.206960004657128906e+10
5.595290547860225949e+00 6.200917713702111053e+10
5.617671710051667766e+00 6.064381704245937347e+10
5.640142396891874021e+00 6.015703590775742340e+10
5.662702966479441713e+00 5.940395548322595215e+10
5.685353778345359821e+00 5.784163000979071045e+10
5.708095193458740724e+00 5.761589590030507660e+10
5.730927574232576482e+00 5.641576756123228455e+10
5.753851284529505783e+00 5.670568657664205933e+10
5.776866689667624399e+00 5.548828523105606079e+10
5.799974156426294769e+00 5.513713515891228485e+10
5.823174053051999977e+00 5.362979480342148590e+10
5.846466749264207508e+00 5.288473517500153351e+10
5.869852616261264977e+00 5.281762196657395172e+10
5.893332026726310069e+00 5.180787547397882843e+10
5.916905354833215114e+00 5.159653303244049835e+10
5.940572976252548543e+00 5.055760800191770935e+10
5.964335268157558545e+00 4.996426371430673981e+10
5.988192609230189589e+00 4.914069739271427155e+10
6.012145379667110490e+00 4.897286977506104279e+10
6.036193961185778889e+00 4.741896664019070435e+10
6.060338737030522616e+00 4.742470308447815704e+10
6.084580091978644134e+00 4.722311687522765350e+10
6.108918412346558746e+00 4.578707296883699036e+10
6.133354085995945226e+00 4.596691999815496826e+10
6.157887502339929320e+00 4.523813243234799957e+10
6.182519052349287669e+00 4.418256738982846069e+10
6.207249128558685491e+00 4.381486510277061462e+10
6.232078125072920471e+00 4.335785633684288025e+10
6.257006437573212843e+00 4.239000073870618439e+10
6.282034463323505236e+00 4.186855094230831146e+10
6.307162601176800720e+00 4.128078157251390076e+10
6.332391251581507063e+00 4.066623154959057617e+10
6.357720816587833390e+00 3.986422780706558990e+10
6.383151699854184180e+00 3.902324764746401978e+10
6.408684306653601226e+00 3.822940517964241791e+10
6.434319043880215361e+00 3.763723517566213226e+10
6.460056320055736379e+00 3.623980209487717438e+10
6.485896545335958052e+00 3.483944518304485321e+10
6.511840131517302233e+00 3.459982896924772644e+10
6.537887492043371829e+00 3.354112690224420166e+10
6.564039042011545533e+00 3.271646877572611237e+10
6.590295198179591196e+00 3.182670118568875885e+10
6.616656378972309405e+00 3.150572600723323822e+10
6.643123004488199257e+00 3.048755525539354706e+10
6.669695496506150789e+00 3.022492011362567139e+10
6.696374278492176479e+00 2.955525855809583664e+10
6.723159775606144528e+00 2.964236514313898087e+10
6.750052414708568094e+00 2.900003900347033691e+10
6.777052624367403411e+00 2.796816074526575089e+10
6.804160834864871887e+00 2.799961169734936905e+10
6.831377478204331055e+00 2.738968962980115891e+10
6.858702988117148180e+00 2.741454635838623810e+10
6.886137800069615622e+00 2.676322915374564362e+10
6.913682351269895499e+00 2.620521618349436188e+10
6.941337080674975013e+00 2.603005553076722717e+10
6.969102428997675069e+00 2.567062864772978210e+10
6.996978838713665994e+00 2.538737920833263016e+10
7.024966754068519670e+00 2.514220528629440689e+10
7.053066621084793653e+00 2.470149931711818695e+10
7.081278887569133929e+00 2.429397314812604904e+10
7.109604003119409654e+00 2.358889412178365326e+10
7.138042419131887861e+00 2.370038604657272720e+10
7.166594588808414379e+00 2.339384765067274475e+10
7.195260967163648047e+00 2.291153701533206177e+10
7.224042011032302923e+00 2.258612538484371567e+10
7.252938179076432235e+00 2.227444743999416733e+10
7.281949931792737196e+00 2.209204160150846100e+10
7.311077731519908696e+00 2.167800319303353882e+10
7.340322042445988515e+00 2.138015858549879837e+10
7.369683330615771411e+00 2.100887402338795853e+10
7.399162063938235612e+00 2.107788489572509766e+10
7.428758712193988423e+00 2.032276933712615585e+10
7.458473747042765112e+00 2.041420920090534210e+10
7.488307642030935796e+00 2.002866872748040771e+10
7.518260872599060285e+00 1.954299426850939560e+10
7.548333916089456253e+00 1.959811977197190094e+10
7.578527251753813587e+00 1.901605871517707062e+10
7.608841360760829176e+00 1.848901014741695023e+10
7.639276726203872769e+00 1.853821734817345810e+10
7.669833833108687493e+00 1.810574727460065079e+10
7.700513168441122325e+00 1.798798610062897873e+10
7.731315221114887670e+00 1.756892294612631607e+10
7.762240481999347352e+00 1.726520543587783813e+10
7.793289443927344351e+00 1.711479248847161484e+10
7.824462601703054077e+00 1.702012302404233551e+10
7.855760452109866065e+00 1.661030727429113770e+10
7.887183493918306532e+00 1.614070523479317665e+10
7.918732227893980458e+00 1.604903907054233360e+10
7.950407156805555431e+00 1.580938586532130432e+10
7.982208785432777454e+00 1.535825679763470650e+10
8.014137620574508958e+00 1.536365839001618767e+10
8.046194171056805899e+00 1.493684018861030006e+10
8.078378947741034821e+00 1.477194550995061684e+10
8.110692463531997021e+00 1.445815280340032768e+10
8.143135233386125549e+00 1.440856665734185982e+10
8.175707774319670662e+00 1.419843567275360680e+10
8.208410605416949224e+00 1.382307449753763771e+10
8.241244247838615422e+00 1.381759677998149681e+10
8.274209224829968790e+00 1.340247917023542976e+10
8.307306061729288871e+00 1.336694249403018379e+10
8.340535285976207192e+00 1.303334331884397507e+10
8.373897427120111203e+00 1.276733987334705544e+10
8.407393016828594412e+00 1.277064023312295723e+10
8.441022588895906509e+00 1.244729037516324234e+10
8.474786679251490540e+00 1.242496702246656227e+10
8.508685825968495209e+00 1.207406513419663429e+10
8.542720569272368891e+00 1.199433458026273346e+10
8.576891451549458978e+00 1.172290013053666878e+10
8.611199017355655627e+00 1.166462605357887268e+10
8.645643813425078150e+00 1.152613138379940605e+10
8.680226388678779159e+00 1.129572986849941635e+10
8.714947294233493125e+00 1.119967026134445953e+10
8.749807083410427566e+00 1.083748377270961189e+10
8.784806311744070229e+00 1.083452100953691292e+10
8.819945536991047774e+00 1.066807883290338898e+10
8.855225319139009343e+00 1.049406378031242561e+10
8.890646220415566958e+00 1.045827948844632339e+10
8.926208805297228821e+00 1.030202757908688164e+10
8.961913640518417878e+00 1.002121507965439987e+10
8.997761295080492161e+00 9.988979123158481598e+09
9.033752340260813085e+00 9.885507301399112701e+09
9.069887349621856387e+00 9.735638957669458389e+09
9.106166899020346150e+00 9.542883636176652908e+09
9.142591566616424359e+00 9.453373060795757294e+09
9.179161932882891506e+00 9.326223753524745941e+09
9.215878580614422333e+00 9.148785913164573669e+09
9.252742094936881045e+00 8.968785452344505310e+09
9.289753063316627646e+00 8.931835761627012253e+09
9.326912075569895322e+00 8.692106805664136887e+09
9.364219723872173162e+00 8.715144154732378006e+09
9.401676602767663482e+00 8.463558254550913811e+09
9.439283309178733816e+00 8.355931001227899551e+09
9.477040442415447075e+00 8.291778304661068916e+09
9.514948604185111236e+00 8.139695952584042549e+09
9.553008398601852136e+00 8.082177361265989304e+09
9.591220432196260859e+00 7.878613603084291458e+09
9.629585313925044687e+00 7.753539668194461823e+09
9.668103655180747324e+00 7.630462032342757225e+09
9.706776069801470896e+00 7.554570990692048073e+09
9.745603174080676112e+00 7.467198651271077156e+09
9.784585586776998412e+00 7.361934495566972733e+09
9.823723929124106746e+00 7.208871452631428719e+09
9.863018824840601440e+00 7.102800829557136536e+09
9.902470900139965337e+00 6.865243941099731445e+09
9.942080783740523842e+00 6.890884260191574097e+09
9.981849106875488431e+00 6.739995926615369797e+09
1.002177650330298952e+01 6.675060171728973389e+09
1.006186360931619994e+01 6.534431354790099144e+09
1.010211106375346723e+01 6.413286985087377548e+09
1.014251950800847979e+01 6.327876309402890205e+09
1.018308958604051284e+01 6.279693198350646973e+09
1.022382194438467451e+01 6.141993407689394951e+09
1.026471723216221399e+01 6.045692116536433220e+09
1.030577610109086173e+01 5.919666111321949959e+09
1.034699920549522467e+01 5.806358869315769196e+09
1.038838720231720458e+01 5.765146849775227547e+09
1.042994075112647501e+01 5.662140855706727982e+09
1.047166051413097954e+01 5.581571289286676407e+09
1.051354715618750468e+01 5.457467422951564789e+09
1.055560134481225454e+01 5.371305400952695847e+09
1.059782375019150358e+01 5.283807520038940430e+09
1.064021504519226902e+01 5.243152900213751793e+09
1.068277590537303823e+01 5.175313630965081215e+09
1.072550700899452991e+01 5.007272050138750076e+09
1.076840903703050856e+01 4.946236419178748131e+09
1.081148267317863088e+01 4.887814146195008278e+09
1.085472860387134553e+01 4.897761756588663101e+09
1.089814751828683015e+01 4.690362658341325760e+09
1.094174010835997635e+01 4.660392231184206963e+09
1.098550706879341909e+01 4.535185387178377151e+09
1.102944909706859100e+01 4.484860203464298248e+09
1.107356689345686540e+01 4.446504812165633202e+09
1.111786116103069233e+01 4.352187318535108566e+09
1.116233260567481622e+01 4.308553684508316040e+09
1.120698193609751492e+01 4.180358548750811100e+09
1.125180986384190440e+01 4.166129924625158787e+09
1.129681710329727373e+01 4.084524985309183121e+09
1.134200437171046083e+01 4.043123115222727299e+09
1.138737238919730466e+01 3.977264122938341141e+09
1.143292187875409383e+01 3.875212396394700050e+09
1.147865356626910938e+01 3.842861001974179268e+09
1.152456818053418530e+01 3.756511853732026577e+09
1.157066645325632237e+01 3.699675704799447060e+09
1.161694911906934635e+01 3.635336137926210880e+09
1.166341691554562487e+01 3.608605837128514767e+09
1.171007058320780736e+01 3.541712378932650566e+09
1.175691086554063958e+01 3.446072954914292812e+09
1.180393850900279951e+01 3.442097985104113579e+09
1.185115426303881137e+01 3.348529553441960812e+09
1.189855888009096674e+01 3.346486516123642921e+09
1.194615311561133097e+01 3.284665730520485401e+09
1.199393772807377623e+01 3.232549486995840549e+09
1.204191347898607134e+01 3.183822909900201797e+09
1.209008113290201614e+01 3.147418435358516216e+09
1.213844145743362368e+01 3.082789818723799706e+09
1.218699522326335938e+01 3.047361892268818855e+09
1.223574320415641381e+01 2.988302323004840374e+09
1.228468617697303777e+01 2.973097031217223167e+09
1.233382492168093059e+01 2.886737782825977802e+09
1.238316022136765504e+01 2.855704144174869061e+09
1.243269286225312520e+01 2.763470659081635475e+09
1.248242363370213859e+01 2.789893621728077888e+09
1.253235332823694748e+01 2.718908604944847107e+09
1.258248274154989410e+01 2.690606368182310581e+09
1.263281267251609385e+01 2.660794262510653973e+09
1.268334392320615756e+01 2.583500406020092487e+09
1.273407729889898299e+01 2.603916209873857021e+09
1.278501360809457665e+01 2.503807986827435493e+09
1.283615366252695544e+01 2.466345031157269001e+09
1.288749827717706253e+01 2.468300847805045605e+09
1.293904827028577031e+01 2.383675955088553905e+09
1.299080446336691352e+01 2.388036662255768776e+09
1.304276768122038099e+01 2.333976600133633614e+09
1.309493875194526424e+01 2.305949714992957592e+09
1.314731850695304693e+01 2.250269165209356785e+09
1.319990778098085649e+01 2.224259943201287746e+09
1.325270741210477965e+01 2.191992951832446575e+09
1.330571824175319939e+01 2.151494931293087006e+09
1.335894111472021173e+01 2.114402289210806847e+09
1.341237687917909227e+01 2.103250987399580956e+09
1.346602638669580898e+01 2.043853640576586962e+09
1.351989049224258999e+01 2.044738325877050161e+09
1.357397005421156067e+01 1.992241265627320528e+09
1.362826593442840917e+01 1.970592023667967558e+09
1.368277899816612297e+01 1.946225681414849997e+09
1.373751011415878942e+01 1.885619164289070368e+09
1.379246015461542463e+01 1.891080830362424850e+09
1.384762999523388416e+01 1.843139473660780668e+09
1.390302051521481808e+01 1.843611217694078684e+09
1.395863259727567751e+01 1.798885578608175039e+09
1.401446712766477987e+01 1.765966101415747643e+09
1.407052499617543972e+01 1.762721142702106237e+09
1.412680709616014063e+01 1.697488902573785543e+09
1.418331432454478147e+01 1.662001248286947966e+09
1.424004758184296193e+01 1.665471381086306334e+09
1.429700777217033369e+01 1.659264621749312639e+09
1.435419580325901379e+01 1.598545467094483376e+09
1.441161258647204946e+01 1.599478499171118021e+09
1.446925903681793812e+01 1.542082111805149078e+09
1.452713607296521126e+01 1.548849013709714413e+09
1.458524461725707155e+01 1.520700593663532495e+09
1.464358559572609764e+01 1.473402866396075487e+09
1.470215993810900557e+01 1.450007308239510536e+09
1.476096857786143879e+01 1.458446132752953529e+09
1.482001245217288599e+01 1.431628890765893221e+09
1.487929250198157760e+01 1.404760175876484156e+09
1.493880967198950316e+01 1.378385890223363161e+09
1.499856491067746056e+01 1.354281075893377066e+09
1.505855917032016933e+01 1.348313425452799320e+09
1.511879340700144958e+01 1.321519490728938103e+09
1.517926858062945605e+01 1.294669149733794928e+09
1.523998565495197433e+01 1.285192072129839420e+09
1.530094559757178274e+01 1.253753534508390665e+09
1.536214937996206764e+01 1.231937271657434225e+09
1.542359797748191674e+01 1.217774779122482061e+09
1.548529236939184450e+01 1.206935986495865107e+09
1.554723353886941339e+01 1.175704822962510347e+09
1.560942247302489072e+01 1.174574589978849411e+09
1.567186016291699069e+01 1.148249338824262619e+09
1.573454760356865556e+01 1.121632039698156595e+09
1.579748579398293096e+01 1.119069078427830935e+09
1.586067573715886247e+01 1.096229538866954088e+09
1.592411844010749888e+01 1.087879308385765076e+09
1.598781491386792730e+01 1.045872931120047688e+09
1.605176617352340074e+01 1.048022786160168171e+09
1.611597323821749228e+01 1.024425195372201681e+09
1.618043713117036120e+01 1.004710227569390655e+09
1.624515887969504391e+01 9.897537205966438055e+08
1.631013951521382310e+01 9.890636682816699743e+08
1.637538007327468037e+01 9.767926319228733778e+08
1.644088159356778078e+01 9.610034138559794426e+08
1.650664511994205341e+01 9.354319002094933987e+08
1.657267170042182158e+01 9.168819745704550743e+08
1.663896238722350418e+01 9.032847471996208429e+08
1.670551823677240222e+01 8.974803901693476439e+08
1.677234030971949608e+01 8.897072590638134480e+08
1.683942967095837062e+01 8.698556570566788912e+08
1.690678738964220429e+01 8.578210308051198721e+08
1.697441453920077237e+01 8.476791825993657112e+08
1.704231219735757108e+01 8.442030110380289555e+08
1.711048144614700561e+01 8.083246071690114737e+08
1.717892337193159236e+01 8.068922878710377216e+08
1.724763906541932101e+01 7.837594380415170193e+08
1.731662962168099895e+01 7.757740687614346743e+08
1.738589614016772344e+01 7.672890301026930809e+08
1.745543972472839300e+01 7.632167955625207424e+08
1.752526148362730751e+01 7.469563884356802702e+08
1.759536252956181812e+01 7.301155438609645367e+08
1.766574397968006238e+01 7.198539171907923222e+08
1.773640695559878466e+01 7.120598117584276199e+08
1.780735258342117433e+01 7.057530628793247938e+08
1.787858199375486024e+01 6.981244521952402592e+08
1.795009632172988034e+01 6.782698705225710869e+08
1.802189670701679702e+01 6.739426167737809420e+08
1.809398429384486562e+01 6.616963853572945595e+08
1.816636023102024211e+01 6.345624953487548828e+08
1.823902567194432578e+01 6.462656999860411882e+08
1.831198177463210186e+01 6.328758880193997622e+08
1.838522970173062987e+01 6.220055820433434248e+08
1.845877062053754969e+01 6.172360023672719002e+08
1.853260570301970134e+01 5.945489279276949167e+08
1.860673612583178027e+01 5.846225200064903498e+08
1.868116307033510637e+01 5.822005911733599901e+08
1.875588772261644976e+01 5.723407775913469791e+08
1.883091127350691352e+01 5.710161660538523197e+08
1.890623491860094063e+01 5.580377218499517441e+08
1.898185985827534594e+01 5.458230851916835308e+08
1.905778729770844748e+01 5.489491438966221809e+08
1.913401844689928311e+01 5.420431586092851162e+08
1.921055452068688041e+01 5.156336973058955073e+08
1.928739673876962968e+01 5.199947846970910430e+08
1.936454632572470658e+01 5.129553403662460446e+08
1.944200451102760141e+01 4.953003000101041198e+08
1.951977252907171589e+01 5.014295630316593647e+08
1.959785161918800256e+01 4.799811007161814570e+08
1.967624302566475691e+01 4.786969077177079320e+08
1.991079942767366973e+01 4.600336193563256860e+08
