# Wavelength (micrometer), Flux (W / m2 / m)
1.000553076518779783e-01 5.391480642591130066e+10
1.004555288824854897e-01 7.232603381163041984e-10
1.008573509980154326e-01 1.273779980052114481e-09
1.012607804020075053e-01 1.103788434275824599e-09
1.016658235236155422e-01 1.906116530449805597e-09
1.020724868177099870e-01 4.194755638623821834e-07
1.024807767649808382e-01 6.963087012826477135e-08
1.028906998720407612e-01 5.471301199421359748e-09
1.033022626715289355e-01 6.642774854352785837e-07
1.037154717222150413e-01 5.515931766281182726e-09
1.041303336091038839e-01 4.614704990715463146e-09
1.045468549435403099e-01 4.466926106966532488e-08
1.049650423633144702e-01 1.453269957351989837e-09
1.053849025327677214e-01 1.026519597151890084e-07
1.058064421428987906e-01 3.326386579052433375e-09
1.062296679114703990e-01 1.303118503953859479e-07
1.066545865831162732e-01 8.126389934722283619e-08
1.070812049294487533e-01 2.131271618170143063e-08
1.075095297491665408e-01 1.725174159375222024e-06
1.079395678681632220e-01 2.653551489663535292e-08
1.083713261396358624e-01 8.200173397218093853e-07
1.088048114441943909e-01 3.220583345639739700e-07
1.092400306899711654e-01 6.730801609984309768e-05
1.096769908127310511e-01 5.517729673282313416e-07
1.101156987759819850e-01 7.657610719660154171e-07
1.105561615710859147e-01 3.604771162295708335e-05
1.109983862173702651e-01 8.396783621193212025e-06
1.114423797622397516e-01 2.122356770183460021e-06
1.118881492812886930e-01 5.333652218489542226e-07
1.123357018784138517e-01 2.900802953923070513e-06
1.127850446859275102e-01 1.130677926466545913e-03
1.132361848646712132e-01 6.955961581779819287e-04
1.136891296041298988e-01 4.031567633067353646e-04
1.141438861225464035e-01 4.751315369417658994e-04
1.146004616670366072e-01 2.958620813925068641e-04
1.150588635137047705e-01 3.115586523699077968e-04
1.155190989677595953e-01 1.652660063039964277e-04
1.159811753636306314e-01 5.288953145142018296e-04
1.164451000650851553e-01 1.103500454732536201e-04
1.169108804653455069e-01 1.196331813036923669e-04
1.173785239872068981e-01 6.176532024535773572e-04
1.178480380831557206e-01 2.024867994295855792e-03
1.183194302354883543e-01 9.775479499203791698e-04
1.187927079564302935e-01 2.640211991919587430e-04
1.192678787882560099e-01 5.613335071702528576e-04
1.197449503034090645e-01 6.585215190903501506e-04
1.202239301046226783e-01 4.375605466260534002e-05
1.207048258250411760e-01 1.871250827286193735e-04
1.211876451283413342e-01 7.209471343392533115e-05
1.216723957088547137e-01 4.164645193894714299e-05
1.221590852916901310e-01 1.026609284020210151e-04
1.226477216328568792e-01 1.590369900361659366e-04
1.231383125193883099e-01 1.147196654568867762e-04
1.236308657694658586e-01 2.848399597325693513e-04
1.241253892325437369e-01 1.282418150355623635e-04
1.246218907894739159e-01 3.653611313668498126e-05
1.251203783526317892e-01 3.307251046655794419e-05
1.256208598660423226e-01 5.405150477474923590e-04
1.261233433055065078e-01 5.559669244699016414e-04
1.266278366787285392e-01 2.925421897448393597e-05
1.271343480254434610e-01 2.258405372364794439e-04
1.276428854175452321e-01 1.548084070522643579e-04
1.281534569592154005e-01 5.869623585805545945e-05
1.286660707870522780e-01 2.074073744363053137e-04
1.291807350702004475e-01 2.899717412118091395e-04
1.296974580104812425e-01 3.140498785088140362e-04
1.302162478425231973e-01 8.324258842914312583e-05
1.307371128338932764e-01 5.137658117847982483e-04
1.312600612852288795e-01 1.069173983302073531e-03
1.317851015303697915e-01 4.257138512260121846e-04
1.323122419364912705e-01 1.775106531570726709e-03
1.328414909042372472e-01 2.210394420591679180e-03
1.333728568678542170e-01 1.269728870340204986e-03
1.339063482953256612e-01 2.078354246771525933e-04
1.344419736885069383e-01 1.412729186038178724e-03
1.349797415832609815e-01 2.386294895513213672e-03
1.355196605495940232e-01 2.117786069456188604e-03
1.360617391917924301e-01 3.256327564896184783e-03
1.366059861485595939e-01 1.187406640781653007e-03
1.371524100931538481e-01 3.141586990454580579e-04
1.377010197335264696e-01 8.907011973079277363e-04
1.382518238124605670e-01 1.151724405524044530e-02
1.388048311077104136e-01 5.247545435316275375e-03
1.393600504321412248e-01 1.179229462775197457e-03
1.399174906338697677e-01 8.997975535602346833e-04
1.404771605964052761e-01 9.285601578626827973e-03
1.410390692387908651e-01 3.129160805657152291e-03
1.416032255157460562e-01 2.302041218625888730e-02
1.421696384178090522e-01 6.771661172745462899e-04
1.427383169714803168e-01 8.604084317509969396e-03
1.433092702393662099e-01 1.668368580064029383e-01
1.438825073203236771e-01 2.565214233225705798e-02
1.444580373496049674e-01 1.075149374379309047e-01
1.450358694990033503e-01 2.311184113201027179e-02
1.456160129769993872e-01 2.257748659968669136e-01
1.461984770289073976e-01 4.605425291122274278e-01
1.467832709370230082e-01 7.203656681850732768e-02
1.473704040207710897e-01 2.234856991649416535e-01
1.479598856368541382e-01 1.256378877163057822e-02
1.485517251794015725e-01 1.292339274182682796e-01
1.491459320801191979e-01 3.097092223374103837e-01
1.497425158084396690e-01 9.535199962359343362e-02
1.503414858716734248e-01 1.472666558403768811e+00
1.509428518151600951e-01 2.161380879317914561e-01
1.515466232224207677e-01 4.365403384350147187e-02
1.521528097153104220e-01 1.252930895724338745e-01
1.527614209541716672e-01 2.009807137554040640e-02
1.533724666379883694e-01 1.769840272013628243e-02
1.539859565045403056e-01 3.147020057300108087e-02
1.546019003305584838e-01 1.045937033690001782e-03
1.552203079318807133e-01 3.851701567333004703e-03
1.558411891636082569e-01 2.628308039802185626e-03
1.564645539202626778e-01 1.679780608972749690e-03
1.570904121359437411e-01 1.573218761139889323e-03
1.577187737844875093e-01 9.357084038585532009e-04
1.583496488796254653e-01 1.771049613214147229e-03
1.589830474751439959e-01 5.281686917847207806e-03
1.596189796650445414e-01 1.146125138619593460e-03
1.602574555837047166e-01 1.397440543628704129e-03
1.608984854060395708e-01 3.198753642367667665e-03
1.615420793476636807e-01 2.645434932463777093e-03
1.621882476650543525e-01 3.024211745842610502e-03
1.628370006557145755e-01 2.910016960864896408e-03
1.634883486583374457e-01 4.079337143740318847e-03
1.641423020529707844e-01 4.992164129360814051e-03
1.647988712611826723e-01 6.028349461686469124e-03
1.654580667462274002e-01 2.635003416812898777e-03
1.661198990132123077e-01 1.006311946115533672e-02
1.667843786092651215e-01 1.050620368208718923e-02
1.674515161237022098e-01 1.691111590709219736e-02
1.681213221881969755e-01 4.286879588293156934e-02
1.687938074769497754e-01 2.598401725283353350e-02
1.694689827068575905e-01 1.369279385767740720e-01
1.701468586376850278e-01 9.850022030091670766e-02
1.708274460722357391e-01 1.232384989503940986e-01
1.715107558565246715e-01 1.614664109314386808e-01
1.721967988799507909e-01 1.533238626367417479e-01
1.728855860754705820e-01 2.525606455286410479e-01
1.735771284197724640e-01 1.655035716812664759e-01
1.742714369334515678e-01 1.357132415897861211e-01
1.749685226811853456e-01 5.672497201987203308e-01
1.756683967719100681e-01 2.531894636690375511e-01
1.763710703589977391e-01 9.624251414638963498e-01
1.770765546404337309e-01 1.254633378350881845e+00
1.777848608589954471e-01 3.551681565047385969e-01
1.784960003024314568e-01 1.825186264601751818e+00
1.792099843036411844e-01 1.388574032788722157e+00
1.799268242408557650e-01 1.601941532505647192e+00
1.806465315378191772e-01 4.150363614252894351e+00
1.813691176639704306e-01 8.309816214738433571e-01
1.820945941346263086e-01 3.021467992802627567e+00
1.828229725111648329e-01 7.711396373062203047e+00
1.835542644012094771e-01 6.811646534280410004e-01
1.842884814588143239e-01 4.861626414871475177e+00
1.850256353846495561e-01 1.532909083243149873e+01
1.857657379261881403e-01 2.401294714733793523e+00
1.865088008778928996e-01 1.680820000285380900e+01
1.872548360814044743e-01 1.172181831014230724e+01
1.880038554257300876e-01 3.563217088709440095e+00
1.887558708474330049e-01 2.411291394037172253e+01
1.895108943308226879e-01 1.272147581540133032e+01
1.902689379081460019e-01 7.505830332396023152e+00
1.910300136597785636e-01 4.781176401156549360e+01
1.917941337144176972e-01 2.065300322355117402e+01
1.925613102492753359e-01 2.920487665088351648e+01
1.933315554902724498e-01 8.347125127006994205e+01
1.941048817122335568e-01 5.146019262751276813e+01
1.948813012390824828e-01 5.123332377326516962e+01
1.956608264440388156e-01 1.691628352944591143e+02
1.964434697498149418e-01 5.659173191854036133e+01
1.972292436288141937e-01 1.071497010448106977e+02
1.980181606033294406e-01 2.035572582342310568e+02
1.988102332457427346e-01 1.250527076380632963e+02
1.996054741787257336e-01 1.129639067799861181e+02
2.004038960754406518e-01 1.512577617901415863e+02
2.012055116597424309e-01 1.578641044293077300e+02
2.020103337063813842e-01 1.815406245538373753e+02
2.028183750412069219e-01 2.176281900741169579e+02
2.036296485413717494e-01 1.496758648110388776e+02
2.044441671355372303e-01 1.319051819853920051e+02
2.052619438040793887e-01 1.991897047731869748e+02
2.060829915792957157e-01 1.678495071050236334e+02
2.069073235456129201e-01 1.622051761140710084e+02
2.077349528397953449e-01 1.768292358893438347e+02
2.085658926511545219e-01 2.239208726989508023e+02
2.094001562217591150e-01 2.235740974658671121e+02
2.102377568466461677e-01 2.244605657170654638e+02
2.110787078740327671e-01 1.603836387410354973e+02
2.119230227055288740e-01 2.262054961150566896e+02
2.127707147963510126e-01 2.537427636011454979e+02
2.136217976555363773e-01 3.036717597244703484e+02
2.144762848461585492e-01 1.606087864011773547e+02
2.153341899855431840e-01 2.889617807059759684e+02
2.161955267454853669e-01 4.119268127195668967e+02
2.170603088524672986e-01 4.822163011195600006e+02
2.179285500878772042e-01 2.957352927579393622e+02
2.188002642882286852e-01 3.418049707666170889e+02
2.196754653453815986e-01 6.407267848864646567e+02
2.205541672067631020e-01 5.146770339728554973e+02
2.214363838755901703e-01 1.250103264244168031e+03
2.223221294110925284e-01 4.760812207223631276e+02
2.232114179287369160e-01 2.432430397646237907e+03
2.241042636004518529e-01 1.286600519439303071e+03
2.250006806548536520e-01 4.152692228686995804e+03
2.259006833774730438e-01 1.923037071210642580e+03
2.268042861109829667e-01 3.387689788190687977e+03
2.277115032554268836e-01 4.399874123306111869e+03
2.286223492684485714e-01 4.703032357680378482e+03
2.295368386655223802e-01 1.228887283103104346e+04
2.304549860201844658e-01 2.320385880825452205e+03
2.313768059642651864e-01 9.794787223620243822e+03
2.323023131881222503e-01 8.485761828180910015e+03
2.332315224408747223e-01 1.594765154160599923e+04
2.341644485306381973e-01 1.981147886603769075e+04
2.351011063247607502e-01 4.129835695434307127e+03
2.360415107500598020e-01 2.274013951893213743e+04
2.369856767930600405e-01 4.151910138771178026e+03
2.379336195002322851e-01 2.799359223715519693e+04
2.388853539782332114e-01 2.092516713069483376e+04
2.398408953941461863e-01 7.015856107089971192e+04
2.408002589757227141e-01 8.394574877046466281e+04
2.417634600116256582e-01 2.183744654970454940e+04
2.427305138516721306e-01 1.304372198050384177e+05
2.437014359070788505e-01 9.559551596725311538e+04
2.446762416507071713e-01 3.028640838823468657e+05
2.456549466173099938e-01 1.270420394094414369e+05
2.466375664037792625e-01 2.064309349987361347e+05
2.476241166693943785e-01 2.925815965585448430e+05
2.486146131360719436e-01 3.340252761814542464e+04
2.496090715886161993e-01 2.654757648255808163e+05
2.506075078749706586e-01 1.682369069414079131e+05
2.516099379064705155e-01 3.002652073319018236e+05
2.526163776580964138e-01 5.661517205193719128e+05
2.536268431687287994e-01 2.521323060978454072e+06
2.546413505414037437e-01 3.446057770028656349e+06
2.556599159435693491e-01 1.130886796756132739e+06
2.566825556073435988e-01 8.533015017295257421e+05
2.577092858297729827e-01 1.016365828853208572e+06
2.587401229730920682e-01 6.541089659159119474e+05
2.597750834649844576e-01 1.300595685321205528e+06
2.608141837988444123e-01 1.207498868382479064e+06
2.618574405340398092e-01 3.551091321738772094e+06
2.629048702961759298e-01 8.724144115448020399e+06
2.639564897773606367e-01 8.633620449111457914e+06
2.650123157364701054e-01 8.364103871906755492e+06
2.660723649994159445e-01 6.139911890920171514e+06
2.671366544594135917e-01 6.726893124218487181e+06
2.682052010772512096e-01 8.208383762626348063e+06
2.692780218815602478e-01 5.494749604577544145e+06
2.703551339690865030e-01 1.174695647757754102e+07
2.714365545049627904e-01 9.749394930895598605e+06
2.725223007229827243e-01 9.787796551346121356e+06
2.736123899258746106e-01 1.307922875241299346e+07
2.747068394855781692e-01 1.986496710240619257e+07
2.758056668435204806e-01 2.494996266463574767e+07
2.769088895108945403e-01 5.642854860430040210e+07
2.780165250689380918e-01 4.531683162541394681e+07
2.791285911692138466e-01 6.431753958997903764e+07
2.802451055338907038e-01 5.708172051633814722e+07
2.813660859560263017e-01 5.337508752315136790e+07
2.824915502998503469e-01 4.552735250049285591e+07
2.836215165010497197e-01 4.733247233016522229e+07
2.847560025670539119e-01 1.225345347979723103e+07
2.858950265773221866e-01 2.709980486284978688e+07
2.870386066836315142e-01 7.990317634985716641e+07
2.881867611103660631e-01 1.576862988554735482e+08
2.893395081548075787e-01 2.432059595676128566e+08
2.904968661874267610e-01 2.988875668158766031e+08
2.916588536521764197e-01 3.349749835969157815e+08
2.928254890667851273e-01 3.095141659935439825e+08
2.939967910230522619e-01 3.257951675684643984e+08
2.951727781871444911e-01 2.970625709061737657e+08
2.963534692998930908e-01 3.746751854950190187e+08
2.975388831770926501e-01 4.057151623488381505e+08
2.987290387098009981e-01 6.036173117722241879e+08
2.999239548646402409e-01 4.574645125913446546e+08
3.011236506840988536e-01 1.034375836059130311e+09
3.023281452868351593e-01 4.047678172393323183e+08
3.035374578679824742e-01 1.464436708970152617e+09
3.047516076994544187e-01 1.281979633415565729e+09
3.059706141302522830e-01 1.677603304202541113e+09
3.071944965867733357e-01 1.804674807371239662e+09
3.084232745731204095e-01 2.307734223206383705e+09
3.096569676714128194e-01 2.192767898309946060e+09
3.108955955420985018e-01 2.909351779374179840e+09
3.121391779242668751e-01 3.282308777810208321e+09
3.133877346359639215e-01 4.099185700409574509e+09
3.146412855745078230e-01 5.324936402154500008e+09
3.158998507168058190e-01 5.097432032652799606e+09
3.171634501196730627e-01 8.518792981689410210e+09
3.184321039201517545e-01 6.830275110396215439e+09
3.197058323358323295e-01 8.727658379976312637e+09
3.209846556651756444e-01 8.969927273611520767e+09
3.222685942878363852e-01 1.092412976772768211e+10
3.235576686649877520e-01 1.152484380884870911e+10
3.248518993396476984e-01 1.315384884815788269e+10
3.261513069370062801e-01 1.451403678486109161e+10
3.274559121647543369e-01 1.633983889835799026e+10
3.287657358134133401e-01 1.869374382192726517e+10
3.300807987566670154e-01 2.144863062364189911e+10
3.314011219516936890e-01 2.638113292975851822e+10
3.327267264395004642e-01 2.710305291117843246e+10
3.340576333452584534e-01 3.598894669815116119e+10
3.353938638786395088e-01 3.407583014564697266e+10
3.367354393341540630e-01 3.914425771852284241e+10
3.380823810914907468e-01 4.231317415929625702e+10
3.394347106158566718e-01 4.356655116800805664e+10
3.407924494583201014e-01 4.995703758659366608e+10
3.421556192561533982e-01 4.915491500391280365e+10
3.435242417331779707e-01 3.410235609012879944e+10
3.448983387001106626e-01 4.246790504705786896e+10
3.462779320549111417e-01 4.916591683344769287e+10
3.476630437831307319e-01 4.493314068203435516e+10
3.490536959582632992e-01 5.409478399407872772e+10
3.504499107420963600e-01 8.814454791071444702e+10
3.518517103850647421e-01 7.403764518934927368e+10
3.532591172266050239e-01 9.844169813382087708e+10
3.546721536955114717e-01 1.244749109893672028e+11
3.560908423102934761e-01 7.717107416795764160e+10
3.575152056795346533e-01 5.888823035587826538e+10
3.589452665022527800e-01 8.788168342075221252e+10
3.603810475682617254e-01 1.130632181951640320e+11
3.618225717585348278e-01 1.060068136408897400e+11
3.632698620455689364e-01 1.139071113273483734e+11
3.647229414937512293e-01 1.169193779895370178e+11
3.661818332597261971e-01 1.956665763970432434e+11
3.676465605927651259e-01 1.419936378693909912e+11
3.691171468351361895e-01 1.635091275363873901e+11
3.705936154224767076e-01 1.127978649256611176e+11
3.720759898841666247e-01 5.667095654796604156e+10
3.735642938437032656e-01 5.377799926420746613e+10
3.750585510190780902e-01 6.418671735416636658e+10
3.765587852231543908e-01 1.388484713472689514e+11
3.780650203640470441e-01 2.586315446077318115e+11
3.795772804455032068e-01 1.795049142136975098e+11
3.810955895672852312e-01 2.083898009337767944e+11
3.826199719255543585e-01 8.874002075603431702e+10
3.841504518132565771e-01 1.617881489945724182e+11
3.856870536205096456e-01 9.198034134471337891e+10
3.872298018349916715e-01 1.629861619888469849e+11
3.887787210423316320e-01 1.540298282453407593e+11
3.903338359265008939e-01 1.900733084857506104e+11
3.918951712702069545e-01 2.074388420126729431e+11
3.934627519552877928e-01 1.254880723483625183e+11
3.950366029631089404e-01 2.916104563258557739e+11
3.966167493749613859e-01 2.184639582512372131e+11
3.982032163724612550e-01 3.571294599150248413e+11
3.997960292379510450e-01 4.036661295746457520e+11
4.013952133549028578e-01 4.436531302378050537e+11
4.030007942083224659e-01 5.180701801769793091e+11
4.046127973851557647e-01 4.002537443123076172e+11
4.062312485746963908e-01 4.031755913449296875e+11
4.078561735689951728e-01 4.407199159952127686e+11
4.094875982632711353e-01 4.589535911980526123e+11
4.111255486563242245e-01 5.082758949491242676e+11
4.127700508509495880e-01 4.435565286277486572e+11
4.144211310543532978e-01 3.840813111583507690e+11
4.160788155785707931e-01 4.447876850365892334e+11
4.177431308408850463e-01 3.170568449964277344e+11
4.194141033642486138e-01 2.610332346583287354e+11
4.210917597777056320e-01 1.336670203545782013e+11
4.227761268168164221e-01 2.838060479510899353e+10
4.244672313240837602e-01 1.597382586884231873e+11
4.261651002493800910e-01 2.297533704064956055e+11
4.278697606503775730e-01 2.763736144203021240e+11
4.295812396929790666e-01 2.806351917331053467e+11
4.312995646517510107e-01 2.854322344036987305e+11
4.330247629103580187e-01 3.438188139509841309e+11
4.347568619619994745e-01 3.387112862370327759e+11
4.364958894098474596e-01 3.281341319735308228e+11
4.382418729674867897e-01 3.298333858339965210e+11
4.399948404593567730e-01 3.107904312244728394e+11
4.417548198211941890e-01 3.527198827045324707e+11
4.435218391004789873e-01 2.683024289405905457e+11
4.452959264568808750e-01 2.960209219057506714e+11
4.470771101627084021e-01 2.784711941940914917e+11
4.488654186033592119e-01 2.961445196067813110e+11
4.506608802777726241e-01 3.143483646033253784e+11
4.524635237988837710e-01 3.430836051798223877e+11
4.542733778940792333e-01 3.317689833518681641e+11
4.560904714056555065e-01 3.166834646236912842e+11
4.579148332912781894e-01 3.735881262822755127e+11
4.597464926244433370e-01 2.308590709386712341e+11
4.615854785949410899e-01 3.579899512286938477e+11
4.634318205093208576e-01 2.355181943855637207e+11
4.652855477913582227e-01 3.050356677813554688e+11
4.671466899825236219e-01 3.226353008766268921e+11
4.690152767424536906e-01 3.456256444686334229e+11
4.708913378494234969e-01 4.121990333404121094e+11
4.727749032008212171e-01 3.664427690206003418e+11
4.746660028136244769e-01 4.163145246057942505e+11
4.765646668248789131e-01 2.771899400561561890e+11
4.784709254921784560e-01 2.861181455750970459e+11
4.803848091941470555e-01 3.680792250950565796e+11
4.823063484309236815e-01 3.713489383890736084e+11
4.842355738246474361e-01 4.281542908842462769e+11
4.861725161199459966e-01 3.749679061205966797e+11
4.881172061844257226e-01 4.997821273152156982e+11
4.900696750091634302e-01 4.749666461240368042e+11
4.920299537092001074e-01 6.081348522680739746e+11
4.939980735240369625e-01 6.824144331718653564e+11
4.959740658181330253e-01 4.175684905401705322e+11
4.979579620814056362e-01 5.505733738330551758e+11
4.999497939297311566e-01 4.887593741638829956e+11
5.019495931054501758e-01 4.404800733651540527e+11
5.039573914778719965e-01 5.466672677023701782e+11
5.059732210437835054e-01 4.417947340869785767e+11
5.079971139279585435e-01 4.910759093533352661e+11
5.100291023836703852e-01 4.461691428482259521e+11
5.120692187932051054e-01 4.421298748505670776e+11
5.141174956683780550e-01 4.246568781722083740e+11
5.161739656510514473e-01 3.699009432493419189e+11
5.182386615136556074e-01 2.769081597305233154e+11
5.203116161597103329e-01 3.951582588035349731e+11
5.223928626243490303e-01 4.822240528142235718e+11
5.244824340748465152e-01 3.880440083629921875e+11
5.265803638111459239e-01 3.945861772186159668e+11
5.286866852663905103e-01 3.822791402673676147e+11
5.308014320074561088e-01 4.027236204808033447e+11
5.329246377354859288e-01 3.406748523195055542e+11
5.350563362864277916e-01 3.450182715509923706e+11
5.371965616315735881e-01 2.748650957972633362e+11
5.393453478780998456e-01 2.972877065804870605e+11
5.415027292696121819e-01 2.830419315801111450e+11
5.436687401866906466e-01 2.826782767996026611e+11
5.458434151474373941e-01 2.049042210516911011e+11
5.480267888080271321e-01 2.524169321464099731e+11
5.502188959632591247e-01 2.434708703199930115e+11
5.524197715471121928e-01 2.653559760383500977e+11
5.546294506333006025e-01 2.948027040879644165e+11
5.568479684358338400e-01 2.760509429856094360e+11
5.590753603095770519e-01 2.401727995146450500e+11
5.613116617508153716e-01 1.861766445318291626e+11
5.635569083978186899e-01 1.468080276359649963e+11
5.658111360314097560e-01 1.820897280317199402e+11
5.680743805755354980e-01 1.607332781828793335e+11
5.703466780978375672e-01 1.920214591382865295e+11
5.726280648102289872e-01 2.037084250402460938e+11
5.749185770694699160e-01 2.340336762943238831e+11
5.772182513777477375e-01 2.164527040171406555e+11
5.795271243832587071e-01 2.715298394384897461e+11
5.818452328807918184e-01 2.776704069587184448e+11
5.841726138123150003e-01 2.640348285373806152e+11
5.865093042675643131e-01 1.959435443046805115e+11
5.888553414846344758e-01 1.424134858589872742e+11
5.912107628505729462e-01 1.243029848083682404e+11
5.935756059019753339e-01 1.434616254275498962e+11
5.959499083255832552e-01 1.374006399577664795e+11
5.983337079588855190e-01 1.645361738328234558e+11
6.007270427907210886e-01 1.853494523311679993e+11
6.031299509618840426e-01 2.211238642983609009e+11
6.055424707657315331e-01 2.691328976634759827e+11
6.079646406487945187e-01 3.208734140443322144e+11
6.103964992113897203e-01 3.693988365057012329e+11
6.128380852082353503e-01 4.213878409124108887e+11
6.152894375490681744e-01 3.653430789690365601e+11
6.177505952992645710e-01 2.400520401993920593e+11
6.202215976804615893e-01 1.946568143916369019e+11
6.227024840711834486e-01 1.382075349885532837e+11
6.251932940074681477e-01 1.734004947600281677e+11
6.276940671834980723e-01 1.992571672355274963e+11
6.302048434522321552e-01 2.510686001631222229e+11
6.327256628260409244e-01 3.188922713623593140e+11
6.352565654773452142e-01 3.705245004006063843e+11
6.377975917392545435e-01 4.518950154415744629e+11
6.403487821062116003e-01 5.657109582481120605e+11
6.429101772346363930e-01 5.781393119737504883e+11
6.454818179435749537e-01 6.763888469189083252e+11
6.480637452153492628e-01 7.099936215190794678e+11
6.506560001962106154e-01 7.556283049118797607e+11
6.532586241969955410e-01 8.672748986900468750e+11
6.558716586937833881e-01 6.243455616352504883e+11
6.584951453285585732e-01 5.563996495332337646e+11
6.611291259098727169e-01 4.683063426830786133e+11
6.637736424135122215e-01 3.861450445183978882e+11
6.664287369831662922e-01 3.559910083563940430e+11
6.690944519310989547e-01 3.332513618328048706e+11
6.717708297388232941e-01 3.352614185025725708e+11
6.744579130577786907e-01 3.561614790563692017e+11
6.771557447100098326e-01 4.381811119423663940e+11
6.798643676888498355e-01 4.299359487525770874e+11
6.825838251596052508e-01 5.042995965818450317e+11
6.853141604602436265e-01 5.533680528759067383e+11
6.880554171020846210e-01 5.604012288220836182e+11
6.908076387704928933e-01 6.638304210943458252e+11
6.935708693255748791e-01 8.144510236761457520e+11
6.963451528028771209e-01 1.030808369332547485e+12
6.991305334140887062e-01 1.153944143155198975e+12
7.019270555477450380e-01 1.231390696077673096e+12
7.047347637699360456e-01 1.309367525580288330e+12
7.075537028250157290e-01 1.063343089256787720e+12
7.103839176363159202e-01 8.955540086401517334e+11
7.132254533068611568e-01 7.771978849409685059e+11
7.160783551200886610e-01 8.345539097411925049e+11
7.189426685405689854e-01 8.836266923224553223e+11
7.218184392147313222e-01 8.503880047309515381e+11
7.247057129715901436e-01 9.977632813388021240e+11
7.276045358234763949e-01 1.113673413263972900e+12
7.305149539667704639e-01 1.315812549116476074e+12
7.334370137826373703e-01 1.540519639306746582e+12
7.363707618377679509e-01 1.674102052308022461e+12
7.393162448851190449e-01 1.838798237629377197e+12
7.422735098646596752e-01 1.964158343216413574e+12
7.452426039041182282e-01 1.983715366108475586e+12
7.482235743197346300e-01 2.146046572987859619e+12
7.512164686170136330e-01 2.159821008634029541e+12
7.542213344914817652e-01 2.317632367017880859e+12
7.572382198294477229e-01 2.310891059110558594e+12
7.602671727087656484e-01 2.045744533191194092e+12
7.633082413996006288e-01 1.899434108658199219e+12
7.663614743651989691e-01 1.648627210241215576e+12
7.694269202626597970e-01 1.544416456687288330e+12
7.725046279437104424e-01 1.518962985984458008e+12
7.755946464554852593e-01 1.467028773587001465e+12
7.786970250413072225e-01 1.447282291508434570e+12
7.818118131414724115e-01 1.610697292960609131e+12
7.849390603940383793e-01 1.255678506359346191e+12
7.880788166356144098e-01 1.453585115718882324e+12
7.912311319021569922e-01 1.339590709900199951e+12
7.943960564297655180e-01 1.498536125692764893e+12
7.975736406554845281e-01 1.529371478855769287e+12
8.007639352181065151e-01 1.697336592105836914e+12
8.039669909589789443e-01 1.858920048476624756e+12
8.071828589228148276e-01 2.154102342121030273e+12
8.104115903585061842e-01 2.344643765134303711e+12
8.136532367199402760e-01 2.701386283128072754e+12
8.169078496668199518e-01 2.850633249919615234e+12
8.201754810654874328e-01 2.627446116891647461e+12
8.234561829897493190e-01 2.593252262299365723e+12
8.267500077217083687e-01 2.544547077268746094e+12
8.300570077525952772e-01 2.261813455696320312e+12
8.333772357836056743e-01 2.445150540981813477e+12
8.367107447267401188e-01 2.336630829720075684e+12
8.400575877056470908e-01 2.414294643700295898e+12
8.434178180564695371e-01 1.951917401916067139e+12
8.467914893286955236e-01 1.445257266207128662e+12
8.501786552860102208e-01 1.548212933456679932e+12
8.535793699071543283e-01 1.573646462443915527e+12
8.569936873867830540e-01 1.730903599418151855e+12
8.604216621363300899e-01 1.914928513368955566e+12
8.638633487848753623e-01 2.189565739099826904e+12
8.673188021800150027e-01 2.363177021374785156e+12
8.707880773887352044e-01 2.626569881108402344e+12
8.742712296982900755e-01 2.811978547926128418e+12
8.777683146170831563e-01 3.107372857631018066e+12
8.812793878755513788e-01 3.306940019028866699e+12
8.848045054270535781e-01 3.376540243141509277e+12
8.883437234487617795e-01 2.711941820507837402e+12
8.918970983425568155e-01 3.193546209875772461e+12
8.954646867359271623e-01 2.698301523881353516e+12
8.990465454828707736e-01 3.012425281745947266e+12
9.026427316648023558e-01 2.966525938021941406e+12
9.062533025914615292e-01 3.133063845702624023e+12
9.098783158018273198e-01 3.303995289955122559e+12
9.135178290650346478e-01 3.413707173124558594e+12
9.171719003812948134e-01 3.588254672837382324e+12
9.208405879828199803e-01 3.554994811234958984e+12
9.245239503347512100e-01 3.451584766599681152e+12
9.282220461360901620e-01 3.480126047289131836e+12
9.319349343206346781e-01 3.352540621404638184e+12
9.356626740579171431e-01 3.405005593211024902e+12
9.394053247541488405e-01 3.482735606357432617e+12
9.431629460531654185e-01 3.501184152393805176e+12
9.469355978373780180e-01 3.658357728580140625e+12
9.507233402287275092e-01 3.706568970839152832e+12
9.545262335896426142e-01 3.772183666874620117e+12
9.583443385240012491e-01 3.837376987708008789e+12
9.621777158780971950e-01 3.876129715199770996e+12
9.660264267416096562e-01 3.936430485070706543e+12
9.698905324485760371e-01 4.006269874642393066e+12
9.737700945783701600e-01 3.591001994206440918e+12
9.776651749566835914e-01 3.606471640107924805e+12
9.815758356565105203e-01 3.437653886098237305e+12
9.855021389991363012e-01 3.381137290764759766e+12
9.894441475551331022e-01 3.440092668462171875e+12
9.934019241453534432e-01 3.026514041825751953e+12
9.973755318419349480e-01 3.278232648560335449e+12
1.001365033969302543e+00 3.304369147614074707e+12
1.005370494105179757e+00 3.283251620164682617e+12
1.009391976081600362e+00 3.416576994178444824e+12
1.013429543985926884e+00 3.538799341272439941e+12
1.017483262161870350e+00 3.515612373922556152e+12
1.021553195210518128e+00 3.623258801804648926e+12
1.025639407991360219e+00 3.503130885655012695e+12
1.029741965623325539e+00 3.515134095897009277e+12
1.033860933485818867e+00 3.619817151851971191e+12
1.037996377219762012e+00 3.733762410039523438e+12
1.042148362728641198e+00 3.774739277739330566e+12
1.046316956179555557e+00 3.892047389528523438e+12
1.050502224004274066e+00 3.909872787498382812e+12
1.054704232900291139e+00 3.965155745464646484e+12
1.058923049831892227e+00 3.938383215624425293e+12
1.063158742031219628e+00 3.967614324739759766e+12
1.067411376999344741e+00 3.926443275482126953e+12
1.071681022507342096e+00 3.935768104880477539e+12
1.075967746597371377e+00 3.993970592459166504e+12
1.080271617583760779e+00 3.892113452095056641e+12
1.084592704054095913e+00 3.964481025238562500e+12
1.088931074870312044e+00 3.875192392067411133e+12
1.093286799169793433e+00 3.878723399260424805e+12
1.097659946366472461e+00 3.789660444972346680e+12
1.102050586151938294e+00 3.762093653931269531e+12
1.106458788496546219e+00 3.636651192812980957e+12
1.110884623650532532e+00 3.659479745640857422e+12
1.115328162145134749e+00 3.727576797624825195e+12
1.119789474793714934e+00 3.693008981406936523e+12
1.124268632692889902e+00 3.766335615564664062e+12
1.128765707223661430e+00 3.753986357027038574e+12
1.133280770052556230e+00 3.780515750801171875e+12
1.137813893132766374e+00 3.729835225529057617e+12
1.142365148705297484e+00 3.727892067437343262e+12
1.146934609300118479e+00 3.801645205409456055e+12
1.151522347737319096e+00 3.850586612937190430e+12
1.156128437128268516e+00 3.818788563377708984e+12
1.160752950876781542e+00 3.818388733126268555e+12
1.165395962680288999e+00 3.849867417081983398e+12
1.170057546531009907e+00 3.819508639554108398e+12
1.174737776717134086e+00 3.819637259323114258e+12
1.179436727824002773e+00 3.762644712413942871e+12
1.184154474735298557e+00 3.759747124689402832e+12
1.188891092634239977e+00 3.794935924742630859e+12
1.193646657004777012e+00 3.788777355594112793e+12
1.198421243632796118e+00 3.679264804400032715e+12
1.203214928607327261e+00 3.708631504958566895e+12
1.208027788321756724e+00 3.748877601280691406e+12
1.212859899475043468e+00 3.715134651584697754e+12
1.217711339072943710e+00 3.750271974782641113e+12
1.222582184429235275e+00 3.718714019808771973e+12
1.227472513166952384e+00 3.755573703029445312e+12
1.232382403219620226e+00 3.730878728522571777e+12
1.237311932832498407e+00 3.712314296934792480e+12
1.242261180563828615e+00 3.549149769368877441e+12
1.247230225286083849e+00 3.563387542598764648e+12
1.252219146187228072e+00 3.587950711725728516e+12
1.257228022771976983e+00 3.508805017369428711e+12
1.262256934863064783e+00 3.480947237791128418e+12
1.267305962602517155e+00 3.560329975260983398e+12
1.272375186452927354e+00 3.516359442275109863e+12
1.277464687198738957e+00 3.521550497347944336e+12
1.282574545947533950e+00 3.542129157606307129e+12
1.287704844131324133e+00 3.471792860015204590e+12
1.292855663507849417e+00 3.469393889579339355e+12
1.298027086161880783e+00 3.503710383150845703e+12
1.303219194506528344e+00 3.502735413542522949e+12
1.308432071284554521e+00 3.476363689124475586e+12
1.313665799569692760e+00 3.494741696315134277e+12
1.318920462767971591e+00 3.490285861370091309e+12
1.324196144619043336e+00 3.431339982719984863e+12
1.329492929197519491e+00 3.357216822116630859e+12
1.334810900914309650e+00 3.071300214379043945e+12
1.340150144517967101e+00 3.038976440585261719e+12
1.345510745096038852e+00 3.001481560540760254e+12
1.350892788076423212e+00 3.001503640051862305e+12
1.356296359228728932e+00 2.959189366460779785e+12
1.361721544665643879e+00 2.946712157726510254e+12
1.367168430844306393e+00 2.965374438692431152e+12
1.372637104567683730e+00 2.964216861936889160e+12
1.378127652985954299e+00 2.985406002021294434e+12
1.383640163597898098e+00 2.962489129683162598e+12
1.389174724252289828e+00 2.888611912955392578e+12
1.394731423149298877e+00 2.840728440951644043e+12
1.400310348841896202e+00 2.794330951830140625e+12
1.405911590237263642e+00 2.802701480912145996e+12
1.411535236598212784e+00 2.708841146997587402e+12
1.417181377544605603e+00 2.656430317298452148e+12
1.422850103054784210e+00 2.668747114160328125e+12
1.428541503467003038e+00 2.635004572885813965e+12
1.434255669480871243e+00 2.637732521165570312e+12
1.439992692158794885e+00 2.639409003353464844e+12
1.445752662927429988e+00 2.653758614332532715e+12
1.451535673579139596e+00 2.629460922127430664e+12
1.457341816273456159e+00 2.648077899620809570e+12
1.463171183538549913e+00 2.590500630503071777e+12
1.469023868272704147e+00 2.556671696278743164e+12
1.474899963745795128e+00 2.570924767323135254e+12
1.480799563600778246e+00 2.569702449411647949e+12
1.486722761855181485e+00 2.555013359074311035e+12
1.492669652902602007e+00 2.570848006273941895e+12
1.498640331514212276e+00 2.577111008342630859e+12
1.504634892840269300e+00 2.550606533017925293e+12
1.510653432411630304e+00 2.591041833019173340e+12
1.516696046141276843e+00 2.605876635327884277e+12
1.522762830325842032e+00 2.619118150238314941e+12
1.528853881647145307e+00 2.623158227378339355e+12
1.534969297173733649e+00 2.612839286236460938e+12
1.541109174362428780e+00 2.600867056997213379e+12
1.547273611059878373e+00 2.625912543833063965e+12
1.553462705504118135e+00 2.638006828974286621e+12
1.559676556326134556e+00 2.619160130576547363e+12
1.565915262551438980e+00 2.655102451246711426e+12
1.572178923601644795e+00 2.648786945274799316e+12
1.578467639296051495e+00 2.668223190188115234e+12
1.584781509853235626e+00 2.701237253520499512e+12
1.591120635892648405e+00 2.705759618768521484e+12
1.597485118436219098e+00 2.713395103225049316e+12
1.603875058909963958e+00 2.723841970498666992e+12
1.610290559145603595e+00 2.745586868093789062e+12
1.616731721382186127e+00 2.647190827731515137e+12
1.623198648267714761e+00 2.723419665947979492e+12
1.629691442860785600e+00 2.783489397677353516e+12
1.636210208632228769e+00 2.816509677708213379e+12
1.642755049466757766e+00 2.762475133909074219e+12
1.649326069664624805e+00 2.795594447137926270e+12
1.655923373943283039e+00 2.804147288239708008e+12
1.662547067439056336e+00 2.757852015575183105e+12
1.669197255708812611e+00 2.776124699969209961e+12
1.675874044731648027e+00 2.773797671965759277e+12
1.682577540910574321e+00 2.738986836669584961e+12
1.689307851074216771e+00 2.699244092496322266e+12
1.696065082478513508e+00 2.668213444016362305e+12
1.702849342808427480e+00 2.627485754353507324e+12
1.709660740179661298e+00 2.511341602032133789e+12
1.716499383140379864e+00 2.454297674547131836e+12
1.723365380672941427e+00 2.431700057481028809e+12
1.730258842195633306e+00 2.385503642796934082e+12
1.737179877564415831e+00 2.294852104894190430e+12
1.744128597074673603e+00 2.262671521486586914e+12
1.751105111462972097e+00 2.197531538408017090e+12
1.758109531908824241e+00 2.105458923646153320e+12
1.765141970036459451e+00 2.067493930144549072e+12
1.772202537916605314e+00 2.005435750647916504e+12
1.779291348068271716e+00 1.918989841954341309e+12
1.786408513460544745e+00 1.889382273897012207e+12
1.793554147514387020e+00 1.837364090295822998e+12
1.800728364104444257e+00 1.806379667773992432e+12
1.807931277560862249e+00 1.732435442667353271e+12
1.815163002671105641e+00 1.752444036013714844e+12
1.822423654681789795e+00 1.712177337827120117e+12
1.829713349300517100e+00 1.683902813568737549e+12
1.837032202697718830e+00 1.668969588075704590e+12
1.844380331508509885e+00 1.573873267366212158e+12
1.851757852834543527e+00 1.549851894307160889e+12
1.859164884245881888e+00 1.436242654554195312e+12
1.866601543782865358e+00 1.510218880261211914e+12
1.874067949957996859e+00 1.477177916569075439e+12
1.881564221757828781e+00 1.493578942545487061e+12
1.889090478644860127e+00 1.502234073876318604e+12
1.896646840559439662e+00 1.494964385661834717e+12
1.904233427921677269e+00 1.491740673709077881e+12
1.911850361633363971e+00 1.488640622981583008e+12
1.919497763079897279e+00 1.457779302778576416e+12
1.927175754132217200e+00 1.426533336626124512e+12
1.934884457148745796e+00 1.440719216852830811e+12
1.942623994977340729e+00 1.370035321667981689e+12
1.950394490957250149e+00 1.394632308945955078e+12
1.958196068921079336e+00 1.429643110440507324e+12
1.966028853196763793e+00 1.422348478366467529e+12
1.973892968609550991e+00 1.348213394854743896e+12
1.981788540483989447e+00 1.302546656519780762e+12
1.989715694645925126e+00 1.299591383366331787e+12
1.997674557424508723e+00 1.316669883339960938e+12
2.005665255654207169e+00 1.295674602962445312e+12
2.013687916676823786e+00 1.279321943172461426e+12
2.021742668343530891e+00 1.271731114532658203e+12
2.029829639016905052e+00 1.251124718428058350e+12
2.037948957572972564e+00 1.235199756134229736e+12
2.046100753403264694e+00 1.224810969469689697e+12
2.054285156416877811e+00 1.228331290405552979e+12
2.062502297042545507e+00 1.206801521673611816e+12
2.070752306230715600e+00 1.206104849303155762e+12
2.079035315455638244e+00 1.197567084479966309e+12
2.087351456717461140e+00 1.182424650219727539e+12
2.095700862544330967e+00 1.185353098767854736e+12
2.104083665994508134e+00 1.192118003232697021e+12
2.112500000658485977e+00 1.189909788135482910e+12
2.120950000661120161e+00 1.188085869517443115e+12
2.129433800663764753e+00 1.170594850375656738e+12
2.137951535866419839e+00 1.176341096092212402e+12
2.146503342009885351e+00 1.191709119375871582e+12
2.155089355377924676e+00 1.185765858527298096e+12
2.163709712799436691e+00 1.194719682405343262e+12
2.172364551650634468e+00 1.190355903562870605e+12
2.181054009857236853e+00 1.185748185974252197e+12
2.189778225896665376e+00 1.187329656579843994e+12
2.198537338800252705e+00 1.192260491951556641e+12
2.207331488155453325e+00 1.176586594073742676e+12
2.216160814108075083e+00 1.191905242876722412e+12
2.225025457364507631e+00 1.182752046876143066e+12
2.233925559193965515e+00 1.181507208485264648e+12
2.242861261430741493e+00 1.184836204721915039e+12
2.251832706476463830e+00 1.176913309455073242e+12
2.260840037302370042e+00 1.155541184927400146e+12
2.269883397451579299e+00 1.162915881981280029e+12
2.278962931041386142e+00 1.148815204442458252e+12
2.288078782765551100e+00 1.148515165052316406e+12
2.297231097896613505e+00 1.008159611809377808e+12
2.306420022288200311e+00 1.071972924804928711e+12
2.315645702377353121e+00 1.056401892483758545e+12
2.324908285186861878e+00 9.473801187254465332e+11
2.334207918327609654e+00 9.924774344927980957e+11
2.343544750000919663e+00 9.758274212738975830e+11
2.352918929000923143e+00 8.870680325177020264e+11
2.362330604716927240e+00 9.006814185117601318e+11
2.371779927135795329e+00 9.147736518090532227e+11
2.381267046844337987e+00 8.390824247666663818e+11
2.390792115031715070e+00 8.262086451821224365e+11
2.400355283491842240e+00 8.329582053049359131e+11
2.409956704625809465e+00 7.863746328377436523e+11
2.419596531444312859e+00 7.529281048026837158e+11
2.429274917570089620e+00 7.567630061489322510e+11
2.438992017240370291e+00 7.357781663130825195e+11
2.448747985309331465e+00 6.844309049823634033e+11
2.458542977250568917e+00 6.825945637252327881e+11
2.468377149159570738e+00 6.760257190754415283e+11
2.478250657756209563e+00 6.292335024440122070e+11
2.488163660387234355e+00 6.268805201017438965e+11
2.498116315028783063e+00 6.211872836554954834e+11
2.508108780288898387e+00 5.853090317443518066e+11
2.518141215410053757e+00 5.781491669576984863e+11
2.528213780271693967e+00 5.612932542396219482e+11
2.538326635392781139e+00 5.525714466530598145e+11
2.548479941934351789e+00 5.470344887851418457e+11
2.558673861702089436e+00 5.351001440936895752e+11
2.568908557148898097e+00 5.367962609973645630e+11
2.579184191377493551e+00 5.144905640338726196e+11
2.589500928143003478e+00 5.265278037673707886e+11
2.599858931855575594e+00 5.275622613833298340e+11
2.610258367582998229e+00 5.298219154269711304e+11
2.620699401053329769e+00 5.174259465547352295e+11
2.631182198657543214e+00 5.192903000642370605e+11
2.641706927452173392e+00 5.118501962352812500e+11
2.652273755161981938e+00 5.229354063334485474e+11
2.662882850182629824e+00 5.249869028060989380e+11
2.673534381583360542e+00 5.018671371246922607e+11
2.684228519109693956e+00 5.055945643660693970e+11
2.694965433186132575e+00 4.822936262611359863e+11
2.705745294918877164e+00 4.857813565290601807e+11
2.716568276098552559e+00 4.716796512018229370e+11
2.727434549202946812e+00 4.493861529819094238e+11
2.738344287399758326e+00 4.419068356698754272e+11
2.749297664549357201e+00 4.338333741097814941e+11
2.760294855207554576e+00 4.320524995756181641e+11
2.771336034628385292e+00 4.189751104772990112e+11
2.782421378766898545e+00 4.083386103522715454e+11
2.793551064281966312e+00 4.055387353337791748e+11
2.804725268539093985e+00 3.931410319266546021e+11
2.815944169613250558e+00 3.799143522287607422e+11
2.827207946291703244e+00 3.892765588788659058e+11
2.838516778076869862e+00 3.742259589985889893e+11
2.849870845189177437e+00 3.684064436535278931e+11
2.861270328569933685e+00 3.729101809999751587e+11
2.872715409884213589e+00 3.652211832776392822e+11
2.884206271523750420e+00 3.615218094484519043e+11
2.895743096609845413e+00 3.649810432090692139e+11
2.907326068996284985e+00 3.432460403973882446e+11
2.918955373272270393e+00 3.450249967042926025e+11
2.930631194765359826e+00 3.436855467618440552e+11
2.942353719544420709e+00 3.311128092749463501e+11
2.954123134422598440e+00 3.343396513698300781e+11
2.965939626960289122e+00 3.258342254056779175e+11
2.977803385468130504e+00 3.307032416335848999e+11
2.989714599010003138e+00 3.176993671831828003e+11
3.001673457406043077e+00 3.185096059663056030e+11
3.013680151235667015e+00 3.164512939571137085e+11
3.025734871840609408e+00 3.036539179506136475e+11
3.037837811327972037e+00 3.149340079593330688e+11
3.049989162573283785e+00 3.019437667691156616e+11
3.062189119223576395e+00 3.086730667137716675e+11
3.074437875700470890e+00 2.994990272708500977e+11
3.086735627203272880e+00 2.966144469454814453e+11
3.099082569712085622e+00 2.969883082470078125e+11
3.111478899990933744e+00 2.888886433123665161e+11
3.123924815590897186e+00 2.915667120631049194e+11
3.136420514853261121e+00 2.873591473299581299e+11
3.148966196912674320e+00 2.851098636331398926e+11
3.161562061700325277e+00 2.855525666609767456e+11
3.174208309947126327e+00 2.781558063902744141e+11
3.186905143186915090e+00 2.858724546651145020e+11
3.199652763759662566e+00 2.699714809440451355e+11
3.212451374814701222e+00 2.826793617814814453e+11
3.225301180313960625e+00 2.744777467972196655e+11
3.238202385035215958e+00 2.734819099694293823e+11
3.251155194575356955e+00 2.745516282344335022e+11
3.264159815353658622e+00 2.728224833186093140e+11
3.277216454615073271e+00 2.690598788988619995e+11
3.290325320433533207e+00 2.679971696530039673e+11
3.303486621715267635e+00 2.693874685547271729e+11
3.316700568202128441e+00 2.633675584557163391e+11
3.329967370474937294e+00 2.689956624073486633e+11
3.343287239956836743e+00 2.599165207052279663e+11
3.356660388916663962e+00 2.620645714164099121e+11
3.370087030472330714e+00 2.618126346511127319e+11
3.383567378594220187e+00 2.580779605644741211e+11
3.397101648108596716e+00 2.581309696089838867e+11
3.410690054701031482e+00 2.552648626907571716e+11
3.424332814919834878e+00 2.559197714250441895e+11
3.438030146179514634e+00 2.524784905263105774e+11
3.451782266764232610e+00 2.534496607199260559e+11
3.465589395831289998e+00 2.522537532836047058e+11
3.479451753414614767e+00 2.497392848408481140e+11
3.493369560428273068e+00 2.447054555584237061e+11
3.507343038669985980e+00 2.493929954945369568e+11
3.521372410824665788e+00 2.419058815843599854e+11
3.535457900467964709e+00 2.428493753185596924e+11
3.549599732069836477e+00 2.409142860709230347e+11
3.563798130998116154e+00 2.391369621854027405e+11
3.578053323522108364e+00 2.379121866627553101e+11
3.592365536816196858e+00 2.364505490607551575e+11
3.606734998963461614e+00 2.342759431316568909e+11
3.621161938959315041e+00 2.316137546107340698e+11
3.635646586715152839e+00 2.302731786153847046e+11
3.650189173062013293e+00 2.286587575797221069e+11
3.664789929754260545e+00 2.274432206635543213e+11
3.679449089473277645e+00 2.245503188948058777e+11
3.694166885831170699e+00 2.230109780419063721e+11
3.708943553374495661e+00 2.230297555441564026e+11
3.723779327587993571e+00 2.212516949907333679e+11
3.738674444898345328e+00 2.171141442469351807e+11
3.753629142677938901e+00 2.185078577089351196e+11
3.768643659248651190e+00 2.145748995034707031e+11
3.783718233885645432e+00 2.152303323894312744e+11
3.798853106821188153e+00 2.119938699055308838e+11
3.814048519248473657e+00 2.107420647472104797e+11
3.829304713325467180e+00 2.053592280230504761e+11
3.844621932178768908e+00 2.055150619241670837e+11
3.860000419907484215e+00 2.046095763336042175e+11
3.875440421587113882e+00 2.011093863396343689e+11
3.890942183273462529e+00 1.984751174859669495e+11
3.906505952006555926e+00 1.964951314626795349e+11
3.922131975814582727e+00 1.943065692282671204e+11
3.937820503717840648e+00 1.914501208471701050e+11
3.953571785732711508e+00 1.871019279094602966e+11
3.969386072875642490e+00 1.850633234683060913e+11
3.985263617167145167e+00 1.800610265323802490e+11
4.001204671635814059e+00 1.764637833405145264e+11
4.017209490322357190e+00 1.752864064999931030e+11
4.033278328283646630e+00 1.715669808067083130e+11
4.049411441596781458e+00 1.628675399352813416e+11
4.065609087363168506e+00 1.646861198206491699e+11
4.081871523712622185e+00 1.554055695022652588e+11
4.098199009807472315e+00 1.569197469014474182e+11
4.114591805846702144e+00 1.554790481200989685e+11
4.131050173070089038e+00 1.475007924527259827e+11
4.147574373762369149e+00 1.514026461823334961e+11
4.164164671257418959e+00 1.443916271446785583e+11
4.180821329942449260e+00 1.446271181844769897e+11
4.197544615262219558e+00 1.439960238929477844e+11
4.214334793723269357e+00 1.367975950637670593e+11
4.231192132898162761e+00 1.371890126422063293e+11
4.248116901429755288e+00 1.299452716408146362e+11
4.265109369035473996e+00 1.274279511068921967e+11
4.282169806511615384e+00 1.268583356530167847e+11
4.299298485737661935e+00 1.194468814422877045e+11
4.316495679680612874e+00 1.205126749781423187e+11
4.333761662399335357e+00 1.179079382376446075e+11
4.351096709048932532e+00 1.130542936747540588e+11
4.368501095885127583e+00 1.109449505685470123e+11
4.385975100268668214e+00 1.091017591695466919e+11
4.403519000669743555e+00 1.052540902790193481e+11
4.421133076672422391e+00 1.028552442723032990e+11
4.438817608979111817e+00 1.010103216233251343e+11
4.456572879415028332e+00 1.001006539399278717e+11
4.474399170932688463e+00 9.606594427168200684e+10
4.492296767616419828e+00 9.604863085628718567e+10
4.510265954686884626e+00 9.537178281973446655e+10
4.528307018505633330e+00 9.195302351986534119e+10
4.546420246579655711e+00 9.195322259694996643e+10
4.564605927565974497e+00 8.947605341284970093e+10
4.582864351276237258e+00 8.999321532035237122e+10
4.601195808681342925e+00 8.751282264922280884e+10
4.619600591916067422e+00 8.726599397115672302e+10
4.638078994283731937e+00 8.630567975163261414e+10
4.656631310260867629e+00 8.535517775280607605e+10
4.675257835501911430e+00 8.319898242981707764e+10
4.693958866843916944e+00 8.344792432245445251e+10
4.712734702311292878e+00 8.160134757745951843e+10
4.731585641120538810e+00 8.105959677937840271e+10
4.750511983685020923e+00 8.064373261839834595e+10
4.769514031619761063e+00 7.790175166032630920e+10
4.788592087746240011e+00 7.717718236760038757e+10
4.807746456097224730e+00 7.687886772751980591e+10
4.826977441921613377e+00 7.549480846780500793e+10
4.846285351689299858e+00 7.509201429421308899e+10
4.865670493096057925e+00 7.305243795947277832e+10
4.885133175068442135e+00 7.243571163192536926e+10
4.904673707768715474e+00 7.119493146826928711e+10
4.924292402599791174e+00 7.090578872835723877e+10
4.943989572210189642e+00 6.874359538293441772e+10
4.963765530499030021e+00 6.739180012090251160e+10
4.983620592621027079e+00 6.777686854590636444e+10
5.003555074991511198e+00 6.595691604041332245e+10
5.023569295291476777e+00 6.416143217499339294e+10
5.043663572472643075e+00 6.559769349750024414e+10
5.063838226762532813e+00 6.325852803927680206e+10
5.084093579669583640e+00 6.200397079343025208e+10
5.104429953988261381e+00 6.204043192154667664e+10
5.124847673804215020e+00 6.084023784638918304e+10
5.145347064499431688e+00 6.099790215261317444e+10
5.165928452757428957e+00 5.880321484545030975e+10
5.186592166568458673e+00 5.899871150695400238e+10
5.207338535234733001e+00 5.694980626134503174e+10
5.228167889375671784e+00 5.804349652471637726e+10
5.249080560933174766e+00 5.601140135909447479e+10
5.270076883176907145e+00 5.616895867758284760e+10
5.291157190709615321e+00 5.465951141598516083e+10
5.312321819472453299e+00 5.483520903533478546e+10
5.333571106750343738e+00 5.360005438093552399e+10
5.354905391177344320e+00 5.270074221550084686e+10
5.376325012742054099e+00 5.281697490459155273e+10
5.397830312793021612e+00 5.158490115823918915e+10
5.419421634044193858e+00 5.005901851989083862e+10
5.441099320580370602e+00 5.055633856023782349e+10
5.462863717862692425e+00 4.930540720236618042e+10
5.484715172734142996e+00 4.906652574356980896e+10
5.506654033425078865e+00 4.899472299807305145e+10
5.528680649558780580e+00 4.690187833525121307e+10
5.550795372157015350e+00 4.667981492866331482e+10
5.572998553645643227e+00 4.608145068953792572e+10
5.595290547860225949e+00 4.648565771059376526e+10
5.617671710051667766e+00 4.498075247201764679e+10
5.640142396891874021e+00 4.499047119028353119e+10
5.662702966479441713e+00 4.426878453219960022e+10
5.685353778345359821e+00 4.297016783958727264e+10
5.708095193458740724e+00 4.308382935456861115e+10
5.730927574232576482e+00 4.179155890810892487e+10
5.753851284529505783e+00 4.256710566753911591e+10
5.776866689667624399e+00 4.116122576253223419e+10
5.799974156426294769e+00 4.123477270802733612e+10
5.823174053051999977e+00 3.999847998957945251e+10
5.846466749264207508e+00 3.945918476730002594e+10
5.869852616261264977e+00 3.960959980145549774e+10
5.893332026726310069e+00 3.875173852220606995e+10
5.916905354833215114e+00 3.866574556200066376e+10
5.940572976252548543e+00 3.779100139545193481e+10
5.964335268157558545e+00 3.762589336899423218e+10
5.988192609230189589e+00 3.682947026287190247e+10
6.012145379667110490e+00 3.692635996101776886e+10
6.036193961185778889e+00 3.541503391880785370e+10
6.060338737030522616e+00 3.565981649187404633e+10
6.084580091978644134e+00 3.593480953949313354e+10
6.108918412346558746e+00 3.449875805314985657e+10
6.133354085995945226e+00 3.509229305849114990e+10
6.157887502339929320e+00 3.437551726887184143e+10
6.182519052349287669e+00 3.343788350811680984e+10
6.207249128558685491e+00 3.337826906622199249e+10
6.232078125072920471e+00 3.311096915161523056e+10
6.257006437573212843e+00 3.220621239281676102e+10
6.282034463323505236e+00 3.185734270591137695e+10
6.307162601176800720e+00 3.158154609102689743e+10
6.332391251581507063e+00 3.106696025031021881e+10
6.357720816587833390e+00 3.041813910635013962e+10
6.383151699854184180e+00 2.971787635232536316e+10
6.408684306653601226e+00 2.897970604560924530e+10
6.434319043880215361e+00 2.856859462077576065e+10
6.460056320055736379e+00 2.734362595030515289e+10
6.485896545335958052e+00 2.595754244311613846e+10
6.511840131517302233e+00 2.610401660976041794e+10
6.537887492043371829e+00 2.510302437781377792e+10
6.564039042011545533e+00 2.434922539717742157e+10
6.590295198179591196e+00 2.356005722922001648e+10
6.616656378972309405e+00 2.333452317577842712e+10
6.643123004488199257e+00 2.228029675088516617e+10
6.669695496506150789e+00 2.222879463081091309e+10
6.696374278492176479e+00 2.175059704222149277e+10
6.723159775606144528e+00 2.211564015170940399e+10
6.750052414708568094e+00 2.143355356670381927e+10
6.777052624367403411e+00 2.060013623624619293e+10
6.804160834864871887e+00 2.076050027832667923e+10
6.831377478204331055e+00 2.031876080080084991e+10
6.858702988117148180e+00 2.034309810411967850e+10
6.886137800069615622e+00 1.982112173502447128e+10
6.913682351269895499e+00 1.947215862436940765e+10
6.941337080674975013e+00 1.949435849990552139e+10
6.969102428997675069e+00 1.924086129882118988e+10
6.996978838713665994e+00 1.897582249170038223e+10
7.024966754068519670e+00 1.884278338760882950e+10
7.053066621084793653e+00 1.848497540895658493e+10
7.081278887569133929e+00 1.815085141672969055e+10
7.109604003119409654e+00 1.753168881343149567e+10
7.138042419131887861e+00 1.775335072153009033e+10
7.166594588808414379e+00 1.758827362146895599e+10
7.195260967163648047e+00 1.725050045777511597e+10
7.224042011032302923e+00 1.709097567556576729e+10
7.252938179076432235e+00 1.683871416267637062e+10
7.281949931792737196e+00 1.670208932075437546e+10
7.311077731519908696e+00 1.636440066612451744e+10
7.340322042445988515e+00 1.611539504929379463e+10
7.369683330615771411e+00 1.586037076795887375e+10
7.399162063938235612e+00 1.603509388836766815e+10
7.428758712193988423e+00 1.534171279466531944e+10
7.458473747042765112e+00 1.550559683285921478e+10
7.488307642030935796e+00 1.517732393484968185e+10
7.518260872599060285e+00 1.475572399444535828e+10
7.548333916089456253e+00 1.494487021355472946e+10
7.578527251753813587e+00 1.447230200093126869e+10
7.608841360760829176e+00 1.397155611248828125e+10
7.639276726203872769e+00 1.413696801950155640e+10
7.669833833108687493e+00 1.370661158099727631e+10
7.700513168441122325e+00 1.372219717815850449e+10
7.731315221114887670e+00 1.344591221701640701e+10
7.762240481999347352e+00 1.314126800271639633e+10
7.793289443927344351e+00 1.312951451175027847e+10
7.824462601703054077e+00 1.312311625009420204e+10
7.855760452109866065e+00 1.272961035331751251e+10
7.887183493918306532e+00 1.230239918284832191e+10
7.918732227893980458e+00 1.231381294044626427e+10
7.950407156805555431e+00 1.218396249085397339e+10
7.982208785432777454e+00 1.174387082652156830e+10
8.014137620574508958e+00 1.184482669729342461e+10
8.046194171056805899e+00 1.149418680410293388e+10
8.078378947741034821e+00 1.136568256536806679e+10
8.110692463531997021e+00 1.109356569680904961e+10
8.143135233386125549e+00 1.111478704346506691e+10
8.175707774319670662e+00 1.095910649117535019e+10
8.208410605416949224e+00 1.059232719633338547e+10
8.241244247838615422e+00 1.063146257979859161e+10
8.274209224829968790e+00 1.026538162214410210e+10
8.307306061729288871e+00 1.029985553065440178e+10
8.340535285976207192e+00 9.982135301203025818e+09
8.373897427120111203e+00 9.787867405081760406e+09
8.407393016828594412e+00 9.821645236869646072e+09
8.441022588895906509e+00 9.557022137324699402e+09
8.474786679251490540e+00 9.616300543031845093e+09
8.508685825968495209e+00 9.308501707513067245e+09
8.542720569272368891e+00 9.253696479688751221e+09
8.576891451549458978e+00 9.011936641934734344e+09
8.611199017355655627e+00 9.043404111297039032e+09
8.645643813425078150e+00 8.925745117777620316e+09
8.680226388678779159e+00 8.727253781134971619e+09
8.714947294233493125e+00 8.648687408086462021e+09
8.749807083410427566e+00 8.330061331488849640e+09
8.784806311744070229e+00 8.412772422524002075e+09
8.819945536991047774e+00 8.286091383587087631e+09
8.855225319139009343e+00 8.137269570716396332e+09
8.890646220415566958e+00 8.162185475855509758e+09
8.926208805297228821e+00 8.039336033067669868e+09
8.961913640518417878e+00 7.773411664477455139e+09
8.997761295080492161e+00 7.815828230611357689e+09
9.033752340260813085e+00 7.760337240689121246e+09
9.069887349621856387e+00 7.619473452612530708e+09
9.106166899020346150e+00 7.499418270500050545e+09
9.142591566616424359e+00 7.423466172710407257e+09
9.179161932882891506e+00 7.365148936847931862e+09
9.215878580614422333e+00 7.183250973071803093e+09
9.252742094936881045e+00 7.051979398124670029e+09
9.289753063316627646e+00 7.010125471326335907e+09
9.326912075569895322e+00 6.867478194811776161e+09
9.364219723872173162e+00 6.913998897023608208e+09
9.401676602767663482e+00 6.675831068228824615e+09
9.439283309178733816e+00 6.607956545964160919e+09
9.477040442415447075e+00 6.595499273709886551e+09
9.514948604185111236e+00 6.447825847815488815e+09
9.553008398601852136e+00 6.463005737100432396e+09
9.591220432196260859e+00 6.265191127046641350e+09
9.629585313925044687e+00 6.145022491817704201e+09
9.668103655180747324e+00 6.099533742557203293e+09
9.706776069801470896e+00 5.997192903709966660e+09
9.745603174080676112e+00 5.969432097958148956e+09
9.784585586776998412e+00 5.896164708119385719e+09
9.823723929124106746e+00 5.737008739439082146e+09
9.863018824840601440e+00 5.685877702428674698e+09
9.902470900139965337e+00 5.436344943370506287e+09
9.942080783740523842e+00 5.516204646024976730e+09
9.981849106875488431e+00 5.395898720856348991e+09
1.002177650330298952e+01 5.363430384740094185e+09
1.006186360931619994e+01 5.241946493121485710e+09
1.010211106375346723e+01 5.129724722295979500e+09
1.014251950800847979e+01 5.079197400158979416e+09
1.018308958604051284e+01 5.085953594299091339e+09
1.022382194438467451e+01 4.928272870420060158e+09
1.026471723216221399e+01 4.877620857288380623e+09
1.030577610109086173e+01 4.759369412780014992e+09
1.034699920549522467e+01 4.669706645983158112e+09
1.038838720231720458e+01 4.654568420838671684e+09
1.042994075112647501e+01 4.551330786537138939e+09
1.047166051413097954e+01 4.493551932415573120e+09
1.051354715618750468e+01 4.409616375414252281e+09
1.055560134481225454e+01 4.337027674520582199e+09
1.059782375019150358e+01 4.239903910428081036e+09
1.064021504519226902e+01 4.223059640643987179e+09
1.068277590537303823e+01 4.192210022476927280e+09
1.072550700899452991e+01 4.043524947749189854e+09
1.076840903703050856e+01 3.977904994028233051e+09
1.081148267317863088e+01 3.943604373284809589e+09
1.085472860387134553e+01 3.967083214323791981e+09
1.089814751828683015e+01 3.783385683615522861e+09
1.094174010835997635e+01 3.750351105574467182e+09
1.098550706879341909e+01 3.656092184639557838e+09
1.102944909706859100e+01 3.621050615908452988e+09
1.107356689345686540e+01 3.592347596775938034e+09
1.111786116103069233e+01 3.507940617038341999e+09
1.116233260567481622e+01 3.464251310574516296e+09
1.120698193609751492e+01 3.370792617292728901e+09
1.125180986384190440e+01 3.347455742061388969e+09
1.129681710329727373e+01 3.288847451430666447e+09
1.134200437171046083e+01 3.269954666806587219e+09
1.138737238919730466e+01 3.203425372107772827e+09
1.143292187875409383e+01 3.132110616165565968e+09
1.147865356626910938e+01 3.107860520025184155e+09
1.152456818053418530e+01 3.041865158821859837e+09
1.157066645325632237e+01 2.981841874178084850e+09
1.161694911906934635e+01 2.948699079632009029e+09
1.166341691554562487e+01 2.916124356149376869e+09
1.171007058320780736e+01 2.841983909217844486e+09
1.175691086554063958e+01 2.781402478995446682e+09
1.180393850900279951e+01 2.766395126618158817e+09
1.185115426303881137e+01 2.709132219456845284e+09
1.189855888009096674e+01 2.706584428813769341e+09
1.194615311561133097e+01 2.651742330668095589e+09
1.199393772807377623e+01 2.612758992370870590e+09
1.204191347898607134e+01 2.569948721049803734e+09
1.209008113290201614e+01 2.553373457701273918e+09
1.213844145743362368e+01 2.483261913015922070e+09
1.218699522326335938e+01 2.462482558020847797e+09
1.223574320415641381e+01 2.403462674798860073e+09
1.228468617697303777e+01 2.401525110825790882e+09
1.233382492168093059e+01 2.329885940723282337e+09
1.238316022136765504e+01 2.324018934385478020e+09
1.243269286225312520e+01 2.229435681384632587e+09
1.248242363370213859e+01 2.250549648260273457e+09
1.253235332823694748e+01 2.195428563300425053e+09
1.258248274154989410e+01 2.178655429421501637e+09
1.263281267251609385e+01 2.149887621465403080e+09
1.268334392320615756e+01 2.085508280704588890e+09
1.273407729889898299e+01 2.119524460278491974e+09
1.278501360809457665e+01 2.017376094983663559e+09
1.283615366252695544e+01 1.987996100378681898e+09
1.288749827717706253e+01 2.004663641342006207e+09
1.293904827028577031e+01 1.921771445729896069e+09
1.299080446336691352e+01 1.938068042547628641e+09
1.304276768122038099e+01 1.886198267706813335e+09
1.309493875194526424e+01 1.879073683591345549e+09
1.314731850695304693e+01 1.819400620327667952e+09
1.319990778098085649e+01 1.799936857493867397e+09
1.325270741210477965e+01 1.775855988958172321e+09
1.330571824175319939e+01 1.745014441310721397e+09
1.335894111472021173e+01 1.715843577879508018e+09
1.341237687917909227e+01 1.699932556428903818e+09
1.346602638669580898e+01 1.645344217119444370e+09
1.351989049224258999e+01 1.664819263129320860e+09
1.357397005421156067e+01 1.610292412069787502e+09
1.362826593442840917e+01 1.597384339042319536e+09
1.368277899816612297e+01 1.585670704277577400e+09
1.373751011415878942e+01 1.529076586083822250e+09
1.379246015461542463e+01 1.539482838961784363e+09
1.384762999523388416e+01 1.490951004454192638e+09
1.390302051521481808e+01 1.501430822871373415e+09
1.395863259727567751e+01 1.463264070662044287e+09
1.401446712766477987e+01 1.432775631567912817e+09
1.407052499617543972e+01 1.433115689480600834e+09
1.412680709616014063e+01 1.367326846826877356e+09
1.418331432454478147e+01 1.341285595500409842e+09
1.424004758184296193e+01 1.354667879747642279e+09
1.429700777217033369e+01 1.347527194633594990e+09
1.435419580325901379e+01 1.301956420633780479e+09
1.441161258647204946e+01 1.296077644132363558e+09
1.446925903681793812e+01 1.250416931286477804e+09
1.452713607296521126e+01 1.251402073614310026e+09
1.458524461725707155e+01 1.240015949328058958e+09
1.464358559572609764e+01 1.192590032593048573e+09
1.470215993810900557e+01 1.171071469835592031e+09
1.476096857786143879e+01 1.187350131567835093e+09
1.482001245217288599e+01 1.159301321120556355e+09
1.487929250198157760e+01 1.137097644322649717e+09
1.493880967198950316e+01 1.115879225684023380e+09
1.499856491067746056e+01 1.098757876980355501e+09
1.505855917032016933e+01 1.099424364819535255e+09
1.511879340700144958e+01 1.075624788649407864e+09
1.517926858062945605e+01 1.051164546291288733e+09
1.523998565495197433e+01 1.049154913256225824e+09
1.530094559757178274e+01 1.013263897571392655e+09
1.536214937996206764e+01 1.005859154826809049e+09
1.542359797748191674e+01 9.951957926492031813e+08
1.548529236939184450e+01 9.837172661419124603e+08
1.554723353886941339e+01 9.583930828028972149e+08
1.560942247302489072e+01 9.633826620126496553e+08
1.567186016291699069e+01 9.372258575659142733e+08
1.573454760356865556e+01 9.194987055179153681e+08
1.579748579398293096e+01 9.144744403180042505e+08
1.586067573715886247e+01 8.940033154311246872e+08
1.592411844010749888e+01 8.913683863203232288e+08
1.598781491386792730e+01 8.511254058344577551e+08
1.605176617352340074e+01 8.539975486827335358e+08
1.611597323821749228e+01 8.310724511344060898e+08
1.618043713117036120e+01 8.170284912762256861e+08
1.624515887969504391e+01 8.045785338937292099e+08
1.631013951521382310e+01 8.112535981032854319e+08
1.637538007327468037e+01 8.047677522120933533e+08
1.644088159356778078e+01 7.922540415283653736e+08
1.650664511994205341e+01 7.643166812684959173e+08
1.657267170042182158e+01 7.435919733679211140e+08
1.663896238722350418e+01 7.353528141718420982e+08
1.670551823677240222e+01 7.302977936516225338e+08
1.677234030971949608e+01 7.324072665901948214e+08
1.683942967095837062e+01 7.089736627440069914e+08
1.690678738964220429e+01 7.012327737339291573e+08
1.697441453920077237e+01 7.007986891512216330e+08
1.704231219735757108e+01 6.966619528200449944e+08
1.711048144614700561e+01 6.631101466970158815e+08
1.717892337193159236e+01 6.604472088495670557e+08
1.724763906541932101e+01 6.382779049849886894e+08
1.731662962168099895e+01 6.331863139625052214e+08
1.738589614016772344e+01 6.267507373393672705e+08
1.745543972472839300e+01 6.261670477029985189e+08
1.752526148362730751e+01 6.127385485190050602e+08
1.759536252956181812e+01 5.980339880861258507e+08
1.766574397968006238e+01 5.884512790092774630e+08
1.773640695559878466e+01 5.816091969537185431e+08
1.780735258342117433e+01 5.798389712438459396e+08
1.787858199375486024e+01 5.720252499463187456e+08
1.795009632172988034e+01 5.538969711077111959e+08
1.802189670701679702e+01 5.541083629167300463e+08
1.809398429384486562e+01 5.426341722918049097e+08
1.816636023102024211e+01 5.203111161046517491e+08
1.823902567194432578e+01 5.344137609629926085e+08
1.831198177463210186e+01 5.211495769559403658e+08
1.838522970173062987e+01 5.099578213886122704e+08
1.845877062053754969e+01 5.123327687211712599e+08
1.853260570301970134e+01 4.854141560764098167e+08
1.860673612583178027e+01 4.796425032529198527e+08
1.868116307033510637e+01 4.816674694309927821e+08
1.875588772261644976e+01 4.702610740550724268e+08
1.883091127350691352e+01 4.675035020437020659e+08
1.890623491860094063e+01 4.558434854376515150e+08
1.898185985827534594e+01 4.485297827969760895e+08
1.905778729770844748e+01 4.529872453558722734e+08
1.913401844689928311e+01 4.492615762385478020e+08
1.921055452068688041e+01 4.197341829123674035e+08
1.928739673876962968e+01 4.304150335179153681e+08
1.936454632572470658e+01 4.179355629142574668e+08
1.944200451102760141e+01 4.035745641652289033e+08
1.951977252907171589e+01 4.121427391192826629e+08
1.959785161918800256e+01 3.902535730791380405e+08
1.967624302566475691e+01 3.907060437911927104e+08
1.991079942767366973e+01 3.777667467710151076e+08
