# Wavelength (micrometer), Flux (W / m2 / m)
1.000553076518779783e-01 1.444861051670640564e+11
1.004555288824854897e-01 2.680811451797234138e-06
1.008573509980154326e-01 4.815448272541660916e-06
1.012607804020075053e-01 4.615484961328170293e-06
1.016658235236155422e-01 8.928041337010503452e-06
1.020724868177099870e-01 3.927106041045713247e-04
1.024807767649808382e-01 8.845360686426358219e-05
1.028906998720407612e-01 1.566563751376813480e-05
1.033022626715289355e-01 4.709243654384027977e-04
1.037154717222150413e-01 2.184488998960699806e-05
1.041303336091038839e-01 1.522021688408042433e-05
1.045468549435403099e-01 7.989870594143444558e-05
1.049650423633144702e-01 1.013966752502336575e-05
1.053849025327677214e-01 1.359366293923557729e-04
1.058064421428987906e-01 1.890525483074556847e-05
1.062296679114703990e-01 1.458528112431415366e-04
1.066545865831162732e-01 1.530484273676044153e-04
1.070812049294487533e-01 4.829473505539982333e-05
1.075095297491665408e-01 9.073834679856101126e-04
1.079395678681632220e-01 6.093211813464137049e-05
1.083713261396358624e-01 6.103200470154825693e-04
1.088048114441943909e-01 3.090475351264447405e-04
1.092400306899711654e-01 1.467761136693496692e-02
1.096769908127310511e-01 4.672223232311858423e-04
1.101156987759819850e-01 6.534806836141492407e-04
1.105561615710859147e-01 9.509293165716621241e-03
1.109983862173702651e-01 3.498566964339562026e-03
1.114423797622397516e-01 1.310079267025602385e-03
1.118881492812886930e-01 4.611630755615612424e-04
1.123357018784138517e-01 1.826168308907652471e-03
1.127850446859275102e-01 1.183500497113992578e-01
1.132361848646712132e-01 1.232518468600597855e-01
1.136891296041298988e-01 7.715461921176126892e-02
1.141438861225464035e-01 7.428674026922378604e-02
1.146004616670366072e-01 5.480032100335961026e-02
1.150588635137047705e-01 6.139190329330895118e-02
1.155190989677595953e-01 3.975327714680537694e-02
1.159811753636306314e-01 8.998993177804916199e-02
1.164451000650851553e-01 3.010439755284711680e-02
1.169108804653455069e-01 3.384360435297437825e-02
1.173785239872068981e-01 1.353339493056370524e-01
1.178480380831557206e-01 4.069287459894443404e-01
1.183194302354883543e-01 2.213582007336424018e-01
1.187927079564302935e-01 1.435583916483611222e-01
1.192678787882560099e-01 2.904530362182394798e-01
1.197449503034090645e-01 5.341326264544525859e-01
1.202239301046226783e-01 8.609746410156073060e-02
1.207048258250411760e-01 5.684915513439524615e-01
1.211876451283413342e-01 3.801745962643116039e-01
1.216723957088547137e-01 1.133561621673553566e+00
1.221590852916901310e-01 2.165691408540584728e+00
1.226477216328568792e-01 7.482684901834171676e+00
1.231383125193883099e-01 3.027135856380934964e+00
1.236308657694658586e-01 4.902687356999230417e+00
1.241253892325437369e-01 2.037802233705970245e+00
1.246218907894739159e-01 1.589143203863348175e+00
1.251203783526317892e-01 2.477167957284081456e+00
1.256208598660423226e-01 1.083167658428180635e+00
1.261233433055065078e-01 3.244670722942076146e+00
1.266278366787285392e-01 1.460559815261792682e+00
1.271343480254434610e-01 5.611010536148598682e+00
1.276428854175452321e-01 2.644828012186242638e+00
1.281534569592154005e-01 2.226704412330298588e+00
1.286660707870522780e-01 2.256547429728445131e+00
1.291807350702004475e-01 8.221745300010468327e+00
1.296974580104812425e-01 6.826277281549142373e+00
1.302162478425231973e-01 4.681348108960634136e+00
1.307371128338932764e-01 8.658037753469558950e+00
1.312600612852288795e-01 1.166695163459638174e+01
1.317851015303697915e-01 8.514872225098706338e+00
1.323122419364912705e-01 6.924123438110060924e+00
1.328414909042372472e-01 1.067530637859590392e+01
1.333728568678542170e-01 1.625144551387223402e+01
1.339063482953256612e-01 5.823544392113878310e+00
1.344419736885069383e-01 6.097752709410775296e+00
1.349797415832609815e-01 9.959062765779686188e+00
1.355196605495940232e-01 1.290837494404782149e+01
1.360617391917924301e-01 1.803223684251666015e+01
1.366059861485595939e-01 8.736352592862660416e+00
1.371524100931538481e-01 1.378856099222815423e+01
1.377010197335264696e-01 2.776307976618930695e+01
1.382518238124605670e-01 2.072947515142781683e+01
1.388048311077104136e-01 2.914902145468232675e+01
1.393600504321412248e-01 5.360721991950189391e+01
1.399174906338697677e-01 3.001278612638243004e+01
1.404771605964052761e-01 7.548914814817915442e+01
1.410390692387908651e-01 8.783483319046430893e+01
1.416032255157460562e-01 1.444598874187574609e+02
1.421696384178090522e-01 7.085018475122527093e+01
1.427383169714803168e-01 8.981334223967773767e+01
1.433092702393662099e-01 5.521377657481476717e+02
1.438825073203236771e-01 1.979870209979615936e+02
1.444580373496049674e-01 4.101309016151576543e+02
1.450358694990033503e-01 4.146454228773054638e+02
1.456160129769993872e-01 8.104022773306573981e+02
1.461984770289073976e-01 3.724293800512322150e+02
1.467832709370230082e-01 4.762535836432376186e+02
1.473704040207710897e-01 8.039782120480721233e+02
1.479598856368541382e-01 5.891087217512246070e+02
1.485517251794015725e-01 7.803884268330789382e+02
1.491459320801191979e-01 2.380157136425300905e+03
1.497425158084396690e-01 1.166055797196377171e+03
1.503414858716734248e-01 4.165662793966109348e+03
1.509428518151600951e-01 3.574492570141518627e+03
1.515466232224207677e-01 1.691914176260141630e+03
1.521528097153104220e-01 3.478847493212182144e+03
1.527614209541716672e-01 4.055336203942175416e+03
1.533724666379883694e-01 4.855871497782038205e+03
1.539859565045403056e-01 7.009152690488808730e+03
1.546019003305584838e-01 1.367950853955071352e+03
1.552203079318807133e-01 3.070861474563176216e+03
1.558411891636082569e-01 3.751417455864450858e+03
1.564645539202626778e-01 1.813829095907235569e+03
1.570904121359437411e-01 3.174121125184587981e+03
1.577187737844875093e-01 1.662153165370268425e+03
1.583496488796254653e-01 1.978444644783505055e+03
1.589830474751439959e-01 2.686952888830917345e+03
1.596189796650445414e-01 1.034624336253655429e+03
1.602574555837047166e-01 8.349761520938945978e+02
1.608984854060395708e-01 1.452529889442363810e+03
1.615420793476636807e-01 1.692478617907295302e+03
1.621882476650543525e-01 2.265125855108397900e+03
1.628370006557145755e-01 1.535321872631319366e+03
1.634883486583374457e-01 2.076590958129005685e+03
1.641423020529707844e-01 2.617104539955453220e+03
1.647988712611826723e-01 2.246396024257697263e+03
1.654580667462274002e-01 7.719223547732410680e+02
1.661198990132123077e-01 2.798368466274590901e+03
1.667843786092651215e-01 3.047309194447330356e+03
1.674515161237022098e-01 5.014620995095045146e+03
1.681213221881969755e-01 1.272088325289310706e+04
1.687938074769497754e-01 1.004430185458945198e+04
1.694689827068575905e-01 3.232166971095420377e+04
1.701468586376850278e-01 2.405112589668002329e+04
1.708274460722357391e-01 2.398623166991072503e+04
1.715107558565246715e-01 2.462892602703104058e+04
1.721967988799507909e-01 3.053060621194996202e+04
1.728855860754705820e-01 3.365389660620192444e+04
1.735771284197724640e-01 3.728373563936998835e+04
1.742714369334515678e-01 4.054883015507192613e+04
1.749685226811853456e-01 8.873920824989021639e+04
1.756683967719100681e-01 5.684110718950705632e+04
1.763710703589977391e-01 1.424992466624876542e+05
1.770765546404337309e-01 1.486156952581861115e+05
1.777848608589954471e-01 7.409853583227407944e+04
1.784960003024314568e-01 2.066566179611562984e+05
1.792099843036411844e-01 1.509513721782087232e+05
1.799268242408557650e-01 1.760544093488214130e+05
1.806465315378191772e-01 3.144221844919456053e+05
1.813691176639704306e-01 1.169403371355011623e+05
1.820945941346263086e-01 2.873767975449325168e+05
1.828229725111648329e-01 5.575977672786909388e+05
1.835542644012094771e-01 1.151381204870769143e+05
1.842884814588143239e-01 4.007385840239652898e+05
1.850256353846495561e-01 7.547454349110098556e+05
1.857657379261881403e-01 2.659921131531637511e+05
1.865088008778928996e-01 9.389391972274354193e+05
1.872548360814044743e-01 8.154545295268754708e+05
1.880038554257300876e-01 4.065175295479648048e+05
1.887558708474330049e-01 1.228277932944150642e+06
1.895108943308226879e-01 9.277153426303793676e+05
1.902689379081460019e-01 7.068367980568319326e+05
1.910300136597785636e-01 2.132715798866062891e+06
1.917941337144176972e-01 1.458114046682327520e+06
1.925613102492753359e-01 1.610107737408355810e+06
1.933315554902724498e-01 3.124907624022540171e+06
1.941048817122335568e-01 2.444791197497662157e+06
1.948813012390824828e-01 2.587497105976779945e+06
1.956608264440388156e-01 5.280997954911093228e+06
1.964434697498149418e-01 3.070679123590244912e+06
1.972292436288141937e-01 4.103146335223309230e+06
1.980181606033294406e-01 7.483058808636229485e+06
1.988102332457427346e-01 5.664435865970756859e+06
1.996054741787257336e-01 5.278839262601437978e+06
2.004038960754406518e-01 7.055855169599130750e+06
2.012055116597424309e-01 7.958365276697692461e+06
2.020103337063813842e-01 8.565308374547569081e+06
2.028183750412069219e-01 9.753810451319791377e+06
2.036296485413717494e-01 7.761028092707523145e+06
2.044441671355372303e-01 7.118040125866831280e+06
2.052619438040793887e-01 9.312184932449044660e+06
2.060829915792957157e-01 8.144121520797746256e+06
2.069073235456129201e-01 7.441598038663078099e+06
2.077349528397953449e-01 8.245343837674238719e+06
2.085658926511545219e-01 9.161459947366664186e+06
2.094001562217591150e-01 8.183881187566951849e+06
2.102377568466461677e-01 8.082236855260974728e+06
2.110787078740327671e-01 6.163485296570609324e+06
2.119230227055288740e-01 7.238878174223070964e+06
2.127707147963510126e-01 7.662476711772478186e+06
2.136217976555363773e-01 8.511122714871650562e+06
2.144762848461585492e-01 5.229097864170646295e+06
2.153341899855431840e-01 7.101314577414945699e+06
2.161955267454853669e-01 8.970367212071230635e+06
2.170603088524672986e-01 9.842127261815531179e+06
2.179285500878772042e-01 6.769544607377646491e+06
2.188002642882286852e-01 7.554068078334918246e+06
2.196754653453815986e-01 1.137793567042036355e+07
2.205541672067631020e-01 9.485380854598298669e+06
2.214363838755901703e-01 1.692079793296150118e+07
2.223221294110925284e-01 8.277049802237413824e+06
2.232114179287369160e-01 2.684840102110049129e+07
2.241042636004518529e-01 1.873642164209406450e+07
2.250006806548536520e-01 4.003556463510619849e+07
2.259006833774730438e-01 2.197105455083624646e+07
2.268042861109829667e-01 3.273521307144200429e+07
2.277115032554268836e-01 4.252467613343977928e+07
2.286223492684485714e-01 4.921153541525593400e+07
2.295368386655223802e-01 8.856953362130285800e+07
2.304549860201844658e-01 2.843108253036490455e+07
2.313768059642651864e-01 7.632363782505612075e+07
2.323023131881222503e-01 7.292262855851155519e+07
2.332315224408747223e-01 1.111438922784482539e+08
2.341644485306381973e-01 1.136315653404183537e+08
2.351011063247607502e-01 3.496548602441598475e+07
2.360415107500598020e-01 1.156640646326910704e+08
2.369856767930600405e-01 3.707019217912942916e+07
2.379336195002322851e-01 1.292179186974396855e+08
2.388853539782332114e-01 1.124444484958590567e+08
2.398408953941461863e-01 2.269900335276527107e+08
2.408002589757227141e-01 2.933363460693465471e+08
2.417634600116256582e-01 1.125739219916484803e+08
2.427305138516721306e-01 3.732663331051097512e+08
2.437014359070788505e-01 3.655185812431187034e+08
2.446762416507071713e-01 6.984244533523188829e+08
2.456549466173099938e-01 4.393705365480596423e+08
2.466375664037792625e-01 5.075382871497777700e+08
2.476241166693943785e-01 6.639768436823335886e+08
2.486146131360719436e-01 1.668647448051095009e+08
2.496090715886161993e-01 5.048676749765437841e+08
2.506075078749706586e-01 4.600371575702283382e+08
2.516099379064705155e-01 5.500245873567163944e+08
2.526163776580964138e-01 8.557545607574878931e+08
2.536268431687287994e-01 1.931966185091990709e+09
2.546413505414037437e-01 2.265902257427914619e+09
2.556599159435693491e-01 1.670595674641222000e+09
2.566825556073435988e-01 1.145892936255647659e+09
2.577092858297729827e-01 1.408196610663295984e+09
2.587401229730920682e-01 1.045704955994606495e+09
2.597750834649844576e-01 1.663844991203913450e+09
2.608141837988444123e-01 1.786977774821426630e+09
2.618574405340398092e-01 3.039776603345835686e+09
2.629048702961759298e-01 5.403503082033519745e+09
2.639564897773606367e-01 5.480336500830802917e+09
2.650123157364701054e-01 5.406071783165738106e+09
2.660723649994159445e-01 4.961642510517546654e+09
2.671366544594135917e-01 4.540176693107921600e+09
2.682052010772512096e-01 5.718307622624784470e+09
2.692780218815602478e-01 4.389530858888409615e+09
2.703551339690865030e-01 6.707532980127481461e+09
2.714365545049627904e-01 5.855370499783823967e+09
2.725223007229827243e-01 5.584209334254966736e+09
2.736123899258746106e-01 6.711556125438984871e+09
2.747068394855781692e-01 7.523393362804014206e+09
2.758056668435204806e-01 9.053777581647293091e+09
2.769088895108945403e-01 1.385842925679951859e+10
2.780165250689380918e-01 1.150872240549240875e+10
2.791285911692138466e-01 1.422831805402976990e+10
2.802451055338907038e-01 1.358839881168182564e+10
2.813660859560263017e-01 1.353943818520579529e+10
2.824915502998503469e-01 1.307445364586469650e+10
2.836215165010497197e-01 1.195902965001008987e+10
2.847560025670539119e-01 6.304217183789786339e+09
2.858950265773221866e-01 9.277573116331005096e+09
2.870386066836315142e-01 1.506419177306735229e+10
2.881867611103660631e-01 1.885717879827522659e+10
2.893395081548075787e-01 2.720389675494716644e+10
2.904968661874267610e-01 3.184465874695738983e+10
2.916588536521764197e-01 3.982759348264308167e+10
2.928254890667851273e-01 3.967903568120206451e+10
2.939967910230522619e-01 3.882283612409734344e+10
2.951727781871444911e-01 3.445479427904319000e+10
2.963534692998930908e-01 3.942541673273351288e+10
2.975388831770926501e-01 4.058181980452371979e+10
2.987290387098009981e-01 5.013905340870896912e+10
2.999239548646402409e-01 4.254640558287448883e+10
3.011236506840988536e-01 6.399659457383708954e+10
3.023281452868351593e-01 3.850682073766188049e+10
3.035374578679824742e-01 7.967659542257635498e+10
3.047516076994544187e-01 8.077446926595767212e+10
3.059706141302522830e-01 9.428856406076811218e+10
3.071944965867733357e-01 1.479092231407737122e+11
3.084232745731204095e-01 2.074354833128339844e+11
3.096569676714128194e-01 1.388239560387781372e+11
3.108955955420985018e-01 2.801325207721846924e+11
3.121391779242668751e-01 2.761132806257630005e+11
3.133877346359639215e-01 3.201911268634864502e+11
3.146412855745078230e-01 3.596169355194263916e+11
3.158998507168058190e-01 3.395998701318757935e+11
3.171634501196730627e-01 4.303004307441893311e+11
3.184321039201517545e-01 3.388549845803476562e+11
3.197058323358323295e-01 2.830945715858905640e+11
3.209846556651756444e-01 3.884315640564681396e+11
3.222685942878363852e-01 4.190158999243197632e+11
3.235576686649877520e-01 3.890679480282423706e+11
3.248518993396476984e-01 5.270540451231770630e+11
3.261513069370062801e-01 6.181440203367436523e+11
3.274559121647543369e-01 6.882481159006223145e+11
3.287657358134133401e-01 6.775651868644788818e+11
3.300807987566670154e-01 7.194110879626445312e+11
3.314011219516936890e-01 7.958723549853189697e+11
3.327267264395004642e-01 7.590086950436840820e+11
3.340576333452584534e-01 7.365698059227534180e+11
3.353938638786395088e-01 6.886093796107850342e+11
3.367354393341540630e-01 6.622280739905633545e+11
3.380823810914907468e-01 7.394897078279558105e+11
3.394347106158566718e-01 8.876530656914885254e+11
3.407924494583201014e-01 8.301209626731912842e+11
3.421556192561533982e-01 7.957790027200253906e+11
3.435242417331779707e-01 5.477222701905314331e+11
3.448983387001106626e-01 5.988231883150711670e+11
3.462779320549111417e-01 6.934858690628648682e+11
3.476630437831307319e-01 5.694886096704982910e+11
3.490536959582632992e-01 6.010094000216960449e+11
3.504499107420963600e-01 1.031896276136634888e+12
3.518517103850647421e-01 8.409208971913027344e+11
3.532591172266050239e-01 1.019329673262080078e+12
3.546721536955114717e-01 1.192388825006989014e+12
3.560908423102934761e-01 6.354261374635355225e+11
3.575152056795346533e-01 4.485157286936815796e+11
3.589452665022527800e-01 7.439047950123499756e+11
3.603810475682617254e-01 9.359026385202456055e+11
3.618225717585348278e-01 7.657317050030256348e+11
3.632698620455689364e-01 8.281731696934282227e+11
3.647229414937512293e-01 7.358437569232008057e+11
3.661818332597261971e-01 1.327428465430095703e+12
3.676465605927651259e-01 1.004809282849408691e+12
3.691171468351361895e-01 1.111247651116625732e+12
3.705936154224767076e-01 7.341998791447397461e+11
3.720759898841666247e-01 4.218565516909815674e+11
3.735642938437032656e-01 3.964345057168375854e+11
3.750585510190780902e-01 4.368986305242370605e+11
3.765587852231543908e-01 7.949820422348562012e+11
3.780650203640470441e-01 1.461259743094645752e+12
3.795772804455032068e-01 9.806717412594311523e+11
3.810955895672852312e-01 1.072549081323877319e+12
3.826199719255543585e-01 4.890923789790330200e+11
3.841504518132565771e-01 7.470451237777729492e+11
3.856870536205096456e-01 5.923693007207947998e+11
3.872298018349916715e-01 9.105539746459741211e+11
3.887787210423316320e-01 8.757044397517451172e+11
3.903338359265008939e-01 9.926921311688848877e+11
3.918951712702069545e-01 9.264702491922872314e+11
3.934627519552877928e-01 4.907252085904582520e+11
3.950366029631089404e-01 1.134798065368165039e+12
3.966167493749613859e-01 7.483351625992139893e+11
3.982032163724612550e-01 1.483028385468976074e+12
3.997960292379510450e-01 1.818382812662077881e+12
4.013952133549028578e-01 2.173821463940613281e+12
4.030007942083224659e-01 2.486193377234794922e+12
4.046127973851557647e-01 2.062159900806572021e+12
4.062312485746963908e-01 2.093342954298047607e+12
4.078561735689951728e-01 2.352613679565507324e+12
4.094875982632711353e-01 2.708560157893199219e+12
4.111255486563242245e-01 2.914775320252446777e+12
4.127700508509495880e-01 2.699048761967248047e+12
4.144211310543532978e-01 2.624123648344398438e+12
4.160788155785707931e-01 3.027086756380894043e+12
4.177431308408850463e-01 2.761841640714449707e+12
4.194141033642486138e-01 2.329940252816417969e+12
4.210917597777056320e-01 1.780485638396295654e+12
4.227761268168164221e-01 6.742664233374086914e+11
4.244672313240837602e-01 1.769991164669044434e+12
4.261651002493800910e-01 2.450006552232225586e+12
4.278697606503775730e-01 2.574031197607512695e+12
4.295812396929790666e-01 1.983327548714680908e+12
4.312995646517510107e-01 2.625442292867163574e+12
4.330247629103580187e-01 3.034328847933347168e+12
4.347568619619994745e-01 3.571045677374815430e+12
4.364958894098474596e-01 3.520688949746768555e+12
4.382418729674867897e-01 2.659794771065722168e+12
4.399948404593567730e-01 3.271451994998469238e+12
4.417548198211941890e-01 3.452172049657772949e+12
4.435218391004789873e-01 3.065831875913585449e+12
4.452959264568808750e-01 3.199385717196332031e+12
4.470771101627084021e-01 3.940418325927248535e+12
4.488654186033592119e-01 3.903238690653122070e+12
4.506608802777726241e-01 4.290751475340977051e+12
4.524635237988837710e-01 3.667559163882518066e+12
4.542733778940792333e-01 3.882232666052924805e+12
4.560904714056555065e-01 4.323626879403562500e+12
4.579148332912781894e-01 4.117999156105377930e+12
4.597464926244433370e-01 4.482648115690519531e+12
4.615854785949410899e-01 4.601782713826389648e+12
4.634318205093208576e-01 4.522887822588897461e+12
4.652855477913582227e-01 4.559512636763461914e+12
4.671466899825236219e-01 4.535280970469769531e+12
4.690152767424536906e-01 4.534571716889612305e+12
4.708913378494234969e-01 4.811193912649058594e+12
4.727749032008212171e-01 4.773854159236125977e+12
4.746660028136244769e-01 4.844144325105972656e+12
4.765646668248789131e-01 4.637314300505144531e+12
4.784709254921784560e-01 3.869576794958432129e+12
4.803848091941470555e-01 4.551168190896912109e+12
4.823063484309236815e-01 4.731090737313566406e+12
4.842355738246474361e-01 4.821547412875448242e+12
4.861725161199459966e-01 5.195380091999401367e+12
4.881172061844257226e-01 5.107615831568900391e+12
4.900696750091634302e-01 5.151938934873141602e+12
4.920299537092001074e-01 5.109272099263674805e+12
4.939980735240369625e-01 5.339637624370839844e+12
4.959740658181330253e-01 5.257807847748630859e+12
4.979579620814056362e-01 4.923865751038489258e+12
4.999497939297311566e-01 4.432952586203726562e+12
5.019495931054501758e-01 4.292643851909265625e+12
5.039573914778719965e-01 4.678077722683918945e+12
5.059732210437835054e-01 4.739350194716655273e+12
5.079971139279585435e-01 4.593515446146508789e+12
5.100291023836703852e-01 4.162477590916997070e+12
5.120692187932051054e-01 3.974098207480969727e+12
5.141174956683780550e-01 3.903482540653315918e+12
5.161739656510514473e-01 3.348737086541006836e+12
5.182386615136556074e-01 3.002787672842717285e+12
5.203116161597103329e-01 4.297000692688517090e+12
5.223928626243490303e-01 5.345814597124302734e+12
5.244824340748465152e-01 5.776487876284091797e+12
5.265803638111459239e-01 4.878515509457865234e+12
5.286866852663905103e-01 5.958414796202185547e+12
5.308014320074561088e-01 6.057614207129980469e+12
5.329246377354859288e-01 5.239264730937062500e+12
5.350563362864277916e-01 6.056041203589835938e+12
5.371965616315735881e-01 5.583381834554794922e+12
5.393453478780998456e-01 5.691982436618909180e+12
5.415027292696121819e-01 5.828073633671493164e+12
5.436687401866906466e-01 5.177722248567902344e+12
5.458434151474373941e-01 5.872681760390889648e+12
5.480267888080271321e-01 6.177924317918927734e+12
5.502188959632591247e-01 6.013702790553823242e+12
5.524197715471121928e-01 6.316912943761060547e+12
5.546294506333006025e-01 6.479535381435156250e+12
5.568479684358338400e-01 6.436846819737602539e+12
5.590753603095770519e-01 5.881609154045244141e+12
5.613116617508153716e-01 6.676282471241763672e+12
5.635569083978186899e-01 7.127104454585492188e+12
5.658111360314097560e-01 7.139489053611760742e+12
5.680743805755354980e-01 7.048987098784608398e+12
5.703466780978375672e-01 7.250553399293533203e+12
5.726280648102289872e-01 7.301706101191093750e+12
5.749185770694699160e-01 7.357331087113698242e+12
5.772182513777477375e-01 7.371808279372210938e+12
5.795271243832587071e-01 7.418277276140004883e+12
5.818452328807918184e-01 7.419710139427387695e+12
5.841726138123150003e-01 7.470466144181649414e+12
5.865093042675643131e-01 7.154416957555695312e+12
5.888553414846344758e-01 4.697298731734546875e+12
5.912107628505729462e-01 7.018506875101104492e+12
5.935756059019753339e-01 7.526385977578561523e+12
5.959499083255832552e-01 7.576390419694529297e+12
5.983337079588855190e-01 7.643316237671920898e+12
6.007270427907210886e-01 7.734338522425829102e+12
6.031299509618840426e-01 7.827848891070347656e+12
6.055424707657315331e-01 7.806171950462676758e+12
6.079646406487945187e-01 7.896588074617131836e+12
6.103964992113897203e-01 7.689014534969709961e+12
6.128380852082353503e-01 7.448717802562428711e+12
6.152894375490681744e-01 7.275757480974671875e+12
6.177505952992645710e-01 7.586400794538396484e+12
6.202215976804615893e-01 7.867843424501208984e+12
6.227024840711834486e-01 7.781794057386536133e+12
6.251932940074681477e-01 7.722658449906590820e+12
6.276940671834980723e-01 7.894391055201261719e+12
6.302048434522321552e-01 7.912062383613835938e+12
6.327256628260409244e-01 7.933995389307668945e+12
6.352565654773452142e-01 7.875231655499212891e+12
6.377975917392545435e-01 6.979181336121970703e+12
6.403487821062116003e-01 7.567607045795763672e+12
6.429101772346363930e-01 7.809995036954223633e+12
6.454818179435749537e-01 7.908997647163794922e+12
6.480637452153492628e-01 8.245897334482340820e+12
6.506560001962106154e-01 8.041723396260227539e+12
6.532586241969955410e-01 8.542217286045684570e+12
6.558716586937833881e-01 8.420138568997902344e+12
6.584951453285585732e-01 8.392213067311601562e+12
6.611291259098727169e-01 8.542959209022844727e+12
6.637736424135122215e-01 8.598204066727288086e+12
6.664287369831662922e-01 8.566527138742794922e+12
6.690944519310989547e-01 8.522900574932012695e+12
6.717708297388232941e-01 8.411647522658874023e+12
6.744579130577786907e-01 8.313861070279895508e+12
6.771557447100098326e-01 8.192855507779759766e+12
6.798643676888498355e-01 7.889162904391414062e+12
6.825838251596052508e-01 7.619836520450568359e+12
6.853141604602436265e-01 7.087414294500817383e+12
6.880554171020846210e-01 6.530795405756000000e+12
6.908076387704928933e-01 6.454072808422770508e+12
6.935708693255748791e-01 7.544975904332741211e+12
6.963451528028771209e-01 7.780379263837571289e+12
6.991305334140887062e-01 7.844909305147644531e+12
7.019270555477450380e-01 8.034046818039678711e+12
7.047347637699360456e-01 8.665189667058454102e+12
7.075537028250157290e-01 8.748613070965459961e+12
7.103839176363159202e-01 8.698949815454774414e+12
7.132254533068611568e-01 8.712976492444542969e+12
7.160783551200886610e-01 8.611209031271465820e+12
7.189426685405689854e-01 8.782770578580829102e+12
7.218184392147313222e-01 8.774149043058984375e+12
7.247057129715901436e-01 8.757821399883713867e+12
7.276045358234763949e-01 8.881689607395970703e+12
7.305149539667704639e-01 8.891684016450232422e+12
7.334370137826373703e-01 8.785876513296284180e+12
7.363707618377679509e-01 8.798126276283011719e+12
7.393162448851190449e-01 8.825476234169058594e+12
7.422735098646596752e-01 8.815340914232556641e+12
7.452426039041182282e-01 8.867435003919203125e+12
7.482235743197346300e-01 8.901379968727109375e+12
7.512164686170136330e-01 8.911578649041746094e+12
7.542213344914817652e-01 8.927948726048898438e+12
7.572382198294477229e-01 8.944707043782552734e+12
7.602671727087656484e-01 8.981469042523089844e+12
7.633082413996006288e-01 9.023380199810939453e+12
7.663614743651989691e-01 8.789843846217744141e+12
7.694269202626597970e-01 8.882467900814037109e+12
7.725046279437104424e-01 9.020825690415273438e+12
7.755946464554852593e-01 8.995909232416347656e+12
7.786970250413072225e-01 8.991480239690732422e+12
7.818118131414724115e-01 8.938263441872296875e+12
7.849390603940383793e-01 8.969134877561029297e+12
7.880788166356144098e-01 8.976039018280072266e+12
7.912311319021569922e-01 8.966713879036281250e+12
7.943960564297655180e-01 8.916083747467986328e+12
7.975736406554845281e-01 8.968988169685177734e+12
8.007639352181065151e-01 8.972425423990306641e+12
8.039669909589789443e-01 8.909729281478064453e+12
8.071828589228148276e-01 8.898932624739904297e+12
8.104115903585061842e-01 8.905054337773078125e+12
8.136532367199402760e-01 8.892460673761205078e+12
8.169078496668199518e-01 8.836306292654902344e+12
8.201754810654874328e-01 8.555238068909809570e+12
8.234561829897493190e-01 8.862233822935148438e+12
8.267500077217083687e-01 8.887729355460679688e+12
8.300570077525952772e-01 8.878813542135486328e+12
8.333772357836056743e-01 8.744566623622870117e+12
8.367107447267401188e-01 8.650853633006459961e+12
8.400575877056470908e-01 8.623111828203578125e+12
8.434178180564695371e-01 8.538425794987790039e+12
8.467914893286955236e-01 8.707541510470925781e+12
8.501786552860102208e-01 8.450460383136345703e+12
8.535793699071543283e-01 8.147027238423462891e+12
8.569936873867830540e-01 8.706840847936604492e+12
8.604216621363300899e-01 8.718776986212509766e+12
8.638633487848753623e-01 8.601134265514024414e+12
8.673188021800150027e-01 7.905431017735829102e+12
8.707880773887352044e-01 8.361418659775239258e+12
8.742712296982900755e-01 8.388346240398569336e+12
8.777683146170831563e-01 8.464625589670633789e+12
8.812793878755513788e-01 8.321967590121381836e+12
8.848045054270535781e-01 8.490650265085641602e+12
8.883437234487617795e-01 8.404793858890085938e+12
8.918970983425568155e-01 8.470739306499626953e+12
8.954646867359271623e-01 8.457488619703125000e+12
8.990465454828707736e-01 8.409410370881564453e+12
9.026427316648023558e-01 8.329015722389445312e+12
9.062533025914615292e-01 8.228475893034730469e+12
9.098783158018273198e-01 8.262559311726680664e+12
9.135178290650346478e-01 8.273163818598647461e+12
9.171719003812948134e-01 8.286337450786688477e+12
9.208405879828199803e-01 8.302369985974645508e+12
9.245239503347512100e-01 8.279761619396969727e+12
9.282220461360901620e-01 8.243273890351888672e+12
9.319349343206346781e-01 8.188531306977148438e+12
9.356626740579171431e-01 8.150383631242520508e+12
9.394053247541488405e-01 8.046762395265815430e+12
9.431629460531654185e-01 8.104545011345670898e+12
9.469355978373780180e-01 8.108978416421938477e+12
9.507233402287275092e-01 8.110194296127014648e+12
9.545262335896426142e-01 8.067212960441875977e+12
9.583443385240012491e-01 8.016102857431813477e+12
9.621777158780971950e-01 7.968061933685930664e+12
9.660264267416096562e-01 7.898702668282642578e+12
9.698905324485760371e-01 7.929739084777550781e+12
9.737700945783701600e-01 7.856925235199876953e+12
9.776651749566835914e-01 7.785052099881347656e+12
9.815758356565105203e-01 7.917560113488527344e+12
9.855021389991363012e-01 7.865305707280491211e+12
9.894441475551331022e-01 7.637181306753541016e+12
9.934019241453534432e-01 7.224723662291593750e+12
9.973755318419349480e-01 7.378231026352518555e+12
1.001365033969302543e+00 7.458912140200501953e+12
1.005370494105179757e+00 7.353917692004908203e+12
1.009391976081600362e+00 7.448512680134081055e+12
1.013429543985926884e+00 7.431498990407848633e+12
1.017483262161870350e+00 7.404397719674380859e+12
1.021553195210518128e+00 7.408484047284120117e+12
1.025639407991360219e+00 7.239665324950297852e+12
1.029741965623325539e+00 7.173577650302782227e+12
1.033860933485818867e+00 7.183433071146726562e+12
1.037996377219762012e+00 7.270776207774135742e+12
1.042148362728641198e+00 7.209307551951222656e+12
1.046316956179555557e+00 7.266727708015891602e+12
1.050502224004274066e+00 7.225287728420759766e+12
1.054704232900291139e+00 7.258927194302277344e+12
1.058923049831892227e+00 7.180781570690512695e+12
1.063158742031219628e+00 7.184468612946792969e+12
1.067411376999344741e+00 7.078326531934815430e+12
1.071681022507342096e+00 7.072670569669541992e+12
1.075967746597371377e+00 7.093999845652208984e+12
1.080271617583760779e+00 7.053458085934001953e+12
1.084592704054095913e+00 7.060016466253873047e+12
1.088931074870312044e+00 7.054718236334544922e+12
1.093286799169793433e+00 7.022622638713921875e+12
1.097659946366472461e+00 6.977235367079794922e+12
1.102050586151938294e+00 6.969490254902564453e+12
1.106458788496546219e+00 6.949667245516244141e+12
1.110884623650532532e+00 6.899533769339227539e+12
1.115328162145134749e+00 6.916433850124314453e+12
1.119789474793714934e+00 6.871662375988710938e+12
1.124268632692889902e+00 6.861562065490175781e+12
1.128765707223661430e+00 6.815949770745901367e+12
1.133280770052556230e+00 6.815254540775451172e+12
1.137813893132766374e+00 6.699149581647415039e+12
1.142365148705297484e+00 6.622000034661697266e+12
1.146934609300118479e+00 6.701672807240588867e+12
1.151522347737319096e+00 6.722606082325197266e+12
1.156128437128268516e+00 6.647725804333408203e+12
1.160752950876781542e+00 6.553555907510581055e+12
1.165395962680288999e+00 6.575676422187467773e+12
1.170057546531009907e+00 6.536990455203790039e+12
1.174737776717134086e+00 6.524575200464021484e+12
1.179436727824002773e+00 6.459100338511730469e+12
1.184154474735298557e+00 6.341916039378083008e+12
1.188891092634239977e+00 6.366821709918954102e+12
1.193646657004777012e+00 6.387503129549779297e+12
1.198421243632796118e+00 6.202672638938280273e+12
1.203214928607327261e+00 6.273628585037119141e+12
1.208027788321756724e+00 6.248951862252202148e+12
1.212859899475043468e+00 6.240513071519281250e+12
1.217711339072943710e+00 6.234225343387273438e+12
1.222582184429235275e+00 6.183447367639292969e+12
1.227472513166952384e+00 6.185889395461786133e+12
1.232382403219620226e+00 6.135296952129518555e+12
1.237311932832498407e+00 6.097768674760519531e+12
1.242261180563828615e+00 5.970138793550513672e+12
1.247230225286083849e+00 6.002055107885939453e+12
1.252219146187228072e+00 5.955430874521596680e+12
1.257228022771976983e+00 5.948587833430310547e+12
1.262256934863064783e+00 5.913506590606268555e+12
1.267305962602517155e+00 5.912637762819402344e+12
1.272375186452927354e+00 5.864531548195750000e+12
1.277464687198738957e+00 5.836466952000085938e+12
1.282574545947533950e+00 5.770011316002789062e+12
1.287704844131324133e+00 5.729645122626005859e+12
1.292855663507849417e+00 5.686386001059217773e+12
1.298027086161880783e+00 5.693402955006163086e+12
1.303219194506528344e+00 5.668068719838623047e+12
1.308432071284554521e+00 5.625976113324447266e+12
1.313665799569692760e+00 5.620046801308512695e+12
1.318920462767971591e+00 5.594032382200999023e+12
1.324196144619043336e+00 5.542110173229523438e+12
1.329492929197519491e+00 5.499153892630093750e+12
1.334810900914309650e+00 5.471387652085388672e+12
1.340150144517967101e+00 5.439842658735034180e+12
1.345510745096038852e+00 5.424762783353119141e+12
1.350892788076423212e+00 5.403058088716097656e+12
1.356296359228728932e+00 5.372589261241903320e+12
1.361721544665643879e+00 5.356599649480044922e+12
1.367168430844306393e+00 5.325701790717023438e+12
1.372637104567683730e+00 5.313103387376907227e+12
1.378127652985954299e+00 5.275210979545438477e+12
1.383640163597898098e+00 5.257682791397868164e+12
1.389174724252289828e+00 5.228116208183351562e+12
1.394731423149298877e+00 5.203138008709816406e+12
1.400310348841896202e+00 5.174443972817819336e+12
1.405911590237263642e+00 5.144000450572735352e+12
1.411535236598212784e+00 5.124811441343708984e+12
1.417181377544605603e+00 5.100200456627352539e+12
1.422850103054784210e+00 5.073165513764390625e+12
1.428541503467003038e+00 5.008945205410499023e+12
1.434255669480871243e+00 5.033499530842468750e+12
1.439992692158794885e+00 5.001868346273152344e+12
1.445752662927429988e+00 4.982347037449511719e+12
1.451535673579139596e+00 4.957267690336233398e+12
1.457341816273456159e+00 4.928328607690939453e+12
1.463171183538549913e+00 4.918154373510604492e+12
1.469023868272704147e+00 4.884788723061611328e+12
1.474899963745795128e+00 4.872594941102947266e+12
1.480799563600778246e+00 4.850377790721292969e+12
1.486722761855181485e+00 4.757331820133770508e+12
1.492669652902602007e+00 4.809988151004188477e+12
1.498640331514212276e+00 4.771542262243800781e+12
1.504634892840269300e+00 4.480123093585962891e+12
1.510653432411630304e+00 4.744654655566323242e+12
1.516696046141276843e+00 4.734928175266953125e+12
1.522762830325842032e+00 4.715957940523588867e+12
1.528853881647145307e+00 4.695247217400767578e+12
1.534969297173733649e+00 4.672567690652321289e+12
1.541109174362428780e+00 4.671411636827627930e+12
1.547273611059878373e+00 4.651655504443104492e+12
1.553462705504118135e+00 4.626266635814912109e+12
1.559676556326134556e+00 4.611103363830908203e+12
1.565915262551438980e+00 4.599608594800337891e+12
1.572178923601644795e+00 4.547498531236519531e+12
1.578467639296051495e+00 4.517041348241804688e+12
1.584781509853235626e+00 4.548054643308405273e+12
1.591120635892648405e+00 4.512964583093967773e+12
1.597485118436219098e+00 4.532624389224595703e+12
1.603875058909963958e+00 4.506135068125678711e+12
1.610290559145603595e+00 4.491478503484135742e+12
1.616731721382186127e+00 4.338207339425038574e+12
1.623198648267714761e+00 4.427724416981573242e+12
1.629691442860785600e+00 4.429981287590126953e+12
1.636210208632228769e+00 4.407973553404779297e+12
1.642755049466757766e+00 4.343232252687665039e+12
1.649326069664624805e+00 4.310765131631032715e+12
1.655923373943283039e+00 4.270093528979444336e+12
1.662547067439056336e+00 4.215663819758909180e+12
1.669197255708812611e+00 4.178634745744396973e+12
1.675874044731648027e+00 4.134392843898857910e+12
1.682577540910574321e+00 4.083966745988533691e+12
1.689307851074216771e+00 4.043461670803919434e+12
1.696065082478513508e+00 3.998579569405166504e+12
1.702849342808427480e+00 3.950134960921151855e+12
1.709660740179661298e+00 3.796764715344043945e+12
1.716499383140379864e+00 3.858304618998784668e+12
1.723365380672941427e+00 3.814964366041828125e+12
1.730258842195633306e+00 3.769237172466370605e+12
1.737179877564415831e+00 3.722149931158858398e+12
1.744128597074673603e+00 3.681351607504288086e+12
1.751105111462972097e+00 3.637937911840987793e+12
1.758109531908824241e+00 3.587088368562771973e+12
1.765141970036459451e+00 3.551405975280298340e+12
1.772202537916605314e+00 3.502916509460263672e+12
1.779291348068271716e+00 3.461422112102732910e+12
1.786408513460544745e+00 3.419878715780343750e+12
1.793554147514387020e+00 3.376019534348804199e+12
1.800728364104444257e+00 3.335549195903804688e+12
1.807931277560862249e+00 3.291452189634149902e+12
1.815163002671105641e+00 3.258990624573289062e+12
1.822423654681789795e+00 3.219274614882494141e+12
1.829713349300517100e+00 3.179525759926875000e+12
1.837032202697718830e+00 3.143055146157237793e+12
1.844380331508509885e+00 3.069792770954288574e+12
1.851757852834543527e+00 3.061430100702968262e+12
1.859164884245881888e+00 3.015195912121025879e+12
1.866601543782865358e+00 2.992949566022473633e+12
1.874067949957996859e+00 2.952424823260089844e+12
1.881564221757828781e+00 2.923150945747710938e+12
1.889090478644860127e+00 2.870046102136677246e+12
1.896646840559439662e+00 2.847539051639641602e+12
1.904233427921677269e+00 2.820122839643389160e+12
1.911850361633363971e+00 2.789094261667030762e+12
1.919497763079897279e+00 2.755839458679657715e+12
1.927175754132217200e+00 2.649289043408314941e+12
1.934884457148745796e+00 2.651784768711003418e+12
1.942623994977340729e+00 2.506232435638382324e+12
1.950394490957250149e+00 2.521760246074452637e+12
1.958196068921079336e+00 2.594010089626490723e+12
1.966028853196763793e+00 2.563756793158788086e+12
1.973892968609550991e+00 2.407703367338362793e+12
1.981788540483989447e+00 2.376796154592541504e+12
1.989715694645925126e+00 2.348691124123923828e+12
1.997674557424508723e+00 2.423129521331250488e+12
2.005665255654207169e+00 2.411390722858524902e+12
2.013687916676823786e+00 2.381651043828939453e+12
2.021742668343530891e+00 2.353276645605552734e+12
2.029829639016905052e+00 2.323110736937922852e+12
2.037948957572972564e+00 2.294733282462021484e+12
2.046100753403264694e+00 2.266232246975893555e+12
2.054285156416877811e+00 2.241404095236675781e+12
2.062502297042545507e+00 2.203209662449358887e+12
2.070752306230715600e+00 2.185897270120694580e+12
2.079035315455638244e+00 2.159798446562449219e+12
2.087351456717461140e+00 2.132909420973915771e+12
2.095700862544330967e+00 2.100973158411694824e+12
2.104083665994508134e+00 2.082995654242990723e+12
2.112500000658485977e+00 2.057525784053469971e+12
2.120950000661120161e+00 2.033328591327013672e+12
2.129433800663764753e+00 2.007912213364699219e+12
2.137951535866419839e+00 1.983547699066046631e+12
2.146503342009885351e+00 1.961171590922681152e+12
2.155089355377924676e+00 1.937538388297359619e+12
2.163709712799436691e+00 1.914526759893273926e+12
2.172364551650634468e+00 1.891043308344822754e+12
2.181054009857236853e+00 1.858821317498870850e+12
2.189778225896665376e+00 1.839375489988190918e+12
2.198537338800252705e+00 1.820751319643013672e+12
2.207331488155453325e+00 1.778482574838960449e+12
2.216160814108075083e+00 1.779092584154314697e+12
2.225025457364507631e+00 1.743729713635415283e+12
2.233925559193965515e+00 1.732083816620334961e+12
2.242861261430741493e+00 1.713266264185570312e+12
2.251832706476463830e+00 1.693472563029939941e+12
2.260840037302370042e+00 1.663079926607791016e+12
2.269883397451579299e+00 1.651322190193756836e+12
2.278962931041386142e+00 1.626593200361684082e+12
2.288078782765551100e+00 1.610906636794395996e+12
2.297231097896613505e+00 1.508186537716210205e+12
2.306420022288200311e+00 1.537383223326194336e+12
2.315645702377353121e+00 1.526332368499953369e+12
2.324908285186861878e+00 1.432548804490228760e+12
2.334207918327609654e+00 1.461021256061971191e+12
2.343544750000919663e+00 1.457941096302466553e+12
2.352918929000923143e+00 1.386595685539880859e+12
2.362330604716927240e+00 1.393531099625684082e+12
2.371779927135795329e+00 1.396807542792097656e+12
2.381267046844337987e+00 1.345348967957061523e+12
2.390792115031715070e+00 1.329734707226989258e+12
2.400355283491842240e+00 1.334289426374883789e+12
2.409956704625809465e+00 1.307883343519480225e+12
2.419596531444312859e+00 1.272596479170348145e+12
2.429274917570089620e+00 1.273485994567541260e+12
2.438992017240370291e+00 1.263204570744870361e+12
2.448747985309331465e+00 1.219088239311841797e+12
2.458542977250568917e+00 1.212158361890626221e+12
2.468377149159570738e+00 1.209899549465617432e+12
2.478250657756209563e+00 1.169607473670476074e+12
2.488163660387234355e+00 1.159001540765285889e+12
2.498116315028783063e+00 1.156762704546251221e+12
2.508108780288898387e+00 1.134399230208208008e+12
2.518141215410053757e+00 1.117239776915641357e+12
2.528213780271693967e+00 1.103615727832329102e+12
2.538326635392781139e+00 1.099433991234850830e+12
2.548479941934351789e+00 1.077951814652168335e+12
2.558673861702089436e+00 1.070291225632304688e+12
2.568908557148898097e+00 1.061437533353788696e+12
2.579184191377493551e+00 1.047439979372933350e+12
2.589500928143003478e+00 1.035058469956554321e+12
2.599858931855575594e+00 1.027216139336105225e+12
2.610258367582998229e+00 1.019220762308880249e+12
2.620699401053329769e+00 1.000086885888123535e+12
2.631182198657543214e+00 9.948857831430261230e+11
2.641706927452173392e+00 9.813747244889400635e+11
2.652273755161981938e+00 9.738222708913031006e+11
2.662882850182629824e+00 9.577439610989194336e+11
2.673534381583360542e+00 9.461763901790539551e+11
2.684228519109693956e+00 9.342666905977008057e+11
2.694965433186132575e+00 9.191777928689141846e+11
2.705745294918877164e+00 9.081335434191907959e+11
2.716568276098552559e+00 8.937188651874461670e+11
2.727434549202946812e+00 8.792682966478475342e+11
2.738344287399758326e+00 8.668167626027281494e+11
2.749297664549357201e+00 8.578306228678754883e+11
2.760294855207554576e+00 8.465039599741311035e+11
2.771336034628385292e+00 8.336738940206376953e+11
2.782421378766898545e+00 8.228462504895671387e+11
2.793551064281966312e+00 8.152911306138339844e+11
2.804725268539093985e+00 7.989403013662315674e+11
2.815944169613250558e+00 7.861562651754022217e+11
2.827207946291703244e+00 7.829925338034129639e+11
2.838516778076869862e+00 7.658577941141616211e+11
2.849870845189177437e+00 7.550186426611625977e+11
2.861270328569933685e+00 7.516899990609633789e+11
2.872715409884213589e+00 7.354515527477709961e+11
2.884206271523750420e+00 7.277481047547054443e+11
2.895743096609845413e+00 7.197938344481523438e+11
2.907326068996284985e+00 7.034844273970305176e+11
2.918955373272270393e+00 7.005331056529052734e+11
2.930631194765359826e+00 6.849116860496417236e+11
2.942353719544420709e+00 6.765559235330126953e+11
2.954123134422598440e+00 6.713246294661173096e+11
2.965939626960289122e+00 6.586434809326831055e+11
2.977803385468130504e+00 6.541890664219443359e+11
2.989714599010003138e+00 6.416522903615758057e+11
3.001673457406043077e+00 6.356616182770456543e+11
3.013680151235667015e+00 6.274127696134167480e+11
3.025734871840609408e+00 6.139858811963548584e+11
3.037837811327972037e+00 6.139245528265334473e+11
3.049989162573283785e+00 5.997445847348802490e+11
3.062189119223576395e+00 5.963436033226112061e+11
3.074437875700470890e+00 5.857099736024605713e+11
3.086735627203272880e+00 5.784830970629915771e+11
3.099082569712085622e+00 5.727787631507576904e+11
3.111478899990933744e+00 5.628526476625220947e+11
3.123924815590897186e+00 5.578237407772164307e+11
3.136420514853261121e+00 5.496120231152996826e+11
3.148966196912674320e+00 5.429558569718062134e+11
3.161562061700325277e+00 5.362258593260121460e+11
3.174208309947126327e+00 5.284146399290133057e+11
3.186905143186915090e+00 5.233532656586189575e+11
3.199652763759662566e+00 5.142336516302400513e+11
3.212451374814701222e+00 5.106431391647352905e+11
3.225301180313960625e+00 5.028267916948883057e+11
3.238202385035215958e+00 4.963995380410194092e+11
3.251155194575356955e+00 4.904007596805958252e+11
3.264159815353658622e+00 4.838453961110803223e+11
3.277216454615073271e+00 4.777477941324954834e+11
3.290325320433533207e+00 4.713450307404741211e+11
3.303486621715267635e+00 4.658457889586163330e+11
3.316700568202128441e+00 4.585044798890048828e+11
3.329967370474937294e+00 4.542387367711922607e+11
3.343287239956836743e+00 4.473594246318055420e+11
3.356660388916663962e+00 4.419715368455885010e+11
3.370087030472330714e+00 4.361974338387634277e+11
3.383567378594220187e+00 4.302228799502106934e+11
3.397101648108596716e+00 4.243699431069542236e+11
3.410690054701031482e+00 4.179145760324238281e+11
3.424332814919834878e+00 4.136790700172788696e+11
3.438030146179514634e+00 4.080273346138039551e+11
3.451782266764232610e+00 4.026598548873766479e+11
3.465589395831289998e+00 3.973048621035200806e+11
3.479451753414614767e+00 3.919174704899906616e+11
3.493369560428273068e+00 3.864441612543517456e+11
3.507343038669985980e+00 3.816910877938374634e+11
3.521372410824665788e+00 3.760560769653477783e+11
3.535457900467964709e+00 3.711834692643205566e+11
3.549599732069836477e+00 3.662000525477290039e+11
3.563798130998116154e+00 3.611204443124004517e+11
3.578053323522108364e+00 3.562666477739342041e+11
3.592365536816196858e+00 3.514516583071807251e+11
3.606734998963461614e+00 3.466181597901911621e+11
3.621161938959315041e+00 3.418300808473511963e+11
3.635646586715152839e+00 3.371339811516369019e+11
3.650189173062013293e+00 3.324958385627767944e+11
3.664789929754260545e+00 3.279340175163024902e+11
3.679449089473277645e+00 3.230337676864664307e+11
3.694166885831170699e+00 3.189138002378214111e+11
3.708943553374495661e+00 3.145085981830780640e+11
3.723779327587993571e+00 3.102528092011905518e+11
3.738674444898345328e+00 3.058381189496198730e+11
3.753629142677938901e+00 3.017692809307441406e+11
3.768643659248651190e+00 2.974727741010936890e+11
3.783718233885645432e+00 2.934560870726964722e+11
3.798853106821188153e+00 2.893218481660131836e+11
3.814048519248473657e+00 2.853076042389965820e+11
3.829304713325467180e+00 2.811727288641694946e+11
3.844621932178768908e+00 2.773183422522520142e+11
3.860000419907484215e+00 2.734314225665028381e+11
3.875440421587113882e+00 2.695429888897697144e+11
3.890942183273462529e+00 2.657316141731143799e+11
3.906505952006555926e+00 2.620505597076314697e+11
3.922131975814582727e+00 2.583671575159322510e+11
3.937820503717840648e+00 2.546446046620160217e+11
3.953571785732711508e+00 2.506172755814007568e+11
3.969386072875642490e+00 2.474505468110784302e+11
3.985263617167145167e+00 2.434388561995993652e+11
4.001204671635814059e+00 2.402512422465903320e+11
4.017209490322357190e+00 2.369327161215492554e+11
4.033278328283646630e+00 2.335086706383288574e+11
4.049411441596781458e+00 2.293958188815449524e+11
4.065609087363168506e+00 2.268017143859270935e+11
4.081871523712622185e+00 2.232039018506194458e+11
4.098199009807472315e+00 2.202381676387210999e+11
4.114591805846702144e+00 2.171163312650443115e+11
4.131050173070089038e+00 2.137292647542168579e+11
4.147574373762369149e+00 2.109768019246404724e+11
4.164164671257418959e+00 2.076732352722288208e+11
4.180821329942449260e+00 2.048456048884989929e+11
4.197544615262219558e+00 2.016898852542872925e+11
4.214334793723269357e+00 1.987982842406153259e+11
4.231192132898162761e+00 1.963147305795960388e+11
4.248116901429755288e+00 1.931914910549047546e+11
4.265109369035473996e+00 1.905034190551291199e+11
4.282169806511615384e+00 1.879150786660989990e+11
4.299298485737661935e+00 1.750555606619193115e+11
4.316495679680612874e+00 1.740863316950116272e+11
4.333761662399335357e+00 1.712725647524480286e+11
4.351096709048932532e+00 1.645000916019809875e+11
4.368501095885127583e+00 1.602397031707372742e+11
4.385975100268668214e+00 1.571481719637727356e+11
4.403519000669743555e+00 1.529102868061047668e+11
4.421133076672422391e+00 1.494315123992260437e+11
4.438817608979111817e+00 1.469166401522174683e+11
4.456572879415028332e+00 1.444237574013909607e+11
4.474399170932688463e+00 1.391118134967700806e+11
4.492296767616419828e+00 1.387517741783439026e+11
4.510265954686884626e+00 1.374839572170419922e+11
4.528307018505633330e+00 1.331233430719960785e+11
4.546420246579655711e+00 1.320701592547320099e+11
4.564605927565974497e+00 1.300828754490073242e+11
4.582864351276237258e+00 1.283007865936063232e+11
4.601195808681342925e+00 1.264320864441070862e+11
4.619600591916067422e+00 1.264548018342246552e+11
4.638078994283731937e+00 1.240301217098200073e+11
4.656631310260867629e+00 1.245590321906013489e+11
4.675257835501911430e+00 1.221520239732178955e+11
4.693958866843916944e+00 1.205371718283103943e+11
4.712734702311292878e+00 1.190894987856576691e+11
4.731585641120538810e+00 1.185004384177158813e+11
4.750511983685020923e+00 1.161940347099686127e+11
4.769514031619761063e+00 1.146111234751789856e+11
4.788592087746240011e+00 1.132520090880244904e+11
4.807746456097224730e+00 1.115417733290498657e+11
4.826977441921613377e+00 1.112022606076268158e+11
4.846285351689299858e+00 1.093687981532922058e+11
4.865670493096057925e+00 1.080817757848282166e+11
4.885133175068442135e+00 1.056697581635876617e+11
4.904673707768715474e+00 1.049727469384582672e+11
4.924292402599791174e+00 1.023769235107705688e+11
4.943989572210189642e+00 1.013397165933276978e+11
4.963765530499030021e+00 9.910538711059806824e+10
4.983620592621027079e+00 9.883531082545927429e+10
5.003555074991511198e+00 9.703567004887236023e+10
5.023569295291476777e+00 9.506993993055703735e+10
5.043663572472643075e+00 9.558186738421018982e+10
5.063838226762532813e+00 9.369645464994557190e+10
5.084093579669583640e+00 9.153500542852987671e+10
5.104429953988261381e+00 9.100237338398576355e+10
5.124847673804215020e+00 8.959200494247047424e+10
5.145347064499431688e+00 8.959512442971466064e+10
5.165928452757428957e+00 8.691807123003520203e+10
5.186592166568458673e+00 8.709677660156240845e+10
5.207338535234733001e+00 8.454116871391049194e+10
5.228167889375671784e+00 8.464481477317637634e+10
5.249080560933174766e+00 8.255643844205476379e+10
5.270076883176907145e+00 8.232711273262794495e+10
5.291157190709615321e+00 8.033523544501947021e+10
5.312321819472453299e+00 8.038262218285438538e+10
5.333571106750343738e+00 7.852576548611468506e+10
5.354905391177344320e+00 7.795702976825738525e+10
5.376325012742054099e+00 7.681919378277615356e+10
5.397830312793021612e+00 7.630041855530409241e+10
5.419421634044193858e+00 7.434069961197306824e+10
5.441099320580370602e+00 7.432462203576249695e+10
5.462863717862692425e+00 7.253973506770945740e+10
5.484715172734142996e+00 7.198388231412734985e+10
5.506654033425078865e+00 7.091737132731071472e+10
5.528680649558780580e+00 7.067711275363844299e+10
5.550795372157015350e+00 6.907079265707011414e+10
5.572998553645643227e+00 6.826380368396238708e+10
5.595290547860225949e+00 6.757084304373339844e+10
5.617671710051667766e+00 6.661699853254467773e+10
5.640142396891874021e+00 6.576995113618354034e+10
5.662702966479441713e+00 6.502420461906227875e+10
5.685353778345359821e+00 6.352986220160720062e+10
5.708095193458740724e+00 6.315195355544651794e+10
5.730927574232576482e+00 6.219263962512773895e+10
5.753851284529505783e+00 6.161278218717277527e+10
5.776866689667624399e+00 6.079932242371858978e+10
5.799974156426294769e+00 5.997042593325885773e+10
5.823174053051999977e+00 5.887299741791793060e+10
5.846466749264207508e+00 5.813258941758329010e+10
5.869852616261264977e+00 5.748856287344467926e+10
5.893332026726310069e+00 5.657248231512939453e+10
5.916905354833215114e+00 5.601647522388413239e+10
5.940572976252548543e+00 5.514480682061310577e+10
5.964335268157558545e+00 5.437756031585395050e+10
5.988192609230189589e+00 5.360547909063043213e+10
6.012145379667110490e+00 5.289866471932791138e+10
6.036193961185778889e+00 5.206522232995928955e+10
6.060338737030522616e+00 5.142899436759525299e+10
6.084580091978644134e+00 5.078312899740572357e+10
6.108918412346558746e+00 4.996371563311273193e+10
6.133354085995945226e+00 4.936757386128269958e+10
6.157887502339929320e+00 4.866809680091297150e+10
6.182519052349287669e+00 4.789540924135626221e+10
6.207249128558685491e+00 4.723288622624143219e+10
6.232078125072920471e+00 4.657029447129266357e+10
6.257006437573212843e+00 4.588476995328344727e+10
6.282034463323505236e+00 4.522237293206159210e+10
6.307162601176800720e+00 4.455877550837162018e+10
6.332391251581507063e+00 4.391912257345654297e+10
6.357720816587833390e+00 4.324339946375292206e+10
6.383151699854184180e+00 4.257306876977556610e+10
6.408684306653601226e+00 4.188211371046123505e+10
6.434319043880215361e+00 4.127812575568457794e+10
6.460056320055736379e+00 4.040990314508198547e+10
6.485896545335958052e+00 3.960873799399548340e+10
6.511840131517302233e+00 3.907598758677486420e+10
6.537887492043371829e+00 3.843877299031161499e+10
6.564039042011545533e+00 3.774539322700706482e+10
6.590295198179591196e+00 3.702867895484860992e+10
6.616656378972309405e+00 3.651713625411760712e+10
6.643123004488199257e+00 3.591916761453623199e+10
6.669695496506150789e+00 3.540403840434356689e+10
6.696374278492176479e+00 3.482491541307241058e+10
6.723159775606144528e+00 3.441141142590435791e+10
6.750052414708568094e+00 3.392300770476013184e+10
6.777052624367403411e+00 3.318046442641452408e+10
6.804160834864871887e+00 3.277503969840775681e+10
6.831377478204331055e+00 3.220407044533050156e+10
6.858702988117148180e+00 3.190573938607272720e+10
6.886137800069615622e+00 3.143674878246431732e+10
6.913682351269895499e+00 3.084156197191578293e+10
6.941337080674975013e+00 3.041964430846002960e+10
6.969102428997675069e+00 3.000042583378907394e+10
6.996978838713665994e+00 2.958074562893939972e+10
7.024966754068519670e+00 2.911857786886307144e+10
7.053066621084793653e+00 2.868969912471929169e+10
7.081278887569133929e+00 2.824633425339273453e+10
7.109604003119409654e+00 2.779868568797669220e+10
7.138042419131887861e+00 2.746894482104739761e+10
7.166594588808414379e+00 2.705163713968040085e+10
7.195260967163648047e+00 2.662290072734620667e+10
7.224042011032302923e+00 2.619528656024411774e+10
7.252938179076432235e+00 2.580843165175040817e+10
7.281949931792737196e+00 2.548167533157981491e+10
7.311077731519908696e+00 2.513064088862062454e+10
7.340322042445988515e+00 2.464284009250175095e+10
7.369683330615771411e+00 2.429617093206657028e+10
7.399162063938235612e+00 2.404903727201404572e+10
7.428758712193988423e+00 2.356060100017337036e+10
7.458473747042765112e+00 2.329756832312423706e+10
7.488307642030935796e+00 2.293806124841158676e+10
7.518260872599060285e+00 2.258377078085421753e+10
7.548333916089456253e+00 2.228995463401980972e+10
7.578527251753813587e+00 2.185674723778421021e+10
7.608841360760829176e+00 2.146153677809861374e+10
7.639276726203872769e+00 2.119921473976809692e+10
7.669833833108687493e+00 2.083058150408354568e+10
7.700513168441122325e+00 2.055362525199488449e+10
7.731315221114887670e+00 2.015062418470247650e+10
7.762240481999347352e+00 1.981600543963256836e+10
7.793289443927344351e+00 1.950589161577842712e+10
7.824462601703054077e+00 1.928657117121464539e+10
7.855760452109866065e+00 1.891704414350461960e+10
7.887183493918306532e+00 1.856075296966435242e+10
7.918732227893980458e+00 1.832557149549527359e+10
7.950407156805555431e+00 1.808449399807516098e+10
7.982208785432777454e+00 1.771809578473977280e+10
8.014137620574508958e+00 1.753542648939958572e+10
8.046194171056805899e+00 1.715963078419378853e+10
8.078378947741034821e+00 1.697234708651822090e+10
8.110692463531997021e+00 1.670039829805201530e+10
8.143135233386125549e+00 1.649707865794496536e+10
8.175707774319670662e+00 1.623940112583581352e+10
8.208410605416949224e+00 1.597154892963234520e+10
8.241244247838615422e+00 1.579097570843198586e+10
8.274209224829968790e+00 1.550354144785675430e+10
8.307306061729288871e+00 1.529808424031955719e+10
8.340535285976207192e+00 1.505038320686884117e+10
8.373897427120111203e+00 1.478129528127194214e+10
8.407393016828594412e+00 1.465863026940490913e+10
8.441022588895906509e+00 1.438074772322899055e+10
8.474786679251490540e+00 1.418554631683323669e+10
8.508685825968495209e+00 1.393497306941258621e+10
8.542720569272368891e+00 1.375716183368304825e+10
8.576891451549458978e+00 1.353431778854648972e+10
8.611199017355655627e+00 1.337013339331335449e+10
8.645643813425078150e+00 1.316576145103621483e+10
8.680226388678779159e+00 1.296517237229494667e+10
8.714947294233493125e+00 1.277224391987920570e+10
8.749807083410427566e+00 1.253016579585441780e+10
8.784806311744070229e+00 1.240401397313554382e+10
8.819945536991047774e+00 1.218776783076565933e+10
8.855225319139009343e+00 1.201540328480677414e+10
8.890646220415566958e+00 1.185568380924625778e+10
8.926208805297228821e+00 1.168789977035925102e+10
8.961913640518417878e+00 1.147509416274236870e+10
8.997761295080492161e+00 1.131546658372234726e+10
9.033752340260813085e+00 1.116494336427754211e+10
9.069887349621856387e+00 1.101145876251023102e+10
9.106166899020346150e+00 1.080913358921262360e+10
9.142591566616424359e+00 1.066522121547021294e+10
9.179161932882891506e+00 1.050681232593899918e+10
9.215878580614422333e+00 1.034005319876299477e+10
9.252742094936881045e+00 1.017553351953763580e+10
9.289753063316627646e+00 1.004857483614448738e+10
9.326912075569895322e+00 9.870105043661798477e+09
9.364219723872173162e+00 9.760704140766740799e+09
9.401676602767663482e+00 9.587354722320178986e+09
9.439283309178733816e+00 9.430631529110477448e+09
9.477040442415447075e+00 9.303209154495952606e+09
9.514948604185111236e+00 9.166329880051784515e+09
9.553008398601852136e+00 9.036389794737314224e+09
9.591220432196260859e+00 8.876890826059865952e+09
9.629585313925044687e+00 8.742291974921619415e+09
9.668103655180747324e+00 8.616159191078977585e+09
9.706776069801470896e+00 8.491053634576178551e+09
9.745603174080676112e+00 8.361898786324930191e+09
9.784585586776998412e+00 8.241089070994812012e+09
9.823723929124106746e+00 8.106859010341133118e+09
9.863018824840601440e+00 7.981792840829735756e+09
9.902470900139965337e+00 7.810594649776791573e+09
9.942080783740523842e+00 7.735141498646869659e+09
9.981849106875488431e+00 7.606647389915360451e+09
1.002177650330298952e+01 7.503560023523504257e+09
1.006186360931619994e+01 7.369244785759562492e+09
1.010211106375346723e+01 7.251184239928395271e+09
1.014251950800847979e+01 7.142654218611706734e+09
1.018308958604051284e+01 7.046661722893855095e+09
1.022382194438467451e+01 6.929910537293662071e+09
1.026471723216221399e+01 6.811137371439330101e+09
1.030577610109086173e+01 6.699706977854470253e+09
1.034699920549522467e+01 6.603999990567971230e+09
1.038838720231720458e+01 6.498631834121296883e+09
1.042994075112647501e+01 6.393208857274825096e+09
1.047166051413097954e+01 6.288064066528467178e+09
1.051354715618750468e+01 6.185851727384406090e+09
1.055560134481225454e+01 6.091148973881824493e+09
1.059782375019150358e+01 5.998864967128682137e+09
1.064021504519226902e+01 5.926691491817282677e+09
1.068277590537303823e+01 5.819026387127212524e+09
1.072550700899452991e+01 5.705388101375829697e+09
1.076840903703050856e+01 5.624766781116077423e+09
1.081148267317863088e+01 5.538846803474523544e+09
1.085472860387134553e+01 5.501100794671286583e+09
1.089814751828683015e+01 5.341174628747747421e+09
1.094174010835997635e+01 5.290024782423164368e+09
1.098550706879341909e+01 5.179449498811806679e+09
1.102944909706859100e+01 5.113060179126095772e+09
1.107356689345686540e+01 5.039808034993112564e+09
1.111786116103069233e+01 4.954737363008050919e+09
1.116233260567481622e+01 4.886473686255121231e+09
1.120698193609751492e+01 4.785661715275344849e+09
1.125180986384190440e+01 4.732111597342831612e+09
1.129681710329727373e+01 4.649364470381337166e+09
1.134200437171046083e+01 4.586740160859958649e+09
1.138737238919730466e+01 4.522790705590141296e+09
1.143292187875409383e+01 4.423491631634956360e+09
1.147865356626910938e+01 4.372485553022491455e+09
1.152456818053418530e+01 4.289097343739718437e+09
1.157066645325632237e+01 4.228465105779055119e+09
1.161694911906934635e+01 4.149852680030238628e+09
1.166341691554562487e+01 4.115784100259898663e+09
1.171007058320780736e+01 4.037410247627307892e+09
1.175691086554063958e+01 3.946134310270784378e+09
1.180393850900279951e+01 3.914055665166290283e+09
1.185115426303881137e+01 3.836840355814566135e+09
1.189855888009096674e+01 3.797350867199182034e+09
1.194615311561133097e+01 3.740642404133744717e+09
1.199393772807377623e+01 3.675307108868514061e+09
1.204191347898607134e+01 3.617388271940544128e+09
1.209008113290201614e+01 3.552650336619772911e+09
1.213844145743362368e+01 3.493803121318744183e+09
1.218699522326335938e+01 3.456610071768351555e+09
1.223574320415641381e+01 3.394900329546834946e+09
1.228468617697303777e+01 3.362981311460639954e+09
1.233382492168093059e+01 3.278178792191294193e+09
1.238316022136765504e+01 3.244759252897283077e+09
1.243269286225312520e+01 3.160870226569641113e+09
1.248242363370213859e+01 3.150622130654047012e+09
1.253235332823694748e+01 3.080454375047399521e+09
1.258248274154989410e+01 3.050266134458315372e+09
1.263281267251609385e+01 3.002903195020934105e+09
1.268334392320615756e+01 2.947072116454778194e+09
1.273407729889898299e+01 2.924653649236176968e+09
1.278501360809457665e+01 2.847479243375161171e+09
1.283615366252695544e+01 2.794135413776131630e+09
1.288749827717706253e+01 2.786705313472019672e+09
1.293904827028577031e+01 2.712670390688344002e+09
1.299080446336691352e+01 2.695431092669499874e+09
1.304276768122038099e+01 2.635442645077144623e+09
1.309493875194526424e+01 2.604143425826413155e+09
1.314731850695304693e+01 2.562332389057176590e+09
1.319990778098085649e+01 2.517008375917598248e+09
1.325270741210477965e+01 2.476182343549250126e+09
1.330571824175319939e+01 2.437787179220663548e+09
1.335894111472021173e+01 2.399025074791520119e+09
1.341237687917909227e+01 2.379553741739181042e+09
1.346602638669580898e+01 2.322418505234342098e+09
1.351989049224258999e+01 2.305484102402399063e+09
1.357397005421156067e+01 2.251467178089479446e+09
1.362826593442840917e+01 2.221847904559782982e+09
1.368277899816612297e+01 2.191082287626889706e+09
1.373751011415878942e+01 2.143991000125161409e+09
1.379246015461542463e+01 2.128281490720751524e+09
1.384762999523388416e+01 2.079364735227666378e+09
1.390302051521481808e+01 2.072553363031170368e+09
1.395863259727567751e+01 2.030101542554077625e+09
1.401446712766477987e+01 1.990058892528269768e+09
1.407052499617543972e+01 1.980654448797164440e+09
1.412680709616014063e+01 1.920638072757009745e+09
1.418331432454478147e+01 1.884655355162770510e+09
1.424004758184296193e+01 1.876461949849494457e+09
1.429700777217033369e+01 1.851987443750500679e+09
1.435419580325901379e+01 1.809459250863722086e+09
1.441161258647204946e+01 1.789208203591144562e+09
1.446925903681793812e+01 1.750225562589070320e+09
1.452713607296521126e+01 1.737471432882850409e+09
1.458524461725707155e+01 1.705782820531817198e+09
1.464358559572609764e+01 1.668248802789160252e+09
1.470215993810900557e+01 1.645966763943600178e+09
1.476096857786143879e+01 1.639158069016733646e+09
1.482001245217288599e+01 1.601681256577677011e+09
1.487929250198157760e+01 1.572747645284399748e+09
1.493880967198950316e+01 1.552523442966040134e+09
1.499856491067746056e+01 1.528791153515726566e+09
1.505855917032016933e+01 1.506049036564858437e+09
1.511879340700144958e+01 1.478134625277250290e+09
1.517926858062945605e+01 1.456085441388943911e+09
1.523998565495197433e+01 1.439753258416779280e+09
1.530094559757178274e+01 1.411078390189352989e+09
1.536214937996206764e+01 1.390184871488886118e+09
1.542359797748191674e+01 1.366698940790768147e+09
1.548529236939184450e+01 1.349188342212723494e+09
1.554723353886941339e+01 1.322027979721525431e+09
1.560942247302489072e+01 1.311315280107990503e+09
1.567186016291699069e+01 1.285691715330738544e+09
1.573454760356865556e+01 1.261608025559657574e+09
1.579748579398293096e+01 1.252356135287185907e+09
1.586067573715886247e+01 1.226183301615360260e+09
1.592411844010749888e+01 1.211288507288899422e+09
1.598781491386792730e+01 1.181547280140213013e+09
1.605176617352340074e+01 1.169413101676289082e+09
1.611597323821749228e+01 1.147645526927496910e+09
1.618043713117036120e+01 1.133108903352590561e+09
1.624515887969504391e+01 1.111120588648043633e+09
1.631013951521382310e+01 1.103494580684251785e+09
1.637538007327468037e+01 1.085934267350987196e+09
1.644088159356778078e+01 1.067796811608524203e+09
1.650664511994205341e+01 1.046772781046184778e+09
1.657267170042182158e+01 1.028817134443042517e+09
1.663896238722350418e+01 1.008504983537085652e+09
1.670551823677240222e+01 1.002186853032472014e+09
1.677234030971949608e+01 9.881830311904821396e+08
1.683942967095837062e+01 9.690052384937968254e+08
1.690678738964220429e+01 9.528704658191266060e+08
1.697441453920077237e+01 9.394163115532343388e+08
1.704231219735757108e+01 9.324739421970542669e+08
1.711048144614700561e+01 9.050702316940268278e+08
1.717892337193159236e+01 8.983823282513560057e+08
1.724763906541932101e+01 8.773046734930155277e+08
1.731662962168099895e+01 8.659088734237006903e+08
1.738589614016772344e+01 8.529399773907530308e+08
1.745543972472839300e+01 8.448436843662040234e+08
1.752526148362730751e+01 8.311241360561631918e+08
1.759536252956181812e+01 8.140546518344496489e+08
1.766574397968006238e+01 8.006468838196543455e+08
1.773640695559878466e+01 7.904338544896123409e+08
1.780735258342117433e+01 7.789580380481319427e+08
1.787858199375486024e+01 7.715848701077218056e+08
1.795009632172988034e+01 7.507454116637020111e+08
1.802189670701679702e+01 7.450149731732256413e+08
1.809398429384486562e+01 7.336180243626261950e+08
1.816636023102024211e+01 7.115193135220196247e+08
1.823902567194432578e+01 7.114830783063465357e+08
1.831198177463210186e+01 7.005136346056463718e+08
1.838522970173062987e+01 6.873433629877241850e+08
1.845877062053754969e+01 6.762428136341995001e+08
1.853260570301970134e+01 6.619344578364689350e+08
1.860673612583178027e+01 6.494430844011760950e+08
1.868116307033510637e+01 6.445993580160293579e+08
1.875588772261644976e+01 6.337710987339659929e+08
1.883091127350691352e+01 6.281491295436128378e+08
1.890623491860094063e+01 6.154281532379510403e+08
1.898185985827534594e+01 6.036419814122720957e+08
1.905778729770844748e+01 5.990880527773647308e+08
1.913401844689928311e+01 5.908910480065658092e+08
1.921055452068688041e+01 5.733508496732187271e+08
1.928739673876962968e+01 5.693233417296640873e+08
1.936454632572470658e+01 5.624176001399548054e+08
1.944200451102760141e+01 5.465601953408225775e+08
1.951977252907171589e+01 5.474866847971227169e+08
1.959785161918800256e+01 5.331769060714105964e+08
1.967624302566475691e+01 5.258375956119846702e+08
1.991079942767366973e+01 5.214880836275482774e+08
