# Wavelength (micrometer), Flux (W / m2 / m)
1.000553076518779783e-01 1.225055011207193303e+02
1.004555288824854897e-01 2.147576202867932337e-19
1.008573509980154326e-01 6.154001684431182204e-19
1.012607804020075053e-01 8.591353478422692448e-19
1.016658235236155422e-01 5.005184011081408455e-19
1.020724868177099870e-01 1.563334095793486742e-15
1.024807767649808382e-01 6.188577143253872478e-18
1.028906998720407612e-01 3.256051135191603079e-18
1.033022626715289355e-01 8.463872077520188561e-15
1.037154717222150413e-01 2.880479824734026755e-18
1.041303336091038839e-01 1.162488769449146332e-17
1.045468549435403099e-01 1.471725958685301467e-16
1.049650423633144702e-01 2.590990619269974073e-18
1.053849025327677214e-01 2.663827278278209938e-15
1.058064421428987906e-01 1.367847672080796054e-17
1.062296679114703990e-01 6.002564536198384861e-15
1.066545865831162732e-01 5.436233847431911918e-16
1.070812049294487533e-01 1.352796282621588207e-16
1.075095297491665408e-01 9.093819931521603603e-14
1.079395678681632220e-01 2.292353087249991344e-16
1.083713261396358624e-01 1.157565491018189587e-13
1.088048114441943909e-01 4.037231142261379873e-14
1.092400306899711654e-01 1.079381141677772257e-10
1.096769908127310511e-01 8.686712179964775845e-14
1.101156987759819850e-01 7.503707059882453910e-14
1.105561615710859147e-01 3.629998496765330030e-11
1.109983862173702651e-01 3.314904663866118879e-12
1.114423797622397516e-01 7.334969891854716096e-13
1.118881492812886930e-01 1.133854399692683622e-13
1.123357018784138517e-01 8.248358965421548217e-13
1.127850446859275102e-01 4.661259557514590467e-09
1.132361848646712132e-01 8.418126334915660121e-10
1.136891296041298988e-01 8.312437573020537710e-10
1.141438861225464035e-01 1.015004401094974821e-09
1.146004616670366072e-01 1.273786781947676089e-09
1.150588635137047705e-01 8.635970706140437474e-10
1.155190989677595953e-01 3.990321877168009270e-10
1.159811753636306314e-01 1.390426579896511011e-09
1.164451000650851553e-01 8.909985119399196682e-11
1.169108804653455069e-01 9.838428915382805267e-11
1.173785239872068981e-01 7.794316715305562351e-11
1.178480380831557206e-01 3.665284235764585507e-11
1.183194302354883543e-01 1.397432085774388793e-10
1.187927079564302935e-01 5.590962092924476208e-12
1.192678787882560099e-01 5.426588147930334276e-12
1.197449503034090645e-01 1.925287728559117118e-12
1.202239301046226783e-01 3.828572108424761144e-13
1.207048258250411760e-01 1.449823366431986298e-11
1.211876451283413342e-01 7.894291054809647609e-13
1.216723957088547137e-01 1.079686214449827469e-14
1.221590852916901310e-01 4.006992828687182712e-12
1.226477216328568792e-01 8.228347841302407888e-11
1.231383125193883099e-01 1.651177380510032508e-13
1.236308657694658586e-01 3.027611889732284349e-12
1.241253892325437369e-01 3.326749703365055111e-12
1.246218907894739159e-01 6.110147592561907920e-13
1.251203783526317892e-01 1.420354075838391203e-11
1.256208598660423226e-01 1.720235768306941790e-10
1.261233433055065078e-01 4.700347153880380177e-11
1.266278366787285392e-01 5.702710117449230729e-13
1.271343480254434610e-01 9.223963310231349723e-10
1.276428854175452321e-01 1.156813571542985585e-10
1.281534569592154005e-01 1.391514520555748018e-11
1.286660707870522780e-01 2.571949428538830260e-10
1.291807350702004475e-01 7.210536955290148057e-10
1.296974580104812425e-01 1.047033547275428514e-09
1.302162478425231973e-01 3.495483413849066164e-13
1.307371128338932764e-01 9.284648182700871306e-11
1.312600612852288795e-01 9.217638863348946502e-09
1.317851015303697915e-01 3.366441377824987882e-11
1.323122419364912705e-01 1.288825928521182682e-09
1.328414909042372472e-01 4.896384134298999913e-09
1.333728568678542170e-01 1.127001956936234453e-09
1.339063482953256612e-01 7.467412749623180818e-12
1.344419736885069383e-01 1.486049124539028563e-09
1.349797415832609815e-01 3.872000286592792721e-09
1.355196605495940232e-01 1.816697262757188752e-09
1.360617391917924301e-01 4.110377562071536030e-09
1.366059861485595939e-01 4.534700065605692400e-10
1.371524100931538481e-01 8.129253235819552870e-12
1.377010197335264696e-01 1.100530569238879690e-10
1.382518238124605670e-01 7.051107468457162330e-08
1.388048311077104136e-01 7.215007028425620203e-09
1.393600504321412248e-01 1.539703564904499751e-10
1.399174906338697677e-01 8.665069925895063777e-11
1.404771605964052761e-01 3.508118211299032401e-08
1.410390692387908651e-01 1.277440894974949912e-09
1.416032255157460562e-01 1.377522406218704392e-07
1.421696384178090522e-01 7.550084436632285732e-12
1.427383169714803168e-01 1.011324998104931657e-08
1.433092702393662099e-01 2.305808100195274726e-06
1.438825073203236771e-01 6.131076239527128232e-08
1.444580373496049674e-01 1.447728552451077174e-06
1.450358694990033503e-01 3.892012567555891308e-08
1.456160129769993872e-01 2.795678086067854217e-06
1.461984770289073976e-01 9.061377384905962181e-06
1.467832709370230082e-01 3.179420685533355333e-07
1.473704040207710897e-01 4.372169044701139338e-06
1.479598856368541382e-01 5.293590412141662510e-09
1.485517251794015725e-01 8.853536013055209293e-07
1.491459320801191979e-01 3.186101783531132100e-06
1.497425158084396690e-01 1.858305431906263809e-07
1.503414858716734248e-01 3.626752582980074602e-05
1.509428518151600951e-01 7.143414656182790439e-07
1.515466232224207677e-01 4.128177557487382015e-10
1.521528097153104220e-01 2.746473701787199513e-08
1.527614209541716672e-01 3.015488374602080464e-12
1.533724666379883694e-01 3.283351338848775043e-12
1.539859565045403056e-01 1.023976518262054976e-12
1.546019003305584838e-01 1.075092958602160073e-14
1.552203079318807133e-01 1.032788418820097933e-13
1.558411891636082569e-01 7.887808313390007491e-14
1.564645539202626778e-01 6.152609159762065741e-14
1.570904121359437411e-01 1.655733027023196520e-13
1.577187737844875093e-01 3.642934953631498092e-14
1.583496488796254653e-01 2.976918965481933307e-13
1.589830474751439959e-01 1.291710946467513783e-12
1.596189796650445414e-01 1.843987589267362581e-13
1.602574555837047166e-01 3.266599906394820606e-13
1.608984854060395708e-01 9.445211540057291042e-13
1.615420793476636807e-01 6.292321306535179137e-13
1.621882476650543525e-01 8.700655308808251048e-13
1.628370006557145755e-01 9.067592911208346572e-13
1.634883486583374457e-01 1.782757277833838193e-12
1.641423020529707844e-01 2.806504301803283084e-12
1.647988712611826723e-01 3.240266545586163356e-12
1.654580667462274002e-01 7.264578365581631680e-13
1.661198990132123077e-01 8.159958012498609344e-12
1.667843786092651215e-01 7.907862141980194994e-12
1.674515161237022098e-01 2.570820538118162384e-11
1.681213221881969755e-01 9.448238113345976695e-11
1.687938074769497754e-01 3.294067411965734906e-11
1.694689827068575905e-01 1.114446736634992425e-09
1.701468586376850278e-01 3.615493608346227567e-10
1.708274460722357391e-01 4.270187559817422320e-10
1.715107558565246715e-01 6.986821974909472610e-10
1.721967988799507909e-01 4.975110610970713846e-10
1.728855860754705820e-01 1.224492120692349874e-09
1.735771284197724640e-01 5.873040466973378649e-10
1.742714369334515678e-01 2.900389217634220528e-10
1.749685226811853456e-01 5.031521726176792783e-09
1.756683967719100681e-01 1.090711739193641123e-09
1.763710703589977391e-01 2.256541458803739376e-08
1.770765546404337309e-01 3.515856342063584729e-08
1.777848608589954471e-01 1.495682460954227021e-09
1.784960003024314568e-01 9.912303978342546083e-08
1.792099843036411844e-01 4.949277866263458329e-08
1.799268242408557650e-01 4.224307289614762291e-08
1.806465315378191772e-01 6.705873812944581402e-07
1.813691176639704306e-01 7.836556542261873654e-09
1.820945941346263086e-01 7.578731800813253975e-08
1.828229725111648329e-01 3.377648765396576683e-08
1.835542644012094771e-01 2.800772230571008820e-09
1.842884814588143239e-01 3.078554438796789653e-07
1.850256353846495561e-01 8.862537758672282660e-06
1.857657379261881403e-01 3.535991149425779513e-08
1.865088008778928996e-01 7.665191430845176611e-06
1.872548360814044743e-01 1.005608089242260707e-06
1.880038554257300876e-01 5.826120769261071262e-08
1.887558708474330049e-01 1.433569958469724448e-05
1.895108943308226879e-01 1.225668837455857997e-06
1.902689379081460019e-01 1.790390271172440883e-07
1.910300136597785636e-01 4.776687414440927216e-05
1.917941337144176972e-01 1.180457794053539009e-06
1.925613102492753359e-01 4.670230826869731309e-06
1.933315554902724498e-01 6.561706363484688198e-05
1.941048817122335568e-01 1.139949004699295171e-05
1.948813012390824828e-01 5.569619174690648955e-06
1.956608264440388156e-01 1.166098817790152371e-04
1.964434697498149418e-01 3.520569602197751982e-06
1.972292436288141937e-01 1.380629908659900108e-05
1.980181606033294406e-01 4.194010185960248037e-05
1.988102332457427346e-01 9.279773283579190367e-06
1.996054741787257336e-01 5.498495448270646893e-06
2.004038960754406518e-01 8.697436231077644730e-06
2.012055116597424309e-01 6.528145283692776663e-06
2.020103337063813842e-01 3.433256548423207040e-06
2.028183750412069219e-01 1.335016745358718874e-06
2.036296485413717494e-01 5.373334100141448047e-06
2.044441671355372303e-01 3.363472593423383560e-06
2.052619438040793887e-01 1.257336156634156720e-05
2.060829915792957157e-01 8.136698766716435216e-06
2.069073235456129201e-01 8.375446480091462977e-06
2.077349528397953449e-01 1.069835017999815775e-05
2.085658926511545219e-01 1.704717894719495733e-05
2.094001562217591150e-01 2.043915972615748347e-05
2.102377568466461677e-01 1.909910336772094262e-05
2.110787078740327671e-01 1.263394927970146356e-05
2.119230227055288740e-01 2.340378669053644044e-05
2.127707147963510126e-01 3.276344901327441519e-05
2.136217976555363773e-01 5.145638543596936547e-05
2.144762848461585492e-01 1.290805781204607011e-05
2.153341899855431840e-01 4.940366106660154603e-05
2.161955267454853669e-01 1.036400834414451905e-04
2.170603088524672986e-01 1.355560680917506635e-04
2.179285500878772042e-01 5.127843625869537360e-05
2.188002642882286852e-01 5.241303339882768386e-05
2.196754653453815986e-01 2.219185076731145781e-04
2.205541672067631020e-01 1.129104963241935646e-04
2.214363838755901703e-01 1.555679439379636974e-03
2.223221294110925284e-01 1.208198710289154948e-04
2.232114179287369160e-01 4.457448326272972321e-03
2.241042636004518529e-01 6.680787324230387861e-04
2.250006806548536520e-01 1.797038787584187905e-02
2.259006833774730438e-01 2.295662626892501848e-03
2.268042861109829667e-01 5.087060047583925534e-03
2.277115032554268836e-01 7.066399978849934385e-03
2.286223492684485714e-01 5.951391177357183947e-03
2.295368386655223802e-01 9.824615744064738032e-02
2.304549860201844658e-01 7.991702174130642031e-04
2.313768059642651864e-01 4.402781977523820972e-02
2.323023131881222503e-01 1.487494900784360266e-02
2.332315224408747223e-01 1.126443079639710410e-01
2.341644485306381973e-01 2.527847919811602728e-01
2.351011063247607502e-01 5.205392426850330781e-03
2.360415107500598020e-01 5.081965655271954985e-01
2.369856767930600405e-01 3.547305334400255045e-03
2.379336195002322851e-01 6.905659856200443425e-01
2.388853539782332114e-01 2.227071091608079645e-01
2.398408953941461863e-01 8.012565904518071491e+00
2.408002589757227141e-01 7.846160013316963777e+00
2.417634600116256582e-01 1.221908796298263183e-01
2.427305138516721306e-01 1.203789030279966887e+01
2.437014359070788505e-01 3.207909664731011912e+00
2.446762416507071713e-01 3.399154291460195054e+01
2.456549466173099938e-01 6.468012819073032382e+00
2.466375664037792625e-01 1.225506507796899669e+01
2.476241166693943785e-01 1.446789856100834726e+01
2.486146131360719436e-01 9.178808478235117585e-01
2.496090715886161993e-01 1.466267328508582501e+01
2.506075078749706586e-01 7.742564469033077934e+00
2.516099379064705155e-01 1.647744121098739711e+01
2.526163776580964138e-01 4.245354714421477382e+01
2.536268431687287994e-01 1.215709805315042757e+02
2.546413505414037437e-01 1.431871240497848135e+02
2.556599159435693491e-01 1.385189394820264965e+02
2.566825556073435988e-01 2.003861543866264014e+02
2.577092858297729827e-01 2.291915692522721031e+02
2.587401229730920682e-01 1.362979542376434097e+02
2.597750834649844576e-01 3.242046932133575865e+02
2.608141837988444123e-01 1.732558420274423554e+02
2.618574405340398092e-01 6.942299638306335510e+02
2.629048702961759298e-01 1.292103049813374128e+03
2.639564897773606367e-01 1.293401308864009707e+03
2.650123157364701054e-01 1.041043636770058583e+03
2.660723649994159445e-01 7.082071384683993074e+02
2.671366544594135917e-01 5.986248316518336878e+02
2.682052010772512096e-01 7.031094395088045985e+02
2.692780218815602478e-01 3.835708721997986004e+02
2.703551339690865030e-01 5.218661911318544071e+02
2.714365545049627904e-01 3.378281862320284858e+02
2.725223007229827243e-01 2.643184401871114915e+02
2.736123899258746106e-01 2.591702300738568283e+02
2.747068394855781692e-01 2.690807519819171603e+02
2.758056668435204806e-01 1.959719826921547678e+02
2.769088895108945403e-01 1.984605935666687913e+02
2.780165250689380918e-01 1.155969945355400057e+02
2.791285911692138466e-01 8.926229653981063450e+01
2.802451055338907038e-01 5.687446036678850447e+01
2.813660859560263017e-01 3.389217775890154627e+01
2.824915502998503469e-01 1.825592310055729683e+01
2.836215165010497197e-01 7.429994748739497723e+00
2.847560025670539119e-01 1.110155876910508876e+00
2.858950265773221866e-01 2.242389192224065741e+00
2.870386066836315142e-01 1.373376425562422476e+01
2.881867611103660631e-01 4.033982371786207466e+01
2.893395081548075787e-01 9.636918076643412689e+01
2.904968661874267610e-01 2.083257383648723930e+02
2.916588536521764197e-01 4.289900706758833735e+02
2.928254890667851273e-01 8.186503665840518806e+02
2.939967910230522619e-01 1.428215922521359516e+03
2.951727781871444911e-01 2.383446920999638678e+03
2.963534692998930908e-01 3.760830484567884923e+03
2.975388831770926501e-01 5.460822024567800327e+03
2.987290387098009981e-01 8.203802070959722187e+03
2.999239548646402409e-01 1.044173947766948186e+04
3.011236506840988536e-01 1.587712735177679679e+04
3.023281452868351593e-01 1.542697590752143333e+04
3.035374578679824742e-01 2.854395110990963803e+04
3.047516076994544187e-01 3.523782038840398309e+04
3.059706141302522830e-01 4.758668904854141147e+04
3.071944965867733357e-01 1.159714790152889036e+05
3.084232745731204095e-01 1.989521095867162803e+05
3.096569676714128194e-01 2.364628643626845151e+05
3.108955955420985018e-01 3.926630272735902690e+05
3.121391779242668751e-01 5.104389869647783344e+05
3.133877346359639215e-01 6.992984572920806240e+05
3.146412855745078230e-01 8.710098869519333821e+05
3.158998507168058190e-01 1.204676036471384345e+06
3.171634501196730627e-01 1.546770083202902228e+06
3.184321039201517545e-01 9.884620585620331112e+05
3.197058323358323295e-01 7.219712018166715279e+05
3.209846556651756444e-01 2.072939806586100487e+06
3.222685942878363852e-01 2.519351826734411996e+06
3.235576686649877520e-01 2.443490041721208487e+06
3.248518993396476984e-01 4.620438788713318296e+06
3.261513069370062801e-01 5.664080025809478946e+06
3.274559121647543369e-01 7.914186292347306386e+06
3.287657358134133401e-01 7.791267964704204351e+06
3.300807987566670154e-01 1.562703436419095378e+06
3.314011219516936890e-01 7.434453419355399907e+06
3.327267264395004642e-01 1.479879402470463701e+07
3.340576333452584534e-01 1.399047667067898065e+07
3.353938638786395088e-01 1.324407599211866781e+07
3.367354393341540630e-01 1.367709269993404672e+07
3.380823810914907468e-01 1.395312838375569880e+07
3.394347106158566718e-01 2.324287480023746938e+07
3.407924494583201014e-01 2.009410490176983550e+07
3.421556192561533982e-01 1.203506255543525331e+07
3.435242417331779707e-01 2.413557403230466880e+06
3.448983387001106626e-01 3.194596127488381695e+06
3.462779320549111417e-01 4.420310885749030858e+06
3.476630437831307319e-01 2.915997329437322915e+06
3.490536959582632992e-01 3.022541252013110556e+06
3.504499107420963600e-01 1.988974456411919743e+07
3.518517103850647421e-01 2.170655699178587273e+07
3.532591172266050239e-01 4.296931795657119900e+07
3.546721536955114717e-01 8.252453513051259518e+07
3.560908423102934761e-01 3.040184539411437139e+07
3.575152056795346533e-01 1.461381655597859807e+07
3.589452665022527800e-01 4.598474976657064259e+07
3.603810475682617254e-01 7.120318461905173957e+07
3.618225717585348278e-01 5.242384276027407497e+07
3.632698620455689364e-01 4.148540964982283115e+07
3.647229414937512293e-01 3.192974930559455976e+07
3.661818332597261971e-01 6.798805830655659735e+07
3.676465605927651259e-01 2.424039537735928223e+07
3.691171468351361895e-01 2.524539798259410635e+07
3.705936154224767076e-01 8.443297030275626108e+06
3.720759898841666247e-01 4.029275199765722267e+06
3.735642938437032656e-01 4.481758771037610248e+06
3.750585510190780902e-01 7.731161225816035643e+06
3.765587852231543908e-01 3.241360128749303520e+07
3.780650203640470441e-01 9.068340454020822048e+07
3.795772804455032068e-01 6.939606565385787189e+07
3.810955895672852312e-01 7.634797460055959225e+07
3.826199719255543585e-01 1.683752795010939240e+07
3.841504518132565771e-01 3.827730636270815879e+07
3.856870536205096456e-01 9.484148297316931188e+06
3.872298018349916715e-01 1.932763491133889183e+07
3.887787210423316320e-01 1.500318241944029555e+07
3.903338359265008939e-01 2.903456994157679752e+07
3.918951712702069545e-01 3.956202177924418449e+07
3.934627519552877928e-01 8.255290689516001940e+07
3.950366029631089404e-01 2.338995611197593510e+08
3.966167493749613859e-01 4.041532955633534193e+08
3.982032163724612550e-01 4.313674995935865045e+08
3.997960292379510450e-01 4.418648404146232009e+08
4.013952133549028578e-01 6.584048453608754873e+08
4.030007942083224659e-01 7.771401869258999825e+08
4.046127973851557647e-01 3.073412868423517942e+08
4.062312485746963908e-01 5.793959821308813095e+08
4.078561735689951728e-01 4.728737848637726307e+08
4.094875982632711353e-01 5.090203059296777844e+08
4.111255486563242245e-01 4.979166449997190833e+08
4.127700508509495880e-01 4.216858459895707965e+08
4.144211310543532978e-01 3.297360105293468833e+08
4.160788155785707931e-01 2.792525229201712012e+08
4.177431308408850463e-01 2.160150541101639569e+08
4.194141033642486138e-01 1.735240585585959256e+08
4.210917597777056320e-01 1.328345560388503224e+08
4.227761268168164221e-01 1.391336507544596493e+08
4.244672313240837602e-01 1.597232982930039465e+08
4.261651002493800910e-01 1.899645410287994742e+08
4.278697606503775730e-01 2.464589245760290921e+08
4.295812396929790666e-01 3.155528205442613959e+08
4.312995646517510107e-01 4.472821571077172756e+08
4.330247629103580187e-01 6.205827832930951118e+08
4.347568619619994745e-01 7.680047093637229204e+08
4.364958894098474596e-01 5.828314464461603165e+08
4.382418729674867897e-01 5.699580824385192394e+08
4.399948404593567730e-01 1.116515698675556898e+09
4.417548198211941890e-01 1.422820132938200712e+09
4.435218391004789873e-01 1.098406794232942104e+09
4.452959264568808750e-01 1.724247788128428459e+09
4.470771101627084021e-01 1.560270696291711092e+09
4.488654186033592119e-01 1.773707552131739140e+09
4.506608802777726241e-01 2.582560859204245567e+09
4.524635237988837710e-01 2.608306245062765598e+09
4.542733778940792333e-01 2.772343431621461391e+09
4.560904714056555065e-01 3.059500127866025925e+09
4.579148332912781894e-01 3.525024608482353687e+09
4.597464926244433370e-01 2.156636217862874985e+09
4.615854785949410899e-01 4.199725353692036629e+09
4.634318205093208576e-01 2.437198866609105110e+09
4.652855477913582227e-01 3.493798287298305035e+09
4.671466899825236219e-01 3.311473975078623772e+09
4.690152767424536906e-01 4.020193079565891266e+09
4.708913378494234969e-01 5.852683336621628761e+09
4.727749032008212171e-01 5.043453165832709312e+09
4.746660028136244769e-01 6.245276279016278267e+09
4.765646668248789131e-01 2.961646459527859688e+09
4.784709254921784560e-01 1.916902962444630146e+09
4.803848091941470555e-01 2.720480699579243183e+09
4.823063484309236815e-01 2.925467416498342514e+09
4.842355738246474361e-01 4.411237732862007141e+09
4.861725161199459966e-01 4.692421594938896179e+09
4.881172061844257226e-01 7.256878911496582031e+09
4.900696750091634302e-01 4.778891471097105980e+09
4.920299537092001074e-01 6.530921747465173721e+09
4.939980735240369625e-01 8.178894244820631027e+09
4.959740658181330253e-01 4.359186614213853836e+09
4.979579620814056362e-01 4.483259330628576279e+09
4.999497939297311566e-01 3.993125496681906700e+09
5.019495931054501758e-01 3.368328813872723579e+09
5.039573914778719965e-01 4.777445300176434517e+09
5.059732210437835054e-01 3.938926831610367298e+09
5.079971139279585435e-01 4.039303920690410137e+09
5.100291023836703852e-01 3.454987419018873692e+09
5.120692187932051054e-01 3.214641855524890900e+09
5.141174956683780550e-01 3.013677411458684921e+09
5.161739656510514473e-01 2.423569044976695061e+09
5.182386615136556074e-01 1.724721716060600519e+09
5.203116161597103329e-01 2.711866103134544373e+09
5.223928626243490303e-01 5.347318562410468102e+09
5.244824340748465152e-01 4.781993513115920067e+09
5.265803638111459239e-01 4.169935512854717731e+09
5.286866852663905103e-01 5.002274192270089149e+09
5.308014320074561088e-01 5.011688505501919746e+09
5.329246377354859288e-01 4.123251321795996189e+09
5.350563362864277916e-01 4.671737065653425217e+09
5.371965616315735881e-01 3.928131800491074562e+09
5.393453478780998456e-01 4.236457362417006016e+09
5.415027292696121819e-01 4.145597649364852905e+09
5.436687401866906466e-01 3.784220741576366901e+09
5.458434151474373941e-01 3.166897925260896683e+09
5.480267888080271321e-01 3.585650231851827145e+09
5.502188959632591247e-01 3.444310429049942493e+09
5.524197715471121928e-01 3.581226023593477249e+09
5.546294506333006025e-01 3.715265197449715137e+09
5.568479684358338400e-01 3.454871882793639660e+09
5.590753603095770519e-01 3.136176400569883823e+09
5.613116617508153716e-01 2.834081344848494053e+09
5.635569083978186899e-01 2.726981339065906048e+09
5.658111360314097560e-01 2.751481837479150772e+09
5.680743805755354980e-01 2.533542822943232536e+09
5.703466780978375672e-01 2.452582444514747143e+09
5.726280648102289872e-01 2.241266573715102196e+09
5.749185770694699160e-01 1.959118266646796227e+09
5.772182513777477375e-01 1.681908944472401619e+09
5.795271243832587071e-01 1.395357215651258707e+09
5.818452328807918184e-01 1.075447992857966661e+09
5.841726138123150003e-01 7.759343932674599886e+08
5.865093042675643131e-01 3.641744976362197399e+08
5.888553414846344758e-01 5.615530329061523080e+07
5.912107628505729462e-01 2.012314319475506246e+08
5.935756059019753339e-01 7.261030240355777740e+08
5.959499083255832552e-01 1.329695498741062164e+09
5.983337079588855190e-01 1.971094112201096296e+09
6.007270427907210886e-01 2.708374978116998196e+09
6.031299509618840426e-01 3.572118468401418686e+09
6.055424707657315331e-01 4.539180137354909897e+09
6.079646406487945187e-01 5.599379598588576317e+09
6.103964992113897203e-01 6.672549697185421944e+09
6.128380852082353503e-01 8.024000806853445053e+09
6.152894375490681744e-01 8.268617614999777794e+09
6.177505952992645710e-01 7.454659845813639641e+09
6.202215976804615893e-01 7.829999806940944672e+09
6.227024840711834486e-01 8.050794165959945679e+09
6.251932940074681477e-01 9.001762462908466339e+09
6.276940671834980723e-01 9.905855147466552734e+09
6.302048434522321552e-01 1.119183464045215416e+10
6.327256628260409244e-01 1.283496417203534508e+10
6.352565654773452142e-01 1.386430854214064026e+10
6.377975917392545435e-01 1.350976455694086838e+10
6.403487821062116003e-01 1.733094448512944031e+10
6.429101772346363930e-01 2.014759581160610580e+10
6.454818179435749537e-01 2.527907406856348419e+10
6.480637452153492628e-01 2.765769761769026566e+10
6.506560001962106154e-01 3.105613211506507111e+10
6.532586241969955410e-01 3.789633562204352570e+10
6.558716586937833881e-01 2.691756706215341568e+10
6.584951453285585732e-01 2.517374111332765961e+10
6.611291259098727169e-01 2.328870018909186935e+10
6.637736424135122215e-01 2.129771565012577820e+10
6.664287369831662922e-01 2.041281022904438019e+10
6.690944519310989547e-01 2.056556575200026703e+10
6.717708297388232941e-01 2.102892424330348969e+10
6.744579130577786907e-01 2.234718270081777191e+10
6.771557447100098326e-01 2.659682924812277603e+10
6.798643676888498355e-01 2.522867897183139420e+10
6.825838251596052508e-01 2.612999020757161331e+10
6.853141604602436265e-01 2.536031132538062286e+10
6.880554171020846210e-01 2.600528792662694931e+10
6.908076387704928933e-01 2.537241223923011398e+10
6.935708693255748791e-01 2.979445145611159515e+10
6.963451528028771209e-01 3.571076641584025574e+10
6.991305334140887062e-01 3.995794326381977844e+10
7.019270555477450380e-01 4.480714251002192688e+10
7.047347637699360456e-01 6.325287444231066895e+10
7.075537028250157290e-01 4.271991469377226257e+10
7.103839176363159202e-01 3.561451522137709045e+10
7.132254533068611568e-01 3.589398925189385223e+10
7.160783551200886610e-01 3.798629927863903809e+10
7.189426685405689854e-01 4.581052652436662292e+10
7.218184392147313222e-01 4.586078640935520935e+10
7.247057129715901436e-01 5.951537394457588196e+10
7.276045358234763949e-01 6.826990519596453857e+10
7.305149539667704639e-01 8.644772071352931213e+10
7.334370137826373703e-01 1.007985970419354248e+11
7.363707618377679509e-01 1.100050700003935852e+11
7.393162448851190449e-01 1.104775047112672119e+11
7.422735098646596752e-01 1.082815201305759583e+11
7.452426039041182282e-01 9.938471749168281555e+10
7.482235743197346300e-01 9.702842885285325623e+10
7.512164686170136330e-01 9.036216170229206848e+10
7.542213344914817652e-01 8.821244341094361877e+10
7.572382198294477229e-01 8.047844218693069458e+10
7.602671727087656484e-01 5.862969120617237091e+10
7.633082413996006288e-01 3.100498761764688873e+10
7.663614743651989691e-01 3.274566237906815529e+09
7.694269202626597970e-01 4.250449716216865063e+09
7.725046279437104424e-01 2.150825372706525803e+10
7.755946464554852593e-01 4.388490669118576813e+10
7.786970250413072225e-01 6.239735158425788116e+10
7.818118131414724115e-01 8.047610208323219299e+10
7.849390603940383793e-01 7.189086492590156555e+10
7.880788166356144098e-01 8.985529961286976624e+10
7.912311319021569922e-01 8.944109133151068115e+10
7.943960564297655180e-01 1.108099629855757446e+11
7.975736406554845281e-01 1.220768405518917542e+11
8.007639352181065151e-01 1.500701990161299438e+11
8.039669909589789443e-01 1.678981890250668030e+11
8.071828589228148276e-01 1.996011346478956604e+11
8.104115903585061842e-01 2.225258231385705566e+11
8.136532367199402760e-01 2.635987371080086670e+11
8.169078496668199518e-01 2.601278924499548950e+11
8.201754810654874328e-01 1.877793226241979370e+11
8.234561829897493190e-01 2.543852919470335693e+11
8.267500077217083687e-01 2.540493412869186401e+11
8.300570077525952772e-01 2.242911911719769592e+11
8.333772357836056743e-01 2.575074792902375793e+11
8.367107447267401188e-01 2.487093657601861267e+11
8.400575877056470908e-01 2.600793456937876892e+11
8.434178180564695371e-01 2.002135180695479431e+11
8.467914893286955236e-01 1.208285124967027588e+11
8.501786552860102208e-01 1.495687329993805847e+11
8.535793699071543283e-01 1.578972704905394897e+11
8.569936873867830540e-01 1.942583589991606445e+11
8.604216621363300899e-01 2.326534897253587952e+11
8.638633487848753623e-01 2.093734008152391357e+11
8.673188021800150027e-01 2.801827940554813843e+11
8.707880773887352044e-01 2.061586566269608154e+11
8.742712296982900755e-01 2.355491285236083374e+11
8.777683146170831563e-01 2.890326229801669312e+11
8.812793878755513788e-01 3.205227813214351196e+11
8.848045054270535781e-01 3.678439182843102417e+11
8.883437234487617795e-01 2.289453541486152649e+11
8.918970983425568155e-01 3.324739565310157471e+11
8.954646867359271623e-01 2.926517793962746582e+11
8.990465454828707736e-01 3.553988712761936035e+11
9.026427316648023558e-01 3.055238276551958618e+11
9.062533025914615292e-01 3.241507904741607666e+11
9.098783158018273198e-01 3.916114251476781616e+11
9.135178290650346478e-01 4.222881866918172607e+11
9.171719003812948134e-01 4.763881599621995239e+11
9.208405879828199803e-01 5.002231202496059570e+11
9.245239503347512100e-01 4.696488984135806274e+11
9.282220461360901620e-01 4.846769240125706177e+11
9.319349343206346781e-01 4.517344620695687256e+11
9.356626740579171431e-01 4.723096223752527466e+11
9.394053247541488405e-01 3.839070859918251343e+11
9.431629460531654185e-01 4.592802856695746460e+11
9.469355978373780180e-01 5.089798547754393921e+11
9.507233402287275092e-01 5.526874896090480957e+11
9.545262335896426142e-01 5.822632578272947998e+11
9.583443385240012491e-01 5.287726686059848022e+11
9.621777158780971950e-01 5.654464827621774902e+11
9.660264267416096562e-01 5.533789765930941162e+11
9.698905324485760371e-01 6.039153745844936523e+11
9.737700945783701600e-01 5.161586884636724854e+11
9.776651749566835914e-01 5.005652600327506104e+11
9.815758356565105203e-01 5.342945029892523193e+11
9.855021389991363012e-01 5.245332027087578125e+11
9.894441475551331022e-01 4.659230354416393433e+11
9.934019241453534432e-01 2.644001404776011658e+11
9.973755318419349480e-01 3.385297037534565430e+11
1.001365033969302543e+00 3.116442415413117676e+11
1.005370494105179757e+00 3.177444644429450684e+11
1.009391976081600362e+00 3.665786933670825806e+11
1.013429543985926884e+00 4.020960065168706055e+11
1.017483262161870350e+00 4.258771749159392700e+11
1.021553195210518128e+00 4.491567228617136230e+11
1.025639407991360219e+00 4.407619602971176758e+11
1.029741965623325539e+00 4.208948088846441040e+11
1.033860933485818867e+00 4.218980932158851318e+11
1.037996377219762012e+00 5.100268263472199097e+11
1.042148362728641198e+00 5.164504106776376953e+11
1.046316956179555557e+00 5.835812201403562012e+11
1.050502224004274066e+00 5.773509858879024658e+11
1.054704232900291139e+00 6.396315273037221680e+11
1.058923049831892227e+00 6.385403259136165771e+11
1.063158742031219628e+00 6.302109104255128174e+11
1.067411376999344741e+00 6.015210332312930908e+11
1.071681022507342096e+00 6.124045996431097412e+11
1.075967746597371377e+00 6.789978850547441406e+11
1.080271617583760779e+00 6.866871007716812744e+11
1.084592704054095913e+00 7.322674295853529053e+11
1.088931074870312044e+00 6.646255281390916748e+11
1.093286799169793433e+00 7.381580259048538818e+11
1.097659946366472461e+00 7.351003693609910889e+11
1.102050586151938294e+00 7.499645389524755859e+11
1.106458788496546219e+00 7.305720490367659912e+11
1.110884623650532532e+00 6.849984935731601562e+11
1.115328162145134749e+00 7.837130519311057129e+11
1.119789474793714934e+00 7.895883531514409180e+11
1.124268632692889902e+00 8.216346624967976074e+11
1.128765707223661430e+00 8.389954900392276611e+11
1.133280770052556230e+00 8.131206710695606689e+11
1.137813893132766374e+00 6.549452942048232422e+11
1.142365148705297484e+00 7.087153716839615479e+11
1.146934609300118479e+00 8.674720161197850342e+11
1.151522347737319096e+00 9.106981341261258545e+11
1.156128437128268516e+00 9.076801552823841553e+11
1.160752950876781542e+00 9.143659063166357422e+11
1.165395962680288999e+00 9.043396528624136963e+11
1.170057546531009907e+00 6.952350388699083252e+11
1.174737776717134086e+00 7.353527876869750977e+11
1.179436727824002773e+00 6.257536844431781006e+11
1.184154474735298557e+00 8.411054593938353271e+11
1.188891092634239977e+00 9.114630397370270996e+11
1.193646657004777012e+00 8.928351154362153320e+11
1.198421243632796118e+00 7.581967029027799072e+11
1.203214928607327261e+00 7.777213329013933105e+11
1.208027788321756724e+00 8.709986734328937988e+11
1.212859899475043468e+00 8.125672292008825684e+11
1.217711339072943710e+00 8.730291834595449219e+11
1.222582184429235275e+00 8.382152528082976074e+11
1.227472513166952384e+00 9.161768074303372803e+11
1.232382403219620226e+00 8.999964426247211914e+11
1.237311932832498407e+00 8.800294835594158936e+11
1.242261180563828615e+00 6.108007023605048828e+11
1.247230225286083849e+00 8.335186074045086670e+11
1.252219146187228072e+00 6.028458863663903809e+11
1.257228022771976983e+00 8.340214519082916260e+11
1.262256934863064783e+00 8.433330801114434814e+11
1.267305962602517155e+00 9.140844535962828369e+11
1.272375186452927354e+00 8.997776974111263428e+11
1.277464687198738957e+00 9.068613651734876709e+11
1.282574545947533950e+00 9.191546154789761963e+11
1.287704844131324133e+00 8.235109036660739746e+11
1.292855663507849417e+00 8.313058755848997803e+11
1.298027086161880783e+00 8.618993742847922363e+11
1.303219194506528344e+00 8.846476322265926514e+11
1.308432071284554521e+00 8.783636277456773682e+11
1.313665799569692760e+00 9.170374810584880371e+11
1.318920462767971591e+00 9.225326052457724609e+11
1.324196144619043336e+00 8.833732582952539062e+11
1.329492929197519491e+00 8.777339808352332764e+11
1.334810900914309650e+00 8.124661319440737305e+11
1.340150144517967101e+00 7.894999325630667725e+11
1.345510745096038852e+00 7.947181944717767334e+11
1.350892788076423212e+00 8.052548099376894531e+11
1.356296359228728932e+00 7.937418459608883057e+11
1.361721544665643879e+00 8.308944442926480713e+11
1.367168430844306393e+00 8.536535132360085449e+11
1.372637104567683730e+00 8.757671797233597412e+11
1.378127652985954299e+00 8.758206421392005615e+11
1.383640163597898098e+00 8.730848977260583496e+11
1.389174724252289828e+00 8.671695261132023926e+11
1.394731423149298877e+00 8.565160336737861328e+11
1.400310348841896202e+00 8.498061788355303955e+11
1.405911590237263642e+00 8.554242404842321777e+11
1.411535236598212784e+00 8.286172785085523682e+11
1.417181377544605603e+00 8.263035100382408447e+11
1.422850103054784210e+00 8.283868152998275146e+11
1.428541503467003038e+00 8.143548294985886230e+11
1.434255669480871243e+00 8.289116276284910889e+11
1.439992692158794885e+00 8.394980404987781982e+11
1.445752662927429988e+00 8.501708315572738037e+11
1.451535673579139596e+00 8.571325581718397217e+11
1.457341816273456159e+00 8.640051945392219238e+11
1.463171183538549913e+00 8.628959148944497070e+11
1.469023868272704147e+00 8.527556011680568848e+11
1.474899963745795128e+00 8.687444224867686768e+11
1.480799563600778246e+00 8.719844019371651611e+11
1.486722761855181485e+00 8.685796469306241455e+11
1.492669652902602007e+00 8.754050434097463379e+11
1.498640331514212276e+00 8.745215514003880615e+11
1.504634892840269300e+00 8.775981115097553711e+11
1.510653432411630304e+00 8.762389234597106934e+11
1.516696046141276843e+00 8.361692116995181885e+11
1.522762830325842032e+00 8.885166546529055176e+11
1.528853881647145307e+00 8.954713411907335205e+11
1.534969297173733649e+00 8.885652744399030762e+11
1.541109174362428780e+00 8.921554356271748047e+11
1.547273611059878373e+00 8.913151745694138184e+11
1.553462705504118135e+00 8.869065184417144775e+11
1.559676556326134556e+00 8.583764343250533447e+11
1.565915262551438980e+00 8.814516426705269775e+11
1.572178923601644795e+00 8.872578622304132080e+11
1.578467639296051495e+00 8.704351852193327637e+11
1.584781509853235626e+00 8.750302307757613525e+11
1.591120635892648405e+00 8.855823108842990723e+11
1.597485118436219098e+00 8.714431219523522949e+11
1.603875058909963958e+00 8.615887267318420410e+11
1.610290559145603595e+00 8.680952397275524902e+11
1.616731721382186127e+00 8.629002255833612061e+11
1.623198648267714761e+00 8.559950976436954346e+11
1.629691442860785600e+00 8.621014667747635498e+11
1.636210208632228769e+00 8.630689790380767822e+11
1.642755049466757766e+00 8.509479905032856445e+11
1.649326069664624805e+00 8.562038077731019287e+11
1.655923373943283039e+00 8.527409166223175049e+11
1.662547067439056336e+00 8.451436179834940186e+11
1.669197255708812611e+00 8.434046615622636719e+11
1.675874044731648027e+00 8.382627571154791260e+11
1.682577540910574321e+00 8.339339170257655029e+11
1.689307851074216771e+00 8.279102044637529297e+11
1.696065082478513508e+00 8.200645275929670410e+11
1.702849342808427480e+00 8.130138937093833008e+11
1.709660740179661298e+00 8.005823785348735352e+11
1.716499383140379864e+00 7.859197310201982422e+11
1.723365380672941427e+00 7.770798182898624268e+11
1.730258842195633306e+00 7.622237740120411377e+11
1.737179877564415831e+00 7.467537737718068848e+11
1.744128597074673603e+00 7.287860603088515625e+11
1.751105111462972097e+00 7.175800453272338867e+11
1.758109531908824241e+00 6.939671425985800781e+11
1.765141970036459451e+00 6.749463015343154297e+11
1.772202537916605314e+00 6.641327486985776367e+11
1.779291348068271716e+00 6.365238451554038086e+11
1.786408513460544745e+00 6.231927277207763672e+11
1.793554147514387020e+00 6.027340252495664062e+11
1.800728364104444257e+00 6.011654344358925781e+11
1.807931277560862249e+00 5.790993590566877441e+11
1.815163002671105641e+00 5.853021742385397949e+11
1.822423654681789795e+00 5.849366037302568359e+11
1.829713349300517100e+00 5.651928336726202393e+11
1.837032202697718830e+00 5.702594503617366943e+11
1.844380331508509885e+00 5.461956680115969238e+11
1.851757852834543527e+00 5.323201478149240112e+11
1.859164884245881888e+00 4.945731242476903687e+11
1.866601543782865358e+00 5.243872975820236816e+11
1.874067949957996859e+00 5.178546151509287109e+11
1.881564221757828781e+00 5.350524745826469727e+11
1.889090478644860127e+00 5.408408864056588135e+11
1.896646840559439662e+00 5.514835812464709473e+11
1.904233427921677269e+00 5.434743908110274658e+11
1.911850361633363971e+00 5.523581837444400635e+11
1.919497763079897279e+00 5.342778425035062256e+11
1.927175754132217200e+00 5.056160326653399658e+11
1.934884457148745796e+00 5.044122451865267944e+11
1.942623994977340729e+00 4.501407484390867920e+11
1.950394490957250149e+00 4.677769912443646851e+11
1.958196068921079336e+00 4.829255795803627319e+11
1.966028853196763793e+00 4.914888302546923218e+11
1.973892968609550991e+00 4.417104442520690918e+11
1.981788540483989447e+00 4.405411340546276855e+11
1.989715694645925126e+00 4.459620705079012451e+11
1.997674557424508723e+00 4.711885907728585815e+11
2.005665255654207169e+00 4.752114723943322754e+11
2.013687916676823786e+00 4.699737845473139038e+11
2.021742668343530891e+00 4.787806573405571899e+11
2.029829639016905052e+00 4.714869766248514404e+11
2.037948957572972564e+00 4.753080400907709961e+11
2.046100753403264694e+00 4.755070653932677002e+11
2.054285156416877811e+00 4.819832829774474487e+11
2.062502297042545507e+00 4.771719291896761475e+11
2.070752306230715600e+00 4.810367400431718140e+11
2.079035315455638244e+00 4.796131222030929565e+11
2.087351456717461140e+00 4.775431367740050049e+11
2.095700862544330967e+00 4.769595431301395874e+11
2.104083665994508134e+00 4.768209505748753662e+11
2.112500000658485977e+00 4.747382851261901245e+11
2.120950000661120161e+00 4.718020299235383911e+11
2.129433800663764753e+00 4.676859437632546997e+11
2.137951535866419839e+00 4.650198245825579834e+11
2.146503342009885351e+00 4.628576855434912109e+11
2.155089355377924676e+00 4.581663917276574097e+11
2.163709712799436691e+00 4.540166215208646240e+11
2.172364551650634468e+00 4.492921142611239014e+11
2.181054009857236853e+00 4.426519027057716675e+11
2.189778225896665376e+00 4.380239897939525757e+11
2.198537338800252705e+00 4.327699448799215088e+11
2.207331488155453325e+00 4.151473054352649536e+11
2.216160814108075083e+00 4.226466575202049561e+11
2.225025457364507631e+00 4.171579350429467773e+11
2.233925559193965515e+00 4.135542849344687500e+11
2.242861261430741493e+00 4.084981713776714478e+11
2.251832706476463830e+00 4.030584214524681396e+11
2.260840037302370042e+00 3.979190180598789673e+11
2.269883397451579299e+00 3.934652794749501343e+11
2.278962931041386142e+00 3.882408932935711670e+11
2.288078782765551100e+00 3.831173435674581299e+11
2.297231097896613505e+00 2.754782602845975342e+11
2.306420022288200311e+00 3.063501564655877075e+11
2.315645702377353121e+00 3.138174060022719727e+11
2.324908285186861878e+00 2.594057106286479797e+11
2.334207918327609654e+00 2.854545445228223267e+11
2.343544750000919663e+00 2.943183579621994629e+11
2.352918929000923143e+00 2.726842372021354065e+11
2.362330604716927240e+00 2.714314761558692932e+11
2.371779927135795329e+00 2.807352708320510254e+11
2.381267046844337987e+00 2.721376542206068726e+11
2.390792115031715070e+00 2.640707713083732300e+11
2.400355283491842240e+00 2.755308208596560669e+11
2.409956704625809465e+00 2.656233085902675781e+11
2.419596531444312859e+00 2.581059948157989807e+11
2.429274917570089620e+00 2.549818154050899658e+11
2.438992017240370291e+00 2.471210150450326538e+11
2.448747985309331465e+00 2.342550587070999146e+11
2.458542977250568917e+00 2.327799473931565857e+11
2.468377149159570738e+00 2.365009100084290466e+11
2.478250657756209563e+00 2.273129533341157227e+11
2.488163660387234355e+00 2.261243557479059448e+11
2.498116315028783063e+00 2.287500038299396362e+11
2.508108780288898387e+00 2.135971808846393738e+11
2.518141215410053757e+00 2.147293035603832703e+11
2.528213780271693967e+00 2.038586717454368896e+11
2.538326635392781139e+00 2.034963224720257874e+11
2.548479941934351789e+00 2.017426914747079773e+11
2.558673861702089436e+00 2.035779721893970642e+11
2.568908557148898097e+00 2.066814131495755005e+11
2.579184191377493551e+00 1.992951449949140625e+11
2.589500928143003478e+00 2.062264118619798279e+11
2.599858931855575594e+00 2.106105116581750793e+11
2.610258367582998229e+00 2.204473971155557251e+11
2.620699401053329769e+00 2.163415242749496765e+11
2.631182198657543214e+00 2.161935558312995605e+11
2.641706927452173392e+00 2.227115994274680786e+11
2.652273755161981938e+00 2.270918998828430481e+11
2.662882850182629824e+00 2.242693306116976318e+11
2.673534381583360542e+00 1.986479655211753235e+11
2.684228519109693956e+00 1.920715328046709900e+11
2.694965433186132575e+00 1.835954718291528931e+11
2.705745294918877164e+00 1.817564576787184143e+11
2.716568276098552559e+00 1.767504800627580261e+11
2.727434549202946812e+00 1.764822923662840576e+11
2.738344287399758326e+00 1.727154420740440979e+11
2.749297664549357201e+00 1.814403518701706848e+11
2.760294855207554576e+00 1.779933055676108704e+11
2.771336034628385292e+00 1.713957177864491272e+11
2.782421378766898545e+00 1.654355949022374878e+11
2.793551064281966312e+00 1.790936812993439331e+11
2.804725268539093985e+00 1.601307196682621460e+11
2.815944169613250558e+00 1.614867602786538391e+11
2.827207946291703244e+00 1.763107484635881348e+11
2.838516778076869862e+00 1.571889137001607056e+11
2.849870845189177437e+00 1.586325523421794434e+11
2.861270328569933685e+00 1.672698266818584290e+11
2.872715409884213589e+00 1.572431521178103333e+11
2.884206271523750420e+00 1.597332139169354553e+11
2.895743096609845413e+00 1.607129198243317261e+11
2.907326068996284985e+00 1.531451041610769043e+11
2.918955373272270393e+00 1.580813400747833252e+11
2.930631194765359826e+00 1.557048611343607178e+11
2.942353719544420709e+00 1.511754589400008240e+11
2.954123134422598440e+00 1.540435392345182190e+11
2.965939626960289122e+00 1.499189969260648804e+11
2.977803385468130504e+00 1.546132562778820190e+11
2.989714599010003138e+00 1.505851646914229431e+11
3.001673457406043077e+00 1.511170264335778809e+11
3.013680151235667015e+00 1.545226130533016357e+11
3.025734871840609408e+00 1.435357243194445496e+11
3.037837811327972037e+00 1.561952948526847839e+11
3.049989162573283785e+00 1.442807357032627869e+11
3.062189119223576395e+00 1.509132476123322449e+11
3.074437875700470890e+00 1.447437574045962524e+11
3.086735627203272880e+00 1.431285892819494019e+11
3.099082569712085622e+00 1.454121017202226562e+11
3.111478899990933744e+00 1.380443375383283386e+11
3.123924815590897186e+00 1.404293198542194519e+11
3.136420514853261121e+00 1.357711671545829163e+11
3.148966196912674320e+00 1.345907336399535675e+11
3.161562061700325277e+00 1.333696140022660065e+11
3.174208309947126327e+00 1.314172159783042908e+11
3.186905143186915090e+00 1.348455221858872986e+11
3.199652763759662566e+00 1.285568956319021759e+11
3.212451374814701222e+00 1.382678302460738220e+11
3.225301180313960625e+00 1.365835687175885162e+11
3.238202385035215958e+00 1.376416846232237549e+11
3.251155194575356955e+00 1.423219248650158691e+11
3.264159815353658622e+00 1.417023597651219177e+11
3.277216454615073271e+00 1.431634102187566528e+11
3.290325320433533207e+00 1.445100831822547302e+11
3.303486621715267635e+00 1.418092727223531189e+11
3.316700568202128441e+00 1.172464834773532257e+11
3.329967370474937294e+00 9.560455026924917603e+10
3.343287239956836743e+00 9.965407397287921143e+10
3.356660388916663962e+00 1.162238435865930786e+11
3.370087030472330714e+00 1.313692428731700287e+11
3.383567378594220187e+00 1.346473610125732574e+11
3.397101648108596716e+00 1.365114236573672791e+11
3.410690054701031482e+00 1.342420266867723694e+11
3.424332814919834878e+00 1.327254285801387177e+11
3.438030146179514634e+00 1.304271389106147919e+11
3.451782266764232610e+00 1.296713631567558746e+11
3.465589395831289998e+00 1.311167368719615173e+11
3.479451753414614767e+00 1.300861119420540466e+11
3.493369560428273068e+00 1.275971664524896088e+11
3.507343038669985980e+00 1.298330444294014587e+11
3.521372410824665788e+00 1.271102131517090759e+11
3.535457900467964709e+00 1.271172931535291595e+11
3.549599732069836477e+00 1.265302667386622314e+11
3.563798130998116154e+00 1.256952208483215790e+11
3.578053323522108364e+00 1.258405908439030762e+11
3.592365536816196858e+00 1.273073829417767029e+11
3.606734998963461614e+00 1.267978267315940094e+11
3.621161938959315041e+00 1.266668484866324615e+11
3.635646586715152839e+00 1.265810954700298157e+11
3.650189173062013293e+00 1.255931341851956329e+11
3.664789929754260545e+00 1.254027416339649811e+11
3.679449089473277645e+00 1.252920518764160004e+11
3.694166885831170699e+00 1.248987674209771271e+11
3.708943553374495661e+00 1.244014339604885559e+11
3.723779327587993571e+00 1.240968520091999359e+11
3.738674444898345328e+00 1.212530770174310608e+11
3.753629142677938901e+00 1.225739579849942627e+11
3.768643659248651190e+00 1.210810943286875916e+11
3.783718233885645432e+00 1.195227156433081207e+11
3.798853106821188153e+00 1.187443910959067841e+11
3.814048519248473657e+00 1.177263125010505524e+11
3.829304713325467180e+00 1.159333951172507629e+11
3.844621932178768908e+00 1.156454780268300781e+11
3.860000419907484215e+00 1.137258182143450317e+11
3.875440421587113882e+00 1.128864941814229736e+11
3.890942183273462529e+00 1.112438895279206238e+11
3.906505952006555926e+00 1.101982164701049957e+11
3.922131975814582727e+00 1.086644481422031708e+11
3.937820503717840648e+00 1.068334534823065948e+11
3.953571785732711508e+00 1.054868190521699524e+11
3.969386072875642490e+00 1.036304583511482697e+11
3.985263617167145167e+00 1.015320849880841217e+11
4.001204671635814059e+00 9.672006569209394836e+10
4.017209490322357190e+00 9.430716817034133911e+10
4.033278328283646630e+00 9.348326325923117065e+10
4.049411441596781458e+00 8.669491419276747131e+10
4.065609087363168506e+00 8.820433497571133423e+10
4.081871523712622185e+00 8.347762326416790771e+10
4.098199009807472315e+00 8.326285287643762207e+10
4.114591805846702144e+00 8.325626814647416687e+10
4.131050173070089038e+00 7.818879291967832947e+10
4.147574373762369149e+00 8.040286836393623352e+10
4.164164671257418959e+00 7.716063893234092712e+10
4.180821329942449260e+00 7.687411286498400879e+10
4.197544615262219558e+00 7.718527674407727051e+10
4.214334793723269357e+00 7.419229500535763550e+10
4.231192132898162761e+00 7.570504568134835815e+10
4.248116901429755288e+00 7.234640560456443787e+10
4.265109369035473996e+00 7.235274480001953125e+10
4.282169806511615384e+00 7.179463806227604675e+10
4.299298485737661935e+00 6.132720225796665192e+10
4.316495679680612874e+00 5.432955781333426666e+10
4.333761662399335357e+00 5.024769659290573883e+10
4.351096709048932532e+00 4.716151884420011902e+10
4.368501095885127583e+00 4.296324389785761261e+10
4.385975100268668214e+00 3.966153416574060059e+10
4.403519000669743555e+00 3.752047493388009644e+10
4.421133076672422391e+00 3.590503795421231842e+10
4.438817608979111817e+00 3.334607986424246216e+10
4.456572879415028332e+00 3.179979039674510193e+10
4.474399170932688463e+00 3.012039839341102600e+10
4.492296767616419828e+00 2.979724890218492126e+10
4.510265954686884626e+00 2.887679346463460159e+10
4.528307018505633330e+00 2.837436116129373169e+10
4.546420246579655711e+00 2.796624756647008896e+10
4.564605927565974497e+00 2.672696670114057541e+10
4.582864351276237258e+00 2.738288006891939545e+10
4.601195808681342925e+00 2.808799006635707855e+10
4.619600591916067422e+00 2.780366108283403778e+10
4.638078994283731937e+00 2.739069159786660004e+10
4.656631310260867629e+00 3.015457180735919952e+10
4.675257835501911430e+00 2.909946666575736237e+10
4.693958866843916944e+00 2.893294080829118347e+10
4.712734702311292878e+00 2.865269972045690918e+10
4.731585641120538810e+00 2.857878157708590317e+10
4.750511983685020923e+00 2.666694809801515579e+10
4.769514031619761063e+00 2.671410420649863815e+10
4.788592087746240011e+00 2.668578803645902634e+10
4.807746456097224730e+00 2.679762756706874084e+10
4.826977441921613377e+00 2.693678403178313446e+10
4.846285351689299858e+00 2.611887537478524399e+10
4.865670493096057925e+00 2.661086411770482635e+10
4.885133175068442135e+00 2.546707197098635864e+10
4.904673707768715474e+00 2.563258365323361969e+10
4.924292402599791174e+00 2.396249223338936615e+10
4.943989572210189642e+00 2.507947812306507111e+10
4.963765530499030021e+00 2.400446548384449005e+10
4.983620592621027079e+00 2.598510686042589951e+10
5.003555074991511198e+00 2.482096118571226883e+10
5.023569295291476777e+00 2.368930381909074020e+10
5.043663572472643075e+00 2.590921487966191864e+10
5.063838226762532813e+00 2.574090305992002106e+10
5.084093579669583640e+00 2.536070316432365799e+10
5.104429953988261381e+00 2.634345322339802933e+10
5.124847673804215020e+00 2.582429945187823105e+10
5.145347064499431688e+00 2.699193560252482605e+10
5.165928452757428957e+00 2.510807936628430939e+10
5.186592166568458673e+00 2.695668804882284164e+10
5.207338535234733001e+00 2.524884934451998138e+10
5.228167889375671784e+00 2.645045731968327713e+10
5.249080560933174766e+00 2.549153341607194519e+10
5.270076883176907145e+00 2.567070201022780228e+10
5.291157190709615321e+00 2.529990901802278900e+10
5.312321819472453299e+00 2.623459931236429596e+10
5.333571106750343738e+00 2.634546930139773560e+10
5.354905391177344320e+00 2.537610578327708817e+10
5.376325012742054099e+00 2.545658465259423065e+10
5.397830312793021612e+00 2.577117706737007904e+10
5.419421634044193858e+00 2.403446478149941635e+10
5.441099320580370602e+00 2.619615202663026810e+10
5.462863717862692425e+00 2.487260259789246368e+10
5.484715172734142996e+00 2.528794905646112823e+10
5.506654033425078865e+00 2.527683430560412216e+10
5.528680649558780580e+00 2.510967011345198059e+10
5.550795372157015350e+00 2.377468290957294083e+10
5.572998553645643227e+00 2.398243766037576294e+10
5.595290547860225949e+00 2.507820445768677902e+10
5.617671710051667766e+00 2.432949483581603622e+10
5.640142396891874021e+00 2.506225456968058777e+10
5.662702966479441713e+00 2.452218633106533432e+10
5.685353778345359821e+00 2.313090254826255798e+10
5.708095193458740724e+00 2.365592284239488220e+10
5.730927574232576482e+00 2.273841427351039886e+10
5.753851284529505783e+00 2.313422424902721405e+10
5.776866689667624399e+00 2.167248512350660706e+10
5.799974156426294769e+00 2.316162184918370438e+10
5.823174053051999977e+00 2.134754845171128845e+10
5.846466749264207508e+00 2.173224494178044128e+10
5.869852616261264977e+00 2.165420134244785309e+10
5.893332026726310069e+00 2.146771324069820404e+10
5.916905354833215114e+00 2.250382299770485306e+10
5.940572976252548543e+00 2.055181976848658752e+10
5.964335268157558545e+00 2.083146722111874008e+10
5.988192609230189589e+00 2.095962894980752182e+10
6.012145379667110490e+00 2.112385098245003128e+10
6.036193961185778889e+00 2.034278511411837769e+10
6.060338737030522616e+00 2.034784021726593018e+10
6.084580091978644134e+00 2.100551197119253922e+10
6.108918412346558746e+00 1.968406182853855896e+10
6.133354085995945226e+00 2.239078534556646729e+10
6.157887502339929320e+00 2.056833345840113449e+10
6.182519052349287669e+00 1.939205213157573318e+10
6.207249128558685491e+00 1.994444899830980301e+10
6.232078125072920471e+00 1.984046385453818893e+10
6.257006437573212843e+00 1.953501321319843292e+10
6.282034463323505236e+00 2.009873941090343475e+10
6.307162601176800720e+00 1.904722556901976013e+10
6.332391251581507063e+00 1.931742041193278122e+10
6.357720816587833390e+00 1.896742407904285431e+10
6.383151699854184180e+00 1.821107229069638443e+10
6.408684306653601226e+00 1.665739352526345062e+10
6.434319043880215361e+00 1.721324201485042953e+10
6.460056320055736379e+00 1.541118317802479553e+10
6.485896545335958052e+00 1.379270516387415123e+10
6.511840131517302233e+00 1.402813365814123535e+10
6.537887492043371829e+00 1.384732902583578873e+10
6.564039042011545533e+00 1.297867428408154488e+10
6.590295198179591196e+00 1.240376735582215691e+10
6.616656378972309405e+00 1.244963766551152420e+10
6.643123004488199257e+00 1.227429980307537270e+10
6.669695496506150789e+00 1.230599424338733101e+10
6.696374278492176479e+00 1.224764936030361938e+10
6.723159775606144528e+00 1.187011782020135117e+10
6.750052414708568094e+00 1.248404201894610023e+10
6.777052624367403411e+00 1.148524755610760880e+10
6.804160834864871887e+00 1.135743645797034645e+10
6.831377478204331055e+00 1.084030029851219177e+10
6.858702988117148180e+00 1.124368014292327118e+10
6.886137800069615622e+00 1.149409113782769012e+10
6.913682351269895499e+00 1.125595331805889511e+10
6.941337080674975013e+00 1.119145339203904724e+10
6.969102428997675069e+00 1.098096191418549347e+10
6.996978838713665994e+00 1.118718095167768478e+10
7.024966754068519670e+00 1.055282411268752480e+10
7.053066621084793653e+00 1.033070609183615303e+10
7.081278887569133929e+00 1.028142349143716621e+10
7.109604003119409654e+00 9.950447558425708771e+09
7.138042419131887861e+00 1.017156671196516037e+10
7.166594588808414379e+00 1.004056167621983147e+10
7.195260967163648047e+00 9.847767313255958557e+09
7.224042011032302923e+00 9.448206743062183380e+09
7.252938179076432235e+00 9.313918975033006668e+09
7.281949931792737196e+00 9.266495587578065872e+09
7.311077731519908696e+00 9.309011727382345200e+09
7.340322042445988515e+00 8.715433702961116791e+09
7.369683330615771411e+00 8.683925336897687912e+09
7.399162063938235612e+00 8.882686847299535751e+09
7.428758712193988423e+00 8.424850700912719727e+09
7.458473747042765112e+00 8.482622244470311165e+09
7.488307642030935796e+00 8.483775813564006805e+09
7.518260872599060285e+00 8.639272377895862579e+09
7.548333916089456253e+00 8.541586039982666016e+09
7.578527251753813587e+00 8.053366758199873924e+09
7.608841360760829176e+00 7.772799302058608055e+09
7.639276726203872769e+00 8.195640983707699776e+09
7.669833833108687493e+00 7.561618509293251991e+09
7.700513168441122325e+00 7.346835027648955345e+09
7.731315221114887670e+00 6.934219974023900032e+09
7.762240481999347352e+00 6.700518005169147491e+09
7.793289443927344351e+00 6.559611645284956932e+09
7.824462601703054077e+00 6.560349743955448151e+09
7.855760452109866065e+00 6.402703829816187859e+09
7.887183493918306532e+00 6.140757624343077660e+09
7.918732227893980458e+00 6.266411482683165550e+09
7.950407156805555431e+00 6.177874783147248268e+09
7.982208785432777454e+00 6.105154141749302864e+09
8.014137620574508958e+00 6.079069056059249878e+09
8.046194171056805899e+00 5.758312845885897636e+09
8.078378947741034821e+00 6.066531493108492851e+09
8.110692463531997021e+00 5.791692268172543526e+09
8.143135233386125549e+00 5.815550544942237854e+09
8.175707774319670662e+00 5.714364317733190536e+09
8.208410605416949224e+00 5.535777825160613060e+09
8.241244247838615422e+00 5.677953451515589714e+09
8.274209224829968790e+00 5.503084117518018723e+09
8.307306061729288871e+00 5.560059307841954231e+09
8.340535285976207192e+00 5.318400661665500641e+09
8.373897427120111203e+00 5.250692943237128258e+09
8.407393016828594412e+00 5.573128901159824371e+09
8.441022588895906509e+00 5.223259837346258163e+09
8.474786679251490540e+00 5.381845643127581596e+09
8.508685825968495209e+00 5.153855334548309326e+09
8.542720569272368891e+00 5.260259473000120163e+09
8.576891451549458978e+00 5.188215013032618523e+09
8.611199017355655627e+00 5.277208212535687447e+09
8.645643813425078150e+00 5.178903473143836975e+09
8.680226388678779159e+00 5.086406335398294449e+09
8.714947294233493125e+00 5.092012330793930054e+09
8.749807083410427566e+00 4.940922165079126358e+09
8.784806311744070229e+00 5.069047157874017715e+09
8.819945536991047774e+00 4.925685160115108490e+09
8.855225319139009343e+00 4.924259048357479095e+09
8.890646220415566958e+00 5.072675100548819542e+09
8.926208805297228821e+00 4.935902317995070457e+09
8.961913640518417878e+00 4.792440745818465233e+09
8.997761295080492161e+00 4.821967985887815475e+09
9.033752340260813085e+00 4.793496906164872169e+09
9.069887349621856387e+00 4.815726635677812576e+09
9.106166899020346150e+00 4.680735230522831917e+09
9.142591566616424359e+00 4.745864329231833458e+09
9.179161932882891506e+00 4.718549124492203712e+09
9.215878580614422333e+00 4.662291094142176628e+09
9.252742094936881045e+00 4.581744934057536125e+09
9.289753063316627646e+00 4.612656739577304840e+09
9.326912075569895322e+00 4.587785097036938667e+09
9.364219723872173162e+00 4.665686755789477348e+09
9.401676602767663482e+00 4.433428805516949654e+09
9.439283309178733816e+00 4.366508363749951363e+09
9.477040442415447075e+00 4.410223711560019493e+09
9.514948604185111236e+00 4.384858592499429703e+09
9.553008398601852136e+00 4.458725671331645966e+09
9.591220432196260859e+00 4.256906752227565289e+09
9.629585313925044687e+00 4.220070418318327427e+09
9.668103655180747324e+00 4.205548785509327412e+09
9.706776069801470896e+00 4.177438509022562981e+09
9.745603174080676112e+00 4.181594206102069855e+09
9.784585586776998412e+00 4.215154344791385651e+09
9.823723929124106746e+00 3.994312940192969322e+09
9.863018824840601440e+00 4.049986675106261253e+09
9.902470900139965337e+00 3.577817856336740017e+09
9.942080783740523842e+00 3.940842581016320229e+09
9.981849106875488431e+00 3.855159889557297230e+09
1.002177650330298952e+01 3.864013241269770622e+09
1.006186360931619994e+01 3.746847402077063560e+09
1.010211106375346723e+01 3.589103046877128601e+09
1.014251950800847979e+01 3.736358499172283173e+09
1.018308958604051284e+01 3.655820121588163853e+09
1.022382194438467451e+01 3.553165850131772041e+09
1.026471723216221399e+01 3.448018387558963776e+09
1.030577610109086173e+01 3.438053136953713894e+09
1.034699920549522467e+01 3.329912394975060463e+09
1.038838720231720458e+01 3.210714309673857689e+09
1.042994075112647501e+01 3.156093081191796780e+09
1.047166051413097954e+01 3.086706066039234638e+09
1.051354715618750468e+01 3.191097448500318050e+09
1.055560134481225454e+01 3.082635235366688251e+09
1.059782375019150358e+01 2.997305998612348080e+09
1.064021504519226902e+01 3.052209782577407360e+09
1.068277590537303823e+01 3.036236867793330193e+09
1.072550700899452991e+01 2.900540611957828045e+09
1.076840903703050856e+01 2.844936175341158867e+09
1.081148267317863088e+01 2.882292877371883392e+09
1.085472860387134553e+01 2.927689198310669422e+09
1.089814751828683015e+01 2.608788488780646324e+09
1.094174010835997635e+01 2.716142974117007732e+09
1.098550706879341909e+01 2.441391807335053444e+09
1.102944909706859100e+01 2.494339485921539307e+09
1.107356689345686540e+01 2.500626114160961628e+09
1.111786116103069233e+01 2.510807236992107391e+09
1.116233260567481622e+01 2.429344745646339893e+09
1.120698193609751492e+01 2.389699958515339375e+09
1.125180986384190440e+01 2.365207830036002636e+09
1.129681710329727373e+01 2.323211348925099373e+09
1.134200437171046083e+01 2.278382636159236908e+09
1.138737238919730466e+01 2.324406077830656052e+09
1.143292187875409383e+01 2.235129810156665325e+09
1.147865356626910938e+01 2.189477509741620541e+09
1.152456818053418530e+01 2.125208198822885990e+09
1.157066645325632237e+01 2.044521170536928892e+09
1.161694911906934635e+01 2.009384162091203451e+09
1.166341691554562487e+01 2.080132947738232613e+09
1.171007058320780736e+01 1.937851230879173279e+09
1.175691086554063958e+01 1.796292212881088018e+09
1.180393850900279951e+01 1.896490888255680561e+09
1.185115426303881137e+01 1.839655179833690643e+09
1.189855888009096674e+01 1.842471145057133675e+09
1.194615311561133097e+01 1.832959149214079618e+09
1.199393772807377623e+01 1.802858096038627386e+09
1.204191347898607134e+01 1.791416965823115349e+09
1.209008113290201614e+01 1.660049014239774227e+09
1.213844145743362368e+01 1.650974040448250294e+09
1.218699522326335938e+01 1.732767033311455727e+09
1.223574320415641381e+01 1.611678184621799707e+09
1.228468617697303777e+01 1.655293052098307610e+09
1.233382492168093059e+01 1.565446296803737640e+09
1.238316022136765504e+01 1.548269382867757320e+09
1.243269286225312520e+01 1.412238581049828291e+09
1.248242363370213859e+01 1.528292951228070974e+09
1.253235332823694748e+01 1.398067570472208500e+09
1.258248274154989410e+01 1.441813535291589975e+09
1.263281267251609385e+01 1.412445616505825996e+09
1.268334392320615756e+01 1.401897652040850401e+09
1.273407729889898299e+01 1.430172307228727341e+09
1.278501360809457665e+01 1.304289997924641848e+09
1.283615366252695544e+01 1.278697161417549133e+09
1.288749827717706253e+01 1.379937586123901129e+09
1.293904827028577031e+01 1.243077661530582428e+09
1.299080446336691352e+01 1.280335931133216858e+09
1.304276768122038099e+01 1.205209465721864939e+09
1.309493875194526424e+01 1.237582058176491261e+09
1.314731850695304693e+01 1.189637740777548075e+09
1.319990778098085649e+01 1.204817250377433538e+09
1.325270741210477965e+01 1.097915452215065956e+09
1.330571824175319939e+01 1.082203387333249092e+09
1.335894111472021173e+01 1.119708236051274300e+09
1.341237687917909227e+01 1.121116801657120228e+09
1.346602638669580898e+01 1.031881513729690313e+09
1.351989049224258999e+01 1.088782238781477928e+09
1.357397005421156067e+01 1.042172163314183116e+09
1.362826593442840917e+01 1.026433666586400986e+09
1.368277899816612297e+01 1.011918180236973643e+09
1.373751011415878942e+01 9.453643811467980146e+08
1.379246015461542463e+01 9.978783881851550341e+08
1.384762999523388416e+01 8.924986688749027252e+08
1.390302051521481808e+01 9.647064181857075691e+08
1.395863259727567751e+01 9.363136403650858402e+08
1.401446712766477987e+01 8.745156263019694090e+08
1.407052499617543972e+01 9.626191963498866558e+08
1.412680709616014063e+01 8.653137148183525801e+08
1.418331432454478147e+01 8.242836641797504425e+08
1.424004758184296193e+01 8.461897768005480766e+08
1.429700777217033369e+01 8.837656265368772745e+08
1.435419580325901379e+01 8.087403528626093864e+08
1.441161258647204946e+01 8.006173229044711590e+08
1.446925903681793812e+01 7.680438677185313702e+08
1.452713607296521126e+01 7.905116041815021038e+08
1.458524461725707155e+01 7.822327059740319252e+08
1.464358559572609764e+01 7.503376269357069731e+08
1.470215993810900557e+01 7.452190462090911865e+08
1.476096857786143879e+01 7.959812017124845982e+08
1.482001245217288599e+01 7.221643512802689075e+08
1.487929250198157760e+01 6.829005911569564342e+08
1.493880967198950316e+01 7.148981406997404099e+08
1.499856491067746056e+01 6.894869065799832344e+08
1.505855917032016933e+01 6.852540497090238333e+08
1.511879340700144958e+01 6.631235158322339058e+08
1.517926858062945605e+01 6.548196291254885197e+08
1.523998565495197433e+01 6.811938012609313726e+08
1.530094559757178274e+01 6.663584666380684376e+08
1.536214937996206764e+01 6.289012576513119936e+08
1.542359797748191674e+01 6.054279136858316660e+08
1.548529236939184450e+01 6.133535217814358473e+08
1.554723353886941339e+01 5.776850193541240692e+08
1.560942247302489072e+01 5.952267421524511576e+08
1.567186016291699069e+01 5.966407404371013641e+08
1.573454760356865556e+01 5.513117995972570181e+08
1.579748579398293096e+01 5.726724932442332506e+08
1.586067573715886247e+01 5.561635519244556427e+08
1.592411844010749888e+01 5.877453529722534418e+08
1.598781491386792730e+01 5.019169573780454397e+08
1.605176617352340074e+01 5.270864916973574758e+08
1.611597323821749228e+01 5.046015129137887955e+08
1.618043713117036120e+01 5.364651236966547966e+08
1.624515887969504391e+01 4.774537176777125597e+08
1.631013951521382310e+01 5.100723121647850871e+08
1.637538007327468037e+01 5.126683582736513019e+08
1.644088159356778078e+01 4.860790668315053582e+08
1.650664511994205341e+01 4.650316303589825630e+08
1.657267170042182158e+01 4.620517896507655978e+08
1.663896238722350418e+01 4.251915611242935061e+08
1.670551823677240222e+01 4.582257024370418787e+08
1.677234030971949608e+01 4.793991542776390314e+08
1.683942967095837062e+01 4.537693258604406714e+08
1.690678738964220429e+01 4.302269058479099274e+08
1.697441453920077237e+01 4.241160662618868351e+08
1.704231219735757108e+01 4.640520248894370198e+08
1.711048144614700561e+01 3.813609480822537541e+08
1.717892337193159236e+01 4.228530233888949156e+08
1.724763906541932101e+01 3.887063521936933994e+08
1.731662962168099895e+01 3.855713749766637087e+08
1.738589614016772344e+01 3.607806443569772243e+08
1.745543972472839300e+01 3.948069817254998684e+08
1.752526148362730751e+01 3.834355602244008780e+08
1.759536252956181812e+01 3.650333885066930056e+08
1.766574397968006238e+01 3.542449149465431571e+08
1.773640695559878466e+01 3.546229915772264600e+08
1.780735258342117433e+01 3.496830100893102288e+08
1.787858199375486024e+01 3.693217649993512034e+08
1.795009632172988034e+01 3.290778309344224930e+08
1.802189670701679702e+01 3.571150834135084152e+08
1.809398429384486562e+01 3.387046045585052967e+08
1.816636023102024211e+01 3.014090409913879037e+08
1.823902567194432578e+01 3.324586690582866073e+08
1.831198177463210186e+01 3.353101781818817854e+08
1.838522970173062987e+01 3.133817870079389811e+08
1.845877062053754969e+01 3.062095523226562738e+08
1.853260570301970134e+01 2.832975643024605513e+08
1.860673612583178027e+01 2.727581587906244993e+08
1.868116307033510637e+01 2.918084049311662316e+08
1.875588772261644976e+01 2.817990584339593649e+08
1.883091127350691352e+01 3.049332016529284120e+08
1.890623491860094063e+01 2.802988087422496080e+08
1.898185985827534594e+01 2.645662655442850888e+08
1.905778729770844748e+01 2.862956644259827137e+08
1.913401844689928311e+01 2.807463295755028129e+08
1.921055452068688041e+01 2.507650793257442415e+08
1.928739673876962968e+01 2.545420447816037536e+08
1.936454632572470658e+01 2.626793708655899167e+08
1.944200451102760141e+01 2.270643087648299634e+08
1.951977252907171589e+01 2.656508698161341548e+08
1.959785161918800256e+01 2.344443305018692911e+08
1.967624302566475691e+01 2.364930764949226379e+08
1.991079942767366973e+01 2.303526595699794292e+08
