# Wavelength (micrometer), Flux (W / m2 / m)
1.000553076518779783e-01 9.194295342658331299e+10
1.004555288824854897e-01 2.401546550213514949e-04
1.008573509980154326e-01 3.275108745103888952e-04
1.012607804020075053e-01 3.580785498822569796e-04
1.016658235236155422e-01 5.313678978654073860e-04
1.020724868177099870e-01 1.255573082872994553e-03
1.024807767649808382e-01 1.051109735045449578e-03
1.028906998720407612e-01 9.168040767972252762e-04
1.033022626715289355e-01 1.949406923450065646e-03
1.037154717222150413e-01 1.363672792232511382e-03
1.041303336091038839e-01 1.361054293651508922e-03
1.045468549435403099e-01 2.158893350618733969e-03
1.049650423633144702e-01 1.461395773311316773e-03
1.053849025327677214e-01 3.056548073753901067e-03
1.058064421428987906e-01 2.221499477507140642e-03
1.062296679114703990e-01 4.912925987015815711e-03
1.066545865831162732e-01 5.230738102561745088e-03
1.070812049294487533e-01 4.515507275545846758e-03
1.075095297491665408e-01 8.982636898525162700e-03
1.079395678681632220e-01 6.125719216169878828e-03
1.083713261396358624e-01 1.257622108179546998e-02
1.088048114441943909e-01 1.186854822580762046e-02
1.092400306899711654e-01 2.827896834625032857e-02
1.096769908127310511e-01 1.682883754307938629e-02
1.101156987759819850e-01 2.126840207270807789e-02
1.105561615710859147e-01 3.814102979067658661e-02
1.109983862173702651e-01 3.611348001990166007e-02
1.114423797622397516e-01 3.367547863127084984e-02
1.118881492812886930e-01 3.131704215444598011e-02
1.123357018784138517e-01 4.862552182466698542e-02
1.127850446859275102e-01 1.618883996235968292e-01
1.132361848646712132e-01 1.583671575437000378e-01
1.136891296041298988e-01 1.671261916462213060e-01
1.141438861225464035e-01 2.016092120733324888e-01
1.146004616670366072e-01 2.004873911233250594e-01
1.150588635137047705e-01 2.316846677416956879e-01
1.155190989677595953e-01 2.593141671924522607e-01
1.159811753636306314e-01 3.483288887050023930e-01
1.164451000650851553e-01 3.077256919939112545e-01
1.169108804653455069e-01 3.914820500265510650e-01
1.173785239872068981e-01 5.966963007982084566e-01
1.178480380831557206e-01 7.300907560093309323e-01
1.183194302354883543e-01 7.940235253053686826e-01
1.187927079564302935e-01 9.155856562925350772e-01
1.192678787882560099e-01 1.088885455813282555e+00
1.197449503034090645e-01 1.355839816488588978e+00
1.202239301046226783e-01 1.161163113319297668e+00
1.207048258250411760e-01 2.081693413219195321e+00
1.211876451283413342e-01 1.927217406585413961e+00
1.216723957088547137e-01 3.120310100014576093e+00
1.221590852916901310e-01 4.010528259665126605e+00
1.226477216328568792e-01 7.314470891656799090e+00
1.231383125193883099e-01 6.254444664181262326e+00
1.236308657694658586e-01 7.874415102353307994e+00
1.241253892325437369e-01 6.552275155060672596e+00
1.246218907894739159e-01 8.109305841761717204e+00
1.251203783526317892e-01 1.132519676437170020e+01
1.256208598660423226e-01 9.908363692522122790e+00
1.261233433055065078e-01 1.383273270056779403e+01
1.266278366787285392e-01 1.565531206888868176e+01
1.271343480254434610e-01 2.438608929274179715e+01
1.276428854175452321e-01 2.101414909296239841e+01
1.281534569592154005e-01 2.559680265221173556e+01
1.286660707870522780e-01 3.056119336445400947e+01
1.291807350702004475e-01 4.503149480350398193e+01
1.296974580104812425e-01 4.585396735676647495e+01
1.302162478425231973e-01 5.346103569251240373e+01
1.307371128338932764e-01 6.402559428122158636e+01
1.312600612852288795e-01 6.630579068115298469e+01
1.317851015303697915e-01 8.578561164581138598e+01
1.323122419364912705e-01 8.655982001726555097e+01
1.328414909042372472e-01 9.907882184601579922e+01
1.333728568678542170e-01 1.233182474808846933e+02
1.339063482953256612e-01 1.209999691471501961e+02
1.344419736885069383e-01 1.163810197945601743e+02
1.349797415832609815e-01 1.319939763076889676e+02
1.355196605495940232e-01 1.854178533093551664e+02
1.360617391917924301e-01 1.856648626312228316e+02
1.366059861485595939e-01 1.706198343041633336e+02
1.371524100931538481e-01 1.945558947143049977e+02
1.377010197335264696e-01 2.529932446826819330e+02
1.382518238124605670e-01 2.832347922509982823e+02
1.388048311077104136e-01 3.300460251223635737e+02
1.393600504321412248e-01 3.517906074174691753e+02
1.399174906338697677e-01 3.400407607833846555e+02
1.404771605964052761e-01 4.527999604518734600e+02
1.410390692387908651e-01 5.722345681294292490e+02
1.416032255157460562e-01 7.325546089026946674e+02
1.421696384178090522e-01 5.963862372718427878e+02
1.427383169714803168e-01 6.875053451527791140e+02
1.433092702393662099e-01 1.309969261190869702e+03
1.438825073203236771e-01 9.553971538077787500e+02
1.444580373496049674e-01 1.653447483618471779e+03
1.450358694990033503e-01 1.292467042201706136e+03
1.456160129769993872e-01 1.963081427947034172e+03
1.461984770289073976e-01 2.189455588017004175e+03
1.467832709370230082e-01 2.019468656529082409e+03
1.473704040207710897e-01 2.541395709704145702e+03
1.479598856368541382e-01 2.344721093627190839e+03
1.485517251794015725e-01 3.086990064742181858e+03
1.491459320801191979e-01 5.165351709080439832e+03
1.497425158084396690e-01 4.697813198692424521e+03
1.503414858716734248e-01 7.913772167437471580e+03
1.509428518151600951e-01 7.335587338124167218e+03
1.515466232224207677e-01 5.766005191664943595e+03
1.521528097153104220e-01 1.072075775670994335e+04
1.527614209541716672e-01 1.201773046554484245e+04
1.533724666379883694e-01 1.272063291670365834e+04
1.539859565045403056e-01 1.602961488404083684e+04
1.546019003305584838e-01 8.593052782976830713e+03
1.552203079318807133e-01 1.247432644644552238e+04
1.558411891636082569e-01 1.489901557131075242e+04
1.564645539202626778e-01 1.363078517959801684e+04
1.570904121359437411e-01 1.819436133911000434e+04
1.577187737844875093e-01 1.839785801913403702e+04
1.583496488796254653e-01 2.102214528995074943e+04
1.589830474751439959e-01 2.498731471771117504e+04
1.596189796650445414e-01 1.965869737373381577e+04
1.602574555837047166e-01 2.024874881600140361e+04
1.608984854060395708e-01 2.522098336966388888e+04
1.615420793476636807e-01 2.925161382452684484e+04
1.621882476650543525e-01 3.352279409607982961e+04
1.628370006557145755e-01 3.454769080902633141e+04
1.634883486583374457e-01 3.892547223138849222e+04
1.641423020529707844e-01 4.177912909421161021e+04
1.647988712611826723e-01 4.657016106947453227e+04
1.654580667462274002e-01 3.822259674637705029e+04
1.661198990132123077e-01 5.370762057728133368e+04
1.667843786092651215e-01 6.070947334166710061e+04
1.674515161237022098e-01 6.946964701502710523e+04
1.681213221881969755e-01 8.645269592385797296e+04
1.687938074769497754e-01 8.628849784746002115e+04
1.694689827068575905e-01 1.167202966045793146e+05
1.701468586376850278e-01 1.170784133868146746e+05
1.708274460722357391e-01 1.333603119471021637e+05
1.715107558565246715e-01 1.584697091739782772e+05
1.721967988799507909e-01 1.612657696289289743e+05
1.728855860754705820e-01 2.053852585278194456e+05
1.735771284197724640e-01 2.019791312520719366e+05
1.742714369334515678e-01 2.291030405596510100e+05
1.749685226811853456e-01 2.989423989686360583e+05
1.756683967719100681e-01 2.693246915578074404e+05
1.763710703589977391e-01 3.590952210865023080e+05
1.770765546404337309e-01 3.998140761679774150e+05
1.777848608589954471e-01 3.666468017840221873e+05
1.784960003024314568e-01 5.113004118248239974e+05
1.792099843036411844e-01 4.940326918369105551e+05
1.799268242408557650e-01 5.336057371283834800e+05
1.806465315378191772e-01 7.116511678457476664e+05
1.813691176639704306e-01 5.756993382704459364e+05
1.820945941346263086e-01 7.516589747168897884e+05
1.828229725111648329e-01 9.945618157956330106e+05
1.835542644012094771e-01 7.560332202203517081e+05
1.842884814588143239e-01 1.042866012161638006e+06
1.850256353846495561e-01 1.353526469859740930e+06
1.857657379261881403e-01 1.116017163586616982e+06
1.865088008778928996e-01 1.593746971176801249e+06
1.872548360814044743e-01 1.734327724696725840e+06
1.880038554257300876e-01 1.567891562295794720e+06
1.887558708474330049e-01 2.199682142569192685e+06
1.895108943308226879e-01 2.256587031876407098e+06
1.902689379081460019e-01 2.201396379694033880e+06
1.910300136597785636e-01 3.159347108862514608e+06
1.917941337144176972e-01 3.111592612798660994e+06
1.925613102492753359e-01 3.261330734511908609e+06
1.933315554902724498e-01 4.317526470420071855e+06
1.941048817122335568e-01 4.342189072207108140e+06
1.948813012390824828e-01 4.618842028078633361e+06
1.956608264440388156e-01 6.230556154170979746e+06
1.964434697498149418e-01 5.804282319027705118e+06
1.972292436288141937e-01 6.379063678324270062e+06
1.980181606033294406e-01 8.401109068698061630e+06
1.988102332457427346e-01 8.201309763141211122e+06
1.996054741787257336e-01 8.414871249160408974e+06
2.004038960754406518e-01 1.000230220616774075e+07
2.012055116597424309e-01 1.101664167231912352e+07
2.020103337063813842e-01 1.163239173373562656e+07
2.028183750412069219e-01 1.318554855516261794e+07
2.036296485413717494e-01 1.342736435641637817e+07
2.044441671355372303e-01 1.397019164214851335e+07
2.052619438040793887e-01 1.593462363642816059e+07
2.060829915792957157e-01 1.652490275093629956e+07
2.069073235456129201e-01 1.706476344588913396e+07
2.077349528397953449e-01 1.874289771520501748e+07
2.085658926511545219e-01 2.030639478927323967e+07
2.094001562217591150e-01 2.071605150378942117e+07
2.102377568466461677e-01 2.174155739368661866e+07
2.110787078740327671e-01 2.205141658633113652e+07
2.119230227055288740e-01 2.401295971616713330e+07
2.127707147963510126e-01 2.576266713556547090e+07
2.136217976555363773e-01 2.752662469001867995e+07
2.144762848461585492e-01 2.620955662188405544e+07
2.153341899855431840e-01 2.896091526603582501e+07
2.161955267454853669e-01 3.167870710838273540e+07
2.170603088524672986e-01 3.400429200300092995e+07
2.179285500878772042e-01 3.289922163831311464e+07
2.188002642882286852e-01 3.487796747787261009e+07
2.196754653453815986e-01 4.074478400883623213e+07
2.205541672067631020e-01 4.132252835212539136e+07
2.214363838755901703e-01 4.763059712252352387e+07
2.223221294110925284e-01 4.153072433125426620e+07
2.232114179287369160e-01 5.847472993782240152e+07
2.241042636004518529e-01 5.626042928868407756e+07
2.250006806548536520e-01 7.411726256581132114e+07
2.259006833774730438e-01 5.910999122045352310e+07
2.268042861109829667e-01 7.263615347250789404e+07
2.277115032554268836e-01 8.610290145970949531e+07
2.286223492684485714e-01 9.763101272451817989e+07
2.295368386655223802e-01 1.213339270442469716e+08
2.304549860201844658e-01 8.014627036243140697e+07
2.313768059642651864e-01 1.196923284743237346e+08
2.323023131881222503e-01 1.332311235473043025e+08
2.332315224408747223e-01 1.623759369289471209e+08
2.341644485306381973e-01 1.615317069847003818e+08
2.351011063247607502e-01 1.209254379482018054e+08
2.360415107500598020e-01 1.788792541874222457e+08
2.369856767930600405e-01 1.431134706009646654e+08
2.379336195002322851e-01 2.076613713634459972e+08
2.388853539782332114e-01 2.125202964397253692e+08
2.398408953941461863e-01 2.812722677089179158e+08
2.408002589757227141e-01 3.264477382192589045e+08
2.417634600116256582e-01 2.190206200972802341e+08
2.427305138516721306e-01 3.648458571105244160e+08
2.437014359070788505e-01 3.880691766346590519e+08
2.446762416507071713e-01 5.597169834875085354e+08
2.456549466173099938e-01 4.690877382731693387e+08
2.466375664037792625e-01 5.216137000240437984e+08
2.476241166693943785e-01 6.153428953174593449e+08
2.486146131360719436e-01 3.807052006393450499e+08
2.496090715886161993e-01 5.546417268990194798e+08
2.506075078749706586e-01 5.762740170933376551e+08
2.516099379064705155e-01 6.631621920552874804e+08
2.526163776580964138e-01 8.345258056674592495e+08
2.536268431687287994e-01 1.543106148525290966e+09
2.546413505414037437e-01 1.754595835278218746e+09
2.556599159435693491e-01 1.301842403572700024e+09
2.566825556073435988e-01 1.080145239984774351e+09
2.577092858297729827e-01 1.228267270853696346e+09
2.587401229730920682e-01 1.099238922768890142e+09
2.597750834649844576e-01 1.415829974198635101e+09
2.608141837988444123e-01 1.498462512524047852e+09
2.618574405340398092e-01 2.186816012172736168e+09
2.629048702961759298e-01 3.546540630408283710e+09
2.639564897773606367e-01 3.613294441548021317e+09
2.650123157364701054e-01 3.566113529350551605e+09
2.660723649994159445e-01 3.339348964929325104e+09
2.671366544594135917e-01 3.239399281471933842e+09
2.682052010772512096e-01 3.869406494778919697e+09
2.692780218815602478e-01 3.194151865356585026e+09
2.703551339690865030e-01 4.589822910504067421e+09
2.714365545049627904e-01 4.267952880967460632e+09
2.725223007229827243e-01 4.152469225934769630e+09
2.736123899258746106e-01 4.955624243152440071e+09
2.747068394855781692e-01 5.694779072432519913e+09
2.758056668435204806e-01 6.906080013612103462e+09
2.769088895108945403e-01 1.077766981512133026e+10
2.780165250689380918e-01 9.048717602239427567e+09
2.791285911692138466e-01 1.150803364936468887e+10
2.802451055338907038e-01 1.075975602579043198e+10
2.813660859560263017e-01 1.047582275687185287e+10
2.824915502998503469e-01 9.889356419614643097e+09
2.836215165010497197e-01 8.531883227409533501e+09
2.847560025670539119e-01 5.084552346154721260e+09
2.858950265773221866e-01 6.666855532902474403e+09
2.870386066836315142e-01 1.122103579363269806e+10
2.881867611103660631e-01 1.668100740719400787e+10
2.893395081548075787e-01 2.354207616179927826e+10
2.904968661874267610e-01 2.740576846603139496e+10
2.916588536521764197e-01 3.502311996024501801e+10
2.928254890667851273e-01 3.380338828612651825e+10
2.939967910230522619e-01 3.403013497224709702e+10
2.951727781871444911e-01 2.861026909905335236e+10
2.963534692998930908e-01 3.228346063818628693e+10
2.975388831770926501e-01 3.355384162092097092e+10
2.987290387098009981e-01 4.300208259648925018e+10
2.999239548646402409e-01 3.633033117547499847e+10
3.011236506840988536e-01 5.760845665866266632e+10
3.023281452868351593e-01 3.308130217802923203e+10
3.035374578679824742e-01 7.304535971528352356e+10
3.047516076994544187e-01 7.193900427433741760e+10
3.059706141302522830e-01 8.310038613299021912e+10
3.071944965867733357e-01 1.252430815829674072e+11
3.084232745731204095e-01 1.703608734604949036e+11
3.096569676714128194e-01 1.264664251379771271e+11
3.108955955420985018e-01 2.197334359671981812e+11
3.121391779242668751e-01 2.268785604456974792e+11
3.133877346359639215e-01 2.616891958960737000e+11
3.146412855745078230e-01 3.067563599048190308e+11
3.158998507168058190e-01 2.880390808239596558e+11
3.171634501196730627e-01 3.889685576399891968e+11
3.184321039201517545e-01 3.069481918331702881e+11
3.197058323358323295e-01 2.741720902704137268e+11
3.209846556651756444e-01 3.539554660304213867e+11
3.222685942878363852e-01 3.869949787875900269e+11
3.235576686649877520e-01 3.833505911376474609e+11
3.248518993396476984e-01 4.962011369465900269e+11
3.261513069370062801e-01 5.742805319359277344e+11
3.274559121647543369e-01 6.486836325212243652e+11
3.287657358134133401e-01 6.458409047871667480e+11
3.300807987566670154e-01 7.105694668948519287e+11
3.314011219516936890e-01 8.309296551208645020e+11
3.327267264395004642e-01 7.875678542199108887e+11
3.340576333452584534e-01 8.253129952406473389e+11
3.353938638786395088e-01 7.692543059757009277e+11
3.367354393341540630e-01 7.172971068616204834e+11
3.380823810914907468e-01 7.854928866580889893e+11
3.394347106158566718e-01 9.472650699255069580e+11
3.407924494583201014e-01 8.934808969197448730e+11
3.421556192561533982e-01 8.679662388467679443e+11
3.435242417331779707e-01 6.141756079070939941e+11
3.448983387001106626e-01 6.779241867865791016e+11
3.462779320549111417e-01 7.910331818544418945e+11
3.476630437831307319e-01 6.531280121463575439e+11
3.490536959582632992e-01 6.966547439194594727e+11
3.504499107420963600e-01 1.185629041027983887e+12
3.518517103850647421e-01 9.763863500944106445e+11
3.532591172266050239e-01 1.183649125063955811e+12
3.546721536955114717e-01 1.386459186743885254e+12
3.560908423102934761e-01 7.404824834532526855e+11
3.575152056795346533e-01 5.188372398131626587e+11
3.589452665022527800e-01 8.742909040785936279e+11
3.603810475682617254e-01 1.105653879720005127e+12
3.618225717585348278e-01 9.029855731309814453e+11
3.632698620455689364e-01 9.808160197949887695e+11
3.647229414937512293e-01 8.687977957249965820e+11
3.661818332597261971e-01 1.595202896981903564e+12
3.676465605927651259e-01 1.207416937982753662e+12
3.691171468351361895e-01 1.330400605927263428e+12
3.705936154224767076e-01 8.682141398891135254e+11
3.720759898841666247e-01 4.750478346378391113e+11
3.735642938437032656e-01 4.425920217841539917e+11
3.750585510190780902e-01 4.863342824959878540e+11
3.765587852231543908e-01 9.343561518982912598e+11
3.780650203640470441e-01 1.767721051097149902e+12
3.795772804455032068e-01 1.162304111129511230e+12
3.810955895672852312e-01 1.270573930784889404e+12
3.826199719255543585e-01 5.422540543234093628e+11
3.841504518132565771e-01 8.593219835077011719e+11
3.856870536205096456e-01 6.721547210943941650e+11
3.872298018349916715e-01 1.070738671265264526e+12
3.887787210423316320e-01 1.027715903761856689e+12
3.903338359265008939e-01 1.179628136618498535e+12
3.918951712702069545e-01 1.119908650229470215e+12
3.934627519552877928e-01 5.643475268356849365e+11
3.950366029631089404e-01 1.376849934973590332e+12
3.966167493749613859e-01 9.061692783315646973e+11
3.982032163724612550e-01 1.814020788585802002e+12
3.997960292379510450e-01 2.228654760135726562e+12
4.013952133549028578e-01 2.683795593037768066e+12
4.030007942083224659e-01 3.086372062271039551e+12
4.046127973851557647e-01 2.483915437480809570e+12
4.062312485746963908e-01 2.513251469218442383e+12
4.078561735689951728e-01 2.858075065690706055e+12
4.094875982632711353e-01 3.273975160609922852e+12
4.111255486563242245e-01 3.610515798612680664e+12
4.127700508509495880e-01 3.299914441353297363e+12
4.144211310543532978e-01 3.184787643871567871e+12
4.160788155785707931e-01 3.708549313207962891e+12
4.177431308408850463e-01 3.326161232222095703e+12
4.194141033642486138e-01 2.729353385677457031e+12
4.210917597777056320e-01 1.994676505727600586e+12
4.227761268168164221e-01 6.388246918286658936e+11
4.244672313240837602e-01 1.965187735159118164e+12
4.261651002493800910e-01 2.852009731673950195e+12
4.278697606503775730e-01 3.033042235152211426e+12
4.295812396929790666e-01 2.300717886341700195e+12
4.312995646517510107e-01 3.039121366317656250e+12
4.330247629103580187e-01 3.613744748529743652e+12
4.347568619619994745e-01 4.356232064097946289e+12
4.364958894098474596e-01 4.244949251993997559e+12
4.382418729674867897e-01 3.116723355847107910e+12
4.399948404593567730e-01 3.895504580614220703e+12
4.417548198211941890e-01 4.081932972974862793e+12
4.435218391004789873e-01 3.636504097587580078e+12
4.452959264568808750e-01 3.795244945945975586e+12
4.470771101627084021e-01 4.758462361110550781e+12
4.488654186033592119e-01 4.703972319891650391e+12
4.506608802777726241e-01 5.237517078996244141e+12
4.524635237988837710e-01 4.337843938585059082e+12
4.542733778940792333e-01 4.680801582098858398e+12
4.560904714056555065e-01 5.258267232743205078e+12
4.579148332912781894e-01 4.971627311300841797e+12
4.597464926244433370e-01 5.354673592417867188e+12
4.615854785949410899e-01 5.563597993975550781e+12
4.634318205093208576e-01 5.429367290454958008e+12
4.652855477913582227e-01 5.494467297331153320e+12
4.671466899825236219e-01 5.454391490415313477e+12
4.690152767424536906e-01 5.454442641140630859e+12
4.708913378494234969e-01 5.776414500791912109e+12
4.727749032008212171e-01 5.721729661693912109e+12
4.746660028136244769e-01 5.823824206409558594e+12
4.765646668248789131e-01 5.446525468320336914e+12
4.784709254921784560e-01 4.599271671134265625e+12
4.803848091941470555e-01 5.340596317336913086e+12
4.823063484309236815e-01 5.540548218386782227e+12
4.842355738246474361e-01 5.716984779648464844e+12
4.861725161199459966e-01 6.131756441066705078e+12
4.881172061844257226e-01 6.050579319581625977e+12
4.900696750091634302e-01 6.093439292116774414e+12
4.920299537092001074e-01 6.079657201356384766e+12
4.939980735240369625e-01 6.434795057767082031e+12
4.959740658181330253e-01 6.082068830581664062e+12
4.979579620814056362e-01 5.767924915755586914e+12
4.999497939297311566e-01 5.123419936057255859e+12
5.019495931054501758e-01 5.020602595229366211e+12
5.039573914778719965e-01 5.434623328655844727e+12
5.059732210437835054e-01 5.494662060924979492e+12
5.079971139279585435e-01 5.362483190091982422e+12
5.100291023836703852e-01 4.871229590477100586e+12
5.120692187932051054e-01 4.636717697943208984e+12
5.141174956683780550e-01 4.525664736609532227e+12
5.161739656510514473e-01 3.773288848437787598e+12
5.182386615136556074e-01 3.259268133768669434e+12
5.203116161597103329e-01 4.917893934739694336e+12
5.223928626243490303e-01 6.198950025945008789e+12
5.244824340748465152e-01 6.722118950260651367e+12
5.265803638111459239e-01 5.446802174469271484e+12
5.286866852663905103e-01 6.935924315346995117e+12
5.308014320074561088e-01 7.102398304066543945e+12
5.329246377354859288e-01 6.075463404876727539e+12
5.350563362864277916e-01 7.132981631345250000e+12
5.371965616315735881e-01 6.504107380555943359e+12
5.393453478780998456e-01 6.607261320704538086e+12
5.415027292696121819e-01 6.735807046933873047e+12
5.436687401866906466e-01 5.965730503937476562e+12
5.458434151474373941e-01 6.584490661327311523e+12
5.480267888080271321e-01 7.067165168086735352e+12
5.502188959632591247e-01 6.787810179875953125e+12
5.524197715471121928e-01 7.210514257177052734e+12
5.546294506333006025e-01 7.442426779398563477e+12
5.568479684358338400e-01 7.391900377549397461e+12
5.590753603095770519e-01 6.624584112142101562e+12
5.613116617508153716e-01 7.407040330838009766e+12
5.635569083978186899e-01 7.840919240647249023e+12
5.658111360314097560e-01 7.976521732040656250e+12
5.680743805755354980e-01 7.781436488940070312e+12
5.703466780978375672e-01 8.134836124330447266e+12
5.726280648102289872e-01 8.217739528818152344e+12
5.749185770694699160e-01 8.335891576860699219e+12
5.772182513777477375e-01 8.288570038318178711e+12
5.795271243832587071e-01 8.409008744429779297e+12
5.818452328807918184e-01 8.397952753713019531e+12
5.841726138123150003e-01 8.428558803562865234e+12
5.865093042675643131e-01 7.813029804820296875e+12
5.888553414846344758e-01 4.486323646445940430e+12
5.912107628505729462e-01 7.168032380167421875e+12
5.935756059019753339e-01 8.025364025694298828e+12
5.959499083255832552e-01 8.065740234648165039e+12
5.983337079588855190e-01 8.242986282388145508e+12
6.007270427907210886e-01 8.440506843121566406e+12
6.031299509618840426e-01 8.633626987691236328e+12
6.055424707657315331e-01 8.740528060735449219e+12
6.079646406487945187e-01 8.902683581902480469e+12
6.103964992113897203e-01 8.697444375001208008e+12
6.128380852082353503e-01 8.432543728390849609e+12
6.152894375490681744e-01 8.038291425745010742e+12
6.177505952992645710e-01 8.053569771829359375e+12
6.202215976804615893e-01 8.257131763531026367e+12
6.227024840711834486e-01 7.872501813402205078e+12
6.251932940074681477e-01 8.101389715807005859e+12
6.276940671834980723e-01 8.419574215808891602e+12
6.302048434522321552e-01 8.603119156477868164e+12
6.327256628260409244e-01 8.773637781367483398e+12
6.352565654773452142e-01 8.782549333793817383e+12
6.377975917392545435e-01 7.754655714694532227e+12
6.403487821062116003e-01 8.491204102396751953e+12
6.429101772346363930e-01 8.775710779344759766e+12
6.454818179435749537e-01 8.851787916238087891e+12
6.480637452153492628e-01 9.315182686854664062e+12
6.506560001962106154e-01 9.114906088262341797e+12
6.532586241969955410e-01 9.725757990503343750e+12
6.558716586937833881e-01 9.541570817775703125e+12
6.584951453285585732e-01 9.478114687544349609e+12
6.611291259098727169e-01 9.600661930205537109e+12
6.637736424135122215e-01 9.558912858252751953e+12
6.664287369831662922e-01 9.387442350382175781e+12
6.690944519310989547e-01 9.227664224737859375e+12
6.717708297388232941e-01 9.039062969813646484e+12
6.744579130577786907e-01 8.919506206001505859e+12
6.771557447100098326e-01 8.836806585244234375e+12
6.798643676888498355e-01 8.414497719607593750e+12
6.825838251596052508e-01 8.191392656750916992e+12
6.853141604602436265e-01 7.635874535898212891e+12
6.880554171020846210e-01 7.055160317956022461e+12
6.908076387704928933e-01 7.010204040510882812e+12
6.935708693255748791e-01 8.334082422691631836e+12
6.963451528028771209e-01 8.689806528415944336e+12
6.991305334140887062e-01 8.832061420516787109e+12
7.019270555477450380e-01 9.086844297208796875e+12
7.047347637699360456e-01 9.837142464575347656e+12
7.075537028250157290e-01 9.691061827184957031e+12
7.103839176363159202e-01 9.410855547539226562e+12
7.132254533068611568e-01 9.251700021257789062e+12
7.160783551200886610e-01 9.256608439460304688e+12
7.189426685405689854e-01 9.570039031142310547e+12
7.218184392147313222e-01 9.632605060248712891e+12
7.247057129715901436e-01 9.738187487585083984e+12
7.276045358234763949e-01 9.963498967378794922e+12
7.305149539667704639e-01 1.006416327428638281e+13
7.334370137826373703e-01 9.976168724107406250e+12
7.363707618377679509e-01 1.002976891124661719e+13
7.393162448851190449e-01 1.008046712869725977e+13
7.422735098646596752e-01 1.006547346081595312e+13
7.452426039041182282e-01 1.011413566544492188e+13
7.482235743197346300e-01 1.015614019888096680e+13
7.512164686170136330e-01 1.015843372029085547e+13
7.542213344914817652e-01 1.018786874408898633e+13
7.572382198294477229e-01 1.019930238200399219e+13
7.602671727087656484e-01 1.016819790344392969e+13
7.633082413996006288e-01 1.019950184244292188e+13
7.663614743651989691e-01 9.782288834351656250e+12
7.694269202626597970e-01 9.879275876716599609e+12
7.725046279437104424e-01 1.009170110122019922e+13
7.755946464554852593e-01 1.004195290375663477e+13
7.786970250413072225e-01 1.005203818129449219e+13
7.818118131414724115e-01 1.002631895173443555e+13
7.849390603940383793e-01 1.004262220515190820e+13
7.880788166356144098e-01 1.008232117372534961e+13
7.912311319021569922e-01 1.007468762953007812e+13
7.943960564297655180e-01 1.004007208959365039e+13
7.975736406554845281e-01 1.011249455329977734e+13
8.007639352181065151e-01 1.012418300590351172e+13
8.039669909589789443e-01 1.006945071742316016e+13
8.071828589228148276e-01 1.006761325354590430e+13
8.104115903585061842e-01 1.007596474207935547e+13
8.136532367199402760e-01 1.006927079117395117e+13
8.169078496668199518e-01 9.940569768934814453e+12
8.201754810654874328e-01 9.475772102835697266e+12
8.234561829897493190e-01 9.990936191171644531e+12
8.267500077217083687e-01 1.002032284983726953e+13
8.300570077525952772e-01 9.987517136416390625e+12
8.333772357836056743e-01 9.834222639933611328e+12
8.367107447267401188e-01 9.738974129316550781e+12
8.400575877056470908e-01 9.671886846205427734e+12
8.434178180564695371e-01 9.571596487238103516e+12
8.467914893286955236e-01 9.704431732544333984e+12
8.501786552860102208e-01 9.422329584338244141e+12
8.535793699071543283e-01 8.995030800468425781e+12
8.569936873867830540e-01 9.731720911883042969e+12
8.604216621363300899e-01 9.762811770869259766e+12
8.638633487848753623e-01 9.636414381012408203e+12
8.673188021800150027e-01 8.814428292171507812e+12
8.707880773887352044e-01 9.371577997561179688e+12
8.742712296982900755e-01 9.410391651461480469e+12
8.777683146170831563e-01 9.508509940940830078e+12
8.812793878755513788e-01 9.294934696462154297e+12
8.848045054270535781e-01 9.525138117057208984e+12
8.883437234487617795e-01 9.327201312512031250e+12
8.918970983425568155e-01 9.421921307832250000e+12
8.954646867359271623e-01 9.402343464956439453e+12
8.990465454828707736e-01 9.362176764559177734e+12
9.026427316648023558e-01 9.269303450904201172e+12
9.062533025914615292e-01 9.169841513907884766e+12
9.098783158018273198e-01 9.218679835869187500e+12
9.135178290650346478e-01 9.244703818188269531e+12
9.171719003812948134e-01 9.260302223421314453e+12
9.208405879828199803e-01 9.273787417246289062e+12
9.245239503347512100e-01 9.245482412414195312e+12
9.282220461360901620e-01 9.195484395015503906e+12
9.319349343206346781e-01 9.132053856705455078e+12
9.356626740579171431e-01 9.090334829852337891e+12
9.394053247541488405e-01 8.980058742017628906e+12
9.431629460531654185e-01 9.035865863901730469e+12
9.469355978373780180e-01 9.040661002918626953e+12
9.507233402287275092e-01 9.035288821994216797e+12
9.545262335896426142e-01 8.980770920493070312e+12
9.583443385240012491e-01 8.927591496652255859e+12
9.621777158780971950e-01 8.852417369082162109e+12
9.660264267416096562e-01 8.758525222740674805e+12
9.698905324485760371e-01 8.799184063305228516e+12
9.737700945783701600e-01 8.704840565242365234e+12
9.776651749566835914e-01 8.616080020877090820e+12
9.815758356565105203e-01 8.776632471751505859e+12
9.855021389991363012e-01 8.709757182260820312e+12
9.894441475551331022e-01 8.409073193813210938e+12
9.934019241453534432e-01 7.887702520763289062e+12
9.973755318419349480e-01 8.096874542153381836e+12
1.001365033969302543e+00 8.206076753910838867e+12
1.005370494105179757e+00 8.073723988762700195e+12
1.009391976081600362e+00 8.194221061099492188e+12
1.013429543985926884e+00 8.170366298113190430e+12
1.017483262161870350e+00 8.135607399757069336e+12
1.021553195210518128e+00 8.138827932468585938e+12
1.025639407991360219e+00 7.949280833450666016e+12
1.029741965623325539e+00 7.867599262952997070e+12
1.033860933485818867e+00 7.877612668461484375e+12
1.037996377219762012e+00 7.993338840507608398e+12
1.042148362728641198e+00 7.923294648759530273e+12
1.046316956179555557e+00 7.988386456832454102e+12
1.050502224004274066e+00 7.939235840290987305e+12
1.054704232900291139e+00 7.978893123278116211e+12
1.058923049831892227e+00 7.890492189968017578e+12
1.063158742031219628e+00 7.898552724220302734e+12
1.067411376999344741e+00 7.777728021083519531e+12
1.071681022507342096e+00 7.774472325063153320e+12
1.075967746597371377e+00 7.793087787929881836e+12
1.080271617583760779e+00 7.744339154525598633e+12
1.084592704054095913e+00 7.752963397178870117e+12
1.088931074870312044e+00 7.750295361632462891e+12
1.093286799169793433e+00 7.706062549015061523e+12
1.097659946366472461e+00 7.644530207057706055e+12
1.102050586151938294e+00 7.635662835006776367e+12
1.106458788496546219e+00 7.607472934084966797e+12
1.110884623650532532e+00 7.550002217422931641e+12
1.115328162145134749e+00 7.568155305324497070e+12
1.119789474793714934e+00 7.512804204261308594e+12
1.124268632692889902e+00 7.505411220901525391e+12
1.128765707223661430e+00 7.447396290760682617e+12
1.133280770052556230e+00 7.443299943161657227e+12
1.137813893132766374e+00 7.242255744198751953e+12
1.142365148705297484e+00 7.189339948060419922e+12
1.146934609300118479e+00 7.311063789374966797e+12
1.151522347737319096e+00 7.333086830364826172e+12
1.156128437128268516e+00 7.245922537975591797e+12
1.160752950876781542e+00 7.124395241203620117e+12
1.165395962680288999e+00 7.155979330108926758e+12
1.170057546531009907e+00 7.102111074091069336e+12
1.174737776717134086e+00 7.107758116082600586e+12
1.179436727824002773e+00 7.012525186828207031e+12
1.184154474735298557e+00 6.874660330115260742e+12
1.188891092634239977e+00 6.909204590408223633e+12
1.193646657004777012e+00 6.940822500819066406e+12
1.198421243632796118e+00 6.716799851165752930e+12
1.203214928607327261e+00 6.816741534884847656e+12
1.208027788321756724e+00 6.776927614611877930e+12
1.212859899475043468e+00 6.775959852915614258e+12
1.217711339072943710e+00 6.768929256180915039e+12
1.222582184429235275e+00 6.711175355700521484e+12
1.227472513166952384e+00 6.712269837486276367e+12
1.232382403219620226e+00 6.652578525714194336e+12
1.237311932832498407e+00 6.610113848322549805e+12
1.242261180563828615e+00 6.465360094964992188e+12
1.247230225286083849e+00 6.501972339040286133e+12
1.252219146187228072e+00 6.449856598167759766e+12
1.257228022771976983e+00 6.440244524848125977e+12
1.262256934863064783e+00 6.401559684604973633e+12
1.267305962602517155e+00 6.397605190201354492e+12
1.272375186452927354e+00 6.344893854298236328e+12
1.277464687198738957e+00 6.313845043197278320e+12
1.282574545947533950e+00 6.237335935737602539e+12
1.287704844131324133e+00 6.191700705596238281e+12
1.292855663507849417e+00 6.142333873817805664e+12
1.298027086161880783e+00 6.150300427336730469e+12
1.303219194506528344e+00 6.120260959140601562e+12
1.308432071284554521e+00 6.068327832458137695e+12
1.313665799569692760e+00 6.060796429483584961e+12
1.318920462767971591e+00 6.028834699454984375e+12
1.324196144619043336e+00 5.968842406009673828e+12
1.329492929197519491e+00 5.905324410582604492e+12
1.334810900914309650e+00 5.788182170262928711e+12
1.340150144517967101e+00 5.747023754462421875e+12
1.345510745096038852e+00 5.718470940101633789e+12
1.350892788076423212e+00 5.698837408966104492e+12
1.356296359228728932e+00 5.664628923166974609e+12
1.361721544665643879e+00 5.640836276925437500e+12
1.367168430844306393e+00 5.616673361027758789e+12
1.372637104567683730e+00 5.605597707341074219e+12
1.378127652985954299e+00 5.569738220058745117e+12
1.383640163597898098e+00 5.538914284356579102e+12
1.389174724252289828e+00 5.477929813336083008e+12
1.394731423149298877e+00 5.436037696463247070e+12
1.400310348841896202e+00 5.397808007203003906e+12
1.405911590237263642e+00 5.366724779882437500e+12
1.411535236598212784e+00 5.314939785865555664e+12
1.417181377544605603e+00 5.275761984645450195e+12
1.422850103054784210e+00 5.253847822144233398e+12
1.428541503467003038e+00 5.185660392351926758e+12
1.434255669480871243e+00 5.199503891298143555e+12
1.439992692158794885e+00 5.166028256411853516e+12
1.445752662927429988e+00 5.147646152107513672e+12
1.451535673579139596e+00 5.111761759660001953e+12
1.457341816273456159e+00 5.079763132142730469e+12
1.463171183538549913e+00 5.050055611321486328e+12
1.469023868272704147e+00 5.004764353642682617e+12
1.474899963745795128e+00 4.994521677954808594e+12
1.480799563600778246e+00 4.965363467529258789e+12
1.486722761855181485e+00 4.871423411929140625e+12
1.492669652902602007e+00 4.920458385446849609e+12
1.498640331514212276e+00 4.881184428545709961e+12
1.504634892840269300e+00 4.602181632312340820e+12
1.510653432411630304e+00 4.855943512540671875e+12
1.516696046141276843e+00 4.841646947590673828e+12
1.522762830325842032e+00 4.826553159416400391e+12
1.528853881647145307e+00 4.805047715072090820e+12
1.534969297173733649e+00 4.773328473560156250e+12
1.541109174362428780e+00 4.757989254913494141e+12
1.547273611059878373e+00 4.740490484862739258e+12
1.553462705504118135e+00 4.718756553104777344e+12
1.559676556326134556e+00 4.693934887833069336e+12
1.565915262551438980e+00 4.682850257489787109e+12
1.572178923601644795e+00 4.633275353980783203e+12
1.578467639296051495e+00 4.615753796830401367e+12
1.584781509853235626e+00 4.633884873047033203e+12
1.591120635892648405e+00 4.602036954860394531e+12
1.597485118436219098e+00 4.611128515163018555e+12
1.603875058909963958e+00 4.583867348292585938e+12
1.610290559145603595e+00 4.560894294369818359e+12
1.616731721382186127e+00 4.420297608906743164e+12
1.623198648267714761e+00 4.503820754604474609e+12
1.629691442860785600e+00 4.500317285862643555e+12
1.636210208632228769e+00 4.483266472673630859e+12
1.642755049466757766e+00 4.437447838165078125e+12
1.649326069664624805e+00 4.398651181658965820e+12
1.655923373943283039e+00 4.361522509957839355e+12
1.662547067439056336e+00 4.316371134549330566e+12
1.669197255708812611e+00 4.278170198817309082e+12
1.675874044731648027e+00 4.235369832847385254e+12
1.682577540910574321e+00 4.186230068453655273e+12
1.689307851074216771e+00 4.137733532255460449e+12
1.696065082478513508e+00 4.087061545059157715e+12
1.702849342808427480e+00 4.032792784020339844e+12
1.709660740179661298e+00 3.880433359721358887e+12
1.716499383140379864e+00 3.905336447801064941e+12
1.723365380672941427e+00 3.862068096128632812e+12
1.730258842195633306e+00 3.811350631872955078e+12
1.737179877564415831e+00 3.738789826396456055e+12
1.744128597074673603e+00 3.687971209329101562e+12
1.751105111462972097e+00 3.630420880710676758e+12
1.758109531908824241e+00 3.553114478485580566e+12
1.765141970036459451e+00 3.506825310578635254e+12
1.772202537916605314e+00 3.442071709834373535e+12
1.779291348068271716e+00 3.373999960619062500e+12
1.786408513460544745e+00 3.323264276209662598e+12
1.793554147514387020e+00 3.264632728568767578e+12
1.800728364104444257e+00 3.225211491564331543e+12
1.807931277560862249e+00 3.166744582381066406e+12
1.815163002671105641e+00 3.146930845546152344e+12
1.822423654681789795e+00 3.102286202102781250e+12
1.829713349300517100e+00 3.055666730447152832e+12
1.837032202697718830e+00 3.026925624114403320e+12
1.844380331508509885e+00 2.937560948540050293e+12
1.851757852834543527e+00 2.909487826952253418e+12
1.859164884245881888e+00 2.814943319507693359e+12
1.866601543782865358e+00 2.858718452521645996e+12
1.874067949957996859e+00 2.794156458527455566e+12
1.881564221757828781e+00 2.791941419733856445e+12
1.889090478644860127e+00 2.761249977154394531e+12
1.896646840559439662e+00 2.745679766369929688e+12
1.904233427921677269e+00 2.716697281421546387e+12
1.911850361633363971e+00 2.702081019273081055e+12
1.919497763079897279e+00 2.657248081870773438e+12
1.927175754132217200e+00 2.567675397353814941e+12
1.934884457148745796e+00 2.576965745524380859e+12
1.942623994977340729e+00 2.432154797845498535e+12
1.950394490957250149e+00 2.459431255418996094e+12
1.958196068921079336e+00 2.507802864479832031e+12
1.966028853196763793e+00 2.492292956423583496e+12
1.973892968609550991e+00 2.338477049040600586e+12
1.981788540483989447e+00 2.303836389296578125e+12
1.989715694645925126e+00 2.277700503311040039e+12
1.997674557424508723e+00 2.336367639433466797e+12
2.005665255654207169e+00 2.318192620614114746e+12
2.013687916676823786e+00 2.282235487887108887e+12
2.021742668343530891e+00 2.260593883436731445e+12
2.029829639016905052e+00 2.225332613515251465e+12
2.037948957572972564e+00 2.199154024269134277e+12
2.046100753403264694e+00 2.170696672333600342e+12
2.054285156416877811e+00 2.158979113905525391e+12
2.062502297042545507e+00 2.117816465279474365e+12
2.070752306230715600e+00 2.104540087970741211e+12
2.079035315455638244e+00 2.080843521835583740e+12
2.087351456717461140e+00 2.053433731830158447e+12
2.095700862544330967e+00 2.032522207061912598e+12
2.104083665994508134e+00 2.016870590253913086e+12
2.112500000658485977e+00 1.997673208593463135e+12
2.120950000661120161e+00 1.977869932847581299e+12
2.129433800663764753e+00 1.949668830023833496e+12
2.137951535866419839e+00 1.933819983521081543e+12
2.146503342009885351e+00 1.923351472256723145e+12
2.155089355377924676e+00 1.902629138230636230e+12
2.163709712799436691e+00 1.887373004720649170e+12
2.172364551650634468e+00 1.867293437302052246e+12
2.181054009857236853e+00 1.844001126256192139e+12
2.189778225896665376e+00 1.829088299386376465e+12
2.198537338800252705e+00 1.815019926766954834e+12
2.207331488155453325e+00 1.772254488048564453e+12
2.216160814108075083e+00 1.781980970228584717e+12
2.225025457364507631e+00 1.756952089008818115e+12
2.233925559193965515e+00 1.744940568025855713e+12
2.242861261430741493e+00 1.729115157495898438e+12
2.251832706476463830e+00 1.710489888557283447e+12
2.260840037302370042e+00 1.683063075160524414e+12
2.269883397451579299e+00 1.672713797360889893e+12
2.278962931041386142e+00 1.650783836792196777e+12
2.288078782765551100e+00 1.635464222519815430e+12
2.297231097896613505e+00 1.574164664297770264e+12
2.306420022288200311e+00 1.576503938101205322e+12
2.315645702377353121e+00 1.557033940455240234e+12
2.324908285186861878e+00 1.499825826205294678e+12
2.334207918327609654e+00 1.492078306286047607e+12
2.343544750000919663e+00 1.486324862808705811e+12
2.352918929000923143e+00 1.437605257687288574e+12
2.362330604716927240e+00 1.432051861310457520e+12
2.371779927135795329e+00 1.424260219014690186e+12
2.381267046844337987e+00 1.378438527713208984e+12
2.390792115031715070e+00 1.356929535540378174e+12
2.400355283491842240e+00 1.339029987912368408e+12
2.409956704625809465e+00 1.303280670719024902e+12
2.419596531444312859e+00 1.278577310259820068e+12
2.429274917570089620e+00 1.252112614253784180e+12
2.438992017240370291e+00 1.221846054423865723e+12
2.448747985309331465e+00 1.188606068817659180e+12
2.458542977250568917e+00 1.160211530260359131e+12
2.468377149159570738e+00 1.150521589460341797e+12
2.478250657756209563e+00 1.096774470161109619e+12
2.488163660387234355e+00 1.090866528655106323e+12
2.498116315028783063e+00 1.076201988087978271e+12
2.508108780288898387e+00 1.039353205031716675e+12
2.518141215410053757e+00 1.030795378552150146e+12
2.528213780271693967e+00 1.003484420310115479e+12
2.538326635392781139e+00 9.874598773141752930e+11
2.548479941934351789e+00 9.800007453201284180e+11
2.558673861702089436e+00 9.664415348269274902e+11
2.568908557148898097e+00 9.658899573186149902e+11
2.579184191377493551e+00 9.416858784278258057e+11
2.589500928143003478e+00 9.460255844019268799e+11
2.599858931855575594e+00 9.413957619335152588e+11
2.610258367582998229e+00 9.389213341706164551e+11
2.620699401053329769e+00 9.267924310328144531e+11
2.631182198657543214e+00 9.211531347383762207e+11
2.641706927452173392e+00 9.175333677672275391e+11
2.652273755161981938e+00 9.155355357581137695e+11
2.662882850182629824e+00 9.078890259341092529e+11
2.673534381583360542e+00 8.796966135697467041e+11
2.684228519109693956e+00 8.678413080290019531e+11
2.694965433186132575e+00 8.435476661620827637e+11
2.705745294918877164e+00 8.342610371166853027e+11
2.716568276098552559e+00 8.123285385467600098e+11
2.727434549202946812e+00 7.905012797422877197e+11
2.738344287399758326e+00 7.771076939157683105e+11
2.749297664549357201e+00 7.698842856733977051e+11
2.760294855207554576e+00 7.623172306630056152e+11
2.771336034628385292e+00 7.440611889372103271e+11
2.782421378766898545e+00 7.332411572835135498e+11
2.793551064281966312e+00 7.316696720294437256e+11
2.804725268539093985e+00 7.070757897167359619e+11
2.815944169613250558e+00 6.921300275847528076e+11
2.827207946291703244e+00 7.009041911355322266e+11
2.838516778076869862e+00 6.751020156881275635e+11
2.849870845189177437e+00 6.642977741025074463e+11
2.861270328569933685e+00 6.728620158386500244e+11
2.872715409884213589e+00 6.492313611266925049e+11
2.884206271523750420e+00 6.466076523726895752e+11
2.895743096609845413e+00 6.436882091787712402e+11
2.907326068996284985e+00 6.178401741628354492e+11
2.918955373272270393e+00 6.230321290601647949e+11
2.930631194765359826e+00 6.085890638584277344e+11
2.942353719544420709e+00 5.915889621962596436e+11
2.954123134422598440e+00 5.952262593773413086e+11
2.965939626960289122e+00 5.790113149084667969e+11
2.977803385468130504e+00 5.806542176682279053e+11
2.989714599010003138e+00 5.649553906402552490e+11
3.001673457406043077e+00 5.620074907445461426e+11
3.013680151235667015e+00 5.571546043975809326e+11
3.025734871840609408e+00 5.350327847567419434e+11
3.037837811327972037e+00 5.497846716639766846e+11
3.049989162573283785e+00 5.273820697805611572e+11
3.062189119223576395e+00 5.325947265533943481e+11
3.074437875700470890e+00 5.191401294497444458e+11
3.086735627203272880e+00 5.121596350591138916e+11
3.099082569712085622e+00 5.128694114225570068e+11
3.111478899990933744e+00 4.992745284808585205e+11
3.123924815590897186e+00 5.001012252185190430e+11
3.136420514853261121e+00 4.914061672542359009e+11
3.148966196912674320e+00 4.867700841143300781e+11
3.161562061700325277e+00 4.830495094238344116e+11
3.174208309947126327e+00 4.735989283257328491e+11
3.186905143186915090e+00 4.759089449386854858e+11
3.199652763759662566e+00 4.608055297677188110e+11
3.212451374814701222e+00 4.685519426540468140e+11
3.225301180313960625e+00 4.583072830713562622e+11
3.238202385035215958e+00 4.541568250748750000e+11
3.251155194575356955e+00 4.506677816583966064e+11
3.264159815353658622e+00 4.456565559394705200e+11
3.277216454615073271e+00 4.412570353319420776e+11
3.290325320433533207e+00 4.363357271498111572e+11
3.303486621715267635e+00 4.344384316427095947e+11
3.316700568202128441e+00 4.271189516887232056e+11
3.329967370474937294e+00 4.278611557148522339e+11
3.343287239956836743e+00 4.187786387957076416e+11
3.356660388916663962e+00 4.168370410748173218e+11
3.370087030472330714e+00 4.129504192842814331e+11
3.383567378594220187e+00 4.073867222829135742e+11
3.397101648108596716e+00 4.047405562941493530e+11
3.410690054701031482e+00 3.983386406760585327e+11
3.424332814919834878e+00 3.963577774320052490e+11
3.438030146179514634e+00 3.913347954824023438e+11
3.451782266764232610e+00 3.874971945473889160e+11
3.465589395831289998e+00 3.836625007647192383e+11
3.479451753414614767e+00 3.790577652981333618e+11
3.493369560428273068e+00 3.736628981962720337e+11
3.507343038669985980e+00 3.721103365530487671e+11
3.521372410824665788e+00 3.650264375046654053e+11
3.535457900467964709e+00 3.622479774345496826e+11
3.549599732069836477e+00 3.581673029635276489e+11
3.563798130998116154e+00 3.535791667773887939e+11
3.578053323522108364e+00 3.497285134862511597e+11
3.592365536816196858e+00 3.458223202893247070e+11
3.606734998963461614e+00 3.415619597405266113e+11
3.621161938959315041e+00 3.371827915105364380e+11
3.635646586715152839e+00 3.331114849965394897e+11
3.650189173062013293e+00 3.292936867975531616e+11
3.664789929754260545e+00 3.252719614256273804e+11
3.679449089473277645e+00 3.207711544569996948e+11
3.694166885831170699e+00 3.170455184969004517e+11
3.708943553374495661e+00 3.138135691346226807e+11
3.723779327587993571e+00 3.097127869713294067e+11
3.738674444898345328e+00 3.052983279426926880e+11
3.753629142677938901e+00 3.025696484757953491e+11
3.768643659248651190e+00 2.978509130190523682e+11
3.783718233885645432e+00 2.949603141228344727e+11
3.798853106821188153e+00 2.908264052729309082e+11
3.814048519248473657e+00 2.872868036111858521e+11
3.829304713325467180e+00 2.823984571717854004e+11
3.844621932178768908e+00 2.795232869677572632e+11
3.860000419907484215e+00 2.761833470404531250e+11
3.875440421587113882e+00 2.719091647121578064e+11
3.890942183273462529e+00 2.681161575342595215e+11
3.906505952006555926e+00 2.646733656063599243e+11
3.922131975814582727e+00 2.611131961186159058e+11
3.937820503717840648e+00 2.573092688546657410e+11
3.953571785732711508e+00 2.530319346720314636e+11
3.969386072875642490e+00 2.497774594744558411e+11
3.985263617167145167e+00 2.451330456112636719e+11
4.001204671635814059e+00 2.420698879092083740e+11
4.017209490322357190e+00 2.389729719646247559e+11
4.033278328283646630e+00 2.347029286187595215e+11
4.049411441596781458e+00 2.308559545311002197e+11
4.065609087363168506e+00 2.276718721077179260e+11
4.081871523712622185e+00 2.228872318494400940e+11
4.098199009807472315e+00 2.207701289420950928e+11
4.114591805846702144e+00 2.171764617805932922e+11
4.131050173070089038e+00 2.140423899191164856e+11
4.147574373762369149e+00 2.114931282764078979e+11
4.164164671257418959e+00 2.073336641003887024e+11
4.180821329942449260e+00 2.049355309560665894e+11
4.197544615262219558e+00 2.020079085554416199e+11
4.214334793723269357e+00 1.985626681319865417e+11
4.231192132898162761e+00 1.970755113266900635e+11
4.248116901429755288e+00 1.926494203767145081e+11
4.265109369035473996e+00 1.900259493148356323e+11
4.282169806511615384e+00 1.879666863006372070e+11
4.299298485737661935e+00 1.794502864066679688e+11
4.316495679680612874e+00 1.774178537664237976e+11
4.333761662399335357e+00 1.743781353178355408e+11
4.351096709048932532e+00 1.691754295230015564e+11
4.368501095885127583e+00 1.651089079219039001e+11
4.385975100268668214e+00 1.622557534038007507e+11
4.403519000669743555e+00 1.586374861093128357e+11
4.421133076672422391e+00 1.554153935556024780e+11
4.438817608979111817e+00 1.525802644745000000e+11
4.456572879415028332e+00 1.503304641700659485e+11
4.474399170932688463e+00 1.460016354139869385e+11
4.492296767616419828e+00 1.447786079395554199e+11
4.510265954686884626e+00 1.434921098275039062e+11
4.528307018505633330e+00 1.394855486630762939e+11
4.546420246579655711e+00 1.382896507209613647e+11
4.564605927565974497e+00 1.355612898784811401e+11
4.582864351276237258e+00 1.346013670688512573e+11
4.601195808681342925e+00 1.316899922865189667e+11
4.619600591916067422e+00 1.314890119209681091e+11
4.638078994283731937e+00 1.293039257524877014e+11
4.656631310260867629e+00 1.287737978710012360e+11
4.675257835501911430e+00 1.259069477899951019e+11
4.693958866843916944e+00 1.247211165233279419e+11
4.712734702311292878e+00 1.229061731964526367e+11
4.731585641120538810e+00 1.218382910775412140e+11
4.750511983685020923e+00 1.198889442078542938e+11
4.769514031619761063e+00 1.174620173211033936e+11
4.788592087746240011e+00 1.156950215540515747e+11
4.807746456097224730e+00 1.142466582111791382e+11
4.826977441921613377e+00 1.129847507346630859e+11
4.846285351689299858e+00 1.113312113073284912e+11
4.865670493096057925e+00 1.096443998848339081e+11
4.885133175068442135e+00 1.075217266124786987e+11
4.904673707768715474e+00 1.057785963496192474e+11
4.924292402599791174e+00 1.044841969543910217e+11
4.943989572210189642e+00 1.027076051955894928e+11
4.963765530499030021e+00 1.001552811575287323e+11
4.983620592621027079e+00 1.004436585282234192e+11
5.003555074991511198e+00 9.760649276578909302e+10
5.023569295291476777e+00 9.555427201422036743e+10
5.043663572472643075e+00 9.580271998231817627e+10
5.063838226762532813e+00 9.369325011793435669e+10
5.084093579669583640e+00 9.153264600155558777e+10
5.104429953988261381e+00 9.135210941608100891e+10
5.124847673804215020e+00 8.937546741334509277e+10
5.145347064499431688e+00 8.930320374431892395e+10
5.165928452757428957e+00 8.619290991618440247e+10
5.186592166568458673e+00 8.668388656186985779e+10
5.207338535234733001e+00 8.384809893105384827e+10
5.228167889375671784e+00 8.398648754944960022e+10
5.249080560933174766e+00 8.145032359237701416e+10
5.270076883176907145e+00 8.151313208236108398e+10
5.291157190709615321e+00 7.943295232406352234e+10
5.312321819472453299e+00 7.897349629674801636e+10
5.333571106750343738e+00 7.797764857972938538e+10
5.354905391177344320e+00 7.653864699030805969e+10
5.376325012742054099e+00 7.553090818526081848e+10
5.397830312793021612e+00 7.505298911414859009e+10
5.419421634044193858e+00 7.263212587747622681e+10
5.441099320580370602e+00 7.295408259177001953e+10
5.462863717862692425e+00 7.127695095778140259e+10
5.484715172734142996e+00 7.056948473832267761e+10
5.506654033425078865e+00 6.979837921545520020e+10
5.528680649558780580e+00 6.867996173947525787e+10
5.550795372157015350e+00 6.747646874265093994e+10
5.572998553645643227e+00 6.646959835477853394e+10
5.595290547860225949e+00 6.633756537973242950e+10
5.617671710051667766e+00 6.492249978564617920e+10
5.640142396891874021e+00 6.431747917547756958e+10
5.662702966479441713e+00 6.332635749235496521e+10
5.685353778345359821e+00 6.180129034608804321e+10
5.708095193458740724e+00 6.157613884511145020e+10
5.730927574232576482e+00 6.016361898919414520e+10
5.753851284529505783e+00 6.034030821917868042e+10
5.776866689667624399e+00 5.902776815083248901e+10
5.799974156426294769e+00 5.856686380356594086e+10
5.823174053051999977e+00 5.702797024706155396e+10
5.846466749264207508e+00 5.634547744868585968e+10
5.869852616261264977e+00 5.603999888412091064e+10
5.893332026726310069e+00 5.500697699329586029e+10
5.916905354833215114e+00 5.471231760111050415e+10
5.940572976252548543e+00 5.358705043763097382e+10
5.964335268157558545e+00 5.289137983834938049e+10
5.988192609230189589e+00 5.225022192810173035e+10
6.012145379667110490e+00 5.183511111460028076e+10
6.036193961185778889e+00 5.034840971419858551e+10
6.060338737030522616e+00 5.019566751168611908e+10
6.084580091978644134e+00 4.980360476712271881e+10
6.108918412346558746e+00 4.846327593372750092e+10
6.133354085995945226e+00 4.851093268588194275e+10
6.157887502339929320e+00 4.772197483784248352e+10
6.182519052349287669e+00 4.670863978797513580e+10
6.207249128558685491e+00 4.626648900452590179e+10
6.232078125072920471e+00 4.572880123095022583e+10
6.257006437573212843e+00 4.480628836325276947e+10
6.282034463323505236e+00 4.419815380568403625e+10
6.307162601176800720e+00 4.354138878576311493e+10
6.332391251581507063e+00 4.291838153557242584e+10
6.357720816587833390e+00 4.207682138064456940e+10
6.383151699854184180e+00 4.127268182542874908e+10
6.408684306653601226e+00 4.041562339614928436e+10
6.434319043880215361e+00 3.984942568889901733e+10
6.460056320055736379e+00 3.828024717682188416e+10
6.485896545335958052e+00 3.698111575723426056e+10
6.511840131517302233e+00 3.663713365055162811e+10
6.537887492043371829e+00 3.571390698559882355e+10
6.564039042011545533e+00 3.481865259538184357e+10
6.590295198179591196e+00 3.396368873991120911e+10
6.616656378972309405e+00 3.359573110935098267e+10
6.643123004488199257e+00 3.279610601764653397e+10
6.669695496506150789e+00 3.239112449718951035e+10
6.696374278492176479e+00 3.172387009197824860e+10
6.723159775606144528e+00 3.163367728957056046e+10
6.750052414708568094e+00 3.113734115028974152e+10
6.777052624367403411e+00 3.001373547545946884e+10
6.804160834864871887e+00 2.993830279189041901e+10
6.831377478204331055e+00 2.930761836576637650e+10
6.858702988117148180e+00 2.934656580924316025e+10
6.886137800069615622e+00 2.879739209588238144e+10
6.913682351269895499e+00 2.812575554585338211e+10
6.941337080674975013e+00 2.782365403229700470e+10
6.969102428997675069e+00 2.749904926312696457e+10
6.996978838713665994e+00 2.719746121132089233e+10
7.024966754068519670e+00 2.681350825286438370e+10
7.053066621084793653e+00 2.641900513726889801e+10
7.081278887569133929e+00 2.596723316389548874e+10
7.109604003119409654e+00 2.539187539689539719e+10
7.138042419131887861e+00 2.535307580436479950e+10
7.166594588808414379e+00 2.501850017017360687e+10
7.195260967163648047e+00 2.453213175041477203e+10
7.224042011032302923e+00 2.409115786760310364e+10
7.252938179076432235e+00 2.375372996361453629e+10
7.281949931792737196e+00 2.360386022481172180e+10
7.311077731519908696e+00 2.325299460540743637e+10
7.340322042445988515e+00 2.277601620659112167e+10
7.369683330615771411e+00 2.240259024122961807e+10
7.399162063938235612e+00 2.243150715846887589e+10
7.428758712193988423e+00 2.169744416161947632e+10
7.458473747042765112e+00 2.171724731079697037e+10
7.488307642030935796e+00 2.137058749340203094e+10
7.518260872599060285e+00 2.092775491620486832e+10
7.548333916089456253e+00 2.085835430267793655e+10
7.578527251753813587e+00 2.024137148925126266e+10
7.608841360760829176e+00 1.975276399741047287e+10
7.639276726203872769e+00 1.973805709682233047e+10
7.669833833108687493e+00 1.933363121793527603e+10
7.700513168441122325e+00 1.922745732038609695e+10
7.731315221114887670e+00 1.878472156281988144e+10
7.762240481999347352e+00 1.843215461282170486e+10
7.793289443927344351e+00 1.826364524436679077e+10
7.824462601703054077e+00 1.815371217459476089e+10
7.855760452109866065e+00 1.776509346203639603e+10
7.887183493918306532e+00 1.723511463929517365e+10
7.918732227893980458e+00 1.721099795139628983e+10
7.950407156805555431e+00 1.692376290656873512e+10
7.982208785432777454e+00 1.642600237828889847e+10
8.014137620574508958e+00 1.649130581643981743e+10
8.046194171056805899e+00 1.603015036211110115e+10
8.078378947741034821e+00 1.582734700081093979e+10
8.110692463531997021e+00 1.548256927969142532e+10
8.143135233386125549e+00 1.536626279959719467e+10
8.175707774319670662e+00 1.523642474546485710e+10
8.208410605416949224e+00 1.475045062933728027e+10
8.241244247838615422e+00 1.476036638069468117e+10
8.274209224829968790e+00 1.430621263843192863e+10
8.307306061729288871e+00 1.425189868503339958e+10
8.340535285976207192e+00 1.396651367603558540e+10
8.373897427120111203e+00 1.361686789776852989e+10
8.407393016828594412e+00 1.369361767551938820e+10
8.441022588895906509e+00 1.331306776087625122e+10
8.474786679251490540e+00 1.326533940855140114e+10
8.508685825968495209e+00 1.292812753433032799e+10
8.542720569272368891e+00 1.283209967471331406e+10
8.576891451549458978e+00 1.256994153071912003e+10
8.611199017355655627e+00 1.250289847864816093e+10
8.645643813425078150e+00 1.238491851371345711e+10
8.680226388678779159e+00 1.211270804475065041e+10
8.714947294233493125e+00 1.197528496637983704e+10
8.749807083410427566e+00 1.161529445226886177e+10
8.784806311744070229e+00 1.162117198947756004e+10
8.819945536991047774e+00 1.142536635796450043e+10
8.855225319139009343e+00 1.121250203174759865e+10
8.890646220415566958e+00 1.117501557427243042e+10
8.926208805297228821e+00 1.104792799769449615e+10
8.961913640518417878e+00 1.073742248939702606e+10
8.997761295080492161e+00 1.068185853256078720e+10
9.033752340260813085e+00 1.055175493697125816e+10
9.069887349621856387e+00 1.039922243678058052e+10
9.106166899020346150e+00 1.019506856026324272e+10
9.142591566616424359e+00 1.009737341222409058e+10
9.179161932882891506e+00 9.942698448106607437e+09
9.215878580614422333e+00 9.774517791280122757e+09
9.252742094936881045e+00 9.578369435675380707e+09
9.289753063316627646e+00 9.521445454726079941e+09
9.326912075569895322e+00 9.289202069410409927e+09
9.364219723872173162e+00 9.314429544838676453e+09
9.401676602767663482e+00 9.037362748146360397e+09
9.439283309178733816e+00 8.889165445980407715e+09
9.477040442415447075e+00 8.809269653601564407e+09
9.514948604185111236e+00 8.668023953979747772e+09
9.553008398601852136e+00 8.607292960958988190e+09
9.591220432196260859e+00 8.372347219390362740e+09
9.629585313925044687e+00 8.257762799407544136e+09
9.668103655180747324e+00 8.126852251750241280e+09
9.706776069801470896e+00 8.022196774008195877e+09
9.745603174080676112e+00 7.922783347390455246e+09
9.784585586776998412e+00 7.817842608669714928e+09
9.823723929124106746e+00 7.671521881591930389e+09
9.863018824840601440e+00 7.547600356749744415e+09
9.902470900139965337e+00 7.278857888693087578e+09
9.942080783740523842e+00 7.302101143377116203e+09
9.981849106875488431e+00 7.153991845471699715e+09
1.002177650330298952e+01 7.084994722553020477e+09
1.006186360931619994e+01 6.923957741507705688e+09
1.010211106375346723e+01 6.792630799084424019e+09
1.014251950800847979e+01 6.712945794680212021e+09
1.018308958604051284e+01 6.643301041919088364e+09
1.022382194438467451e+01 6.506090538166053772e+09
1.026471723216221399e+01 6.396088686171535492e+09
1.030577610109086173e+01 6.269656427840302467e+09
1.034699920549522467e+01 6.175960853479035378e+09
1.038838720231720458e+01 6.082917294321216583e+09
1.042994075112647501e+01 5.990278642088666916e+09
1.047166051413097954e+01 5.886291703144247055e+09
1.051354715618750468e+01 5.774681153383069992e+09
1.055560134481225454e+01 5.680974974495594025e+09
1.059782375019150358e+01 5.590423898855690956e+09
1.064021504519226902e+01 5.555347459594457626e+09
1.068277590537303823e+01 5.460005930514298439e+09
1.072550700899452991e+01 5.286015561367609978e+09
1.076840903703050856e+01 5.233924149122208595e+09
1.081148267317863088e+01 5.160263097899406433e+09
1.085472860387134553e+01 5.194435615937318802e+09
1.089814751828683015e+01 4.937109216751606941e+09
1.094174010835997635e+01 4.932620776659581184e+09
1.098550706879341909e+01 4.785391526123494148e+09
1.102944909706859100e+01 4.741171166310827255e+09
1.107356689345686540e+01 4.686178650417508125e+09
1.111786116103069233e+01 4.593022012856710434e+09
1.116233260567481622e+01 4.546957183075461388e+09
1.120698193609751492e+01 4.422806170011562347e+09
1.125180986384190440e+01 4.398803994344370842e+09
1.129681710329727373e+01 4.307264209959826469e+09
1.134200437171046083e+01 4.264386123162351608e+09
1.138737238919730466e+01 4.200046600241009235e+09
1.143292187875409383e+01 4.091114051208580971e+09
1.147865356626910938e+01 4.058988080673423290e+09
1.152456818053418530e+01 3.961539683746738434e+09
1.157066645325632237e+01 3.906462091558068752e+09
1.161694911906934635e+01 3.828967085215900898e+09
1.166341691554562487e+01 3.821331980768035412e+09
1.171007058320780736e+01 3.733254716211761951e+09
1.175691086554063958e+01 3.623918069612143993e+09
1.180393850900279951e+01 3.621223117688179016e+09
1.185115426303881137e+01 3.534135917955586433e+09
1.189855888009096674e+01 3.520011883796152115e+09
1.194615311561133097e+01 3.469031846148728371e+09
1.199393772807377623e+01 3.403519605735062122e+09
1.204191347898607134e+01 3.356089309265861988e+09
1.209008113290201614e+01 3.293201479283954620e+09
1.213844145743362368e+01 3.231491669560323238e+09
1.218699522326335938e+01 3.208947271544145584e+09
1.223574320415641381e+01 3.145778561499876499e+09
1.228468617697303777e+01 3.140216887900465965e+09
1.233382492168093059e+01 3.026569150763439655e+09
1.238316022136765504e+01 3.006696237308643818e+09
1.243269286225312520e+01 2.897396772384897709e+09
1.248242363370213859e+01 2.932243898215200424e+09
1.253235332823694748e+01 2.844985130976159573e+09
1.258248274154989410e+01 2.832739259975386143e+09
1.263281267251609385e+01 2.792430646841655731e+09
1.268334392320615756e+01 2.723432621831655979e+09
1.273407729889898299e+01 2.741004821157595158e+09
1.278501360809457665e+01 2.626330475640395164e+09
1.283615366252695544e+01 2.578970425282311916e+09
1.288749827717706253e+01 2.597637656420962811e+09
1.293904827028577031e+01 2.501247037327605724e+09
1.299080446336691352e+01 2.506162963267123222e+09
1.304276768122038099e+01 2.443735799845663548e+09
1.309493875194526424e+01 2.419541123638672829e+09
1.314731850695304693e+01 2.372717641994883060e+09
1.319990778098085649e+01 2.329714432634788990e+09
1.325270741210477965e+01 2.293391406340050220e+09
1.330571824175319939e+01 2.253553397792610645e+09
1.335894111472021173e+01 2.214446240006379128e+09
1.341237687917909227e+01 2.214555361091450214e+09
1.346602638669580898e+01 2.144737902791568041e+09
1.351989049224258999e+01 2.145940393525147676e+09
1.357397005421156067e+01 2.086147212095229864e+09
1.362826593442840917e+01 2.060307886831622362e+09
1.368277899816612297e+01 2.036385265591163397e+09
1.373751011415878942e+01 1.977496990284964561e+09
1.379246015461542463e+01 1.983233511766532421e+09
1.384762999523388416e+01 1.925280711068142176e+09
1.390302051521481808e+01 1.938007126690223217e+09
1.395863259727567751e+01 1.890699734726822376e+09
1.401446712766477987e+01 1.847494736081318617e+09
1.407052499617543972e+01 1.855234130298156500e+09
1.412680709616014063e+01 1.775539737790538549e+09
1.418331432454478147e+01 1.739210560523816586e+09
1.424004758184296193e+01 1.746724042305634975e+09
1.429700777217033369e+01 1.731918158505313158e+09
1.435419580325901379e+01 1.676567251221344233e+09
1.441161258647204946e+01 1.668690217482772827e+09
1.446925903681793812e+01 1.613801370616533279e+09
1.452713607296521126e+01 1.624220800885366678e+09
1.458524461725707155e+01 1.589095368274311543e+09
1.464358559572609764e+01 1.543398759570775509e+09
1.470215993810900557e+01 1.521300900535630465e+09
1.476096857786143879e+01 1.533751286097819328e+09
1.482001245217288599e+01 1.498684477688522100e+09
1.487929250198157760e+01 1.462268042719239473e+09
1.493880967198950316e+01 1.444227155460070610e+09
1.499856491067746056e+01 1.419145535687096834e+09
1.505855917032016933e+01 1.406757166730092764e+09
1.511879340700144958e+01 1.377021110386361599e+09
1.517926858062945605e+01 1.355949860671339273e+09
1.523998565495197433e+01 1.346189562442352533e+09
1.530094559757178274e+01 1.310582995180962563e+09
1.536214937996206764e+01 1.289198591513289690e+09
1.542359797748191674e+01 1.269797743012439489e+09
1.548529236939184450e+01 1.260291569505193949e+09
1.554723353886941339e+01 1.228055165293761492e+09
1.560942247302489072e+01 1.226848809145291090e+09
1.567186016291699069e+01 1.200216137063208342e+09
1.573454760356865556e+01 1.173462771659088612e+09
1.579748579398293096e+01 1.172378649151270866e+09
1.586067573715886247e+01 1.144885183882976294e+09
1.592411844010749888e+01 1.136946974915958881e+09
1.598781491386792730e+01 1.095346626493232489e+09
1.605176617352340074e+01 1.092913993466512680e+09
1.611597323821749228e+01 1.067929742754694581e+09
1.618043713117036120e+01 1.052539600099590778e+09
1.624515887969504391e+01 1.033273471953346133e+09
1.631013951521382310e+01 1.035807219475866437e+09
1.637538007327468037e+01 1.021458667236379743e+09
1.644088159356778078e+01 1.004231235934443355e+09
1.650664511994205341e+01 9.762839628311786652e+08
1.657267170042182158e+01 9.566278933969960213e+08
1.663896238722350418e+01 9.378273186818490028e+08
1.670551823677240222e+01 9.387192734014351368e+08
1.677234030971949608e+01 9.327979457346247435e+08
1.683942967095837062e+01 9.058700214541515112e+08
1.690678738964220429e+01 8.931216646199325323e+08
1.697441453920077237e+01 8.826634160374418497e+08
1.704231219735757108e+01 8.838246624244935513e+08
1.711048144614700561e+01 8.399875610254306793e+08
1.717892337193159236e+01 8.435685303495621681e+08
1.724763906541932101e+01 8.156725232683269978e+08
1.731662962168099895e+01 8.068992974510409832e+08
1.738589614016772344e+01 7.993997180256730318e+08
1.745543972472839300e+01 7.970833899510791302e+08
1.752526148362730751e+01 7.799656583928837776e+08
1.759536252956181812e+01 7.611494794678511620e+08
1.766574397968006238e+01 7.470472914041758776e+08
1.773640695559878466e+01 7.400297228438942432e+08
1.780735258342117433e+01 7.343294425954692364e+08
1.787858199375486024e+01 7.288042993260276318e+08
1.795009632172988034e+01 7.054270676790965796e+08
1.802189670701679702e+01 7.026400498016775846e+08
1.809398429384486562e+01 6.909416955672800541e+08
1.816636023102024211e+01 6.599155977703347206e+08
1.823902567194432578e+01 6.721144366209932566e+08
1.831198177463210186e+01 6.629250538058965206e+08
1.838522970173062987e+01 6.479538003054776192e+08
1.845877062053754969e+01 6.398354761776125431e+08
1.853260570301970134e+01 6.178394957799763680e+08
1.860673612583178027e+01 6.055428033310378790e+08
1.868116307033510637e+01 6.053153315810567141e+08
1.875588772261644976e+01 5.943995113922451735e+08
1.883091127350691352e+01 5.950789588396782875e+08
1.890623491860094063e+01 5.798435069918363094e+08
1.898185985827534594e+01 5.670929917204792500e+08
1.905778729770844748e+01 5.703545596452713013e+08
1.913401844689928311e+01 5.633844344453035593e+08
1.921055452068688041e+01 5.352782138555754423e+08
1.928739673876962968e+01 5.395274635923105478e+08
1.936454632572470658e+01 5.333592333627945185e+08
1.944200451102760141e+01 5.121653088724527359e+08
1.951977252907171589e+01 5.232112688135731816e+08
1.959785161918800256e+01 4.999778320837233663e+08
1.967624302566475691e+01 4.968781760529096723e+08
1.991079942767366973e+01 4.767308435146979094e+08
