# Wavelength (micrometer), Flux (W / m2 / m)
1.000553076518779783e-01 4.196425125793111874e+03
1.004555288824854897e-01 1.847530948031877173e-14
1.008573509980154326e-01 2.913930745269248900e-14
1.012607804020075053e-01 3.614185820058576183e-14
1.016658235236155422e-01 3.531307891409720402e-14
1.020724868177099870e-01 2.967524856943082799e-11
1.024807767649808382e-01 2.922630600734289281e-13
1.028906998720407612e-01 1.286068793813743195e-13
1.033022626715289355e-01 8.659568182288039600e-11
1.037154717222150413e-01 1.370780221582601870e-13
1.041303336091038839e-01 2.475565058229642828e-13
1.045468549435403099e-01 2.195415025415595558e-12
1.049650423633144702e-01 9.616402976725390817e-14
1.053849025327677214e-01 1.393436320442669162e-11
1.058064421428987906e-01 3.071209150804008560e-13
1.062296679114703990e-01 2.743444383875568215e-11
1.066545865831162732e-01 5.116391919893430854e-12
1.070812049294487533e-01 1.787195179390507013e-12
1.075095297491665408e-01 5.475699113696228224e-10
1.079395678681632220e-01 2.766933329431930027e-12
1.083713261396358624e-01 3.402368484483827594e-10
1.088048114441943909e-01 1.007987107831849004e-10
1.092400306899711654e-01 3.351130124843414282e-08
1.096769908127310511e-01 1.979639352579167606e-10
1.101156987759819850e-01 2.506713708425587544e-10
1.105561615710859147e-01 2.066792639884208268e-08
1.109983862173702651e-01 6.898530647531490765e-09
1.114423797622397516e-01 1.383110889524306036e-09
1.118881492812886930e-01 1.712804800037414102e-10
1.123357018784138517e-01 1.335605220063167140e-09
1.127850446859275102e-01 1.152061511095077314e-06
1.132361848646712132e-01 3.099527457843328133e-07
1.136891296041298988e-01 2.572159770345574498e-07
1.141438861225464035e-01 3.077129492345805843e-07
1.146004616670366072e-01 2.885036830063522594e-07
1.150588635137047705e-01 2.743749879091454226e-07
1.155190989677595953e-01 1.838049502189415537e-07
1.159811753636306314e-01 4.293437703101628412e-07
1.164451000650851553e-01 9.289110067833388167e-08
1.169108804653455069e-01 1.033716910776473100e-07
1.173785239872068981e-01 9.986731680058746888e-08
1.178480380831557206e-01 6.113306491186043134e-08
1.183194302354883543e-01 1.306565428570047050e-07
1.187927079564302935e-01 4.322005987538160955e-09
1.192678787882560099e-01 5.437611851007973315e-09
1.197449503034090645e-01 3.091176042160796568e-09
1.202239301046226783e-01 5.154877222932220969e-10
1.207048258250411760e-01 1.384061295589297153e-08
1.211876451283413342e-01 2.315221858433851184e-09
1.216723957088547137e-01 3.970913144172415539e-12
1.221590852916901310e-01 3.974942509631398125e-09
1.226477216328568792e-01 4.735909368178518432e-08
1.231383125193883099e-01 6.238894404398216415e-10
1.236308657694658586e-01 2.831908865378809642e-09
1.241253892325437369e-01 1.616029433463149208e-09
1.246218907894739159e-01 1.540827314749554604e-09
1.251203783526317892e-01 1.493782857052010960e-08
1.256208598660423226e-01 4.313580402758762518e-08
1.261233433055065078e-01 1.825808918980503113e-08
1.266278366787285392e-01 1.979042472483636273e-10
1.271343480254434610e-01 1.752853415355470534e-07
1.276428854175452321e-01 6.273942771292361432e-08
1.281534569592154005e-01 5.196423137981730652e-09
1.286660707870522780e-01 5.123233538605857502e-08
1.291807350702004475e-01 2.035185641053330113e-07
1.296974580104812425e-01 2.359955435777016967e-07
1.302162478425231973e-01 2.442779017089596415e-11
1.307371128338932764e-01 1.118331240960748471e-08
1.312600612852288795e-01 1.551347450189710862e-06
1.317851015303697915e-01 4.140293506441024087e-09
1.323122419364912705e-01 8.332839484779747718e-08
1.328414909042372472e-01 2.393121061734237555e-07
1.333728568678542170e-01 7.759276774387264633e-08
1.339063482953256612e-01 3.481888727763975487e-10
1.344419736885069383e-01 1.042619638560808959e-07
1.349797415832609815e-01 1.900153295467312332e-07
1.355196605495940232e-01 1.133946615408205892e-07
1.360617391917924301e-01 2.043814985701688089e-07
1.366059861485595939e-01 3.290015633605359211e-08
1.371524100931538481e-01 2.878847091646507045e-10
1.377010197335264696e-01 5.120184267523583570e-09
1.382518238124605670e-01 2.159647665609768476e-06
1.388048311077104136e-01 3.735859055041581598e-07
1.393600504321412248e-01 5.542339098510768669e-09
1.399174906338697677e-01 2.548112415056644819e-09
1.404771605964052761e-01 1.187488887751127523e-06
1.410390692387908651e-01 6.449950806135171193e-08
1.416032255157460562e-01 3.497663699484812561e-06
1.421696384178090522e-01 2.993315843966631135e-10
1.427383169714803168e-01 4.914768333027820953e-07
1.433092702393662099e-01 4.788968466844364599e-05
1.438825073203236771e-01 2.227492480695259565e-06
1.444580373496049674e-01 2.641457539270465518e-05
1.450358694990033503e-01 1.604403016901442719e-06
1.456160129769993872e-01 5.348911076673037822e-05
1.461984770289073976e-01 1.977092158569402464e-04
1.467832709370230082e-01 8.893904239655775777e-06
1.473704040207710897e-01 6.906971306488708358e-05
1.479598856368541382e-01 1.356443331499989310e-07
1.485517251794015725e-01 2.007394269169408691e-05
1.491459320801191979e-01 5.354361132213887814e-05
1.497425158084396690e-01 6.531405666844243522e-06
1.503414858716734248e-01 4.064089578181879115e-04
1.509428518151600951e-01 1.878954186699914936e-05
1.515466232224207677e-01 1.619480089174030329e-07
1.521528097153104220e-01 2.248127504225987914e-06
1.527614209541716672e-01 6.079749091006812250e-08
1.533724666379883694e-01 6.277541701411246412e-08
1.539859565045403056e-01 7.389664174225027125e-08
1.546019003305584838e-01 1.313016874295848563e-09
1.552203079318807133e-01 5.240020071246258815e-09
1.558411891636082569e-01 4.296774555735537650e-09
1.564645539202626778e-01 2.650896090615570204e-09
1.570904121359437411e-01 1.137002566658287452e-08
1.577187737844875093e-01 5.562967655717668795e-09
1.583496488796254653e-01 8.912578959006803171e-09
1.589830474751439959e-01 4.397652110403520725e-08
1.596189796650445414e-01 7.528682035408798208e-09
1.602574555837047166e-01 9.789953921728321281e-09
1.608984854060395708e-01 1.304622743657149901e-08
1.615420793476636807e-01 1.251060582601596721e-08
1.621882476650543525e-01 5.830375921336851570e-08
1.628370006557145755e-01 2.640104711167530636e-08
1.634883486583374457e-01 5.370403862212839634e-08
1.641423020529707844e-01 1.691955403369852825e-07
1.647988712611826723e-01 3.964912223035804046e-08
1.654580667462274002e-01 2.911378533881918370e-08
1.661198990132123077e-01 1.645875170458076073e-07
1.667843786092651215e-01 6.422297985037252885e-08
1.674515161237022098e-01 3.399087038666019340e-07
1.681213221881969755e-01 1.971716973194215927e-06
1.687938074769497754e-01 1.161991619671788859e-06
1.694689827068575905e-01 7.428517790113623176e-06
1.701468586376850278e-01 5.131746605899755564e-06
1.708274460722357391e-01 3.312698970373829448e-06
1.715107558565246715e-01 3.882009831829540910e-06
1.721967988799507909e-01 5.378945221000609760e-06
1.728855860754705820e-01 3.365118454852594145e-06
1.735771284197724640e-01 8.790512092050224160e-06
1.742714369334515678e-01 7.012842667686110123e-06
1.749685226811853456e-01 3.275560569891315188e-05
1.756683967719100681e-01 1.643688725752593372e-05
1.763710703589977391e-01 6.297247437860389613e-05
1.770765546404337309e-01 8.167957064683561345e-05
1.777848608589954471e-01 2.286280417553947559e-05
1.784960003024314568e-01 1.342494139744241526e-04
1.792099843036411844e-01 1.017693389976446333e-04
1.799268242408557650e-01 1.225529550438109910e-04
1.806465315378191772e-01 3.297152868347945874e-04
1.813691176639704306e-01 7.346044214022878500e-05
1.820945941346263086e-01 2.420077584000036885e-04
1.828229725111648329e-01 5.351386835642817823e-04
1.835542644012094771e-01 5.408071802911635235e-05
1.842884814588143239e-01 4.668346592581482991e-04
1.850256353846495561e-01 1.309076359943745545e-03
1.857657379261881403e-01 2.394217402443832299e-04
1.865088008778928996e-01 1.397032290785555882e-03
1.872548360814044743e-01 1.002489814646135777e-03
1.880038554257300876e-01 3.627959050618419440e-04
1.887558708474330049e-01 2.493601772883395108e-03
1.895108943308226879e-01 1.391841730840511588e-03
1.902689379081460019e-01 7.934291564358700180e-04
1.910300136597785636e-01 5.500248361899854818e-03
1.917941337144176972e-01 2.216050172848947619e-03
1.925613102492753359e-01 3.441041265414050265e-03
1.933315554902724498e-01 9.135797346751900819e-03
1.941048817122335568e-01 6.299799952321434408e-03
1.948813012390824828e-01 5.761712835833992727e-03
1.956608264440388156e-01 1.760183053281931878e-02
1.964434697498149418e-01 6.787462837027269727e-03
1.972292436288141937e-01 1.183870039304463564e-02
1.980181606033294406e-01 2.227648801724111879e-02
1.988102332457427346e-01 1.489581646786122121e-02
1.996054741787257336e-01 1.319690219978492292e-02
2.004038960754406518e-01 1.897954324866937825e-02
2.012055116597424309e-01 1.948186400793085887e-02
2.020103337063813842e-01 2.071659605988667927e-02
2.028183750412069219e-01 2.233409261095400250e-02
2.036296485413717494e-01 2.148829541843794502e-02
2.044441671355372303e-01 1.721032725936022523e-02
2.052619438040793887e-01 2.993300296422073126e-02
2.060829915792957157e-01 2.667483744941431811e-02
2.069073235456129201e-01 2.740775550589891890e-02
2.077349528397953449e-01 3.055554655073522766e-02
2.085658926511545219e-01 3.983758073130176658e-02
2.094001562217591150e-01 4.370793300795777769e-02
2.102377568466461677e-01 4.377322035583242760e-02
2.110787078740327671e-01 3.547463074599160188e-02
2.119230227055288740e-01 5.297051859839143478e-02
2.127707147963510126e-01 6.137981938853404040e-02
2.136217976555363773e-01 7.557560224063110399e-02
2.144762848461585492e-01 4.238029142315546949e-02
2.153341899855431840e-01 8.242542783344593282e-02
2.161955267454853669e-01 1.168249977797899686e-01
2.170603088524672986e-01 1.397434781662906522e-01
2.179285500878772042e-01 9.217893990655286196e-02
2.188002642882286852e-01 1.060607048868753149e-01
2.196754653453815986e-01 2.082185860338867656e-01
2.205541672067631020e-01 1.736304674603356413e-01
2.214363838755901703e-01 4.440997559041488518e-01
2.223221294110925284e-01 1.734581491791340468e-01
2.232114179287369160e-01 8.425750471137332109e-01
2.241042636004518529e-01 4.444416855805850552e-01
2.250006806548536520e-01 1.526091133557808011e+00
2.259006833774730438e-01 7.276949324198374036e-01
2.268042861109829667e-01 1.230838754367748145e+00
2.277115032554268836e-01 1.519530281401625604e+00
2.286223492684485714e-01 1.659351254095690731e+00
2.295368386655223802e-01 4.205302993903639042e+00
2.304549860201844658e-01 8.471441897495213258e-01
2.313768059642651864e-01 4.130512601335555978e+00
2.323023131881222503e-01 3.467501807856764540e+00
2.332315224408747223e-01 7.152532259973233053e+00
2.341644485306381973e-01 8.824748799876356742e+00
2.351011063247607502e-01 2.123718248143434906e+00
2.360415107500598020e-01 1.116861537540221150e+01
2.369856767930600405e-01 2.191767391296320699e+00
2.379336195002322851e-01 1.468098809404636995e+01
2.388853539782332114e-01 1.063527130302024659e+01
2.398408953941461863e-01 5.146774885149241641e+01
2.408002589757227141e-01 5.679300144194105826e+01
2.417634600116256582e-01 1.161212412064486266e+01
2.427305138516721306e-01 9.012268583959512114e+01
2.437014359070788505e-01 5.383430544683170638e+01
2.446762416507071713e-01 3.049722724092079034e+02
2.456549466173099938e-01 7.856067330290632356e+01
2.466375664037792625e-01 1.150173226717677295e+02
2.476241166693943785e-01 8.648587007840568219e+01
2.486146131360719436e-01 1.481755446538179655e+01
2.496090715886161993e-01 1.118206485564358275e+02
2.506075078749706586e-01 1.001933068102730005e+02
2.516099379064705155e-01 1.191794216137188158e+02
2.526163776580964138e-01 1.237149518124533216e+02
2.536268431687287994e-01 9.041718528623840712e+02
2.546413505414037437e-01 8.275749253165668051e+02
2.556599159435693491e-01 1.696894637229989939e+03
2.566825556073435988e-01 1.724735608691525385e+03
2.577092858297729827e-01 1.969075330051059609e+03
2.587401229730920682e-01 1.060609003540255799e+03
2.597750834649844576e-01 2.873098012021227078e+03
2.608141837988444123e-01 1.770125703251586174e+03
2.618574405340398092e-01 1.261397861693840241e+04
2.629048702961759298e-01 3.851585849434269767e+04
2.639564897773606367e-01 4.008172853857118753e+04
2.650123157364701054e-01 3.805554793957839865e+04
2.660723649994159445e-01 2.037325668121479976e+04
2.671366544594135917e-01 2.885446388849240611e+04
2.682052010772512096e-01 2.920876305395863528e+04
2.692780218815602478e-01 1.573643157054121912e+04
2.703551339690865030e-01 3.501429540829417965e+04
2.714365545049627904e-01 8.705654746597781923e+03
2.725223007229827243e-01 4.857016869765412594e+03
2.736123899258746106e-01 1.078497904663262125e+04
2.747068394855781692e-01 8.202703336278500501e+03
2.758056668435204806e-01 2.473467617581824743e+04
2.769088895108945403e-01 6.477722862999445351e+04
2.780165250689380918e-01 4.481865105220617988e+04
2.791285911692138466e-01 4.176161609716525709e+04
2.802451055338907038e-01 2.571989547318108453e+04
2.813660859560263017e-01 1.640511581184228635e+04
2.824915502998503469e-01 1.046599672588436260e+04
2.836215165010497197e-01 6.000558916514984958e+03
2.847560025670539119e-01 2.706313704485712606e+03
2.858950265773221866e-01 3.579010971167950629e+03
2.870386066836315142e-01 9.163103725856160963e+03
2.881867611103660631e-01 2.243453621826888775e+04
2.893395081548075787e-01 5.118758585560342908e+04
2.904968661874267610e-01 1.003254930645517888e+05
2.916588536521764197e-01 1.636254285421424138e+05
2.928254890667851273e-01 2.077804071018413233e+05
2.939967910230522619e-01 1.721859432869873999e+05
2.951727781871444911e-01 1.380392780239898129e+05
2.963534692998930908e-01 2.126636057455164264e+05
2.975388831770926501e-01 2.083051389217232063e+05
2.987290387098009981e-01 3.513114530444832053e+05
2.999239548646402409e-01 2.726050500056294259e+05
3.011236506840988536e-01 5.903856617672132561e+05
3.023281452868351593e-01 1.818930253298403404e+05
3.035374578679824742e-01 1.127229352628513938e+06
3.047516076994544187e-01 1.203841108287043869e+06
3.059706141302522830e-01 1.984942619893227471e+06
3.071944965867733357e-01 7.986350961217992939e+06
3.084232745731204095e-01 1.774120527692442760e+07
3.096569676714128194e-01 1.723843821137344465e+07
3.108955955420985018e-01 3.307077126025841385e+07
3.121391779242668751e-01 3.999988024847187102e+07
3.133877346359639215e-01 5.320130274466308206e+07
3.146412855745078230e-01 7.060047940701074898e+07
3.158998507168058190e-01 7.809881060934214294e+07
3.171634501196730627e-01 1.172626175196619183e+08
3.184321039201517545e-01 6.299661178802148253e+07
3.197058323358323295e-01 4.582387421529913694e+07
3.209846556651756444e-01 1.224157411245217174e+08
3.222685942878363852e-01 1.507749933017458320e+08
3.235576686649877520e-01 1.210109002856729031e+08
3.248518993396476984e-01 2.274244112676353455e+08
3.261513069370062801e-01 2.628562691535431147e+08
3.274559121647543369e-01 3.653646646854144931e+08
3.287657358134133401e-01 3.878128203670144081e+08
3.300807987566670154e-01 1.343712766870487928e+08
3.314011219516936890e-01 4.292994668133193851e+08
3.327267264395004642e-01 6.252831938354767561e+08
3.340576333452584534e-01 7.505912111221410036e+08
3.353938638786395088e-01 7.538301753392615318e+08
3.367354393341540630e-01 7.584211553882921934e+08
3.380823810914907468e-01 8.610384570310572386e+08
3.394347106158566718e-01 8.925503952808270454e+08
3.407924494583201014e-01 7.926265259399789572e+08
3.421556192561533982e-01 5.553690120614694357e+08
3.435242417331779707e-01 8.604169043990100920e+07
3.448983387001106626e-01 1.195352195210594386e+08
3.462779320549111417e-01 1.723963716682856381e+08
3.476630437831307319e-01 8.168478028618071973e+07
3.490536959582632992e-01 8.145301088043417037e+07
3.504499107420963600e-01 8.122654178671410084e+08
3.518517103850647421e-01 7.290886166049191952e+08
3.532591172266050239e-01 1.421895499460143566e+09
3.546721536955114717e-01 2.264545755801574230e+09
3.560908423102934761e-01 7.409080422373547554e+08
3.575152056795346533e-01 3.169779221423252821e+08
3.589452665022527800e-01 1.101626224922062159e+09
3.603810475682617254e-01 1.751045129536270380e+09
3.618225717585348278e-01 1.188372773306511879e+09
3.632698620455689364e-01 1.384581164313421726e+09
3.647229414937512293e-01 1.332482678162115812e+09
3.661818332597261971e-01 2.660126414894159794e+09
3.676465605927651259e-01 8.079156781357516050e+08
3.691171468351361895e-01 7.961814148671615124e+08
3.705936154224767076e-01 1.649890454385521412e+08
3.720759898841666247e-01 2.285595964497128874e+07
3.735642938437032656e-01 2.648619658864357695e+07
3.750585510190780902e-01 9.249352887792375684e+07
3.765587852231543908e-01 7.375880980196623802e+08
3.780650203640470441e-01 2.469817156301794529e+09
3.795772804455032068e-01 1.486361779903678656e+09
3.810955895672852312e-01 1.800675276622221947e+09
3.826199719255543585e-01 2.604392313339432478e+08
3.841504518132565771e-01 8.193503203027163744e+08
3.856870536205096456e-01 7.538930449512340128e+07
3.872298018349916715e-01 2.973885657444431782e+08
3.887787210423316320e-01 1.760604602124170661e+08
3.903338359265008939e-01 5.673713712688390017e+08
3.918951712702069545e-01 8.981246367051160336e+08
3.934627519552877928e-01 1.925007278713332891e+09
3.950366029631089404e-01 6.183561031366272926e+09
3.966167493749613859e-01 7.879365868506468773e+09
3.982032163724612550e-01 9.792069224837091446e+09
3.997960292379510450e-01 1.055468733099546623e+10
4.013952133549028578e-01 1.139074269293118286e+10
4.030007942083224659e-01 1.238983101033905602e+10
4.046127973851557647e-01 5.064987587462094307e+09
4.062312485746963908e-01 7.996224336540827751e+09
4.078561735689951728e-01 8.778393855813796997e+09
4.094875982632711353e-01 8.493404133005050659e+09
4.111255486563242245e-01 8.750833844760185242e+09
4.127700508509495880e-01 6.685627882313183784e+09
4.144211310543532978e-01 4.855779450142045021e+09
4.160788155785707931e-01 4.271591807811741829e+09
4.177431308408850463e-01 2.360999951174149990e+09
4.194141033642486138e-01 1.178217288016782045e+09
4.210917597777056320e-01 3.774819959294216037e+08
4.227761268168164221e-01 1.589453597275356650e+08
4.244672313240837602e-01 4.964731196685011983e+08
4.261651002493800910e-01 1.422527366672324419e+09
4.278697606503775730e-01 2.715353481384875298e+09
4.295812396929790666e-01 4.038201960432045460e+09
4.312995646517510107e-01 5.310484255750344276e+09
4.330247629103580187e-01 7.271768612974800110e+09
4.347568619619994745e-01 8.800421478549810410e+09
4.364958894098474596e-01 8.331178293097541809e+09
4.382418729674867897e-01 6.716659893233439445e+09
4.399948404593567730e-01 9.982162107107187271e+09
4.417548198211941890e-01 1.197284242376105881e+10
4.435218391004789873e-01 8.692760025636260986e+09
4.452959264568808750e-01 1.060220842265794563e+10
4.470771101627084021e-01 9.982889083878686905e+09
4.488654186033592119e-01 1.115813165530022049e+10
4.506608802777726241e-01 1.327066547895850372e+10
4.524635237988837710e-01 1.439425002293738937e+10
4.542733778940792333e-01 1.499966892199768639e+10
4.560904714056555065e-01 1.369727404504660797e+10
4.579148332912781894e-01 1.779947067171549988e+10
4.597464926244433370e-01 1.040214489744642830e+10
4.615854785949410899e-01 1.702378282723887253e+10
4.634318205093208576e-01 1.073132390124369049e+10
4.652855477913582227e-01 1.457123298641884041e+10
4.671466899825236219e-01 1.571537705684707069e+10
4.690152767424536906e-01 1.632668464395485497e+10
4.708913378494234969e-01 2.312336714232182693e+10
4.727749032008212171e-01 1.768534726336475754e+10
4.746660028136244769e-01 2.227928415087253189e+10
4.765646668248789131e-01 1.288345435563774300e+10
4.784709254921784560e-01 8.773265896968223572e+09
4.803848091941470555e-01 1.245261075775216866e+10
4.823063484309236815e-01 1.399526803954941940e+10
4.842355738246474361e-01 1.994652669648620224e+10
4.861725161199459966e-01 1.816310179173467255e+10
4.881172061844257226e-01 2.720316809295045090e+10
4.900696750091634302e-01 2.005712805221577454e+10
4.920299537092001074e-01 2.735859946993689728e+10
4.939980735240369625e-01 3.673810924567300415e+10
4.959740658181330253e-01 2.033564448713746262e+10
4.979579620814056362e-01 2.408492852100445175e+10
4.999497939297311566e-01 2.466253100673592377e+10
5.019495931054501758e-01 1.757457860312109756e+10
5.039573914778719965e-01 2.542701648036181259e+10
5.059732210437835054e-01 1.931612903791895676e+10
5.079971139279585435e-01 1.826400366728402710e+10
5.100291023836703852e-01 1.648345414832017326e+10
5.120692187932051054e-01 1.528300227073108101e+10
5.141174956683780550e-01 1.483514300325682068e+10
5.161739656510514473e-01 1.270842054936849785e+10
5.182386615136556074e-01 1.008555745018383026e+10
5.203116161597103329e-01 1.384246516331636047e+10
5.223928626243490303e-01 2.439940412057509995e+10
5.244824340748465152e-01 2.002630446270367050e+10
5.265803638111459239e-01 2.209292317315617371e+10
5.286866852663905103e-01 2.038419185467803574e+10
5.308014320074561088e-01 2.485844651172296906e+10
5.329246377354859288e-01 2.214409935662191391e+10
5.350563362864277916e-01 2.277460355798181915e+10
5.371965616315735881e-01 2.024746606674996185e+10
5.393453478780998456e-01 2.174372152809757996e+10
5.415027292696121819e-01 2.194672838458513260e+10
5.436687401866906466e-01 2.090854387996279907e+10
5.458434151474373941e-01 1.841848014482236481e+10
5.480267888080271321e-01 1.675324248321991348e+10
5.502188959632591247e-01 1.884513264604004288e+10
5.524197715471121928e-01 2.005447559691817856e+10
5.546294506333006025e-01 2.206053613370643997e+10
5.568479684358338400e-01 2.154399534900818253e+10
5.590753603095770519e-01 2.081283210204254532e+10
5.613116617508153716e-01 1.928029241261163330e+10
5.635569083978186899e-01 1.815290883845900345e+10
5.658111360314097560e-01 1.968784389428466797e+10
5.680743805755354980e-01 1.881013034479337692e+10
5.703466780978375672e-01 1.988733123941749954e+10
5.726280648102289872e-01 1.972776878229596710e+10
5.749185770694699160e-01 1.548186635083577919e+10
5.772182513777477375e-01 1.615026897147492599e+10
5.795271243832587071e-01 1.606544526114000702e+10
5.818452328807918184e-01 1.435778667276146507e+10
5.841726138123150003e-01 1.069575866074594307e+10
5.865093042675643131e-01 4.360003086702239037e+09
5.888553414846344758e-01 1.409032750736946762e+08
5.912107628505729462e-01 1.616644913751294374e+09
5.935756059019753339e-01 9.003029636806518555e+09
5.959499083255832552e-01 1.445994891889520645e+10
5.983337079588855190e-01 1.893149628107068634e+10
6.007270427907210886e-01 2.304298179410516739e+10
6.031299509618840426e-01 2.724860877458619308e+10
6.055424707657315331e-01 3.169654116003672028e+10
6.079646406487945187e-01 3.502319797333991241e+10
6.103964992113897203e-01 3.540884561546443939e+10
6.128380852082353503e-01 4.203057955001597595e+10
6.152894375490681744e-01 3.920389139323060608e+10
6.177505952992645710e-01 3.351774006876411057e+10
6.202215976804615893e-01 3.237637046541506577e+10
6.227024840711834486e-01 2.977461031735039902e+10
6.251932940074681477e-01 3.470537365420710754e+10
6.276940671834980723e-01 3.874041799045105743e+10
6.302048434522321552e-01 4.306493771812956238e+10
6.327256628260409244e-01 4.805856297707388306e+10
6.352565654773452142e-01 4.999858750124716187e+10
6.377975917392545435e-01 4.387062865656824493e+10
6.403487821062116003e-01 5.569924447496337128e+10
6.429101772346363930e-01 7.209491865883680725e+10
6.454818179435749537e-01 8.388096278578945923e+10
6.480637452153492628e-01 8.659699514816656494e+10
6.506560001962106154e-01 9.264422153240292358e+10
6.532586241969955410e-01 1.013753144640615234e+11
6.558716586937833881e-01 7.926351103750808716e+10
6.584951453285585732e-01 7.635990377226947021e+10
6.611291259098727169e-01 7.036779241634654236e+10
6.637736424135122215e-01 6.678266494068661499e+10
6.664287369831662922e-01 6.508749093708372498e+10
6.690944519310989547e-01 6.472746125458016205e+10
6.717708297388232941e-01 6.577697398548902893e+10
6.744579130577786907e-01 6.902150872727265930e+10
6.771557447100098326e-01 7.293022019210614014e+10
6.798643676888498355e-01 7.134447493181663513e+10
6.825838251596052508e-01 7.479150455348793030e+10
6.853141604602436265e-01 6.753045672769223022e+10
6.880554171020846210e-01 6.153986807575075531e+10
6.908076387704928933e-01 5.933355501048620605e+10
6.935708693255748791e-01 7.510340200989691162e+10
6.963451528028771209e-01 8.861153534645149231e+10
6.991305334140887062e-01 9.267701371414825439e+10
7.019270555477450380e-01 1.063567203808949585e+11
7.047347637699360456e-01 1.451854699897845459e+11
7.075537028250157290e-01 1.197953275917063141e+11
7.103839176363159202e-01 1.079561128216010132e+11
7.132254533068611568e-01 1.009741436530308380e+11
7.160783551200886610e-01 1.110585966937061310e+11
7.189426685405689854e-01 1.253496031787707977e+11
7.218184392147313222e-01 1.264281919469485626e+11
7.247057129715901436e-01 1.514451774046683350e+11
7.276045358234763949e-01 1.663209393961971130e+11
7.305149539667704639e-01 1.995603373694843140e+11
7.334370137826373703e-01 2.203474013087693176e+11
7.363707618377679509e-01 2.266027286465215454e+11
7.393162448851190449e-01 2.171250270935279541e+11
7.422735098646596752e-01 2.100808263277756348e+11
7.452426039041182282e-01 1.861012113077454834e+11
7.482235743197346300e-01 2.054258088871050110e+11
7.512164686170136330e-01 2.028640072170475769e+11
7.542213344914817652e-01 2.291861047499048462e+11
7.572382198294477229e-01 2.324895361719234314e+11
7.602671727087656484e-01 2.233319227616626282e+11
7.633082413996006288e-01 1.695230286080806580e+11
7.663614743651989691e-01 1.970036668366427994e+10
7.694269202626597970e-01 2.832055758732524872e+10
7.725046279437104424e-01 1.349829170808666840e+11
7.755946464554852593e-01 1.960952514530708923e+11
7.786970250413072225e-01 2.207527258575655518e+11
7.818118131414724115e-01 2.537958504609870911e+11
7.849390603940383793e-01 2.122972393243408813e+11
7.880788166356144098e-01 2.263014106829585266e+11
7.912311319021569922e-01 1.870255600452861023e+11
7.943960564297655180e-01 2.021974039753646240e+11
7.975736406554845281e-01 1.903897100647997131e+11
8.007639352181065151e-01 2.081955085204671631e+11
8.039669909589789443e-01 2.525291566551246948e+11
8.071828589228148276e-01 3.142139705728737793e+11
8.104115903585061842e-01 3.727061596595116577e+11
8.136532367199402760e-01 4.672885053383073730e+11
8.169078496668199518e-01 5.062882485186261597e+11
8.201754810654874328e-01 4.178004256259432983e+11
8.234561829897493190e-01 5.066306986777828979e+11
8.267500077217083687e-01 5.090444382213859253e+11
8.300570077525952772e-01 4.432054589140804443e+11
8.333772357836056743e-01 4.950980974243585205e+11
8.367107447267401188e-01 4.841072628187662354e+11
8.400575877056470908e-01 5.027306798790164795e+11
8.434178180564695371e-01 3.990560911309324951e+11
8.467914893286955236e-01 2.874176764839765625e+11
8.501786552860102208e-01 3.183721045695703735e+11
8.535793699071543283e-01 3.142894191178202515e+11
8.569936873867830540e-01 3.391764603281271973e+11
8.604216621363300899e-01 3.648805334626525879e+11
8.638633487848753623e-01 3.742063546116181030e+11
8.673188021800150027e-01 4.212980627890918579e+11
8.707880773887352044e-01 4.083554993343334961e+11
8.742712296982900755e-01 4.522342430259396973e+11
8.777683146170831563e-01 5.429599905853679199e+11
8.812793878755513788e-01 6.123102853264180908e+11
8.848045054270535781e-01 6.854233622985234375e+11
8.883437234487617795e-01 5.404540221978010254e+11
8.918970983425568155e-01 6.982494444250810547e+11
8.954646867359271623e-01 6.075133526943997803e+11
8.990465454828707736e-01 7.218183255488475342e+11
9.026427316648023558e-01 6.545744934546091309e+11
9.062533025914615292e-01 6.591522424824501953e+11
9.098783158018273198e-01 7.299293027244046631e+11
9.135178290650346478e-01 7.568155983848840332e+11
9.171719003812948134e-01 8.301700158614620361e+11
9.208405879828199803e-01 8.684606812138186035e+11
9.245239503347512100e-01 7.917212561410186768e+11
9.282220461360901620e-01 7.615412090659228516e+11
9.319349343206346781e-01 6.992529222227883301e+11
9.356626740579171431e-01 7.287427018377017822e+11
9.394053247541488405e-01 7.578335371796710205e+11
9.431629460531654185e-01 7.783663769321560059e+11
9.469355978373780180e-01 8.566965040052864990e+11
9.507233402287275092e-01 8.703221320709008789e+11
9.545262335896426142e-01 9.241694684481427002e+11
9.583443385240012491e-01 9.082521869669906006e+11
9.621777158780971950e-01 9.216939930735158691e+11
9.660264267416096562e-01 9.505869390223111572e+11
9.698905324485760371e-01 9.741175458824429932e+11
9.737700945783701600e-01 8.345152371530928955e+11
9.776651749566835914e-01 8.460221802047897949e+11
9.815758356565105203e-01 8.335181589698132324e+11
9.855021389991363012e-01 8.419135022954875488e+11
9.894441475551331022e-01 7.813922590000654297e+11
9.934019241453534432e-01 5.949125501336693115e+11
9.973755318419349480e-01 7.055531653021434326e+11
1.001365033969302543e+00 7.091108720170394287e+11
1.005370494105179757e+00 7.075196991493714600e+11
1.009391976081600362e+00 7.599488083912532959e+11
1.013429543985926884e+00 8.428338290302576904e+11
1.017483262161870350e+00 8.668787172716774902e+11
1.021553195210518128e+00 9.173776201592392578e+11
1.025639407991360219e+00 8.964489962281706543e+11
1.029741965623325539e+00 9.030865740169434814e+11
1.033860933485818867e+00 9.398003457056096191e+11
1.037996377219762012e+00 1.038802443022546021e+12
1.042148362728641198e+00 1.060882960237821411e+12
1.046316956179555557e+00 1.117971148209472168e+12
1.050502224004274066e+00 1.076702658889011108e+12
1.054704232900291139e+00 1.091643515459002441e+12
1.058923049831892227e+00 1.047923284724692139e+12
1.063158742031219628e+00 1.105411062278076904e+12
1.067411376999344741e+00 1.110574642574575928e+12
1.071681022507342096e+00 1.123205031065501465e+12
1.075967746597371377e+00 1.197230305642612305e+12
1.080271617583760779e+00 1.176062232288951172e+12
1.084592704054095913e+00 1.249034448703406494e+12
1.088931074870312044e+00 1.192380474164100586e+12
1.093286799169793433e+00 1.170875309872550537e+12
1.097659946366472461e+00 1.068030142859588623e+12
1.102050586151938294e+00 1.044036216249237061e+12
1.106458788496546219e+00 9.960547108705098877e+11
1.110884623650532532e+00 9.881832711870262451e+11
1.115328162145134749e+00 1.039144601447063110e+12
1.119789474793714934e+00 1.020943077388937256e+12
1.124268632692889902e+00 1.081291712545608154e+12
1.128765707223661430e+00 1.091105580534966797e+12
1.133280770052556230e+00 1.042489070789289307e+12
1.137813893132766374e+00 9.430187452180319824e+11
1.142365148705297484e+00 9.533451920718991699e+11
1.146934609300118479e+00 1.112637375650513916e+12
1.151522347737319096e+00 1.131735819303861084e+12
1.156128437128268516e+00 1.120024493243300293e+12
1.160752950876781542e+00 1.131722819278205322e+12
1.165395962680288999e+00 1.152982457721838867e+12
1.170057546531009907e+00 9.781370523966226807e+11
1.174737776717134086e+00 1.078524001176072021e+12
1.179436727824002773e+00 8.928718260350361328e+11
1.184154474735298557e+00 1.073619653530430786e+12
1.188891092634239977e+00 1.155383321402458252e+12
1.193646657004777012e+00 1.160392775772438721e+12
1.198421243632796118e+00 1.068499791883881348e+12
1.203214928607327261e+00 1.102869723235448242e+12
1.208027788321756724e+00 1.185413607573699707e+12
1.212859899475043468e+00 1.145591364286639893e+12
1.217711339072943710e+00 1.213143096858017822e+12
1.222582184429235275e+00 1.197256754921699951e+12
1.227472513166952384e+00 1.266775295466501953e+12
1.232382403219620226e+00 1.271971724550277100e+12
1.237311932832498407e+00 1.274473515495545898e+12
1.242261180563828615e+00 1.030910265892438965e+12
1.247230225286083849e+00 1.223930435485340820e+12
1.252219146187228072e+00 1.027400976764443237e+12
1.257228022771976983e+00 1.215551719349196045e+12
1.262256934863064783e+00 1.209291246564994873e+12
1.267305962602517155e+00 1.281426779260334473e+12
1.272375186452927354e+00 1.259546036663637451e+12
1.277464687198738957e+00 1.288116426093371094e+12
1.282574545947533950e+00 1.313031004653117188e+12
1.287704844131324133e+00 1.221851503653864258e+12
1.292855663507849417e+00 1.239112622973889893e+12
1.298027086161880783e+00 1.255630880022158936e+12
1.303219194506528344e+00 1.277248313558145996e+12
1.308432071284554521e+00 1.227783756339693848e+12
1.313665799569692760e+00 1.251808154931830566e+12
1.318920462767971591e+00 1.236600947321915283e+12
1.324196144619043336e+00 1.147733666630545410e+12
1.329492929197519491e+00 1.025815813427353638e+12
1.334810900914309650e+00 7.133636705765516357e+11
1.340150144517967101e+00 6.675542210973637695e+11
1.345510745096038852e+00 6.205746034053366699e+11
1.350892788076423212e+00 5.991348070739390869e+11
1.356296359228728932e+00 5.545348362407581787e+11
1.361721544665643879e+00 5.315999933275570679e+11
1.367168430844306393e+00 5.578724712062625732e+11
1.372637104567683730e+00 5.086075246589736938e+11
1.378127652985954299e+00 5.561141120768524170e+11
1.383640163597898098e+00 5.625536513322622070e+11
1.389174724252289828e+00 5.371024232063332520e+11
1.394731423149298877e+00 5.182529984198184814e+11
1.400310348841896202e+00 4.913031138502988281e+11
1.405911590237263642e+00 5.013158369745761108e+11
1.411535236598212784e+00 4.468732334454747314e+11
1.417181377544605603e+00 4.206416731324019775e+11
1.422850103054784210e+00 4.257881228341292114e+11
1.428541503467003038e+00 4.176176419100706177e+11
1.434255669480871243e+00 4.155780152177697754e+11
1.439992692158794885e+00 4.366422603475709229e+11
1.445752662927429988e+00 4.476874979810205688e+11
1.451535673579139596e+00 4.582767506478441162e+11
1.457341816273456159e+00 5.063406246495535278e+11
1.463171183538549913e+00 4.616776225047551270e+11
1.469023868272704147e+00 4.500850231697316895e+11
1.474899963745795128e+00 4.648797286734270020e+11
1.480799563600778246e+00 4.810465453661877441e+11
1.486722761855181485e+00 4.809411978610509644e+11
1.492669652902602007e+00 4.926390184089127197e+11
1.498640331514212276e+00 5.025467863206590576e+11
1.504634892840269300e+00 5.208340176678809814e+11
1.510653432411630304e+00 5.317477160169693604e+11
1.516696046141276843e+00 5.546588710699423828e+11
1.522762830325842032e+00 5.660369892144866943e+11
1.528853881647145307e+00 5.766828773635587158e+11
1.534969297173733649e+00 5.839231948090251465e+11
1.541109174362428780e+00 5.909400177578265381e+11
1.547273611059878373e+00 6.247361221246282959e+11
1.553462705504118135e+00 6.400025196520841064e+11
1.559676556326134556e+00 6.466351728826230469e+11
1.565915262551438980e+00 6.738141202312479248e+11
1.572178923601644795e+00 6.861705764677944336e+11
1.578467639296051495e+00 7.193326431916473389e+11
1.584781509853235626e+00 7.364271781837917480e+11
1.591120635892648405e+00 7.409494356930742188e+11
1.597485118436219098e+00 7.658758770781837158e+11
1.603875058909963958e+00 7.851766193801116943e+11
1.610290559145603595e+00 7.918699528744689941e+11
1.616731721382186127e+00 8.156625029498364258e+11
1.623198648267714761e+00 8.245439665979296875e+11
1.629691442860785600e+00 8.384321060533145752e+11
1.636210208632228769e+00 8.630446022408303223e+11
1.642755049466757766e+00 8.750586332260130615e+11
1.649326069664624805e+00 8.834369544428991699e+11
1.655923373943283039e+00 8.968112766733140869e+11
1.662547067439056336e+00 9.000191766395914307e+11
1.669197255708812611e+00 9.142401926886574707e+11
1.675874044731648027e+00 9.282715288502106934e+11
1.682577540910574321e+00 9.257001416577479248e+11
1.689307851074216771e+00 8.999405405699884033e+11
1.696065082478513508e+00 8.749791732521961670e+11
1.702849342808427480e+00 8.503286035439447021e+11
1.709660740179661298e+00 8.081138203249483643e+11
1.716499383140379864e+00 7.212788889559555664e+11
1.723365380672941427e+00 7.142859604911123047e+11
1.730258842195633306e+00 6.853024081919721680e+11
1.737179877564415831e+00 6.417657970380837402e+11
1.744128597074673603e+00 6.315998839841186523e+11
1.751105111462972097e+00 6.038149656075233154e+11
1.758109531908824241e+00 5.568180750729285889e+11
1.765141970036459451e+00 5.332775277211959229e+11
1.772202537916605314e+00 5.066399053139855347e+11
1.779291348068271716e+00 4.611607033854438477e+11
1.786408513460544745e+00 4.521584900661704712e+11
1.793554147514387020e+00 4.297514740819166260e+11
1.800728364104444257e+00 4.160745979258778076e+11
1.807931277560862249e+00 3.810024774687837524e+11
1.815163002671105641e+00 4.006146699746741943e+11
1.822423654681789795e+00 3.824261914598105469e+11
1.829713349300517100e+00 3.789443597813898315e+11
1.837032202697718830e+00 3.710412121101857910e+11
1.844380331508509885e+00 3.333484413027715454e+11
1.851757852834543527e+00 3.287513583649929810e+11
1.859164884245881888e+00 2.795514773379168701e+11
1.866601543782865358e+00 3.127372943287771606e+11
1.874067949957996859e+00 3.188357177602588501e+11
1.881564221757828781e+00 3.256841923703818359e+11
1.889090478644860127e+00 3.458866371264800415e+11
1.896646840559439662e+00 3.475043740784539185e+11
1.904233427921677269e+00 3.558116254132556763e+11
1.911850361633363971e+00 3.568613299358172607e+11
1.919497763079897279e+00 3.473704069608125610e+11
1.927175754132217200e+00 3.478699899214370728e+11
1.934884457148745796e+00 3.479854255952318115e+11
1.942623994977340729e+00 3.269223895853905029e+11
1.950394490957250149e+00 3.463966449285209351e+11
1.958196068921079336e+00 3.358988014016722412e+11
1.966028853196763793e+00 3.381459296583251953e+11
1.973892968609550991e+00 3.314249865573980103e+11
1.981788540483989447e+00 3.191349056529152222e+11
1.989715694645925126e+00 3.173366192350146484e+11
1.997674557424508723e+00 3.126318096968333130e+11
2.005665255654207169e+00 3.079720007930483398e+11
2.013687916676823786e+00 3.108472585641100464e+11
2.021742668343530891e+00 3.249000561833325806e+11
2.029829639016905052e+00 3.182070194180212402e+11
2.037948957572972564e+00 3.223655516912565308e+11
2.046100753403264694e+00 3.297651044521079712e+11
2.054285156416877811e+00 3.386178459174987793e+11
2.062502297042545507e+00 3.414483052304625244e+11
2.070752306230715600e+00 3.532678647229731445e+11
2.079035315455638244e+00 3.580446966180611572e+11
2.087351456717461140e+00 3.598566979267610474e+11
2.095700862544330967e+00 3.726144279688905640e+11
2.104083665994508134e+00 3.865988395314486084e+11
2.112500000658485977e+00 3.925827244789443970e+11
2.120950000661120161e+00 3.992576196015169067e+11
2.129433800663764753e+00 4.002419106530527344e+11
2.137951535866419839e+00 4.102031757690076904e+11
2.146503342009885351e+00 4.260623043451287231e+11
2.155089355377924676e+00 4.274966961700985718e+11
2.163709712799436691e+00 4.359568255400283203e+11
2.172364551650634468e+00 4.414000033770197144e+11
2.181054009857236853e+00 4.412911136316981812e+11
2.189778225896665376e+00 4.449151112754592285e+11
2.198537338800252705e+00 4.521257222716347046e+11
2.207331488155453325e+00 4.482972064684965820e+11
2.216160814108075083e+00 4.540515601927557983e+11
2.225025457364507631e+00 4.579376366486614380e+11
2.233925559193965515e+00 4.592367774505044556e+11
2.242861261430741493e+00 4.625343801563643188e+11
2.251832706476463830e+00 4.583697293810130615e+11
2.260840037302370042e+00 4.546655557483109131e+11
2.269883397451579299e+00 4.561891894486713257e+11
2.278962931041386142e+00 4.517141337470811157e+11
2.288078782765551100e+00 4.563609504609216309e+11
2.297231097896613505e+00 3.609058359637347412e+11
2.306420022288200311e+00 4.134544859964386597e+11
2.315645702377353121e+00 4.049123604888628540e+11
2.324908285186861878e+00 3.379465205982482910e+11
2.334207918327609654e+00 3.727776233962658081e+11
2.343544750000919663e+00 3.670938072633125610e+11
2.352918929000923143e+00 3.140751200257401733e+11
2.362330604716927240e+00 3.299067158479655762e+11
2.371779927135795329e+00 3.404808122137391968e+11
2.381267046844337987e+00 3.108054806002286377e+11
2.390792115031715070e+00 3.030229416588998413e+11
2.400355283491842240e+00 2.991713241407879639e+11
2.409956704625809465e+00 2.712074185618783569e+11
2.419596531444312859e+00 2.654738194267391357e+11
2.429274917570089620e+00 2.421840583431235657e+11
2.438992017240370291e+00 2.315433909470574646e+11
2.448747985309331465e+00 2.150096334136926575e+11
2.458542977250568917e+00 2.087188737574473572e+11
2.468377149159570738e+00 2.006592581422850647e+11
2.478250657756209563e+00 1.740871544448179016e+11
2.488163660387234355e+00 1.753366831730075073e+11
2.498116315028783063e+00 1.731826249898597107e+11
2.508108780288898387e+00 1.480727627691658325e+11
2.518141215410053757e+00 1.488008849637234497e+11
2.528213780271693967e+00 1.387537427062518005e+11
2.538326635392781139e+00 1.365804702526647949e+11
2.548479941934351789e+00 1.336624004759170227e+11
2.558673861702089436e+00 1.313648115758479004e+11
2.568908557148898097e+00 1.341658022262624054e+11
2.579184191377493551e+00 1.232667365293445435e+11
2.589500928143003478e+00 1.323918109587469025e+11
2.599858931855575594e+00 1.356693611076232605e+11
2.610258367582998229e+00 1.408902933810929871e+11
2.620699401053329769e+00 1.328503864501766968e+11
2.631182198657543214e+00 1.344916892529066010e+11
2.641706927452173392e+00 1.352633713782284393e+11
2.652273755161981938e+00 1.446116531714738159e+11
2.662882850182629824e+00 1.440412156434613037e+11
2.673534381583360542e+00 1.246340946958616180e+11
2.684228519109693956e+00 1.251242966428426514e+11
2.694965433186132575e+00 1.175541065572008820e+11
2.705745294918877164e+00 1.150737681008473663e+11
2.716568276098552559e+00 1.133344376283955231e+11
2.727434549202946812e+00 1.102918891459296417e+11
2.738344287399758326e+00 1.079979359332507935e+11
2.749297664549357201e+00 1.100733939638242035e+11
2.760294855207554576e+00 1.101651349255861206e+11
2.771336034628385292e+00 1.045336968162882996e+11
2.782421378766898545e+00 9.803957229506599426e+10
2.793551064281966312e+00 1.048570202908017731e+11
2.804725268539093985e+00 9.565305843242286682e+10
2.815944169613250558e+00 9.454620476524383545e+10
2.827207946291703244e+00 1.037833062424085846e+11
2.838516778076869862e+00 9.317131986575286865e+10
2.849870845189177437e+00 9.361419382991392517e+10
2.861270328569933685e+00 9.834786118348779297e+10
2.872715409884213589e+00 9.599699679149205017e+10
2.884206271523750420e+00 9.461725918603077698e+10
2.895743096609845413e+00 9.807783114287193298e+10
2.907326068996284985e+00 8.723477083200811768e+10
2.918955373272270393e+00 8.964451399187837219e+10
2.930631194765359826e+00 9.424531666755596924e+10
2.942353719544420709e+00 9.020784092979394531e+10
2.954123134422598440e+00 9.125493740037162781e+10
2.965939626960289122e+00 8.844601882650830078e+10
2.977803385468130504e+00 9.457311165481114197e+10
2.989714599010003138e+00 9.026557739866043091e+10
3.001673457406043077e+00 9.250358132954467773e+10
3.013680151235667015e+00 9.331952008363394165e+10
3.025734871840609408e+00 8.968833609800238037e+10
3.037837811327972037e+00 9.682809771053927612e+10
3.049989162573283785e+00 9.060739268726918030e+10
3.062189119223576395e+00 9.897247461904977417e+10
3.074437875700470890e+00 9.456701083578485107e+10
3.086735627203272880e+00 9.602003692132241821e+10
3.099082569712085622e+00 9.878323654968234253e+10
3.111478899990933744e+00 9.422690425380155945e+10
3.123924815590897186e+00 9.884180002582154846e+10
3.136420514853261121e+00 9.753732591366200256e+10
3.148966196912674320e+00 9.818650294169680786e+10
3.161562061700325277e+00 1.008966060531329193e+11
3.174208309947126327e+00 9.625460024256266785e+10
3.186905143186915090e+00 1.065767065955251770e+11
3.199652763759662566e+00 9.369541029446684265e+10
3.212451374814701222e+00 1.042961863198844604e+11
3.225301180313960625e+00 1.026224235993925934e+11
3.238202385035215958e+00 1.016239245732204742e+11
3.251155194575356955e+00 1.066745847894426270e+11
3.264159815353658622e+00 1.067648619182411346e+11
3.277216454615073271e+00 1.046377864090913086e+11
3.290325320433533207e+00 1.064656216084915466e+11
3.303486621715267635e+00 1.064519004412937775e+11
3.316700568202128441e+00 1.048267534503133850e+11
3.329967370474937294e+00 1.115713004090905457e+11
3.343287239956836743e+00 1.039253425748943939e+11
3.356660388916663962e+00 1.074372558872928467e+11
3.370087030472330714e+00 1.095925468414585571e+11
3.383567378594220187e+00 1.062214404320407410e+11
3.397101648108596716e+00 1.071778296801011047e+11
3.410690054701031482e+00 1.077884889804312744e+11
3.424332814919834878e+00 1.076545732259884949e+11
3.438030146179514634e+00 1.067286284673038330e+11
3.451782266764232610e+00 1.091191448954004669e+11
3.465589395831289998e+00 1.100154654179005127e+11
3.479451753414614767e+00 1.081691791326510010e+11
3.493369560428273068e+00 1.041434497431646881e+11
3.507343038669985980e+00 1.114701779113812714e+11
3.521372410824665788e+00 1.060193121264882355e+11
3.535457900467964709e+00 1.078687292158657837e+11
3.549599732069836477e+00 1.075455815667813416e+11
3.563798130998116154e+00 1.081351968773240051e+11
3.578053323522108364e+00 1.084400261580256195e+11
3.592365536816196858e+00 1.091245392919493256e+11
3.606734998963461614e+00 1.080925941324320679e+11
3.621161938959315041e+00 1.073943417017235260e+11
3.635646586715152839e+00 1.080007868346180420e+11
3.650189173062013293e+00 1.079873027227231293e+11
3.664789929754260545e+00 1.085584016391793823e+11
3.679449089473277645e+00 1.063691390646023102e+11
3.694166885831170699e+00 1.071175645346048279e+11
3.708943553374495661e+00 1.095961123866725006e+11
3.723779327587993571e+00 1.101066619993628540e+11
3.738674444898345328e+00 1.052167874867475128e+11
3.753629142677938901e+00 1.089230459022868805e+11
3.768643659248651190e+00 1.070345171581873322e+11
3.783718233885645432e+00 1.098307586708874664e+11
3.798853106821188153e+00 1.081237644645228424e+11
3.814048519248473657e+00 1.078349156874283905e+11
3.829304713325467180e+00 1.037860541668843231e+11
3.844621932178768908e+00 1.058833997440824127e+11
3.860000419907484215e+00 1.067352462252968750e+11
3.875440421587113882e+00 1.055209787566811066e+11
3.890942183273462529e+00 1.033553775168489075e+11
3.906505952006555926e+00 1.030753998186849518e+11
3.922131975814582727e+00 1.025019979557141266e+11
3.937820503717840648e+00 1.005465508396184082e+11
3.953571785732711508e+00 9.811273099846827698e+10
3.969386072875642490e+00 9.614410445446333313e+10
3.985263617167145167e+00 9.237277535024523926e+10
4.001204671635814059e+00 9.066569065062643433e+10
4.017209490322357190e+00 9.000983597647369385e+10
4.033278328283646630e+00 8.666520088604672241e+10
4.049411441596781458e+00 8.230956636008694458e+10
4.065609087363168506e+00 8.168243503263050842e+10
4.081871523712622185e+00 7.504501011117698669e+10
4.098199009807472315e+00 7.704653982670172119e+10
4.114591805846702144e+00 7.404676688599076843e+10
4.131050173070089038e+00 7.247790335885420227e+10
4.147574373762369149e+00 7.362101092032128906e+10
4.164164671257418959e+00 6.771688686774278259e+10
4.180821329942449260e+00 6.837735013265795898e+10
4.197544615262219558e+00 6.413538020186762238e+10
4.214334793723269357e+00 5.680019294588853455e+10
4.231192132898162761e+00 5.611823600924098969e+10
4.248116901429755288e+00 4.828498658808059692e+10
4.265109369035473996e+00 4.733631058386456299e+10
4.282169806511615384e+00 4.543978320913491058e+10
4.299298485737661935e+00 4.242719585819445038e+10
4.316495679680612874e+00 4.185411050814575958e+10
4.333761662399335357e+00 4.027647399020449066e+10
4.351096709048932532e+00 3.913897877213060760e+10
4.368501095885127583e+00 3.780817873708065033e+10
4.385975100268668214e+00 3.654114233632375336e+10
4.403519000669743555e+00 3.550923662361801910e+10
4.421133076672422391e+00 3.518674636738633728e+10
4.438817608979111817e+00 3.373022494701003647e+10
4.456572879415028332e+00 3.443946960220188141e+10
4.474399170932688463e+00 3.301388370607466507e+10
4.492296767616419828e+00 3.379600439342971039e+10
4.510265954686884626e+00 3.427287193701702118e+10
4.528307018505633330e+00 3.328064749449552155e+10
4.546420246579655711e+00 3.418325872098190689e+10
4.564605927565974497e+00 3.259535167569360733e+10
4.582864351276237258e+00 3.444981268304208374e+10
4.601195808681342925e+00 3.433867453880012512e+10
4.619600591916067422e+00 3.374505551242094421e+10
4.638078994283731937e+00 3.372399038879935837e+10
4.656631310260867629e+00 3.429493994877391052e+10
4.675257835501911430e+00 3.290331238060795975e+10
4.693958866843916944e+00 3.520774362924053955e+10
4.712734702311292878e+00 3.253448624415444946e+10
4.731585641120538810e+00 3.292383895560164642e+10
4.750511983685020923e+00 3.309121883397026443e+10
4.769514031619761063e+00 3.068484620874003983e+10
4.788592087746240011e+00 3.022710324714810181e+10
4.807746456097224730e+00 3.133934607966234207e+10
4.826977441921613377e+00 3.047780471446638107e+10
4.846285351689299858e+00 3.039467986532765961e+10
4.865670493096057925e+00 2.943731872953887177e+10
4.885133175068442135e+00 2.920078152586776733e+10
4.904673707768715474e+00 2.865551992568587112e+10
4.924292402599791174e+00 2.841834063021820450e+10
4.943989572210189642e+00 2.752914439820161438e+10
4.963765530499030021e+00 2.621702811723598862e+10
4.983620592621027079e+00 2.839455673560172653e+10
5.003555074991511198e+00 2.653005836080287933e+10
5.023569295291476777e+00 2.493846981905916977e+10
5.043663572472643075e+00 2.709219763133569717e+10
5.063838226762532813e+00 2.599682010852447510e+10
5.084093579669583640e+00 2.575608737473329544e+10
5.104429953988261381e+00 2.671864750402821732e+10
5.124847673804215020e+00 2.552143395146229172e+10
5.145347064499431688e+00 2.621833747194101334e+10
5.165928452757428957e+00 2.494009191134622192e+10
5.186592166568458673e+00 2.661600736116685104e+10
5.207338535234733001e+00 2.467451236673136902e+10
5.228167889375671784e+00 2.570082179455097198e+10
5.249080560933174766e+00 2.424016519645809555e+10
5.270076883176907145e+00 2.423394449391837692e+10
5.291157190709615321e+00 2.399023160264659119e+10
5.312321819472453299e+00 2.401497651778404236e+10
5.333571106750343738e+00 2.430243741765669632e+10
5.354905391177344320e+00 2.249742066902743912e+10
5.376325012742054099e+00 2.315423504328610229e+10
5.397830312793021612e+00 2.233636311385214615e+10
5.419421634044193858e+00 2.027636092023641586e+10
5.441099320580370602e+00 2.205869066209475327e+10
5.462863717862692425e+00 2.115461724756318283e+10
5.484715172734142996e+00 2.122856661871962357e+10
5.506654033425078865e+00 2.138254908071927261e+10
5.528680649558780580e+00 1.935323573079477692e+10
5.550795372157015350e+00 1.961883030428542709e+10
5.572998553645643227e+00 1.917889700662160873e+10
5.595290547860225949e+00 2.025312781903968811e+10
5.617671710051667766e+00 1.924414967667201614e+10
5.640142396891874021e+00 1.961163822703059006e+10
5.662702966479441713e+00 1.919352133070111084e+10
5.685353778345359821e+00 1.785908165530371475e+10
5.708095193458740724e+00 1.839492360926071930e+10
5.730927574232576482e+00 1.733565780560946274e+10
5.753851284529505783e+00 1.881928205117276382e+10
5.776866689667624399e+00 1.712639637505119324e+10
5.799974156426294769e+00 1.817644840294027710e+10
5.823174053051999977e+00 1.657426610807851791e+10
5.846466749264207508e+00 1.695911713281563187e+10
5.869852616261264977e+00 1.692536859934424782e+10
5.893332026726310069e+00 1.642979668788498497e+10
5.916905354833215114e+00 1.733956898853839493e+10
5.940572976252548543e+00 1.580951563770249176e+10
5.964335268157558545e+00 1.676380377063947678e+10
5.988192609230189589e+00 1.654116556836549377e+10
6.012145379667110490e+00 1.694484757913401222e+10
6.036193961185778889e+00 1.563097753729559708e+10
6.060338737030522616e+00 1.582072421965569496e+10
6.084580091978644134e+00 1.693325352097336769e+10
6.108918412346558746e+00 1.569408285582920265e+10
6.133354085995945226e+00 1.738093318980534363e+10
6.157887502339929320e+00 1.614665108211108017e+10
6.182519052349287669e+00 1.581405870963932419e+10
6.207249128558685491e+00 1.624655376199892235e+10
6.232078125072920471e+00 1.610636188546420479e+10
6.257006437573212843e+00 1.566623551556142998e+10
6.282034463323505236e+00 1.577049474956326103e+10
6.307162601176800720e+00 1.549467936529554176e+10
6.332391251581507063e+00 1.545146875103809929e+10
6.357720816587833390e+00 1.516798467892382431e+10
6.383151699854184180e+00 1.435292104448248482e+10
6.408684306653601226e+00 1.332246034633828926e+10
6.434319043880215361e+00 1.369543831405640411e+10
6.460056320055736379e+00 1.235361865740135193e+10
6.485896545335958052e+00 1.070239743281650352e+10
6.511840131517302233e+00 1.111342547006025696e+10
6.537887492043371829e+00 1.081537919895488167e+10
6.564039042011545533e+00 1.003344814515024185e+10
6.590295198179591196e+00 9.472617156093954086e+09
6.616656378972309405e+00 9.418141256378280640e+09
6.643123004488199257e+00 9.073621079431348801e+09
6.669695496506150789e+00 9.338776591913385391e+09
6.696374278492176479e+00 9.320345455688636780e+09
6.723159775606144528e+00 9.297889664399297714e+09
6.750052414708568094e+00 9.545991430643318176e+09
6.777052624367403411e+00 8.842530713579484940e+09
6.804160834864871887e+00 8.889953995706520081e+09
6.831377478204331055e+00 8.432751480503268242e+09
6.858702988117148180e+00 8.770831198023191452e+09
6.886137800069615622e+00 8.810966537606357574e+09
6.913682351269895499e+00 8.790323900970033646e+09
6.941337080674975013e+00 8.857624719913757324e+09
6.969102428997675069e+00 8.676067711792062759e+09
6.996978838713665994e+00 8.875272336232170105e+09
7.024966754068519670e+00 8.504889324810299873e+09
7.053066621084793653e+00 8.267599023407749176e+09
7.081278887569133929e+00 8.243891131133308411e+09
7.109604003119409654e+00 7.841667159933676720e+09
7.138042419131887861e+00 8.356705972455436707e+09
7.166594588808414379e+00 8.271005056492548943e+09
7.195260967163648047e+00 8.105270359934160233e+09
7.224042011032302923e+00 7.897969281912709236e+09
7.252938179076432235e+00 7.853559677706145287e+09
7.281949931792737196e+00 7.841497087737358093e+09
7.311077731519908696e+00 7.976930497191209793e+09
7.340322042445988515e+00 7.413886991327404022e+09
7.369683330615771411e+00 7.383482151636490822e+09
7.399162063938235612e+00 7.836040554479789734e+09
7.428758712193988423e+00 7.145365929492294312e+09
7.458473747042765112e+00 7.206210011687663078e+09
7.488307642030935796e+00 7.267056743910182953e+09
7.518260872599060285e+00 7.174938069479282379e+09
7.548333916089456253e+00 7.265391930368053436e+09
7.578527251753813587e+00 6.765347903241187096e+09
7.608841360760829176e+00 6.316812032506196022e+09
7.639276726203872769e+00 6.885446443825786591e+09
7.669833833108687493e+00 6.564573634871600151e+09
7.700513168441122325e+00 6.608304539880481720e+09
7.731315221114887670e+00 6.445761915720589638e+09
7.762240481999347352e+00 6.212355583434942245e+09
7.793289443927344351e+00 6.355966889864027977e+09
7.824462601703054077e+00 6.471549065741448402e+09
7.855760452109866065e+00 6.166197454892015457e+09
7.887183493918306532e+00 5.563336752047033310e+09
7.918732227893980458e+00 5.897769443258269310e+09
7.950407156805555431e+00 5.849802736409759521e+09
7.982208785432777454e+00 5.675865660986785889e+09
8.014137620574508958e+00 5.880826232154710770e+09
8.046194171056805899e+00 5.457503991871454239e+09
8.078378947741034821e+00 5.628418482389405251e+09
8.110692463531997021e+00 5.358020404601910591e+09
8.143135233386125549e+00 5.466028076010396957e+09
8.175707774319670662e+00 5.377275125327694893e+09
8.208410605416949224e+00 5.110977018998682022e+09
8.241244247838615422e+00 5.323904303299078941e+09
8.274209224829968790e+00 4.998073727539949417e+09
8.307306061729288871e+00 5.204419699698412895e+09
8.340535285976207192e+00 4.853606959245524406e+09
8.373897427120111203e+00 4.761976316122444153e+09
8.407393016828594412e+00 5.142634675088131905e+09
8.441022588895906509e+00 4.739473655679746628e+09
8.474786679251490540e+00 5.047740783473318100e+09
8.508685825968495209e+00 4.741275264179358482e+09
8.542720569272368891e+00 4.797404671455528259e+09
8.576891451549458978e+00 4.664673495377861023e+09
8.611199017355655627e+00 4.813668966096198082e+09
8.645643813425078150e+00 4.770056194246136665e+09
8.680226388678779159e+00 4.600668137351207733e+09
8.714947294233493125e+00 4.649626869913896561e+09
8.749807083410427566e+00 4.339740396453492165e+09
8.784806311744070229e+00 4.537432578455506325e+09
8.819945536991047774e+00 4.394044142075598717e+09
8.855225319139009343e+00 4.390561143377410889e+09
8.890646220415566958e+00 4.508724989333639145e+09
8.926208805297228821e+00 4.464400475117206573e+09
8.961913640518417878e+00 4.165818872463561535e+09
8.997761295080492161e+00 4.329753204328392029e+09
9.033752340260813085e+00 4.255049492551146507e+09
9.069887349621856387e+00 4.256448979403625965e+09
9.106166899020346150e+00 4.151337062671469688e+09
9.142591566616424359e+00 4.192719089564511776e+09
9.179161932882891506e+00 4.158389087322049141e+09
9.215878580614422333e+00 4.073655670325286388e+09
9.252742094936881045e+00 3.918268272183163643e+09
9.289753063316627646e+00 3.941119231828525543e+09
9.326912075569895322e+00 3.930637696692179680e+09
9.364219723872173162e+00 4.048769897313235283e+09
9.401676602767663482e+00 3.759321084659116745e+09
9.439283309178733816e+00 3.729616850673249722e+09
9.477040442415447075e+00 3.809040142655950546e+09
9.514948604185111236e+00 3.720846512529131413e+09
9.553008398601852136e+00 3.866568048402057648e+09
9.591220432196260859e+00 3.595360139968780994e+09
9.629585313925044687e+00 3.555837378271420956e+09
9.668103655180747324e+00 3.562507097019278049e+09
9.706776069801470896e+00 3.502073652111810207e+09
9.745603174080676112e+00 3.564779527663499832e+09
9.784585586776998412e+00 3.591273178015883446e+09
9.823723929124106746e+00 3.398778215425913811e+09
9.863018824840601440e+00 3.420559591841037750e+09
9.902470900139965337e+00 3.019612136719780922e+09
9.942080783740523842e+00 3.338069000606423855e+09
9.981849106875488431e+00 3.237351116206251621e+09
1.002177650330298952e+01 3.211641952841555595e+09
1.006186360931619994e+01 3.120117133153477192e+09
1.010211106375346723e+01 3.003679227931667805e+09
1.014251950800847979e+01 3.118903817289553642e+09
1.018308958604051284e+01 3.096608816886312008e+09
1.022382194438467451e+01 2.946154465274999142e+09
1.026471723216221399e+01 2.907882429863387108e+09
1.030577610109086173e+01 2.870805912362739563e+09
1.034699920549522467e+01 2.792941626516867638e+09
1.038838720231720458e+01 2.754200261115918636e+09
1.042994075112647501e+01 2.679452748359343529e+09
1.047166051413097954e+01 2.633393738329890728e+09
1.051354715618750468e+01 2.710409930902620316e+09
1.055560134481225454e+01 2.606658739225476265e+09
1.059782375019150358e+01 2.502015831830751896e+09
1.064021504519226902e+01 2.563480512546112537e+09
1.068277590537303823e+01 2.602619049770019054e+09
1.072550700899452991e+01 2.444345364405222893e+09
1.076840903703050856e+01 2.367826408162752151e+09
1.081148267317863088e+01 2.453181216669535637e+09
1.085472860387134553e+01 2.455674152789505959e+09
1.089814751828683015e+01 2.227330637494526863e+09
1.094174010835997635e+01 2.299337060733690262e+09
1.098550706879341909e+01 2.082196157283241510e+09
1.102944909706859100e+01 2.111308612308307648e+09
1.107356689345686540e+01 2.141051060225260973e+09
1.111786116103069233e+01 2.123686826277861595e+09
1.116233260567481622e+01 2.063902182096156597e+09
1.120698193609751492e+01 2.020510900147991180e+09
1.125180986384190440e+01 1.998997723924197674e+09
1.129681710329727373e+01 1.971470942063412428e+09
1.134200437171046083e+01 1.944940916580298662e+09
1.138737238919730466e+01 1.939485854954970837e+09
1.143292187875409383e+01 1.903514500570274115e+09
1.147865356626910938e+01 1.871857878029214621e+09
1.152456818053418530e+01 1.838211638675498962e+09
1.157066645325632237e+01 1.746906117285948038e+09
1.161694911906934635e+01 1.729972164271407604e+09
1.166341691554562487e+01 1.749825618174546480e+09
1.171007058320780736e+01 1.656201400709720135e+09
1.175691086554063958e+01 1.559638772776521921e+09
1.180393850900279951e+01 1.611779351266203642e+09
1.185115426303881137e+01 1.590104812791585445e+09
1.189855888009096674e+01 1.572986156195383310e+09
1.194615311561133097e+01 1.559173459800680876e+09
1.199393772807377623e+01 1.550464969469835281e+09
1.204191347898607134e+01 1.535281962426361084e+09
1.209008113290201614e+01 1.457252035324734211e+09
1.213844145743362368e+01 1.437617399615211248e+09
1.218699522326335938e+01 1.489607557166145563e+09
1.223574320415641381e+01 1.395959908228772163e+09
1.228468617697303777e+01 1.416093946775852680e+09
1.233382492168093059e+01 1.359468206041890621e+09
1.238316022136765504e+01 1.337702024889589071e+09
1.243269286225312520e+01 1.232445404236394644e+09
1.248242363370213859e+01 1.318425761155340195e+09
1.253235332823694748e+01 1.215057305437336206e+09
1.258248274154989410e+01 1.248357016170565605e+09
1.263281267251609385e+01 1.228593379352542400e+09
1.268334392320615756e+01 1.210628317898224354e+09
1.273407729889898299e+01 1.224987783067217588e+09
1.278501360809457665e+01 1.139557527800382614e+09
1.283615366252695544e+01 1.107914424431861877e+09
1.288749827717706253e+01 1.184095906893804073e+09
1.293904827028577031e+01 1.078610082593841314e+09
1.299080446336691352e+01 1.120841234867903233e+09
1.304276768122038099e+01 1.053240913269935966e+09
1.309493875194526424e+01 1.080619400673853397e+09
1.314731850695304693e+01 1.036426329705454946e+09
1.319990778098085649e+01 1.029205944489204764e+09
1.325270741210477965e+01 9.661759875485101938e+08
1.330571824175319939e+01 9.477681272748821974e+08
1.335894111472021173e+01 9.828974907445254326e+08
1.341237687917909227e+01 9.719150880719410181e+08
1.346602638669580898e+01 8.937461070612775087e+08
1.351989049224258999e+01 9.441110050358357430e+08
1.357397005421156067e+01 8.993152390467741489e+08
1.362826593442840917e+01 8.946265219808907509e+08
1.368277899816612297e+01 8.854441131736239195e+08
1.373751011415878942e+01 8.297040034900101423e+08
1.379246015461542463e+01 8.790352158226560354e+08
1.384762999523388416e+01 7.899750810467544794e+08
1.390302051521481808e+01 8.532959001109058857e+08
1.395863259727567751e+01 8.251273113092368841e+08
1.401446712766477987e+01 7.666407461124833822e+08
1.407052499617543972e+01 8.264236542211704254e+08
1.412680709616014063e+01 7.554143507867754698e+08
1.418331432454478147e+01 7.188657709107307196e+08
1.424004758184296193e+01 7.411627800499463081e+08
1.429700777217033369e+01 7.710069724115954638e+08
1.435419580325901379e+01 6.993899514041804075e+08
1.441161258647204946e+01 6.962075940749090910e+08
1.446925903681793812e+01 6.625175126246306896e+08
1.452713607296521126e+01 6.813031042252095938e+08
1.458524461725707155e+01 6.751626423700220585e+08
1.464358559572609764e+01 6.443416611156582832e+08
1.470215993810900557e+01 6.407645205481530428e+08
1.476096857786143879e+01 6.738791904617575407e+08
1.482001245217288599e+01 6.296237843744599819e+08
1.487929250198157760e+01 5.885499336002949476e+08
1.493880967198950316e+01 5.712506901196008921e+08
1.499856491067746056e+01 5.961370323488860130e+08
1.505855917032016933e+01 5.973378858271030188e+08
1.511879340700144958e+01 5.777865818187446594e+08
1.517926858062945605e+01 5.539025140414326191e+08
1.523998565495197433e+01 5.837949244148879051e+08
1.530094559757178274e+01 5.630190478285701275e+08
1.536214937996206764e+01 5.468096195127146244e+08
1.542359797748191674e+01 5.261226116573623419e+08
1.548529236939184450e+01 5.337395660966705084e+08
1.554723353886941339e+01 4.970988914230599999e+08
1.560942247302489072e+01 5.227839722667837739e+08
1.567186016291699069e+01 5.175612239213391542e+08
1.573454760356865556e+01 4.816334707708452940e+08
1.579748579398293096e+01 4.973379849142300487e+08
1.586067573715886247e+01 4.840749028425360322e+08
1.592411844010749888e+01 5.117635818104881644e+08
1.598781491386792730e+01 4.354102703024655581e+08
1.605176617352340074e+01 4.610425055897216797e+08
1.611597323821749228e+01 4.360756087917073965e+08
1.618043713117036120e+01 4.616821588210434318e+08
1.624515887969504391e+01 4.129084523974668980e+08
1.631013951521382310e+01 4.442341570168402195e+08
1.637538007327468037e+01 4.425156938529651165e+08
1.644088159356778078e+01 4.313187912166924477e+08
1.650664511994205341e+01 4.069012585761417150e+08
1.657267170042182158e+01 4.005659574699808955e+08
1.663896238722350418e+01 3.665791061980168819e+08
1.670551823677240222e+01 3.993770957976378798e+08
1.677234030971949608e+01 4.147479342499049306e+08
1.683942967095837062e+01 3.914740022844905257e+08
1.690678738964220429e+01 3.752248159108062387e+08
1.697441453920077237e+01 3.751253073039963245e+08
1.704231219735757108e+01 4.099296640985801816e+08
1.711048144614700561e+01 3.315930262615591288e+08
1.717892337193159236e+01 3.663242008092605472e+08
1.724763906541932101e+01 3.365995578622227907e+08
1.731662962168099895e+01 3.370509283567816019e+08
1.738589614016772344e+01 3.148592079905862212e+08
1.745543972472839300e+01 3.446728970968896151e+08
1.752526148362730751e+01 3.313232819956990480e+08
1.759536252956181812e+01 3.152449927588805556e+08
1.766574397968006238e+01 3.114311854883009791e+08
1.773640695559878466e+01 3.088306146491599083e+08
1.780735258342117433e+01 3.068872826254371405e+08
1.787858199375486024e+01 3.203120376525061131e+08
1.795009632172988034e+01 2.873005488636236191e+08
1.802189670701679702e+01 3.101669995251798034e+08
1.809398429384486562e+01 2.962806517316291332e+08
1.816636023102024211e+01 2.590806028766880333e+08
1.823902567194432578e+01 2.913385773730519414e+08
1.831198177463210186e+01 2.905055103076573014e+08
1.838522970173062987e+01 2.766856079821442962e+08
1.845877062053754969e+01 2.718289896153450012e+08
1.853260570301970134e+01 2.449137067758994699e+08
1.860673612583178027e+01 2.349084293000814915e+08
1.868116307033510637e+01 2.539039654674646854e+08
1.875588772261644976e+01 2.444164680089550912e+08
1.883091127350691352e+01 2.677444127120453417e+08
1.890623491860094063e+01 2.437808980242121220e+08
1.898185985827534594e+01 2.310616544989797473e+08
1.905778729770844748e+01 2.547080402613093555e+08
1.913401844689928311e+01 2.478296880447292626e+08
1.921055452068688041e+01 2.169735628250894845e+08
1.928739673876962968e+01 2.222391263257857263e+08
1.936454632572470658e+01 2.292227502500666976e+08
1.944200451102760141e+01 1.934978820344537497e+08
1.951977252907171589e+01 2.315453252255179286e+08
1.959785161918800256e+01 2.035956760504288077e+08
1.967624302566475691e+01 2.076027240313986242e+08
1.991079942767366973e+01 2.013329300730166733e+08
