# Wavelength (micrometer), Flux (W / m2 / m)
1.000553076518779783e-01 3.775421009494099731e+11
1.004555288824854897e-01 6.227406251100525495e-08
1.008573509980154326e-01 1.119864701646112633e-07
1.012607804020075053e-01 1.018480002436891818e-07
1.016658235236155422e-01 1.908477085497443565e-07
1.020724868177099870e-01 2.634152754776897907e-05
1.024807767649808382e-01 4.050981661164224566e-06
1.028906998720407612e-01 4.212323613303897097e-07
1.033022626715289355e-01 3.305840735892758995e-05
1.037154717222150413e-01 5.180921679327935790e-07
1.041303336091038839e-01 3.851590208705783799e-07
1.045468549435403099e-01 2.874378401255138034e-06
1.049650423633144702e-01 2.122492919006004560e-07
1.053849025327677214e-01 5.543875026147072255e-06
1.058064421428987906e-01 4.014238230322572927e-07
1.062296679114703990e-01 6.288848610150226987e-06
1.066545865831162732e-01 5.266067866187329356e-06
1.070812049294487533e-01 1.494233963854716472e-06
1.075095297491665408e-01 6.254629476366483200e-05
1.079395678681632220e-01 1.764777617415113949e-06
1.083713261396358624e-01 3.228092379814013281e-05
1.088048114441943909e-01 1.337797113371940612e-05
1.092400306899711654e-01 1.892922632969144337e-03
1.096769908127310511e-01 2.249843987802245871e-05
1.101156987759819850e-01 3.093633505470907844e-05
1.105561615710859147e-01 9.955278410826373051e-04
1.109983862173702651e-01 2.579744952948806371e-04
1.114423797622397516e-01 7.172962780471835826e-05
1.118881492812886930e-01 2.086471599964678463e-05
1.123357018784138517e-01 1.017530480296882720e-04
1.127850446859275102e-01 2.381791672340152072e-02
1.132361848646712132e-01 2.031658688083995065e-02
1.136891296041298988e-01 1.041878415551420779e-02
1.141438861225464035e-01 1.062647795168930771e-02
1.146004616670366072e-01 6.724988139843206779e-03
1.150588635137047705e-01 7.379227974071775852e-03
1.155190989677595953e-01 3.994765320412652955e-03
1.159811753636306314e-01 1.161419266365618097e-02
1.164451000650851553e-01 2.754845219762350802e-03
1.169108804653455069e-01 3.002924034415343536e-03
1.173785239872068981e-01 1.679571375120955321e-02
1.178480380831557206e-01 6.888386429126121258e-02
1.183194302354883543e-01 2.896431358497886244e-02
1.187927079564302935e-01 1.425784084248193397e-02
1.192678787882560099e-01 3.614766373082101830e-02
1.197449503034090645e-01 7.070786055772526613e-02
1.202239301046226783e-01 6.176714769965375128e-03
1.207048258250411760e-01 5.636676213964770393e-02
1.211876451283413342e-01 2.794452166524287115e-02
1.216723957088547137e-01 3.253421503166444018e-02
1.221590852916901310e-01 8.460131386207803139e-02
1.226477216328568792e-01 1.912418807035656532e-01
1.231383125193883099e-01 2.893799798853955926e-02
1.236308657694658586e-01 5.293688342379741785e-02
1.241253892325437369e-01 2.815783556233337689e-02
1.246218907894739159e-01 1.127914091367937001e-02
1.251203783526317892e-01 1.934148559136105588e-02
1.256208598660423226e-01 2.229901217775892910e-02
1.261233433055065078e-01 2.329385059950942957e-02
1.266278366787285392e-01 5.603136281121101105e-03
1.271343480254434610e-01 1.048019838001686826e-01
1.276428854175452321e-01 5.382270132960151332e-02
1.281534569592154005e-01 6.441139750228930434e-03
1.286660707870522780e-01 1.313305610755732128e-02
1.291807350702004475e-01 2.314695929347295733e-01
1.296974580104812425e-01 1.097024740240091223e-01
1.302162478425231973e-01 3.143089455337709504e-02
1.307371128338932764e-01 6.362701082574255540e-02
1.312600612852288795e-01 7.248875971370079274e-02
1.317851015303697915e-01 1.047508748037239146e-01
1.323122419364912705e-01 2.648393095522439955e-01
1.328414909042372472e-01 1.566211629043882392e-01
1.333728568678542170e-01 1.479419021261425826e-01
1.339063482953256612e-01 9.825704928356547574e-02
1.344419736885069383e-01 1.435017015452646760e-01
1.349797415832609815e-01 4.852406360586904999e-01
1.355196605495940232e-01 3.938167138600134898e-01
1.360617391917924301e-01 8.423962403146212363e-01
1.366059861485595939e-01 3.212932348315320485e-01
1.371524100931538481e-01 1.921780303955475944e-01
1.377010197335264696e-01 4.850975236852612116e-01
1.382518238124605670e-01 1.290923518019734262e+00
1.388048311077104136e-01 1.172519306861386390e+00
1.393600504321412248e-01 6.739964976117972517e-01
1.399174906338697677e-01 4.487619517627151056e-01
1.404771605964052761e-01 2.690962087527050794e+00
1.410390692387908651e-01 1.286748529621062787e+00
1.416032255157460562e-01 5.894661118092575869e+00
1.421696384178090522e-01 4.660984925268035761e-01
1.427383169714803168e-01 2.484942920940680366e+00
1.433092702393662099e-01 3.489720828118333884e+01
1.438825073203236771e-01 7.404760185622421886e+00
1.444580373496049674e-01 2.330189169281054617e+01
1.450358694990033503e-01 9.509968875387778908e+00
1.456160129769993872e-01 4.432114043817337290e+01
1.461984770289073976e-01 3.460985865704066811e+01
1.467832709370230082e-01 1.789669715131463335e+01
1.473704040207710897e-01 4.313378740499405239e+01
1.479598856368541382e-01 5.570799014937924731e+00
1.485517251794015725e-01 3.175169647725353883e+01
1.491459320801191979e-01 8.101411244537044354e+01
1.497425158084396690e-01 2.904760474952295368e+01
1.503414858716734248e-01 2.522599107527666717e+02
1.509428518151600951e-01 6.575426283792852189e+01
1.515466232224207677e-01 1.721932298961749908e+01
1.521528097153104220e-01 8.214689610839126033e+01
1.527614209541716672e-01 1.386336151096113056e+01
1.533724666379883694e-01 8.612560244556050293e+00
1.539859565045403056e-01 1.737385611245930761e+01
1.546019003305584838e-01 3.393608718984959527e+00
1.552203079318807133e-01 4.120435249201326755e+00
1.558411891636082569e-01 3.493952174485554618e+00
1.564645539202626778e-01 3.460975231300549293e+00
1.570904121359437411e-01 2.712806430960224002e+00
1.577187737844875093e-01 2.679003411564220283e+00
1.583496488796254653e-01 3.080434930459096776e+00
1.589830474751439959e-01 4.129810279510928162e+00
1.596189796650445414e-01 6.415977856394818879e+00
1.602574555837047166e-01 7.765834767161144292e+00
1.608984854060395708e-01 7.599777554420168890e+00
1.615420793476636807e-01 7.391698146627010857e+00
1.621882476650543525e-01 8.450349559907859742e+00
1.628370006557145755e-01 1.036159426988645471e+01
1.634883486583374457e-01 1.218158938718551632e+01
1.641423020529707844e-01 1.528096483110633486e+01
1.647988712611826723e-01 1.712738537323431132e+01
1.654580667462274002e-01 2.517029982585425074e+01
1.661198990132123077e-01 2.497293019769212208e+01
1.667843786092651215e-01 2.862019073526677460e+01
1.674515161237022098e-01 3.415486282246043714e+01
1.681213221881969755e-01 3.918737212332079167e+01
1.687938074769497754e-01 4.764184463031443784e+01
1.694689827068575905e-01 6.034333529732123225e+01
1.701468586376850278e-01 6.809417994025989174e+01
1.708274460722357391e-01 7.945152791164484540e+01
1.715107558565246715e-01 8.466294249833380547e+01
1.721967988799507909e-01 1.057699724643626809e+02
1.728855860754705820e-01 1.110412340531554065e+02
1.735771284197724640e-01 1.235641808831868929e+02
1.742714369334515678e-01 1.327375034220828525e+02
1.749685226811853456e-01 1.731950841456429373e+02
1.756683967719100681e-01 1.867258912150739434e+02
1.763710703589977391e-01 2.521343765779686521e+02
1.770765546404337309e-01 2.889428127803590201e+02
1.777848608589954471e-01 2.571883536697160366e+02
1.784960003024314568e-01 3.739055339299914067e+02
1.792099843036411844e-01 3.810843005440790989e+02
1.799268242408557650e-01 4.322685728778268981e+02
1.806465315378191772e-01 6.197607327741571908e+02
1.813691176639704306e-01 4.544832516961450892e+02
1.820945941346263086e-01 6.379406208631451136e+02
1.828229725111648329e-01 1.002017938200797403e+03
1.835542644012094771e-01 5.773424882972462910e+02
1.842884814588143239e-01 8.687024046024209838e+02
1.850256353846495561e-01 1.610354828534959779e+03
1.857657379261881403e-01 8.741042075763779167e+02
1.865088008778928996e-01 1.920229079788927947e+03
1.872548360814044743e-01 1.570859844204750289e+03
1.880038554257300876e-01 1.167657059415098047e+03
1.887558708474330049e-01 2.477345334759290381e+03
1.895108943308226879e-01 1.816079536804079453e+03
1.902689379081460019e-01 1.695587089527872877e+03
1.910300136597785636e-01 4.252345017271534743e+03
1.917941337144176972e-01 2.758906762516734943e+03
1.925613102492753359e-01 3.444642387191272064e+03
1.933315554902724498e-01 6.836821655997128801e+03
1.941048817122335568e-01 5.013524631315049191e+03
1.948813012390824828e-01 5.436072702826531895e+03
1.956608264440388156e-01 1.268994033250605571e+04
1.964434697498149418e-01 6.007491278004930791e+03
1.972292436288141937e-01 9.521539584072266734e+03
1.980181606033294406e-01 1.637084048034018633e+04
1.988102332457427346e-01 1.127753506561823633e+04
1.996054741787257336e-01 1.104415882289842011e+04
2.004038960754406518e-01 1.387999698314324814e+04
2.012055116597424309e-01 1.506252553306148548e+04
2.020103337063813842e-01 1.712937371479257490e+04
2.028183750412069219e-01 1.987942347416121993e+04
2.036296485413717494e-01 1.528564326188399173e+04
2.044441671355372303e-01 1.460023854943845436e+04
2.052619438040793887e-01 1.932827497519294047e+04
2.060829915792957157e-01 1.758576631199629628e+04
2.069073235456129201e-01 1.748930509254767821e+04
2.077349528397953449e-01 1.921942689922536738e+04
2.085658926511545219e-01 2.277191488819171354e+04
2.094001562217591150e-01 2.340077915446137195e+04
2.102377568466461677e-01 2.550941459211271649e+04
2.110787078740327671e-01 2.269166740891699010e+04
2.119230227055288740e-01 2.640221560404309275e+04
2.127707147963510126e-01 2.896212066104527912e+04
2.136217976555363773e-01 3.406505504578349064e+04
2.144762848461585492e-01 3.192736645120164394e+04
2.153341899855431840e-01 3.917801716078666504e+04
2.161955267454853669e-01 4.810329139292484615e+04
2.170603088524672986e-01 5.347935021833208157e+04
2.179285500878772042e-01 5.559149237489956431e+04
2.188002642882286852e-01 6.363039176140504424e+04
2.196754653453815986e-01 7.368174374048627215e+04
2.205541672067631020e-01 7.561658240661567834e+04
2.214363838755901703e-01 1.107156797320854675e+05
2.223221294110925284e-01 1.105138943491099199e+05
2.232114179287369160e-01 1.639866518480121158e+05
2.241042636004518529e-01 1.372561908254469745e+05
2.250006806548536520e-01 2.235506155618899793e+05
2.259006833774730438e-01 2.173168809706747124e+05
2.268042861109829667e-01 2.555707781022987328e+05
2.277115032554268836e-01 2.795528146775438800e+05
2.286223492684485714e-01 2.874802895568225649e+05
2.295368386655223802e-01 5.302266100820197025e+05
2.304549860201844658e-01 3.461926878622186487e+05
2.313768059642651864e-01 5.185991978712835698e+05
2.323023131881222503e-01 4.532332298112850403e+05
2.332315224408747223e-01 6.586166767745715333e+05
2.341644485306381973e-01 8.053098300503233913e+05
2.351011063247607502e-01 4.352617777245958569e+05
2.360415107500598020e-01 8.960361486275376519e+05
2.369856767930600405e-01 4.465570724301267765e+05
2.379336195002322851e-01 1.031359090334206703e+06
2.388853539782332114e-01 8.888512522907879902e+05
2.398408953941461863e-01 2.057269841545091011e+06
2.408002589757227141e-01 2.500399962458943482e+06
2.417634600116256582e-01 1.172082634528984549e+06
2.427305138516721306e-01 3.747067742242840119e+06
2.437014359070788505e-01 2.920392419947761111e+06
2.446762416507071713e-01 7.519177277951923199e+06
2.456549466173099938e-01 3.611658255672440398e+06
2.466375664037792625e-01 5.164760982394213788e+06
2.476241166693943785e-01 7.455976735761747696e+06
2.486146131360719436e-01 1.787567703124552965e+06
2.496090715886161993e-01 6.499933898626535200e+06
2.506075078749706586e-01 4.761067719121527858e+06
2.516099379064705155e-01 7.320081186929960735e+06
2.526163776580964138e-01 1.477938720801207051e+07
2.536268431687287994e-01 4.703632171847554296e+07
2.546413505414037437e-01 6.173577065336101502e+07
2.556599159435693491e-01 2.412081658907955140e+07
2.566825556073435988e-01 1.730804469975681975e+07
2.577092858297729827e-01 2.072173963696422055e+07
2.587401229730920682e-01 1.413078024865750596e+07
2.597750834649844576e-01 2.531531723533177748e+07
2.608141837988444123e-01 2.494828207386427373e+07
2.618574405340398092e-01 5.842783221140751243e+07
2.629048702961759298e-01 1.289423931995989680e+08
2.639564897773606367e-01 1.285839216220689416e+08
2.650123157364701054e-01 1.235137978666647673e+08
2.660723649994159445e-01 1.000607696614412814e+08
2.671366544594135917e-01 1.001555347310988903e+08
2.682052010772512096e-01 1.275256614231194109e+08
2.692780218815602478e-01 8.929424616859136522e+07
2.703551339690865030e-01 1.678924200326256454e+08
2.714365545049627904e-01 1.506431514649965167e+08
2.725223007229827243e-01 1.493178065260111392e+08
2.736123899258746106e-01 1.916714850216732025e+08
2.747068394855781692e-01 2.742256950787639618e+08
2.758056668435204806e-01 3.240954869097841978e+08
2.769088895108945403e-01 6.346546352332717180e+08
2.780165250689380918e-01 5.266470259156478047e+08
2.791285911692138466e-01 7.147679656221636534e+08
2.802451055338907038e-01 6.513852495432043076e+08
2.813660859560263017e-01 6.197863678341667652e+08
2.824915502998503469e-01 5.743085349722312689e+08
2.836215165010497197e-01 5.473812438720699549e+08
2.847560025670539119e-01 1.843558319810197651e+08
2.858950265773221866e-01 3.447773362825217247e+08
2.870386066836315142e-01 8.265689745826976299e+08
2.881867611103660631e-01 1.441271184455707073e+09
2.893395081548075787e-01 2.101446452875199318e+09
2.904968661874267610e-01 2.456951412045147419e+09
2.916588536521764197e-01 2.994040203824450493e+09
2.928254890667851273e-01 2.790503133747423649e+09
2.939967910230522619e-01 3.030112640090968132e+09
2.951727781871444911e-01 2.689411508775842190e+09
2.963534692998930908e-01 3.179263534369611263e+09
2.975388831770926501e-01 3.348141621265530586e+09
2.987290387098009981e-01 4.610993799786108971e+09
2.999239548646402409e-01 3.499011593168248177e+09
3.011236506840988536e-01 7.065648393637779236e+09
3.023281452868351593e-01 3.596719518787686348e+09
3.035374578679824742e-01 9.632118444528877258e+09
3.047516076994544187e-01 8.651065900786064148e+09
3.059706141302522830e-01 1.004693563782719612e+10
3.071944965867733357e-01 1.339752899358224106e+10
3.084232745731204095e-01 1.635638824819299507e+10
3.096569676714128194e-01 1.536763125928067207e+10
3.108955955420985018e-01 2.028125043594089127e+10
3.121391779242668751e-01 2.228514267965150452e+10
3.133877346359639215e-01 2.647086122814450073e+10
3.146412855745078230e-01 3.268718905405934525e+10
3.158998507168058190e-01 3.169229289437444687e+10
3.171634501196730627e-01 4.758551697006858063e+10
3.184321039201517545e-01 3.973696995019235229e+10
3.197058323358323295e-01 4.210038061567381287e+10
3.209846556651756444e-01 4.964831093821534729e+10
3.222685942878363852e-01 5.723640405149611664e+10
3.235576686649877520e-01 5.822265675226906586e+10
3.248518993396476984e-01 6.920400889100032043e+10
3.261513069370062801e-01 7.560243822007270813e+10
3.274559121647543369e-01 8.515049415852253723e+10
3.287657358134133401e-01 9.324926984214176941e+10
3.300807987566670154e-01 1.011558908721888123e+11
3.314011219516936890e-01 1.246090526334496155e+11
3.327267264395004642e-01 1.271502786519277649e+11
3.340576333452584534e-01 1.539811657616308594e+11
3.353938638786395088e-01 1.481209563748899536e+11
3.367354393341540630e-01 1.617335010730742798e+11
3.380823810914907468e-01 1.724074987637066040e+11
3.394347106158566718e-01 1.796736485324950867e+11
3.407924494583201014e-01 1.857692773782546082e+11
3.421556192561533982e-01 1.769282356252236328e+11
3.435242417331779707e-01 1.266279751615738678e+11
3.448983387001106626e-01 1.505181884755581055e+11
3.462779320549111417e-01 1.723429673507310486e+11
3.476630437831307319e-01 1.520275832910605164e+11
3.490536959582632992e-01 1.675415112886425171e+11
3.504499107420963600e-01 2.714470672477951965e+11
3.518517103850647421e-01 2.456804934941722717e+11
3.532591172266050239e-01 2.963593938948754272e+11
3.546721536955114717e-01 3.658965339891953125e+11
3.560908423102934761e-01 2.198652922549582520e+11
3.575152056795346533e-01 1.580218351384560242e+11
3.589452665022527800e-01 2.525743111608143311e+11
3.603810475682617254e-01 3.266873416999442749e+11
3.618225717585348278e-01 2.820465073181188354e+11
3.632698620455689364e-01 3.050826156173883667e+11
3.647229414937512293e-01 3.063536472535062866e+11
3.661818332597261971e-01 5.225200888102377930e+11
3.676465605927651259e-01 3.741653246078504639e+11
3.691171468351361895e-01 4.216320055230410767e+11
3.705936154224767076e-01 2.707647104300590820e+11
3.720759898841666247e-01 1.379625230448014221e+11
3.735642938437032656e-01 1.311181369799870300e+11
3.750585510190780902e-01 1.518039418148359680e+11
3.765587852231543908e-01 3.194834963436668091e+11
3.780650203640470441e-01 6.158257443153006592e+11
3.795772804455032068e-01 4.066740204328266602e+11
3.810955895672852312e-01 4.626714419521863403e+11
3.826199719255543585e-01 1.952581408121970520e+11
3.841504518132565771e-01 3.315648980143362427e+11
3.856870536205096456e-01 2.110018506048912659e+11
3.872298018349916715e-01 3.632342905139117432e+11
3.887787210423316320e-01 3.411995730142512207e+11
3.903338359265008939e-01 4.223432435527482910e+11
3.918951712702069545e-01 4.571139138847410278e+11
3.934627519552877928e-01 2.774360973370010376e+11
3.950366029631089404e-01 6.370081333693468018e+11
3.966167493749613859e-01 4.842787381809910278e+11
3.982032163724612550e-01 7.969551370769902344e+11
3.997960292379510450e-01 9.450610937957589111e+11
4.013952133549028578e-01 1.071017751376633911e+12
4.030007942083224659e-01 1.247425837062226807e+12
4.046127973851557647e-01 9.653815629322097168e+11
4.062312485746963908e-01 9.670737086373223877e+11
4.078561735689951728e-01 1.095330328416930420e+12
4.094875982632711353e-01 1.167160473934615479e+12
4.111255486563242245e-01 1.335911409484353271e+12
4.127700508509495880e-01 1.192294494082029541e+12
4.144211310543532978e-01 1.087936906561818359e+12
4.160788155785707931e-01 1.227228182132655762e+12
4.177431308408850463e-01 9.749198882457639160e+11
4.194141033642486138e-01 7.408775158829139404e+11
4.210917597777056320e-01 4.347161254491534424e+11
4.227761268168164221e-01 1.199151039737084503e+11
4.244672313240837602e-01 4.608574732973423462e+11
4.261651002493800910e-01 7.427622159149215088e+11
4.278697606503775730e-01 8.631679039838424072e+11
4.295812396929790666e-01 7.783522219145587158e+11
4.312995646517510107e-01 8.891270518649827881e+11
4.330247629103580187e-01 1.104257073761053955e+12
4.347568619619994745e-01 1.297408019040994629e+12
4.364958894098474596e-01 1.206663470582762695e+12
4.382418729674867897e-01 9.657385725008016357e+11
4.399948404593567730e-01 1.097023328007442505e+12
4.417548198211941890e-01 1.225010540964300537e+12
4.435218391004789873e-01 9.820922399227042236e+11
4.452959264568808750e-01 1.003888592923191406e+12
4.470771101627084021e-01 1.141360454742246094e+12
4.488654186033592119e-01 1.191878545930739990e+12
4.506608802777726241e-01 1.250507949269483643e+12
4.524635237988837710e-01 1.234714859677801758e+12
4.542733778940792333e-01 1.258123981958181641e+12
4.560904714056555065e-01 1.281888307455327148e+12
4.579148332912781894e-01 1.370897726786536133e+12
4.597464926244433370e-01 1.046756250984524292e+12
4.615854785949410899e-01 1.352522139111687988e+12
4.634318205093208576e-01 1.039704407064582642e+12
4.652855477913582227e-01 1.224877080396856689e+12
4.671466899825236219e-01 1.235565545301573730e+12
4.690152767424536906e-01 1.302857238575310547e+12
4.708913378494234969e-01 1.462165341960477051e+12
4.727749032008212171e-01 1.379820765355043457e+12
4.746660028136244769e-01 1.546689630285394531e+12
4.765646668248789131e-01 1.106964603285978760e+12
4.784709254921784560e-01 9.512183898791063232e+11
4.803848091941470555e-01 1.140156506160814697e+12
4.823063484309236815e-01 1.198145808616776123e+12
4.842355738246474361e-01 1.378079398493095703e+12
4.861725161199459966e-01 1.355771403908145996e+12
4.881172061844257226e-01 1.619588727629436035e+12
4.900696750091634302e-01 1.567103102166649658e+12
4.920299537092001074e-01 1.834836322077346680e+12
4.939980735240369625e-01 2.110614983926202637e+12
4.959740658181330253e-01 1.457361234075245117e+12
4.979579620814056362e-01 1.758890307099811768e+12
4.999497939297311566e-01 1.570258993776758301e+12
5.019495931054501758e-01 1.454726602327847656e+12
5.039573914778719965e-01 1.742583179750967773e+12
5.059732210437835054e-01 1.383579652097115723e+12
5.079971139279585435e-01 1.483987047435952637e+12
5.100291023836703852e-01 1.398556476739140625e+12
5.120692187932051054e-01 1.375215947514969971e+12
5.141174956683780550e-01 1.419638524142042725e+12
5.161739656510514473e-01 1.198708402259392334e+12
5.182386615136556074e-01 8.978137807470335693e+11
5.203116161597103329e-01 1.293948365648744873e+12
5.223928626243490303e-01 1.883566524949604492e+12
5.244824340748465152e-01 1.744327491457318604e+12
5.265803638111459239e-01 1.550053733126553223e+12
5.286866852663905103e-01 1.736268590039184082e+12
5.308014320074561088e-01 1.776426821348472656e+12
5.329246377354859288e-01 1.573636896785273682e+12
5.350563362864277916e-01 1.686023599170224121e+12
5.371965616315735881e-01 1.457379421364088379e+12
5.393453478780998456e-01 1.522488819828017578e+12
5.415027292696121819e-01 1.509911935493518555e+12
5.436687401866906466e-01 1.407290888331823975e+12
5.458434151474373941e-01 1.091013484901366211e+12
5.480267888080271321e-01 1.301355920691505615e+12
5.502188959632591247e-01 1.229703346994131836e+12
5.524197715471121928e-01 1.317094939445300049e+12
5.546294506333006025e-01 1.429065458376590576e+12
5.568479684358338400e-01 1.388621365863767090e+12
5.590753603095770519e-01 1.234958300379698975e+12
5.613116617508153716e-01 1.030056203371195557e+12
5.635569083978186899e-01 8.654215238384929199e+11
5.658111360314097560e-01 1.009698881488449463e+12
5.680743805755354980e-01 9.178454976059045410e+11
5.703466780978375672e-01 1.047875155285985474e+12
5.726280648102289872e-01 1.092250671412083496e+12
5.749185770694699160e-01 1.216869291803460449e+12
5.772182513777477375e-01 1.135658052510112793e+12
5.795271243832587071e-01 1.338161900912468994e+12
5.818452328807918184e-01 1.357812342096013916e+12
5.841726138123150003e-01 1.312925992475655273e+12
5.865093042675643131e-01 1.006331580902029907e+12
5.888553414846344758e-01 5.655693461543433838e+11
5.912107628505729462e-01 6.827745165699638672e+11
5.935756059019753339e-01 7.893608170990609131e+11
5.959499083255832552e-01 7.592694182914848633e+11
5.983337079588855190e-01 8.774670144333010254e+11
6.007270427907210886e-01 9.670473975508422852e+11
6.031299509618840426e-01 1.116621034474867920e+12
6.055424707657315331e-01 1.316064264844344238e+12
6.079646406487945187e-01 1.503462827760918701e+12
6.103964992113897203e-01 1.699137817092504883e+12
6.128380852082353503e-01 1.860491117353309814e+12
6.152894375490681744e-01 1.643332961460061768e+12
6.177505952992645710e-01 1.135608613660800537e+12
6.202215976804615893e-01 9.609926113357507324e+11
6.227024840711834486e-01 7.304672644223543701e+11
6.251932940074681477e-01 8.832670180891652832e+11
6.276940671834980723e-01 9.966580364573138428e+11
6.302048434522321552e-01 1.212077142131317383e+12
6.327256628260409244e-01 1.470969729936643799e+12
6.352565654773452142e-01 1.623366932430625732e+12
6.377975917392545435e-01 1.592883235026346191e+12
6.403487821062116003e-01 1.997323909060512207e+12
6.429101772346363930e-01 2.161512161550008789e+12
6.454818179435749537e-01 2.373616184552924805e+12
6.480637452153492628e-01 2.475972139695954102e+12
6.506560001962106154e-01 2.578245176862220215e+12
6.532586241969955410e-01 2.850328149008671387e+12
6.558716586937833881e-01 2.343887539708437012e+12
6.584951453285585732e-01 2.188905811520727051e+12
6.611291259098727169e-01 1.976531561069301758e+12
6.637736424135122215e-01 1.711045972612109619e+12
6.664287369831662922e-01 1.572634527698078125e+12
6.690944519310989547e-01 1.452833383799479980e+12
6.717708297388232941e-01 1.441698858413812012e+12
6.744579130577786907e-01 1.490777828553668945e+12
6.771557447100098326e-01 1.735827071619462158e+12
6.798643676888498355e-01 1.664142377021200195e+12
6.825838251596052508e-01 1.751314657453297119e+12
6.853141604602436265e-01 1.670414147828835205e+12
6.880554171020846210e-01 1.652049926404880371e+12
6.908076387704928933e-01 1.822935824245570801e+12
6.935708693255748791e-01 2.222129270903499023e+12
6.963451528028771209e-01 2.618188015297673828e+12
6.991305334140887062e-01 2.882796850366039551e+12
7.019270555477450380e-01 3.106821003515780273e+12
7.047347637699360456e-01 3.752375564373704590e+12
7.075537028250157290e-01 3.225210055271968750e+12
7.103839176363159202e-01 2.761980691081008301e+12
7.132254533068611568e-01 2.456966452526913086e+12
7.160783551200886610e-01 2.617435197621834473e+12
7.189426685405689854e-01 2.775948885420759766e+12
7.218184392147313222e-01 2.700722089736452637e+12
7.247057129715901436e-01 3.074016811009336914e+12
7.276045358234763949e-01 3.343762802032870117e+12
7.305149539667704639e-01 3.770976215300041504e+12
7.334370137826373703e-01 4.182512547104540527e+12
7.363707618377679509e-01 4.447501081403911133e+12
7.393162448851190449e-01 4.734617635668556641e+12
7.422735098646596752e-01 4.839577169818535156e+12
7.452426039041182282e-01 4.832311958523274414e+12
7.482235743197346300e-01 4.990064039644333008e+12
7.512164686170136330e-01 5.030612816046538086e+12
7.542213344914817652e-01 5.180260462474242188e+12
7.572382198294477229e-01 5.186297753716216797e+12
7.602671727087656484e-01 4.698454738813628906e+12
7.633082413996006288e-01 4.552573197643896484e+12
7.663614743651989691e-01 3.944138380007116699e+12
7.694269202626597970e-01 3.800516201602089355e+12
7.725046279437104424e-01 3.864670426478604004e+12
7.755946464554852593e-01 3.718806594109698242e+12
7.786970250413072225e-01 3.752689616148157227e+12
7.818118131414724115e-01 4.009108938765527344e+12
7.849390603940383793e-01 3.633423090844504883e+12
7.880788166356144098e-01 3.957055585247863281e+12
7.912311319021569922e-01 3.856990774315760254e+12
7.943960564297655180e-01 4.124959762465822266e+12
7.975736406554845281e-01 4.275311579780323242e+12
8.007639352181065151e-01 4.496730726887518555e+12
8.039669909589789443e-01 4.763534975246224609e+12
8.071828589228148276e-01 5.068227981593758789e+12
8.104115903585061842e-01 5.288128630178084961e+12
8.136532367199402760e-01 5.596840360346248047e+12
8.169078496668199518e-01 5.638625883010249023e+12
8.201754810654874328e-01 4.927943516873152344e+12
8.234561829897493190e-01 5.322153405074467773e+12
8.267500077217083687e-01 5.286358468782149414e+12
8.300570077525952772e-01 4.910345902995434570e+12
8.333772357836056743e-01 5.111555358808904297e+12
8.367107447267401188e-01 4.941806961986664062e+12
8.400575877056470908e-01 5.052585255201290039e+12
8.434178180564695371e-01 4.548965039715799805e+12
8.467914893286955236e-01 3.880854633548958984e+12
8.501786552860102208e-01 4.057186389152694336e+12
8.535793699071543283e-01 4.123871196112023926e+12
8.569936873867830540e-01 4.440196937803165039e+12
8.604216621363300899e-01 4.697428917609504883e+12
8.638633487848753623e-01 4.999002847609780273e+12
8.673188021800150027e-01 5.052766659602130859e+12
8.707880773887352044e-01 5.243908857897387695e+12
8.742712296982900755e-01 5.406657021650489258e+12
8.777683146170831563e-01 5.683616138717560547e+12
8.812793878755513788e-01 5.756620972749391602e+12
8.848045054270535781e-01 5.798376156772061523e+12
8.883437234487617795e-01 4.898368126397208984e+12
8.918970983425568155e-01 5.447155097509664062e+12
8.954646867359271623e-01 4.918660474211620117e+12
8.990465454828707736e-01 5.256341255544985352e+12
9.026427316648023558e-01 5.270003200364595703e+12
9.062533025914615292e-01 5.312768300471508789e+12
9.098783158018273198e-01 5.532924948834757812e+12
9.135178290650346478e-01 5.635717543650282227e+12
9.171719003812948134e-01 5.785588783401382812e+12
9.208405879828199803e-01 5.882955254694620117e+12
9.245239503347512100e-01 5.872202270896541992e+12
9.282220461360901620e-01 5.866965878861505859e+12
9.319349343206346781e-01 5.776778132733871094e+12
9.356626740579171431e-01 5.793033512956118164e+12
9.394053247541488405e-01 5.786460356720333984e+12
9.431629460531654185e-01 5.829213537974603516e+12
9.469355978373780180e-01 5.924054492749152344e+12
9.507233402287275092e-01 5.954216210819470703e+12
9.545262335896426142e-01 5.959221730795276367e+12
9.583443385240012491e-01 5.979694896119118164e+12
9.621777158780971950e-01 5.979701931733177734e+12
9.660264267416096562e-01 5.974346566555522461e+12
9.698905324485760371e-01 6.012575140756735352e+12
9.737700945783701600e-01 5.632740812200198242e+12
9.776651749566835914e-01 5.604565953653342773e+12
9.815758356565105203e-01 5.551687768297286133e+12
9.855021389991363012e-01 5.470147184542224609e+12
9.894441475551331022e-01 5.332392585976962891e+12
9.934019241453534432e-01 4.867226223387472656e+12
9.973755318419349480e-01 5.130575088266148438e+12
1.001365033969302543e+00 5.181722981721971680e+12
1.005370494105179757e+00 5.149807551077119141e+12
1.009391976081600362e+00 5.268288379077277344e+12
1.013429543985926884e+00 5.359124444857062500e+12
1.017483262161870350e+00 5.357198151264339844e+12
1.021553195210518128e+00 5.434714313010989258e+12
1.025639407991360219e+00 5.324625165228732422e+12
1.029741965623325539e+00 5.301202378564730469e+12
1.033860933485818867e+00 5.346811056438647461e+12
1.037996377219762012e+00 5.498705852390866211e+12
1.042148362728641198e+00 5.476693117440180664e+12
1.046316956179555557e+00 5.588804253247606445e+12
1.050502224004274066e+00 5.583173182646030273e+12
1.054704232900291139e+00 5.636208720469123047e+12
1.058923049831892227e+00 5.586789185621540039e+12
1.063158742031219628e+00 5.588094531189991211e+12
1.067411376999344741e+00 5.501686569053319336e+12
1.071681022507342096e+00 5.504242575748708008e+12
1.075967746597371377e+00 5.559919604411810547e+12
1.080271617583760779e+00 5.502106170982742188e+12
1.084592704054095913e+00 5.549529290285199219e+12
1.088931074870312044e+00 5.503419714372860352e+12
1.093286799169793433e+00 5.472177459659254883e+12
1.097659946366472461e+00 5.379059248798096680e+12
1.102050586151938294e+00 5.353737748539887695e+12
1.106458788496546219e+00 5.249099354813040039e+12
1.110884623650532532e+00 5.232952533414005859e+12
1.115328162145134749e+00 5.288145216171606445e+12
1.119789474793714934e+00 5.240709394607822266e+12
1.124268632692889902e+00 5.282637102098769531e+12
1.128765707223661430e+00 5.260039666291002930e+12
1.133280770052556230e+00 5.259089045251272461e+12
1.137813893132766374e+00 5.007396174151145508e+12
1.142365148705297484e+00 4.996013942508837891e+12
1.146934609300118479e+00 5.213654711203317383e+12
1.151522347737319096e+00 5.259114768710284180e+12
1.156128437128268516e+00 5.199247248752800781e+12
1.160752950876781542e+00 5.144033103200712891e+12
1.165395962680288999e+00 5.189736844119018555e+12
1.170057546531009907e+00 5.126034570471041016e+12
1.174737776717134086e+00 5.142006527415485352e+12
1.179436727824002773e+00 5.021105546508853516e+12
1.184154474735298557e+00 5.003122453343060547e+12
1.188891092634239977e+00 5.040299308079394531e+12
1.193646657004777012e+00 5.047221512727523438e+12
1.198421243632796118e+00 4.882519188114816406e+12
1.203214928607327261e+00 4.944660261777865234e+12
1.208027788321756724e+00 4.967993296299028320e+12
1.212859899475043468e+00 4.939697362265232422e+12
1.217711339072943710e+00 4.971772537189478516e+12
1.222582184429235275e+00 4.920764658512602539e+12
1.227472513166952384e+00 4.954553727949015625e+12
1.232382403219620226e+00 4.913636129339655273e+12
1.237311932832498407e+00 4.885654923589958984e+12
1.242261180563828615e+00 4.704436328290122070e+12
1.247230225286083849e+00 4.771825425802514648e+12
1.252219146187228072e+00 4.729002420763709961e+12
1.257228022771976983e+00 4.724503448484843750e+12
1.262256934863064783e+00 4.693912943382091797e+12
1.267305962602517155e+00 4.717902951662005859e+12
1.272375186452927354e+00 4.689193892827292969e+12
1.277464687198738957e+00 4.678112126200922852e+12
1.282574545947533950e+00 4.651392322750457031e+12
1.287704844131324133e+00 4.584009104282994141e+12
1.292855663507849417e+00 4.559702742941641602e+12
1.298027086161880783e+00 4.583970894038922852e+12
1.303219194506528344e+00 4.573325341341890625e+12
1.308432071284554521e+00 4.516880317096276367e+12
1.313665799569692760e+00 4.532878400325773438e+12
1.318920462767971591e+00 4.515081989630572266e+12
1.324196144619043336e+00 4.438749522665721680e+12
1.329492929197519491e+00 4.330655499115379395e+12
1.334810900914309650e+00 3.985732794596218262e+12
1.340150144517967101e+00 3.941294671234146973e+12
1.345510745096038852e+00 3.898416629849728516e+12
1.350892788076423212e+00 3.887859575370799805e+12
1.356296359228728932e+00 3.838956976536202637e+12
1.361721544665643879e+00 3.812061556226497559e+12
1.367168430844306393e+00 3.827646619748533203e+12
1.372637104567683730e+00 3.826795382075795410e+12
1.378127652985954299e+00 3.834301831995277832e+12
1.383640163597898098e+00 3.800487481301816895e+12
1.389174724252289828e+00 3.690850663131567383e+12
1.394731423149298877e+00 3.629156151264320312e+12
1.400310348841896202e+00 3.576835869617913086e+12
1.405911590237263642e+00 3.574896331793141113e+12
1.411535236598212784e+00 3.464165978109273438e+12
1.417181377544605603e+00 3.398452323411173340e+12
1.422850103054784210e+00 3.405431103158164551e+12
1.428541503467003038e+00 3.357011758284289551e+12
1.434255669480871243e+00 3.362914207531365723e+12
1.439992692158794885e+00 3.351836095354041504e+12
1.445752662927429988e+00 3.357305792431443848e+12
1.451535673579139596e+00 3.318629564160895508e+12
1.457341816273456159e+00 3.322386135745696289e+12
1.463171183538549913e+00 3.254051319496932617e+12
1.469023868272704147e+00 3.207995786091855957e+12
1.474899963745795128e+00 3.215154676140046387e+12
1.480799563600778246e+00 3.201058228872906738e+12
1.486722761855181485e+00 3.170848169067103027e+12
1.492669652902602007e+00 3.189710371212661133e+12
1.498640331514212276e+00 3.185249389687175781e+12
1.504634892840269300e+00 3.101767886402907227e+12
1.510653432411630304e+00 3.188569776775044434e+12
1.516696046141276843e+00 3.187899154300162598e+12
1.522762830325842032e+00 3.199243800597010254e+12
1.528853881647145307e+00 3.193009734627183594e+12
1.534969297173733649e+00 3.170230026135301270e+12
1.541109174362428780e+00 3.144770403161417969e+12
1.547273611059878373e+00 3.159893523076734375e+12
1.553462705504118135e+00 3.164253221792456543e+12
1.559676556326134556e+00 3.136644028166377441e+12
1.565915262551438980e+00 3.159291606206434082e+12
1.572178923601644795e+00 3.135446026959394043e+12
1.578467639296051495e+00 3.166430884676026855e+12
1.584781509853235626e+00 3.180123341155627930e+12
1.591120635892648405e+00 3.168403308509252441e+12
1.597485118436219098e+00 3.191706872488791016e+12
1.603875058909963958e+00 3.187066292887900391e+12
1.610290559145603595e+00 3.180459949615066406e+12
1.616731721382186127e+00 3.041394006670088379e+12
1.623198648267714761e+00 3.159102926879223633e+12
1.629691442860785600e+00 3.197122523361890137e+12
1.636210208632228769e+00 3.216085718149144531e+12
1.642755049466757766e+00 3.209254085850641113e+12
1.649326069664624805e+00 3.202930444382163574e+12
1.655923373943283039e+00 3.206035000471190918e+12
1.662547067439056336e+00 3.188615310131704102e+12
1.669197255708812611e+00 3.182754068120351074e+12
1.675874044731648027e+00 3.171673396741435059e+12
1.682577540910574321e+00 3.138561891079724121e+12
1.689307851074216771e+00 3.087575667123182129e+12
1.696065082478513508e+00 3.043505267540770020e+12
1.702849342808427480e+00 2.991338403723624512e+12
1.709660740179661298e+00 2.857777323877477539e+12
1.716499383140379864e+00 2.800289652551057617e+12
1.723365380672941427e+00 2.775785868234697754e+12
1.730258842195633306e+00 2.730290310952449219e+12
1.737179877564415831e+00 2.621498305083812988e+12
1.744128597074673603e+00 2.583666473168875977e+12
1.751105111462972097e+00 2.506917797344233398e+12
1.758109531908824241e+00 2.407280881755065918e+12
1.765141970036459451e+00 2.365376380491331543e+12
1.772202537916605314e+00 2.293384546700539551e+12
1.779291348068271716e+00 2.203295603529846191e+12
1.786408513460544745e+00 2.168020381175957520e+12
1.793554147514387020e+00 2.111332590507181152e+12
1.800728364104444257e+00 2.076866019691785156e+12
1.807931277560862249e+00 2.004620023236335205e+12
1.815163002671105641e+00 2.020230007743167969e+12
1.822423654681789795e+00 1.976274557663081787e+12
1.829713349300517100e+00 1.943415492594546631e+12
1.837032202697718830e+00 1.927638430269423340e+12
1.844380331508509885e+00 1.831092538149850342e+12
1.851757852834543527e+00 1.803747665078922852e+12
1.859164884245881888e+00 1.686208453363375488e+12
1.866601543782865358e+00 1.766464514531727051e+12
1.874067949957996859e+00 1.720735617600783936e+12
1.881564221757828781e+00 1.739035021901943359e+12
1.889090478644860127e+00 1.742259911109223389e+12
1.896646840559439662e+00 1.735225936195340088e+12
1.904233427921677269e+00 1.727350921620702393e+12
1.911850361633363971e+00 1.728319509320263916e+12
1.919497763079897279e+00 1.689601102876560059e+12
1.927175754132217200e+00 1.654248965726245361e+12
1.934884457148745796e+00 1.667513149466766113e+12
1.942623994977340729e+00 1.584069392878771729e+12
1.950394490957250149e+00 1.608661991099103027e+12
1.958196068921079336e+00 1.643655306064837402e+12
1.966028853196763793e+00 1.638198961688131836e+12
1.973892968609550991e+00 1.550352582698944336e+12
1.981788540483989447e+00 1.500863947296153564e+12
1.989715694645925126e+00 1.495509978192598877e+12
1.997674557424508723e+00 1.518154850163523682e+12
2.005665255654207169e+00 1.496741359356287354e+12
2.013687916676823786e+00 1.474951464621902344e+12
2.021742668343530891e+00 1.465330300181398193e+12
2.029829639016905052e+00 1.442526784851285156e+12
2.037948957572972564e+00 1.424598365671833740e+12
2.046100753403264694e+00 1.408135160854616943e+12
2.054285156416877811e+00 1.411429462194885986e+12
2.062502297042545507e+00 1.383759829437336426e+12
2.070752306230715600e+00 1.380676073465585449e+12
2.079035315455638244e+00 1.368532316862844971e+12
2.087351456717461140e+00 1.350619826987645264e+12
2.095700862544330967e+00 1.348591386584443115e+12
2.104083665994508134e+00 1.351997349832733154e+12
2.112500000658485977e+00 1.346654996193693115e+12
2.120950000661120161e+00 1.341917877783297852e+12
2.129433800663764753e+00 1.320163047778771484e+12
2.137951535866419839e+00 1.323345187350516602e+12
2.146503342009885351e+00 1.336863719142395996e+12
2.155089355377924676e+00 1.328719445465346436e+12
2.163709712799436691e+00 1.334996435866903564e+12
2.172364551650634468e+00 1.328389534023921387e+12
2.181054009857236853e+00 1.324368919311133545e+12
2.189778225896665376e+00 1.324228347694870117e+12
2.198537338800252705e+00 1.327467793455321533e+12
2.207331488155453325e+00 1.300141034811971680e+12
2.216160814108075083e+00 1.326990787242055908e+12
2.225025457364507631e+00 1.319854328930936768e+12
2.233925559193965515e+00 1.317915797395474854e+12
2.242861261430741493e+00 1.321351326567161133e+12
2.251832706476463830e+00 1.313647212841796387e+12
2.260840037302370042e+00 1.288079491255079590e+12
2.269883397451579299e+00 1.299291024301261230e+12
2.278962931041386142e+00 1.283840863631910889e+12
2.288078782765551100e+00 1.284380971561996582e+12
2.297231097896613505e+00 1.184284071640125000e+12
2.306420022288200311e+00 1.221867927403898193e+12
2.315645702377353121e+00 1.199496684158254395e+12
2.324908285186861878e+00 1.116643143781634521e+12
2.334207918327609654e+00 1.136520509186455811e+12
2.343544750000919663e+00 1.128679491944073730e+12
2.352918929000923143e+00 1.054783226870053711e+12
2.362330604716927240e+00 1.067976690004469482e+12
2.371779927135795329e+00 1.073610023359479004e+12
2.381267046844337987e+00 1.007034588976330200e+12
2.390792115031715070e+00 9.845506602263040771e+11
2.400355283491842240e+00 9.694569764657531738e+11
2.409956704625809465e+00 9.215733688530601807e+11
2.419596531444312859e+00 9.056216937015679932e+11
2.429274917570089620e+00 8.719529532496538086e+11
2.438992017240370291e+00 8.416801446582021484e+11
2.448747985309331465e+00 8.096722657473543701e+11
2.458542977250568917e+00 7.824418258498287354e+11
2.468377149159570738e+00 7.712110986394586182e+11
2.478250657756209563e+00 7.225907994214117432e+11
2.488163660387234355e+00 7.207107096688284912e+11
2.498116315028783063e+00 7.100994666902369385e+11
2.508108780288898387e+00 6.732154623331680908e+11
2.518141215410053757e+00 6.663713043202817383e+11
2.528213780271693967e+00 6.451152992586907959e+11
2.538326635392781139e+00 6.344104913498365479e+11
2.548479941934351789e+00 6.298358927568806152e+11
2.558673861702089436e+00 6.171693641639289551e+11
2.568908557148898097e+00 6.193720974657469482e+11
2.579184191377493551e+00 5.956684946185355225e+11
2.589500928143003478e+00 6.075688889633360596e+11
2.599858931855575594e+00 6.078142767846549072e+11
2.610258367582998229e+00 6.086397573142822266e+11
2.620699401053329769e+00 5.985656829960509033e+11
2.631182198657543214e+00 5.977334617693469238e+11
2.641706927452173392e+00 5.930636628984949951e+11
2.652273755161981938e+00 6.023292379993366699e+11
2.662882850182629824e+00 6.034191144082213135e+11
2.673534381583360542e+00 5.776130431013651123e+11
2.684228519109693956e+00 5.780390365499127197e+11
2.694965433186132575e+00 5.540586062640141602e+11
2.705745294918877164e+00 5.546072621761062012e+11
2.716568276098552559e+00 5.386243194472475586e+11
2.727434549202946812e+00 5.157818847786408081e+11
2.738344287399758326e+00 5.070006739247003784e+11
2.749297664549357201e+00 4.998481677025703125e+11
2.760294855207554576e+00 4.979406496441407471e+11
2.771336034628385292e+00 4.828968482591447754e+11
2.782421378766898545e+00 4.726872941887973022e+11
2.793551064281966312e+00 4.700218776176702271e+11
2.804725268539093985e+00 4.549052984991026001e+11
2.815944169613250558e+00 4.418018230399319458e+11
2.827207946291703244e+00 4.514796246934567261e+11
2.838516778076869862e+00 4.338841102954873047e+11
2.849870845189177437e+00 4.273633104216555176e+11
2.861270328569933685e+00 4.324233480212984009e+11
2.872715409884213589e+00 4.219237498464138184e+11
2.884206271523750420e+00 4.187441367025821533e+11
2.895743096609845413e+00 4.207659618932844849e+11
2.907326068996284985e+00 3.993736030055200806e+11
2.918955373272270393e+00 4.010367171581582031e+11
2.930631194765359826e+00 3.972824584480081787e+11
2.942353719544420709e+00 3.833945240769949341e+11
2.954123134422598440e+00 3.870785627462702637e+11
2.965939626960289122e+00 3.769933216516456909e+11
2.977803385468130504e+00 3.806731046604003906e+11
2.989714599010003138e+00 3.681617065048635864e+11
3.001673457406043077e+00 3.677219650588641968e+11
3.013680151235667015e+00 3.651456545093959961e+11
3.025734871840609408e+00 3.504367696126862793e+11
3.037837811327972037e+00 3.620549823396628418e+11
3.049989162573283785e+00 3.473523359897348633e+11
3.062189119223576395e+00 3.537121154304813843e+11
3.074437875700470890e+00 3.440775868858563843e+11
3.086735627203272880e+00 3.397016082003741455e+11
3.099082569712085622e+00 3.403503044082573853e+11
3.111478899990933744e+00 3.311805448167156372e+11
3.123924815590897186e+00 3.336006239332900391e+11
3.136420514853261121e+00 3.284866221383217773e+11
3.148966196912674320e+00 3.258052916714227905e+11
3.161562061700325277e+00 3.250921652577754517e+11
3.174208309947126327e+00 3.174203071321401978e+11
3.186905143186915090e+00 3.240321295580834351e+11
3.199652763759662566e+00 3.083261260946249390e+11
3.212451374814701222e+00 3.201862506973037720e+11
3.225301180313960625e+00 3.114946498473126831e+11
3.238202385035215958e+00 3.098648925990109863e+11
3.251155194575356955e+00 3.096928448905773315e+11
3.264159815353658622e+00 3.075166854574641724e+11
3.277216454615073271e+00 3.036548191809152222e+11
3.290325320433533207e+00 3.020024687163427734e+11
3.303486621715267635e+00 3.026489533529465332e+11
3.316700568202128441e+00 2.965160174204974976e+11
3.329967370474937294e+00 3.010499766529291992e+11
3.343287239956836743e+00 2.919192785213709106e+11
3.356660388916663962e+00 2.933979172312582397e+11
3.370087030472330714e+00 2.924914228897775269e+11
3.383567378594220187e+00 2.884830358113962402e+11
3.397101648108596716e+00 2.885236170837636108e+11
3.410690054701031482e+00 2.845247375639494629e+11
3.424332814919834878e+00 2.848508897580877686e+11
3.438030146179514634e+00 2.813393122321016235e+11
3.451782266764232610e+00 2.811476606360685425e+11
3.465589395831289998e+00 2.798036244747590942e+11
3.479451753414614767e+00 2.769533307656959229e+11
3.493369560428273068e+00 2.720438074241606140e+11
3.507343038669985980e+00 2.757070286662153931e+11
3.521372410824665788e+00 2.681417436202794800e+11
3.535457900467964709e+00 2.687653659194708252e+11
3.549599732069836477e+00 2.664604639394394836e+11
3.563798130998116154e+00 2.641918520404778137e+11
3.578053323522108364e+00 2.625382530213660889e+11
3.592365536816196858e+00 2.608620932834419861e+11
3.606734998963461614e+00 2.585319082277109985e+11
3.621161938959315041e+00 2.555966951210468445e+11
3.635646586715152839e+00 2.536947718298433533e+11
3.650189173062013293e+00 2.519189469978102112e+11
3.664789929754260545e+00 2.503284301367938538e+11
3.679449089473277645e+00 2.471662555692926941e+11
3.694166885831170699e+00 2.452683262415006714e+11
3.708943553374495661e+00 2.449751430332246399e+11
3.723779327587993571e+00 2.426678801850797729e+11
3.738674444898345328e+00 2.387617415176681824e+11
3.753629142677938901e+00 2.396902405219331055e+11
3.768643659248651190e+00 2.354566431393737488e+11
3.783718233885645432e+00 2.359214261359238586e+11
3.798853106821188153e+00 2.325105032406510010e+11
3.814048519248473657e+00 2.310424176473510132e+11
3.829304713325467180e+00 2.252698417319740601e+11
3.844621932178768908e+00 2.253766864669325867e+11
3.860000419907484215e+00 2.243828860144730835e+11
3.875440421587113882e+00 2.203177136147078857e+11
3.890942183273462529e+00 2.174554598676464233e+11
3.906505952006555926e+00 2.153713332225735779e+11
3.922131975814582727e+00 2.128893749046473083e+11
3.937820503717840648e+00 2.097117235177775879e+11
3.953571785732711508e+00 2.049171406846452332e+11
3.969386072875642490e+00 2.028804770638630066e+11
3.985263617167145167e+00 1.973070091651454773e+11
4.001204671635814059e+00 1.952281953606528625e+11
4.017209490322357190e+00 1.934226371848102112e+11
4.033278328283646630e+00 1.885959074099338684e+11
4.049411441596781458e+00 1.851312863544141541e+11
4.065609087363168506e+00 1.817317075446176758e+11
4.081871523712622185e+00 1.750602399812240906e+11
4.098199009807472315e+00 1.753454529136720276e+11
4.114591805846702144e+00 1.715891128562302551e+11
4.131050173070089038e+00 1.692208656824217834e+11
4.147574373762369149e+00 1.680759698423746948e+11
4.164164671257418959e+00 1.626032440274212036e+11
4.180821329942449260e+00 1.616849131143792114e+11
4.197544615262219558e+00 1.596831809747955017e+11
4.214334793723269357e+00 1.557670965990451050e+11
4.231192132898162761e+00 1.566490819052516174e+11
4.248116901429755288e+00 1.495802157577076416e+11
4.265109369035473996e+00 1.476465005366375122e+11
4.282169806511615384e+00 1.469522887443142090e+11
4.299298485737661935e+00 1.406773758037520752e+11
4.316495679680612874e+00 1.401757385962719116e+11
4.333761662399335357e+00 1.373527304138414764e+11
4.351096709048932532e+00 1.329295209979395599e+11
4.368501095885127583e+00 1.299963394567541504e+11
4.385975100268668214e+00 1.281063998914580688e+11
4.403519000669743555e+00 1.243088248752784729e+11
4.421133076672422391e+00 1.217275377414361267e+11
4.438817608979111817e+00 1.193965824520918427e+11
4.456572879415028332e+00 1.184693719506419373e+11
4.474399170932688463e+00 1.139594502496245575e+11
4.492296767616419828e+00 1.136896691034644165e+11
4.510265954686884626e+00 1.129138801622680054e+11
4.528307018505633330e+00 1.087713859275466766e+11
4.546420246579655711e+00 1.085068175138528900e+11
4.564605927565974497e+00 1.053214984372851105e+11
4.582864351276237258e+00 1.063243886286918335e+11
4.601195808681342925e+00 1.026237758630747070e+11
4.619600591916067422e+00 1.023457578716233368e+11
4.638078994283731937e+00 1.010285562970721893e+11
4.656631310260867629e+00 9.974773787332705688e+10
4.675257835501911430e+00 9.704262417632844543e+10
4.693958866843916944e+00 9.710742293939277649e+10
4.712734702311292878e+00 9.506659111353819275e+10
4.731585641120538810e+00 9.417150735087454224e+10
4.750511983685020923e+00 9.334336797441766357e+10
4.769514031619761063e+00 9.100122144641442871e+10
4.788592087746240011e+00 8.950846469758161926e+10
4.807746456097224730e+00 8.849668789322030640e+10
4.826977441921613377e+00 8.779743555627688599e+10
4.846285351689299858e+00 8.685505613942219543e+10
4.865670493096057925e+00 8.511144936981932068e+10
4.885133175068442135e+00 8.351424380774809265e+10
4.904673707768715474e+00 8.256408315670304871e+10
4.924292402599791174e+00 8.163204243694427490e+10
4.943989572210189642e+00 7.982695577584878540e+10
4.963765530499030021e+00 7.784952979209906006e+10
4.983620592621027079e+00 7.830463702254670715e+10
5.003555074991511198e+00 7.636916800905047607e+10
5.023569295291476777e+00 7.417909983041168213e+10
5.043663572472643075e+00 7.528989986536094666e+10
5.063838226762532813e+00 7.258349953885011292e+10
5.084093579669583640e+00 7.153853618175566101e+10
5.104429953988261381e+00 7.092177434310610962e+10
5.124847673804215020e+00 6.979466369944755554e+10
5.145347064499431688e+00 6.917603883471517944e+10
5.165928452757428957e+00 6.685748761045870972e+10
5.186592166568458673e+00 6.726560420033483124e+10
5.207338535234733001e+00 6.533765971182613373e+10
5.228167889375671784e+00 6.517628003761866760e+10
5.249080560933174766e+00 6.316462577429954529e+10
5.270076883176907145e+00 6.297723208091397095e+10
5.291157190709615321e+00 6.205354572950541687e+10
5.312321819472453299e+00 6.119037327900220490e+10
5.333571106750343738e+00 6.068346553772924805e+10
5.354905391177344320e+00 5.891408027821041107e+10
5.376325012742054099e+00 5.889817509338688660e+10
5.397830312793021612e+00 5.766629633444371796e+10
5.419421634044193858e+00 5.582175839051715851e+10
5.441099320580370602e+00 5.610807774509973145e+10
5.462863717862692425e+00 5.490161327838374329e+10
5.484715172734142996e+00 5.443930985814275360e+10
5.506654033425078865e+00 5.429981270926554871e+10
5.528680649558780580e+00 5.203433806099523926e+10
5.550795372157015350e+00 5.170232606348636627e+10
5.572998553645643227e+00 5.096464862501495361e+10
5.595290547860225949e+00 5.133423355756112671e+10
5.617671710051667766e+00 4.966039520472699738e+10
5.640142396891874021e+00 4.958945460917607117e+10
5.662702966479441713e+00 4.874068596295036316e+10
5.685353778345359821e+00 4.744313279580690002e+10
5.708095193458740724e+00 4.732895555986069489e+10
5.730927574232576482e+00 4.595831002897631073e+10
5.753851284529505783e+00 4.680169822588056946e+10
5.776866689667624399e+00 4.526610077043062592e+10
5.799974156426294769e+00 4.532614814342256165e+10
5.823174053051999977e+00 4.387580629962234497e+10
5.846466749264207508e+00 4.331643278618494415e+10
5.869852616261264977e+00 4.345321864572389221e+10
5.893332026726310069e+00 4.250967270889379120e+10
5.916905354833215114e+00 4.240946783621824646e+10
5.940572976252548543e+00 4.139900418550787354e+10
5.964335268157558545e+00 4.121845740698169708e+10
5.988192609230189589e+00 4.038320366389360809e+10
6.012145379667110490e+00 4.046630442842226410e+10
6.036193961185778889e+00 3.880743497392472076e+10
6.060338737030522616e+00 3.910622436315541077e+10
6.084580091978644134e+00 3.924167907165446472e+10
6.108918412346558746e+00 3.772057058786389923e+10
6.133354085995945226e+00 3.831392778809746552e+10
6.157887502339929320e+00 3.756488014047269440e+10
6.182519052349287669e+00 3.655409394171100616e+10
6.207249128558685491e+00 3.642655354434302521e+10
6.232078125072920471e+00 3.612882046452437592e+10
6.257006437573212843e+00 3.519026522043560028e+10
6.282034463323505236e+00 3.476019094384418488e+10
6.307162601176800720e+00 3.441672006018267822e+10
6.332391251581507063e+00 3.387472157202053452e+10
6.357720816587833390e+00 3.315853776544502640e+10
6.383151699854184180e+00 3.236050208083843613e+10
6.408684306653601226e+00 3.157718154315224457e+10
6.434319043880215361e+00 3.112464203589030075e+10
6.460056320055736379e+00 2.976895155658847427e+10
6.485896545335958052e+00 2.835104305240625763e+10
6.511840131517302233e+00 2.837484013096261978e+10
6.537887492043371829e+00 2.735232593082670212e+10
6.564039042011545533e+00 2.660467122240431976e+10
6.590295198179591196e+00 2.577638036078456879e+10
6.616656378972309405e+00 2.552858374927873993e+10
6.643123004488199257e+00 2.457655484916509628e+10
6.669695496506150789e+00 2.442842666522221756e+10
6.696374278492176479e+00 2.390854323107505417e+10
6.723159775606144528e+00 2.415409241141161346e+10
6.750052414708568094e+00 2.355055399378150940e+10
6.777052624367403411e+00 2.261994381878007889e+10
6.804160834864871887e+00 2.274357956290990067e+10
6.831377478204331055e+00 2.223939225895810318e+10
6.858702988117148180e+00 2.232967026252041626e+10
6.886137800069615622e+00 2.179664047752268600e+10
6.913682351269895499e+00 2.134510443262380219e+10
6.941337080674975013e+00 2.130513130773728943e+10
6.969102428997675069e+00 2.102754846330368423e+10
6.996978838713665994e+00 2.078576676231488419e+10
7.024966754068519670e+00 2.056835126963923645e+10
7.053066621084793653e+00 2.020888737140068054e+10
7.081278887569133929e+00 1.987168539635520172e+10
7.109604003119409654e+00 1.924284818228559875e+10
7.138042419131887861e+00 1.942215256811572266e+10
7.166594588808414379e+00 1.923782363003932571e+10
7.195260967163648047e+00 1.882711857816318893e+10
7.224042011032302923e+00 1.861260606547077560e+10
7.252938179076432235e+00 1.834905359494332886e+10
7.281949931792737196e+00 1.819477839714778137e+10
7.311077731519908696e+00 1.786941708159152985e+10
7.340322042445988515e+00 1.757976495968272018e+10
7.369683330615771411e+00 1.728424012383275223e+10
7.399162063938235612e+00 1.745463712223855972e+10
7.428758712193988423e+00 1.673089475412486839e+10
7.458473747042765112e+00 1.687862132396240997e+10
7.488307642030935796e+00 1.652986901218767738e+10
7.518260872599060285e+00 1.611279489852206993e+10
7.548333916089456253e+00 1.625142342607412338e+10
7.578527251753813587e+00 1.572509166108723640e+10
7.608841360760829176e+00 1.522872279367693710e+10
7.639276726203872769e+00 1.537799309093213081e+10
7.669833833108687493e+00 1.491986708969322586e+10
7.700513168441122325e+00 1.493069655574498749e+10
7.731315221114887670e+00 1.461490202600540161e+10
7.762240481999347352e+00 1.430625223644801331e+10
7.793289443927344351e+00 1.429131475537674904e+10
7.824462601703054077e+00 1.425131009800536537e+10
7.855760452109866065e+00 1.387689930636951065e+10
7.887183493918306532e+00 1.337546209424012375e+10
7.918732227893980458e+00 1.343958410443404770e+10
7.950407156805555431e+00 1.326126466989681816e+10
7.982208785432777454e+00 1.278241849284799767e+10
8.014137620574508958e+00 1.289382454536802483e+10
8.046194171056805899e+00 1.253669194628678513e+10
8.078378947741034821e+00 1.236592908148225212e+10
8.110692463531997021e+00 1.205526785318044472e+10
8.143135233386125549e+00 1.204804665593797493e+10
8.175707774319670662e+00 1.193266565761991882e+10
8.208410605416949224e+00 1.152133841254142952e+10
8.241244247838615422e+00 1.157935625100300980e+10
8.274209224829968790e+00 1.115411288969099236e+10
8.307306061729288871e+00 1.118379497921831703e+10
8.340535285976207192e+00 1.088516758355875587e+10
8.373897427120111203e+00 1.062117625840478325e+10
8.407393016828594412e+00 1.070501808174668121e+10
8.441022588895906509e+00 1.038655164632704735e+10
8.474786679251490540e+00 1.042819803647959900e+10
8.508685825968495209e+00 1.009218360930119133e+10
8.542720569272368891e+00 1.005823714281706429e+10
8.576891451549458978e+00 9.819348223349605560e+09
8.611199017355655627e+00 9.803782957991920471e+09
8.645643813425078150e+00 9.709871114832828522e+09
8.680226388678779159e+00 9.497086427865531921e+09
8.714947294233493125e+00 9.414622823036867142e+09
8.749807083410427566e+00 9.064903838477010727e+09
8.784806311744070229e+00 9.139751743418851852e+09
8.819945536991047774e+00 8.988708064775972366e+09
8.855225319139009343e+00 8.818203758155193329e+09
8.890646220415566958e+00 8.843398186725063324e+09
8.926208805297228821e+00 8.723397319059526443e+09
8.961913640518417878e+00 8.447030059351568222e+09
8.997761295080492161e+00 8.467300219926183701e+09
9.033752340260813085e+00 8.393262717730923653e+09
9.069887349621856387e+00 8.249770054952672958e+09
9.106166899020346150e+00 8.110746050212888718e+09
9.142591566616424359e+00 8.037932182564500809e+09
9.179161932882891506e+00 7.948198864097208023e+09
9.215878580614422333e+00 7.775834627018279076e+09
9.252742094936881045e+00 7.622486410876644135e+09
9.289753063316627646e+00 7.582557451951123238e+09
9.326912075569895322e+00 7.412022113823392868e+09
9.364219723872173162e+00 7.466127598112653732e+09
9.401676602767663482e+00 7.195729091083571434e+09
9.439283309178733816e+00 7.118728808134524345e+09
9.477040442415447075e+00 7.090872695086796761e+09
9.514948604185111236e+00 6.943057012370068550e+09
9.553008398601852136e+00 6.942391259302599907e+09
9.591220432196260859e+00 6.737810272415880203e+09
9.629585313925044687e+00 6.619266067494581223e+09
9.668103655180747324e+00 6.545563105061744690e+09
9.706776069801470896e+00 6.448309592459948540e+09
9.745603174080676112e+00 6.412682947905624390e+09
9.784585586776998412e+00 6.329684823804128647e+09
9.823723929124106746e+00 6.173574907464076042e+09
9.863018824840601440e+00 6.105353270849613190e+09
9.902470900139965337e+00 5.848513152300554276e+09
9.942080783740523842e+00 5.919927190208289146e+09
9.981849106875488431e+00 5.785565494995676041e+09
1.002177650330298952e+01 5.749204676763604164e+09
1.006186360931619994e+01 5.613218744083721161e+09
1.010211106375346723e+01 5.501015584339589119e+09
1.014251950800847979e+01 5.446988420091410637e+09
1.018308958604051284e+01 5.431580449363389969e+09
1.022382194438467451e+01 5.278090706048772812e+09
1.026471723216221399e+01 5.215788658329635620e+09
1.030577610109086173e+01 5.097729693557991028e+09
1.034699920549522467e+01 5.003476795879580498e+09
1.038838720231720458e+01 4.960861194901144028e+09
1.042994075112647501e+01 4.871353105296112061e+09
1.047166051413097954e+01 4.801128708670169830e+09
1.051354715618750468e+01 4.712366192580380440e+09
1.055560134481225454e+01 4.635165580883185387e+09
1.059782375019150358e+01 4.543877256660160065e+09
1.064021504519226902e+01 4.517768609506534576e+09
1.068277590537303823e+01 4.475494922623785973e+09
1.072550700899452991e+01 4.312087268639629364e+09
1.076840903703050856e+01 4.258640912098569393e+09
1.081148267317863088e+01 4.218524003988930225e+09
1.085472860387134553e+01 4.240982126884931087e+09
1.089814751828683015e+01 4.039901909984436989e+09
1.094174010835997635e+01 4.018848658888718128e+09
1.098550706879341909e+01 3.906147546242335796e+09
1.102944909706859100e+01 3.869515878259199142e+09
1.107356689345686540e+01 3.830736815186401844e+09
1.111786116103069233e+01 3.749617846074622631e+09
1.116233260567481622e+01 3.702899281721608639e+09
1.120698193609751492e+01 3.604508268339508533e+09
1.125180986384190440e+01 3.582500139992279053e+09
1.129681710329727373e+01 3.516150385213715553e+09
1.134200437171046083e+01 3.488735615043879509e+09
1.138737238919730466e+01 3.426333935663342953e+09
1.143292187875409383e+01 3.343952344918295860e+09
1.147865356626910938e+01 3.320670837571306229e+09
1.152456818053418530e+01 3.247291075314672947e+09
1.157066645325632237e+01 3.185434089132961273e+09
1.161694911906934635e+01 3.144375942890446186e+09
1.166341691554562487e+01 3.119422442325606346e+09
1.171007058320780736e+01 3.034967675380870819e+09
1.175691086554063958e+01 2.964310674319314003e+09
1.180393850900279951e+01 2.952414268753401756e+09
1.185115426303881137e+01 2.890395353971862316e+09
1.189855888009096674e+01 2.885578583267346382e+09
1.194615311561133097e+01 2.828336927715789318e+09
1.199393772807377623e+01 2.788820920954751968e+09
1.204191347898607134e+01 2.745959017683533669e+09
1.209008113290201614e+01 2.710548527495172501e+09
1.213844145743362368e+01 2.651325938360915661e+09
1.218699522326335938e+01 2.627020098726596355e+09
1.223574320415641381e+01 2.568457168067955017e+09
1.228468617697303777e+01 2.566812234850716114e+09
1.233382492168093059e+01 2.481644727274032593e+09
1.238316022136765504e+01 2.472635111809966087e+09
1.243269286225312520e+01 2.374181032819421768e+09
1.248242363370213859e+01 2.401202608700231552e+09
1.253235332823694748e+01 2.341003888123342037e+09
1.258248274154989410e+01 2.322900543898046970e+09
1.263281267251609385e+01 2.289411013839623451e+09
1.268334392320615756e+01 2.223014015536806107e+09
1.273407729889898299e+01 2.256563731438452721e+09
1.278501360809457665e+01 2.150855642763480663e+09
1.283615366252695544e+01 2.119644913137314320e+09
1.288749827717706253e+01 2.133148283364693403e+09
1.293904827028577031e+01 2.047004162580718040e+09
1.299080446336691352e+01 2.061601437013612986e+09
1.304276768122038099e+01 2.008313997406527519e+09
1.309493875194526424e+01 1.996723881818299055e+09
1.314731850695304693e+01 1.941242935643850327e+09
1.319990778098085649e+01 1.918063307885721922e+09
1.325270741210477965e+01 1.888792036167655706e+09
1.330571824175319939e+01 1.856242135874021769e+09
1.335894111472021173e+01 1.824873204772685051e+09
1.341237687917909227e+01 1.817744877842553139e+09
1.346602638669580898e+01 1.753190084091359377e+09
1.351989049224258999e+01 1.770688015244936466e+09
1.357397005421156067e+01 1.716329712446009159e+09
1.362826593442840917e+01 1.698976800691073179e+09
1.368277899816612297e+01 1.684455777911980867e+09
1.373751011415878942e+01 1.624950358360931873e+09
1.379246015461542463e+01 1.634166752942271233e+09
1.384762999523388416e+01 1.582625691701500893e+09
1.390302051521481808e+01 1.597819615110526323e+09
1.395863259727567751e+01 1.556575708798992872e+09
1.401446712766477987e+01 1.523171806375211954e+09
1.407052499617543972e+01 1.528244010129734278e+09
1.412680709616014063e+01 1.457850481757066250e+09
1.418331432454478147e+01 1.424725425997684240e+09
1.424004758184296193e+01 1.441192790257298708e+09
1.429700777217033369e+01 1.435114832253352165e+09
1.435419580325901379e+01 1.382906832314088583e+09
1.441161258647204946e+01 1.375609481486006975e+09
1.446925903681793812e+01 1.327352396722528458e+09
1.452713607296521126e+01 1.333132849676417112e+09
1.458524461725707155e+01 1.314886150399104357e+09
1.464358559572609764e+01 1.272883900677343845e+09
1.470215993810900557e+01 1.246861254425548315e+09
1.476096857786143879e+01 1.265137571453522205e+09
1.482001245217288599e+01 1.234248524354648113e+09
1.487929250198157760e+01 1.208374912605720520e+09
1.493880967198950316e+01 1.187656285724483728e+09
1.499856491067746056e+01 1.166962551730180502e+09
1.505855917032016933e+01 1.166120460638586283e+09
1.511879340700144958e+01 1.138553179211251020e+09
1.517926858062945605e+01 1.118526224757358551e+09
1.523998565495197433e+01 1.114175388997217894e+09
1.530094559757178274e+01 1.081148433408274174e+09
1.536214937996206764e+01 1.064221114637960911e+09
1.542359797748191674e+01 1.051503950250788689e+09
1.548529236939184450e+01 1.043383309841745496e+09
1.554723353886941339e+01 1.013511994288161993e+09
1.560942247302489072e+01 1.020805975584207177e+09
1.567186016291699069e+01 9.934260580041368008e+08
1.573454760356865556e+01 9.723269139335567951e+08
1.579748579398293096e+01 9.683756154987603426e+08
1.586067573715886247e+01 9.489997768745492697e+08
1.592411844010749888e+01 9.444668734559391737e+08
1.598781491386792730e+01 9.020513642679468393e+08
1.605176617352340074e+01 9.054145233677113056e+08
1.611597323821749228e+01 8.809938862861031294e+08
1.618043713117036120e+01 8.678586599708403349e+08
1.624515887969504391e+01 8.511962260989309549e+08
1.631013951521382310e+01 8.583920646542117596e+08
1.637538007327468037e+01 8.532887647348791361e+08
1.644088159356778078e+01 8.369510909082262516e+08
1.650664511994205341e+01 8.072282702639266253e+08
1.657267170042182158e+01 7.900373281139277220e+08
1.663896238722350418e+01 7.771578721297554970e+08
1.670551823677240222e+01 7.764207893620494604e+08
1.677234030971949608e+01 7.767035255446021557e+08
1.683942967095837062e+01 7.525823827526452541e+08
1.690678738964220429e+01 7.423013251558645964e+08
1.697441453920077237e+01 7.369492026694275141e+08
1.704231219735757108e+01 7.385231958901162148e+08
1.711048144614700561e+01 6.986590868264813423e+08
1.717892337193159236e+01 7.010533070325679779e+08
1.724763906541932101e+01 6.774066501548694372e+08
1.731662962168099895e+01 6.696388975215731859e+08
1.738589614016772344e+01 6.620555493763164282e+08
1.745543972472839300e+01 6.637621433348791599e+08
1.752526148362730751e+01 6.481324015061703920e+08
1.759536252956181812e+01 6.314222559425994158e+08
1.766574397968006238e+01 6.233336408909640312e+08
1.773640695559878466e+01 6.159709714018268585e+08
1.780735258342117433e+01 6.119742908101273775e+08
1.787858199375486024e+01 6.070579442596908808e+08
1.795009632172988034e+01 5.878033244809126854e+08
1.802189670701679702e+01 5.860052309604163170e+08
1.809398429384486562e+01 5.733111486753225327e+08
1.816636023102024211e+01 5.471229010373116732e+08
1.823902567194432578e+01 5.635982170647583008e+08
1.831198177463210186e+01 5.507559505049023628e+08
1.838522970173062987e+01 5.389997230504252911e+08
1.845877062053754969e+01 5.386786662692215443e+08
1.853260570301970134e+01 5.115653958991988301e+08
1.860673612583178027e+01 5.050487521184771657e+08
1.868116307033510637e+01 5.074133616741685271e+08
1.875588772261644976e+01 4.973492912033665776e+08
1.883091127350691352e+01 4.951439377201271653e+08
1.890623491860094063e+01 4.829627294152841568e+08
1.898185985827534594e+01 4.733728333760028481e+08
1.905778729770844748e+01 4.770051912461100817e+08
1.913401844689928311e+01 4.742459531770622730e+08
1.921055452068688041e+01 4.428616806526169777e+08
1.928739673876962968e+01 4.536027958631811142e+08
1.936454632572470658e+01 4.435553489160458446e+08
1.944200451102760141e+01 4.261992754975458384e+08
1.951977252907171589e+01 4.370226007470273972e+08
1.959785161918800256e+01 4.133616783427006006e+08
1.967624302566475691e+01 4.127274611278859377e+08
1.991079942767366973e+01 3.988783054444825649e+08
