# Wavelength (micrometer), Flux (W / m2 / m)
1.000553076518779783e-01 1.746693432998539938e+05
1.004555288824854897e-01 1.271380135119271667e-12
1.008573509980154326e-01 1.962370379992207928e-12
1.012607804020075053e-01 1.878360923700776143e-12
1.016658235236155422e-01 2.128197507562378722e-12
1.020724868177099870e-01 1.342277078509754573e-09
1.024807767649808382e-01 4.022691986273844928e-11
1.028906998720407612e-01 9.107042981143093612e-12
1.033022626715289355e-01 3.064483957443034190e-09
1.037154717222150413e-01 6.477214661719119579e-12
1.041303336091038839e-01 8.814820391803357879e-12
1.045468549435403099e-01 1.355906529301683554e-10
1.049650423633144702e-01 8.253411503000254891e-13
1.053849025327677214e-01 4.716421866039336588e-10
1.058064421428987906e-01 3.209457687632299437e-12
1.062296679114703990e-01 8.063661412320046116e-10
1.066545865831162732e-01 2.853265859057863694e-10
1.070812049294487533e-01 5.744548025174379310e-11
1.075095297491665408e-01 1.072531907944722950e-08
1.079395678681632220e-01 7.737048242856754264e-11
1.083713261396358624e-01 5.795439304746443605e-09
1.088048114441943909e-01 2.648093478670996099e-09
1.092400306899711654e-01 1.192272811087017337e-06
1.096769908127310511e-01 4.697541676652489325e-09
1.101156987759819850e-01 6.020858362652742545e-09
1.105561615710859147e-01 6.232516634278536229e-07
1.109983862173702651e-01 9.404693406032460833e-08
1.114423797622397516e-01 2.129536634864762579e-08
1.118881492812886930e-01 5.054698309848118108e-09
1.123357018784138517e-01 2.444957270569535856e-08
1.127850446859275102e-01 2.226483659299441289e-05
1.132361848646712132e-01 9.617815335446782660e-06
1.136891296041298988e-01 7.707828844449656912e-06
1.141438861225464035e-01 9.268916714086641051e-06
1.146004616670366072e-01 7.345918051793194463e-06
1.150588635137047705e-01 7.286953676756264003e-06
1.155190989677595953e-01 3.539859862959227613e-06
1.159811753636306314e-01 1.277529830882117102e-05
1.164451000650851553e-01 1.712808514377864262e-06
1.169108804653455069e-01 1.845068890579726648e-06
1.173785239872068981e-01 1.074529203040607220e-05
1.178480380831557206e-01 2.396388980311794402e-05
1.183194302354883543e-01 1.706420905786839952e-05
1.187927079564302935e-01 1.580869561870924772e-06
1.192678787882560099e-01 3.663486326516172035e-06
1.197449503034090645e-01 2.866881511404699195e-06
1.202239301046226783e-01 4.699786338543681812e-08
1.207048258250411760e-01 7.769947349548297399e-07
1.211876451283413342e-01 8.560393063581101560e-08
1.216723957088547137e-01 2.459203633947484746e-10
1.221590852916901310e-01 7.248256665666370508e-07
1.226477216328568792e-01 2.404565262778356161e-06
1.231383125193883099e-01 7.430141889596433892e-08
1.236308657694658586e-01 1.221425406819897728e-06
1.241253892325437369e-01 5.724635513832637169e-07
1.246218907894739159e-01 2.430761316329980689e-08
1.251203783526317892e-01 1.816633755595245943e-07
1.256208598660423226e-01 5.429372419957208281e-06
1.261233433055065078e-01 3.742309562281472758e-06
1.266278366787285392e-01 3.531277512391032999e-08
1.271343480254434610e-01 3.774520548110883841e-06
1.276428854175452321e-01 1.209188065170994365e-06
1.281534569592154005e-01 1.776481034643930727e-07
1.286660707870522780e-01 1.936260963447049962e-06
1.291807350702004475e-01 3.849863591645821900e-06
1.296974580104812425e-01 3.734430282046690289e-06
1.302162478425231973e-01 3.101975680591250610e-08
1.307371128338932764e-01 2.987377158577622175e-06
1.312600612852288795e-01 2.081327923481872099e-05
1.317851015303697915e-01 1.260098333084590006e-06
1.323122419364912705e-01 1.820519732813613030e-05
1.328414909042372472e-01 3.241292300295880015e-05
1.333728568678542170e-01 1.194358716752371117e-05
1.339063482953256612e-01 1.584862795795298444e-07
1.344419736885069383e-01 1.261057846865522090e-05
1.349797415832609815e-01 2.926705118458053655e-05
1.355196605495940232e-01 1.776880227166995849e-05
1.360617391917924301e-01 3.282017103380347416e-05
1.366059861485595939e-01 4.513729178149511740e-06
1.371524100931538481e-01 1.506728778975601491e-07
1.377010197335264696e-01 1.210736880728504727e-06
1.382518238124605670e-01 2.255088076391626025e-04
1.388048311077104136e-01 5.149811732594689815e-05
1.393600504321412248e-01 1.430617879006328253e-06
1.399174906338697677e-01 8.543691539422360008e-07
1.404771605964052761e-01 1.233213898060564592e-04
1.410390692387908651e-01 9.664769843050292759e-06
1.416032255157460562e-01 4.271582025321532311e-04
1.421696384178090522e-01 1.367433466335007655e-07
1.427383169714803168e-01 5.297089990127567876e-05
1.433092702393662099e-01 5.155367259116178276e-03
1.438825073203236771e-01 2.781920515245241989e-04
1.444580373496049674e-01 2.725802437114028826e-03
1.450358694990033503e-01 1.718426546284754089e-04
1.456160129769993872e-01 6.703188901537334050e-03
1.461984770289073976e-01 1.554407252709462221e-02
1.467832709370230082e-01 1.085158060297495208e-03
1.473704040207710897e-01 6.591440750632233080e-03
1.479598856368541382e-01 2.402324645529086802e-05
1.485517251794015725e-01 2.160499980180237076e-03
1.491459320801191979e-01 6.576764276087369680e-03
1.497425158084396690e-01 7.881938606503132447e-04
1.503414858716734248e-01 5.057633736132480240e-02
1.509428518151600951e-01 2.305249994721109402e-03
1.515466232224207677e-01 1.316518651327932548e-05
1.521528097153104220e-01 1.509655607390630405e-04
1.527614209541716672e-01 6.046768162041549280e-08
1.533724666379883694e-01 2.785253729135414850e-07
1.539859565045403056e-01 7.797059287821351994e-08
1.546019003305584838e-01 5.740542550519666186e-10
1.552203079318807133e-01 3.590432639666615764e-09
1.558411891636082569e-01 2.867298231889493092e-09
1.564645539202626778e-01 2.000216547603311262e-09
1.570904121359437411e-01 3.743160999269347265e-09
1.577187737844875093e-01 2.470750322232720690e-09
1.583496488796254653e-01 5.866004930439289618e-09
1.589830474751439959e-01 1.903757784488913893e-08
1.596189796650445414e-01 5.777120198879172404e-09
1.602574555837047166e-01 7.800060767546456949e-09
1.608984854060395708e-01 1.603699948683379078e-08
1.615420793476636807e-01 1.600409189340695040e-08
1.621882476650543525e-01 2.400660991870451661e-08
1.628370006557145755e-01 2.409630413088997686e-08
1.634883486583374457e-01 3.433998348052621771e-08
1.641423020529707844e-01 5.027073789643264278e-08
1.647988712611826723e-01 5.109696791615508112e-08
1.654580667462274002e-01 2.971278555900341072e-08
1.661198990132123077e-01 9.142493797316348144e-08
1.667843786092651215e-01 9.558888470205863862e-08
1.674515161237022098e-01 1.804784904697158613e-07
1.681213221881969755e-01 5.372414467874547834e-07
1.687938074769497754e-01 3.101119533370470683e-07
1.694689827068575905e-01 3.707202088585221635e-06
1.701468586376850278e-01 1.707906703781491711e-06
1.708274460722357391e-01 2.039904597744140674e-06
1.715107558565246715e-01 2.704751650034982540e-06
1.721967988799507909e-01 2.360130856137349549e-06
1.728855860754705820e-01 4.529418182160109859e-06
1.735771284197724640e-01 2.604784717343575589e-06
1.742714369334515678e-01 1.955540196841302633e-06
1.749685226811853456e-01 1.980126080710714487e-05
1.756683967719100681e-01 4.734546520351083645e-06
1.763710703589977391e-01 5.001157046720537458e-05
1.770765546404337309e-01 8.605795678245500087e-05
1.777848608589954471e-01 6.620951660228594914e-06
1.784960003024314568e-01 1.568812491350792297e-04
1.792099843036411844e-01 8.973589773068087053e-05
1.799268242408557650e-01 8.708553019712285631e-05
1.806465315378191772e-01 7.272355627581443506e-04
1.813691176639704306e-01 2.597160241097602138e-05
1.820945941346263086e-01 1.983761492540454016e-04
1.828229725111648329e-01 7.236896639490868069e-04
1.835542644012094771e-01 1.893177297762080343e-05
1.842884814588143239e-01 5.015827089140025702e-04
1.850256353846495561e-01 5.144434109627863891e-03
1.857657379261881403e-01 9.562666675537582789e-05
1.865088008778928996e-01 3.202242601897200159e-03
1.872548360814044743e-01 1.147458849131584345e-03
1.880038554257300876e-01 1.386496401609690410e-04
1.887558708474330049e-01 7.042822115838526936e-03
1.895108943308226879e-01 1.369312092554245434e-03
1.902689379081460019e-01 3.325351706621605240e-04
1.910300136597785636e-01 2.470622484904844846e-02
1.917941337144176972e-01 1.717866377708557974e-03
1.925613102492753359e-01 4.913581130389863168e-03
1.933315554902724498e-01 3.421380349513943736e-02
1.941048817122335568e-01 9.682556581610973073e-03
1.948813012390824828e-01 6.870218858593417702e-03
1.956608264440388156e-01 7.691279770973853680e-02
1.964434697498149418e-01 5.379453891939769625e-03
1.972292436288141937e-01 1.934998751424430244e-02
1.980181606033294406e-01 4.488290685313974654e-02
1.988102332457427346e-01 1.343200005855904253e-02
1.996054741787257336e-01 1.030195142444392288e-02
2.004038960754406518e-01 1.265954013821363362e-02
2.012055116597424309e-01 1.172105273352769261e-02
2.020103337063813842e-01 1.205093951336657851e-02
2.028183750412069219e-01 1.068426054558921715e-02
2.036296485413717494e-01 9.094717502294701050e-03
2.044441671355372303e-01 6.402090304007465940e-03
2.052619438040793887e-01 1.613864970135716129e-02
2.060829915792957157e-01 1.082098336425001486e-02
2.069073235456129201e-01 1.087730242436486285e-02
2.077349528397953449e-01 1.293950417930779181e-02
2.085658926511545219e-01 1.885702385614681370e-02
2.094001562217591150e-01 2.093404273862448442e-02
2.102377568466461677e-01 2.005320200521459525e-02
2.110787078740327671e-01 1.548925579285079235e-02
2.119230227055288740e-01 2.383492178733546615e-02
2.127707147963510126e-01 2.992469644449165592e-02
2.136217976555363773e-01 3.862432524670882106e-02
2.144762848461585492e-01 2.019478015140186225e-02
2.153341899855431840e-01 4.213424578804680215e-02
2.161955267454853669e-01 6.827002100403238571e-02
2.170603088524672986e-01 8.830875215961062064e-02
2.179285500878772042e-01 4.840451525038725472e-02
2.188002642882286852e-01 5.400343215212968784e-02
2.196754653453815986e-01 1.304748808656098491e-01
2.205541672067631020e-01 9.170704514544282537e-02
2.214363838755901703e-01 5.247686084649055838e-01
2.223221294110925284e-01 1.002227796773001584e-01
2.232114179287369160e-01 1.342241671746341236e+00
2.241042636004518529e-01 3.598274307716878839e-01
2.250006806548536520e-01 3.709413159541728788e+00
2.259006833774730438e-01 8.610156993868695041e-01
2.268042861109829667e-01 1.698735205822438754e+00
2.277115032554268836e-01 2.320196819644530173e+00
2.286223492684485714e-01 1.993270926534345788e+00
2.295368386655223802e-01 9.988415349282778521e+00
2.304549860201844658e-01 5.230075828633701240e-01
2.313768059642651864e-01 8.058858229214779456e+00
2.323023131881222503e-01 4.719972575013308358e+00
2.332315224408747223e-01 1.728301009598830618e+01
2.341644485306381973e-01 3.375431472588461901e+01
2.351011063247607502e-01 1.918298978907654107e+00
2.360415107500598020e-01 5.948640946119046191e+01
2.369856767930600405e-01 1.568874004391308530e+00
2.379336195002322851e-01 7.111915653754192590e+01
2.388853539782332114e-01 3.295069837057589979e+01
2.398408953941461863e-01 4.910353717184647167e+02
2.408002589757227141e-01 5.365989841381452834e+02
2.417634600116256582e-01 2.374714426505812881e+01
2.427305138516721306e-01 8.962500088017119424e+02
2.437014359070788505e-01 3.423001706170333591e+02
2.446762416507071713e-01 2.813885519286778617e+03
2.456549466173099938e-01 5.036476414456311090e+02
2.466375664037792625e-01 4.861797052725920594e+02
2.476241166693943785e-01 1.990427794523314731e+02
2.486146131360719436e-01 2.773913272551412490e+01
2.496090715886161993e-01 3.289665805247377648e+02
2.506075078749706586e-01 3.866303146307132010e+02
2.516099379064705155e-01 2.925610964609671782e+02
2.526163776580964138e-01 3.574371118451284133e+02
2.536268431687287994e-01 3.828265293940326501e+03
2.546413505414037437e-01 4.493772505494728648e+03
2.556599159435693491e-01 1.714683179429754455e+04
2.566825556073435988e-01 1.872553847081072672e+04
2.577092858297729827e-01 2.124270948391805359e+04
2.587401229730920682e-01 1.050578611103403273e+04
2.597750834649844576e-01 2.967663825776055819e+04
2.608141837988444123e-01 1.737010755225542744e+04
2.618574405340398092e-01 1.461509877552125254e+05
2.629048702961759298e-01 4.258839385703500593e+05
2.639564897773606367e-01 4.498889092826286796e+05
2.650123157364701054e-01 4.395941035346494173e+05
2.660723649994159445e-01 2.502932734717585845e+05
2.671366544594135917e-01 3.229672624633205123e+05
2.682052010772512096e-01 3.155684486399340676e+05
2.692780218815602478e-01 1.578917977930066409e+05
2.703551339690865030e-01 3.286192202251554700e+05
2.714365545049627904e-01 4.178204754815674823e+04
2.725223007229827243e-01 2.395730452613240777e+04
2.736123899258746106e-01 4.229105842707334523e+04
2.747068394855781692e-01 4.707292068921541068e+04
2.758056668435204806e-01 1.389276907556982478e+05
2.769088895108945403e-01 4.323680108149073203e+05
2.780165250689380918e-01 2.905723336324741831e+05
2.791285911692138466e-01 2.415597517218894500e+05
2.802451055338907038e-01 1.251605823276416777e+05
2.813660859560263017e-01 6.408172135794710630e+04
2.824915502998503469e-01 2.834649266176532547e+04
2.836215165010497197e-01 1.163587359906712300e+04
2.847560025670539119e-01 2.650340426578482493e+03
2.858950265773221866e-01 4.217743834108934607e+03
2.870386066836315142e-01 1.870812280582318999e+04
2.881867611103660631e-01 6.420835647562548547e+04
2.893395081548075787e-01 2.029513239675665973e+05
2.904968661874267610e-01 4.839721980566951097e+05
2.916588536521764197e-01 8.413150581967282342e+05
2.928254890667851273e-01 1.165873499414078426e+06
2.939967910230522619e-01 8.485319902045603376e+05
2.951727781871444911e-01 6.504056728779738769e+05
2.963534692998930908e-01 1.134154806615759851e+06
2.975388831770926501e-01 9.943886652930313721e+05
2.987290387098009981e-01 1.828684493946284754e+06
2.999239548646402409e-01 1.227542883237701841e+06
3.011236506840988536e-01 3.178937341581991874e+06
3.023281452868351593e-01 8.273807267456914997e+05
3.035374578679824742e-01 6.343248921187266707e+06
3.047516076994544187e-01 7.289195801161589101e+06
3.059706141302522830e-01 1.298394906732377782e+07
3.071944965867733357e-01 5.607815332454752177e+07
3.084232745731204095e-01 1.219670326203743964e+08
3.096569676714128194e-01 1.037298552367818505e+08
3.108955955420985018e-01 2.211021409203103185e+08
3.121391779242668751e-01 2.562253091518482864e+08
3.133877346359639215e-01 3.356246209988201857e+08
3.146412855745078230e-01 4.266546547069949508e+08
3.158998507168058190e-01 4.774679642932156920e+08
3.171634501196730627e-01 6.783889605468288660e+08
3.184321039201517545e-01 3.865061830171905160e+08
3.197058323358323295e-01 2.742322688179057240e+08
3.209846556651756444e-01 6.575945940023105145e+08
3.222685942878363852e-01 7.734408350351846218e+08
3.235576686649877520e-01 6.866525528478039503e+08
3.248518993396476984e-01 1.183210851863801241e+09
3.261513069370062801e-01 1.385567273966064453e+09
3.274559121647543369e-01 1.877239836542028666e+09
3.287657358134133401e-01 1.947203662862958431e+09
3.300807987566670154e-01 7.786021690272016525e+08
3.314011219516936890e-01 2.185067170676497936e+09
3.327267264395004642e-01 3.018133545757441998e+09
3.340576333452584534e-01 3.267792810673570633e+09
3.353938638786395088e-01 2.917082155440693378e+09
3.367354393341540630e-01 2.872299969298634529e+09
3.380823810914907468e-01 3.441039465065776825e+09
3.394347106158566718e-01 4.008907132005687714e+09
3.407924494583201014e-01 3.519592442184756756e+09
3.421556192561533982e-01 2.546055322155610561e+09
3.435242417331779707e-01 4.461184432403491735e+08
3.448983387001106626e-01 5.985698468276480436e+08
3.462779320549111417e-01 8.468229764753267765e+08
3.476630437831307319e-01 4.026233719440166950e+08
3.490536959582632992e-01 4.049267700366736054e+08
3.504499107420963600e-01 3.517450205691853046e+09
3.518517103850647421e-01 2.894824012835212231e+09
3.532591172266050239e-01 5.681330369573697090e+09
3.546721536955114717e-01 8.414985052376334190e+09
3.560908423102934761e-01 2.571220523444434643e+09
3.575152056795346533e-01 1.103179729638762474e+09
3.589452665022527800e-01 3.884832343504032135e+09
3.603810475682617254e-01 6.085878932941550255e+09
3.618225717585348278e-01 4.006398323373856068e+09
3.632698620455689364e-01 4.569676379912675858e+09
3.647229414937512293e-01 4.086239962003262520e+09
3.661818332597261971e-01 9.662286890207744598e+09
3.676465605927651259e-01 3.372436908171893120e+09
3.691171468351361895e-01 3.383425919757543087e+09
3.705936154224767076e-01 7.418426182121772766e+08
3.720759898841666247e-01 7.979754430781856179e+07
3.735642938437032656e-01 8.980869025156867504e+07
3.750585510190780902e-01 3.547424456825205684e+08
3.765587852231543908e-01 2.692709018328726292e+09
3.780650203640470441e-01 9.095014619087905884e+09
3.795772804455032068e-01 5.069390109231734276e+09
3.810955895672852312e-01 6.310307322517564774e+09
3.826199719255543585e-01 9.627622571530224085e+08
3.841504518132565771e-01 3.040442628452030659e+09
3.856870536205096456e-01 2.830179612054486275e+08
3.872298018349916715e-01 1.229015483576426268e+09
3.887787210423316320e-01 7.172532756194865704e+08
3.903338359265008939e-01 2.276138021355917931e+09
3.918951712702069545e-01 3.535789414227074623e+09
3.934627519552877928e-01 6.952998083113913536e+09
3.950366029631089404e-01 1.968998084088379288e+10
3.966167493749613859e-01 2.233173428661959076e+10
3.982032163724612550e-01 3.069847325663134003e+10
3.997960292379510450e-01 3.097457687266740417e+10
4.013952133549028578e-01 3.749534943385404205e+10
4.030007942083224659e-01 4.265933755404986572e+10
4.046127973851557647e-01 1.822517941713649368e+10
4.062312485746963908e-01 2.730566890217712021e+10
4.078561735689951728e-01 2.832426904951412964e+10
4.094875982632711353e-01 3.138113167907672119e+10
4.111255486563242245e-01 3.210236703945345688e+10
4.127700508509495880e-01 2.460790597908999252e+10
4.144211310543532978e-01 1.855288720318262863e+10
4.160788155785707931e-01 1.661302094324582291e+10
4.177431308408850463e-01 8.985335770689172745e+09
4.194141033642486138e-01 4.272532639942811489e+09
4.210917597777056320e-01 1.065243611446552634e+09
4.227761268168164221e-01 2.765271838724738359e+08
4.244672313240837602e-01 1.450689227921983004e+09
4.261651002493800910e-01 4.563494778658205032e+09
4.278697606503775730e-01 9.392655174479690552e+09
4.295812396929790666e-01 1.311074013491498947e+10
4.312995646517510107e-01 1.824275576516402817e+10
4.330247629103580187e-01 2.519652643377172089e+10
4.347568619619994745e-01 3.352893483716351700e+10
4.364958894098474596e-01 2.827265384172426605e+10
4.382418729674867897e-01 2.170027630010957718e+10
4.399948404593567730e-01 3.512781108014144135e+10
4.417548198211941890e-01 4.231189465361721039e+10
4.435218391004789873e-01 3.023966184652201843e+10
4.452959264568808750e-01 3.602245704216851807e+10
4.470771101627084021e-01 3.767530334296854401e+10
4.488654186033592119e-01 4.315715299718270111e+10
4.506608802777726241e-01 5.048745057140516663e+10
4.524635237988837710e-01 5.447705563705859375e+10
4.542733778940792333e-01 5.780451797941605377e+10
4.560904714056555065e-01 5.364816581647740936e+10
4.579148332912781894e-01 6.627461138319287872e+10
4.597464926244433370e-01 3.695577603663607788e+10
4.615854785949410899e-01 6.536284436354477692e+10
4.634318205093208576e-01 3.902205914836392212e+10
4.652855477913582227e-01 5.520757663085601807e+10
4.671466899825236219e-01 5.569820859323961639e+10
4.690152767424536906e-01 6.236161684434278870e+10
4.708913378494234969e-01 8.115780840123657227e+10
4.727749032008212171e-01 6.733592418042037201e+10
4.746660028136244769e-01 8.237412038986424255e+10
4.765646668248789131e-01 4.437344730858757782e+10
4.784709254921784560e-01 3.011040749608280945e+10
4.803848091941470555e-01 3.816271687144547272e+10
4.823063484309236815e-01 4.685716289913885498e+10
4.842355738246474361e-01 6.658407236360639191e+10
4.861725161199459966e-01 6.449046553754354095e+10
4.881172061844257226e-01 9.526138727969908142e+10
4.900696750091634302e-01 6.343952249420845032e+10
4.920299537092001074e-01 9.492201200797071838e+10
4.939980735240369625e-01 1.327913091653488312e+11
4.959740658181330253e-01 6.723667589601359558e+10
4.979579620814056362e-01 8.085440729864489746e+10
4.999497939297311566e-01 7.796901886592262268e+10
5.019495931054501758e-01 6.221126534786474609e+10
5.039573914778719965e-01 8.786417865336323547e+10
5.059732210437835054e-01 5.960561799533926392e+10
5.079971139279585435e-01 6.317390689752771759e+10
5.100291023836703852e-01 5.307695353146997070e+10
5.120692187932051054e-01 4.481705463489034271e+10
5.141174956683780550e-01 4.256603554240151215e+10
5.161739656510514473e-01 3.270500583303071213e+10
5.182386615136556074e-01 1.935242625072954178e+10
5.203116161597103329e-01 3.461092824099646759e+10
5.223928626243490303e-01 8.985411910221798706e+10
5.244824340748465152e-01 7.057068726636335754e+10
5.265803638111459239e-01 6.765875415826559448e+10
5.286866852663905103e-01 7.415573522837432861e+10
5.308014320074561088e-01 8.300359168776057434e+10
5.329246377354859288e-01 6.849523997239102173e+10
5.350563362864277916e-01 7.335242064741419983e+10
5.371965616315735881e-01 5.761146914687981415e+10
5.393453478780998456e-01 6.323428066301769257e+10
5.415027292696121819e-01 6.263528483215475464e+10
5.436687401866906466e-01 5.707160517889079285e+10
5.458434151474373941e-01 4.062743413128775024e+10
5.480267888080271321e-01 4.574630649358614349e+10
5.502188959632591247e-01 4.833078961164891052e+10
5.524197715471121928e-01 5.312143065562336731e+10
5.546294506333006025e-01 6.022898079026664734e+10
5.568479684358338400e-01 5.699585808103841400e+10
5.590753603095770519e-01 4.931648664773788452e+10
5.613116617508153716e-01 3.901914419714353180e+10
5.635569083978186899e-01 3.255122144793013000e+10
5.658111360314097560e-01 3.896869140323522949e+10
5.680743805755354980e-01 3.529836004966716766e+10
5.703466780978375672e-01 4.081933297834768677e+10
5.726280648102289872e-01 4.178648193971020508e+10
5.749185770694699160e-01 3.982002118752988434e+10
5.772182513777477375e-01 3.863409974168016815e+10
5.795271243832587071e-01 4.351995987602451324e+10
5.818452328807918184e-01 4.034254806322049713e+10
5.841726138123150003e-01 3.194924635455536652e+10
5.865093042675643131e-01 1.508661026004906082e+10
5.888553414846344758e-01 1.194690395717996120e+09
5.912107628505729462e-01 7.001316014803092957e+09
5.935756059019753339e-01 2.211687704759536362e+10
5.959499083255832552e-01 2.783662665101759338e+10
5.983337079588855190e-01 3.510627265650751495e+10
6.007270427907210886e-01 4.214899144849056244e+10
6.031299509618840426e-01 5.127621177406223297e+10
6.055424707657315331e-01 6.301407768700125122e+10
6.079646406487945187e-01 7.626072342309718323e+10
6.103964992113897203e-01 8.430732399483148193e+10
6.128380852082353503e-01 1.027269668980717316e+11
6.152894375490681744e-01 8.915377553122123718e+10
6.177505952992645710e-01 5.437539263853824615e+10
6.202215976804615893e-01 4.662135819730043793e+10
6.227024840711834486e-01 3.692167100720274353e+10
6.251932940074681477e-01 4.721366889847203827e+10
6.276940671834980723e-01 5.587716908645774078e+10
6.302048434522321552e-01 6.823639498003073883e+10
6.327256628260409244e-01 8.707632646841459656e+10
6.352565654773452142e-01 9.226903366805862427e+10
6.377975917392545435e-01 7.128431378743263245e+10
6.403487821062116003e-01 1.098530333465737915e+11
6.429101772346363930e-01 1.583176021111471252e+11
6.454818179435749537e-01 1.947740730065987854e+11
6.480637452153492628e-01 2.084729582275509033e+11
6.506560001962106154e-01 2.286796523850133667e+11
6.532586241969955410e-01 2.651122075249890747e+11
6.558716586937833881e-01 1.781710971310727844e+11
6.584951453285585732e-01 1.621478000548849792e+11
6.611291259098727169e-01 1.356280636962373352e+11
6.637736424135122215e-01 1.136004354058353577e+11
6.664287369831662922e-01 1.035890771780149689e+11
6.690944519310989547e-01 9.813232002336708069e+10
6.717708297388232941e-01 9.939704213656643677e+10
6.744579130577786907e-01 1.072794766764029694e+11
6.771557447100098326e-01 1.306818240199808807e+11
6.798643676888498355e-01 1.239027571313845978e+11
6.825838251596052508e-01 1.272650967376648560e+11
6.853141604602436265e-01 1.109363392764552307e+11
6.880554171020846210e-01 9.314042054708525085e+10
6.908076387704928933e-01 8.740531304629980469e+10
6.935708693255748791e-01 1.251095562196204987e+11
6.963451528028771209e-01 1.674394124278809509e+11
6.991305334140887062e-01 1.875159434829812927e+11
7.019270555477450380e-01 2.448626414183946838e+11
7.047347637699360456e-01 3.993073322664889526e+11
7.075537028250157290e-01 2.772225949444556274e+11
7.103839176363159202e-01 2.165430500133104248e+11
7.132254533068611568e-01 1.879219827264709167e+11
7.160783551200886610e-01 2.103153177404667053e+11
7.189426685405689854e-01 2.562099055317491455e+11
7.218184392147313222e-01 2.468217636450582886e+11
7.247057129715901436e-01 3.282008531289257812e+11
7.276045358234763949e-01 3.759235913221372070e+11
7.305149539667704639e-01 4.782856176299003906e+11
7.334370137826373703e-01 5.712755925460925293e+11
7.363707618377679509e-01 6.196391706347452393e+11
7.393162448851190449e-01 6.404627340639073486e+11
7.422735098646596752e-01 6.298206272997377930e+11
7.452426039041182282e-01 5.767452542090959473e+11
7.482235743197346300e-01 6.179477367154466553e+11
7.512164686170136330e-01 6.134064195150473633e+11
7.542213344914817652e-01 6.669071434056712646e+11
7.572382198294477229e-01 6.666085450405764160e+11
7.602671727087656484e-01 5.572327326763063965e+11
7.633082413996006288e-01 4.080782266149063110e+11
7.663614743651989691e-01 6.535360410516460419e+10
7.694269202626597970e-01 8.201019265551037598e+10
7.725046279437104424e-01 2.960846228368666382e+11
7.755946464554852593e-01 4.116754194016023560e+11
7.786970250413072225e-01 4.670299165936643677e+11
7.818118131414724115e-01 5.627349248032724609e+11
7.849390603940383793e-01 4.389420146816822510e+11
7.880788166356144098e-01 5.063185387715635376e+11
7.912311319021569922e-01 4.469018986449541016e+11
7.943960564297655180e-01 5.163965719604775391e+11
7.975736406554845281e-01 5.180661813286238403e+11
8.007639352181065151e-01 5.941065957745924072e+11
8.039669909589789443e-01 6.992074338996661377e+11
8.071828589228148276e-01 8.413356602075457764e+11
8.104115903585061842e-01 9.509199236438306885e+11
8.136532367199402760e-01 1.111353871352632080e+12
8.169078496668199518e-01 1.081975487484602661e+12
8.201754810654874328e-01 7.883882916692248535e+11
8.234561829897493190e-01 1.084923535343564697e+12
8.267500077217083687e-01 1.082478100377215820e+12
8.300570077525952772e-01 9.339903880206787109e+11
8.333772357836056743e-01 1.048017573971078003e+12
8.367107447267401188e-01 9.980769392406259766e+11
8.400575877056470908e-01 1.042211322518740112e+12
8.434178180564695371e-01 8.090057852682731934e+11
8.467914893286955236e-01 5.300357937977532349e+11
8.501786552860102208e-01 6.168210212921616211e+11
8.535793699071543283e-01 6.292407119547141113e+11
8.569936873867830540e-01 7.293541009228032227e+11
8.604216621363300899e-01 8.186404284147239990e+11
8.638633487848753623e-01 8.771798695606751709e+11
8.673188021800150027e-01 1.016997624210521973e+12
8.707880773887352044e-01 9.317038402673455811e+11
8.742712296982900755e-01 1.019191151010547852e+12
8.777683146170831563e-01 1.192452344227743408e+12
8.812793878755513788e-01 1.297197523239967285e+12
8.848045054270535781e-01 1.383269851694649170e+12
8.883437234487617795e-01 9.933314617419222412e+11
8.918970983425568155e-01 1.307895723952641602e+12
8.954646867359271623e-01 1.117836784436304688e+12
8.990465454828707736e-01 1.313056095345817383e+12
9.026427316648023558e-01 1.161866708659792236e+12
9.062533025914615292e-01 1.177977931669637695e+12
9.098783158018273198e-01 1.317332905446747314e+12
9.135178290650346478e-01 1.398922604976561768e+12
9.171719003812948134e-01 1.543224239069348877e+12
9.208405879828199803e-01 1.609145518654387695e+12
9.245239503347512100e-01 1.544250606645786865e+12
9.282220461360901620e-01 1.532720813894392334e+12
9.319349343206346781e-01 1.445548410282313477e+12
9.356626740579171431e-01 1.487587000858528809e+12
9.394053247541488405e-01 1.495600151658701660e+12
9.431629460531654185e-01 1.572256472905305176e+12
9.469355978373780180e-01 1.690103558639316895e+12
9.507233402287275092e-01 1.730389224787447021e+12
9.545262335896426142e-01 1.791152124109951904e+12
9.583443385240012491e-01 1.778463389681818115e+12
9.621777158780971950e-01 1.810836570580661865e+12
9.660264267416096562e-01 1.843117798396448975e+12
9.698905324485760371e-01 1.893873565310447998e+12
9.737700945783701600e-01 1.587165121698415039e+12
9.776651749566835914e-01 1.578596632249064697e+12
9.815758356565105203e-01 1.573047074159119141e+12
9.855021389991363012e-01 1.529024637387210938e+12
9.894441475551331022e-01 1.385068497290250244e+12
9.934019241453534432e-01 1.011250567561603149e+12
9.973755318419349480e-01 1.220349963533109131e+12
1.001365033969302543e+00 1.231726344204314209e+12
1.005370494105179757e+00 1.209532424890915039e+12
1.009391976081600362e+00 1.328292547604841553e+12
1.013429543985926884e+00 1.423125349449898926e+12
1.017483262161870350e+00 1.458407311099259766e+12
1.021553195210518128e+00 1.527995303512864746e+12
1.025639407991360219e+00 1.472841504205486572e+12
1.029741965623325539e+00 1.458018636806207031e+12
1.033860933485818867e+00 1.489297548612435791e+12
1.037996377219762012e+00 1.654010752510390381e+12
1.042148362728641198e+00 1.662080192015415527e+12
1.046316956179555557e+00 1.785144024769873779e+12
1.050502224004274066e+00 1.757132126671813477e+12
1.054704232900291139e+00 1.841720647876244629e+12
1.058923049831892227e+00 1.810582879938076660e+12
1.063158742031219628e+00 1.819774464209006836e+12
1.067411376999344741e+00 1.762973402235280029e+12
1.071681022507342096e+00 1.781282013989279297e+12
1.075967746597371377e+00 1.896129366714102539e+12
1.080271617583760779e+00 1.887083879979720215e+12
1.084592704054095913e+00 1.963788186883924316e+12
1.088931074870312044e+00 1.947698438862498535e+12
1.093286799169793433e+00 1.937159078522628174e+12
1.097659946366472461e+00 1.838175653454829834e+12
1.102050586151938294e+00 1.811159910105124756e+12
1.106458788496546219e+00 1.727051447449116211e+12
1.110884623650532532e+00 1.736268290803269287e+12
1.115328162145134749e+00 1.825054485529769043e+12
1.119789474793714934e+00 1.805558570204694092e+12
1.124268632692889902e+00 1.883119259862091797e+12
1.128765707223661430e+00 1.895000215338037109e+12
1.133280770052556230e+00 1.856330794332317383e+12
1.137813893132766374e+00 1.546853777727202881e+12
1.142365148705297484e+00 1.600478289823651611e+12
1.146934609300118479e+00 1.932280514472436035e+12
1.151522347737319096e+00 1.987780166070126221e+12
1.156128437128268516e+00 1.964042688235669922e+12
1.160752950876781542e+00 1.956609533933520752e+12
1.165395962680288999e+00 1.990862201932369629e+12
1.170057546531009907e+00 1.661264238917696289e+12
1.174737776717134086e+00 1.782582259258763672e+12
1.179436727824002773e+00 1.514359664604331787e+12
1.184154474735298557e+00 1.859780973842835693e+12
1.188891092634239977e+00 1.959269351075408203e+12
1.193646657004777012e+00 1.962259307715689453e+12
1.198421243632796118e+00 1.788098806027568359e+12
1.203214928607327261e+00 1.836959370093068359e+12
1.208027788321756724e+00 1.951227230618053955e+12
1.212859899475043468e+00 1.885410058097726562e+12
1.217711339072943710e+00 1.978272953844161133e+12
1.222582184429235275e+00 1.927915120995045898e+12
1.227472513166952384e+00 2.029176496822036865e+12
1.232382403219620226e+00 2.009217114287642578e+12
1.237311932832498407e+00 1.992927459837204834e+12
1.242261180563828615e+00 1.557113750350246582e+12
1.247230225286083849e+00 1.899956505036411133e+12
1.252219146187228072e+00 1.533141965994976074e+12
1.257228022771976983e+00 1.892099625676033936e+12
1.262256934863064783e+00 1.889759959684771484e+12
1.267305962602517155e+00 1.966277805517074219e+12
1.272375186452927354e+00 1.953646853275356445e+12
1.277464687198738957e+00 1.976172767977246094e+12
1.282574545947533950e+00 2.002881553068832764e+12
1.287704844131324133e+00 1.852180288624115479e+12
1.292855663507849417e+00 1.858835756143172852e+12
1.298027086161880783e+00 1.901672152327004639e+12
1.303219194506528344e+00 1.929452981940422119e+12
1.308432071284554521e+00 1.888009844211143066e+12
1.313665799569692760e+00 1.934305064974857910e+12
1.318920462767971591e+00 1.922558010111898193e+12
1.324196144619043336e+00 1.821238131816514404e+12
1.329492929197519491e+00 1.693673133152960693e+12
1.334810900914309650e+00 1.306618066225940674e+12
1.340150144517967101e+00 1.245738907344489990e+12
1.345510745096038852e+00 1.207626478865966553e+12
1.350892788076423212e+00 1.196258093296693848e+12
1.356296359228728932e+00 1.134431427124322510e+12
1.361721544665643879e+00 1.145467882273185303e+12
1.367168430844306393e+00 1.184554672599307617e+12
1.372637104567683730e+00 1.160053099811276367e+12
1.378127652985954299e+00 1.220379303898127441e+12
1.383640163597898098e+00 1.203403887627228271e+12
1.389174724252289828e+00 1.156115771324436035e+12
1.394731423149298877e+00 1.115448150380672607e+12
1.400310348841896202e+00 1.074073033813844849e+12
1.405911590237263642e+00 1.089672286651760132e+12
1.411535236598212784e+00 1.000731397180257202e+12
1.417181377544605603e+00 9.642426226298718262e+11
1.422850103054784210e+00 9.724257445716564941e+11
1.428541503467003038e+00 9.555292313731021729e+11
1.434255669480871243e+00 9.561859740204982910e+11
1.439992692158794885e+00 9.782470732101898193e+11
1.445752662927429988e+00 9.989095502050639648e+11
1.451535673579139596e+00 1.002528348356151855e+12
1.457341816273456159e+00 1.055001654613750610e+12
1.463171183538549913e+00 1.003572052318074463e+12
1.469023868272704147e+00 9.811421579785439453e+11
1.474899963745795128e+00 1.004861275045608032e+12
1.480799563600778246e+00 1.019641748154473145e+12
1.486722761855181485e+00 1.017569310747387939e+12
1.492669652902602007e+00 1.033489862550129150e+12
1.498640331514212276e+00 1.042736376865358643e+12
1.504634892840269300e+00 1.067671857231675659e+12
1.510653432411630304e+00 1.075056309654561157e+12
1.516696046141276843e+00 1.087355154391563477e+12
1.522762830325842032e+00 1.121626915917058105e+12
1.528853881647145307e+00 1.133642235026228516e+12
1.534969297173733649e+00 1.134028678320377686e+12
1.541109174362428780e+00 1.137787493004393311e+12
1.547273611059878373e+00 1.175870162540901123e+12
1.553462705504118135e+00 1.191694232537377686e+12
1.559676556326134556e+00 1.192700281223874756e+12
1.565915262551438980e+00 1.224272021058798828e+12
1.572178923601644795e+00 1.233254661545251465e+12
1.578467639296051495e+00 1.270309964310800049e+12
1.584781509853235626e+00 1.285216978537142090e+12
1.591120635892648405e+00 1.287648196819430908e+12
1.597485118436219098e+00 1.310951989347750977e+12
1.603875058909963958e+00 1.323234844928095703e+12
1.610290559145603595e+00 1.328606767856697510e+12
1.616731721382186127e+00 1.342429170722418945e+12
1.623198648267714761e+00 1.354156310594214355e+12
1.629691442860785600e+00 1.370204638042561279e+12
1.636210208632228769e+00 1.393864477461113525e+12
1.642755049466757766e+00 1.401588387004377197e+12
1.649326069664624805e+00 1.408997589790803711e+12
1.655923373943283039e+00 1.419821940724167969e+12
1.662547067439056336e+00 1.420088632224375732e+12
1.669197255708812611e+00 1.429219994073564453e+12
1.675874044731648027e+00 1.436440964515986572e+12
1.682577540910574321e+00 1.428263489537284668e+12
1.689307851074216771e+00 1.397835013213629883e+12
1.696065082478513508e+00 1.365494052047282227e+12
1.702849342808427480e+00 1.332844800619063232e+12
1.709660740179661298e+00 1.274569801907024902e+12
1.716499383140379864e+00 1.175927863261743408e+12
1.723365380672941427e+00 1.163110556468636230e+12
1.730258842195633306e+00 1.121762366645865723e+12
1.737179877564415831e+00 1.056267379029612915e+12
1.744128597074673603e+00 1.023203803255244629e+12
1.751105111462972097e+00 9.881536622926041260e+11
1.758109531908824241e+00 9.186289488742039795e+11
1.765141970036459451e+00 8.878455175350698242e+11
1.772202537916605314e+00 8.500318178423437500e+11
1.779291348068271716e+00 7.856642712124014893e+11
1.786408513460544745e+00 7.699429180347529297e+11
1.793554147514387020e+00 7.337968510065234375e+11
1.800728364104444257e+00 7.211326856946284180e+11
1.807931277560862249e+00 6.725561606276600342e+11
1.815163002671105641e+00 6.983894363886958008e+11
1.822423654681789795e+00 6.801472074491608887e+11
1.829713349300517100e+00 6.613819192418977051e+11
1.837032202697718830e+00 6.612058865254468994e+11
1.844380331508509885e+00 6.041596014090699463e+11
1.851757852834543527e+00 5.926820933212962646e+11
1.859164884245881888e+00 5.166128428879982300e+11
1.866601543782865358e+00 5.731400546490925293e+11
1.874067949957996859e+00 5.696407158661656494e+11
1.881564221757828781e+00 5.867735741988251953e+11
1.889090478644860127e+00 6.064597971909254150e+11
1.896646840559439662e+00 6.160664875910272217e+11
1.904233427921677269e+00 6.213009254330841064e+11
1.911850361633363971e+00 6.324005568706357422e+11
1.919497763079897279e+00 6.135401831516036377e+11
1.927175754132217200e+00 6.103904219383756104e+11
1.934884457148745796e+00 6.108949852635821533e+11
1.942623994977340729e+00 5.653371441740845947e+11
1.950394490957250149e+00 5.949788784757564697e+11
1.958196068921079336e+00 5.829757475046494141e+11
1.966028853196763793e+00 5.843403549625894775e+11
1.973892968609550991e+00 5.612773054448320312e+11
1.981788540483989447e+00 5.438611090963176880e+11
1.989715694645925126e+00 5.435612872305778809e+11
1.997674557424508723e+00 5.399688168192294922e+11
2.005665255654207169e+00 5.364549055006069946e+11
2.013687916676823786e+00 5.312497813694707031e+11
2.021742668343530891e+00 5.491211001194083862e+11
2.029829639016905052e+00 5.390253509405274658e+11
2.037948957572972564e+00 5.452059501861414795e+11
2.046100753403264694e+00 5.480950977558911133e+11
2.054285156416877811e+00 5.650882618311184082e+11
2.062502297042545507e+00 5.619755215903259277e+11
2.070752306230715600e+00 5.755806039173312988e+11
2.079035315455638244e+00 5.817347212866138916e+11
2.087351456717461140e+00 5.816894646321889648e+11
2.095700862544330967e+00 5.946686165195065918e+11
2.104083665994508134e+00 6.100957639192668457e+11
2.112500000658485977e+00 6.166273294837778320e+11
2.120950000661120161e+00 6.231349847880023193e+11
2.129433800663764753e+00 6.207136973922670898e+11
2.137951535866419839e+00 6.313372809559056396e+11
2.146503342009885351e+00 6.494192444339560547e+11
2.155089355377924676e+00 6.500735552394084473e+11
2.163709712799436691e+00 6.589339068152244873e+11
2.172364551650634468e+00 6.626539871367167969e+11
2.181054009857236853e+00 6.619649373478852539e+11
2.189778225896665376e+00 6.646891284211735840e+11
2.198537338800252705e+00 6.715962465011535645e+11
2.207331488155453325e+00 6.497965185408067627e+11
2.216160814108075083e+00 6.719870392190377197e+11
2.225025457364507631e+00 6.747528913563166504e+11
2.233925559193965515e+00 6.734568484842226562e+11
2.242861261430741493e+00 6.755783791514589844e+11
2.251832706476463830e+00 6.696837287298583984e+11
2.260840037302370042e+00 6.623787772901794434e+11
2.269883397451579299e+00 6.643164199868259277e+11
2.278962931041386142e+00 6.581048101100354004e+11
2.288078782765551100e+00 6.604052545233521729e+11
2.297231097896613505e+00 5.444836489333643799e+11
2.306420022288200311e+00 5.865502815103603516e+11
2.315645702377353121e+00 5.817334818824692383e+11
2.324908285186861878e+00 5.055350770035229492e+11
2.334207918327609654e+00 5.270043282139998779e+11
2.343544750000919663e+00 5.289661199872313232e+11
2.352918929000923143e+00 4.696559243806083984e+11
2.362330604716927240e+00 4.760841851931809692e+11
2.371779927135795329e+00 4.945187075606763306e+11
2.381267046844337987e+00 4.509969335304988403e+11
2.390792115031715070e+00 4.383039339620939331e+11
2.400355283491842240e+00 4.388383073503588257e+11
2.409956704625809465e+00 4.022163467462071533e+11
2.419596531444312859e+00 3.930178051182669678e+11
2.429274917570089620e+00 3.673797528875380859e+11
2.438992017240370291e+00 3.494098498688432617e+11
2.448747985309331465e+00 3.271999612301950684e+11
2.458542977250568917e+00 3.175765274376390381e+11
2.468377149159570738e+00 3.072535477501586304e+11
2.478250657756209563e+00 2.716886969172539673e+11
2.488163660387234355e+00 2.734816806595060730e+11
2.498116315028783063e+00 2.697313687046691589e+11
2.508108780288898387e+00 2.383694236897087708e+11
2.518141215410053757e+00 2.385693587684523315e+11
2.528213780271693967e+00 2.232771272848878784e+11
2.538326635392781139e+00 2.195096011338685608e+11
2.548479941934351789e+00 2.179838012836545105e+11
2.558673861702089436e+00 2.136876923298829346e+11
2.568908557148898097e+00 2.186763417634274292e+11
2.579184191377493551e+00 2.033285418882342529e+11
2.589500928143003478e+00 2.159134249811942444e+11
2.599858931855575594e+00 2.194874807453959656e+11
2.610258367582998229e+00 2.262042017014059753e+11
2.620699401053329769e+00 2.184427559453328857e+11
2.631182198657543214e+00 2.199141630130978088e+11
2.641706927452173392e+00 2.226327030809970093e+11
2.652273755161981938e+00 2.341791143793816833e+11
2.662882850182629824e+00 2.345960106118952942e+11
2.673534381583360542e+00 2.073269130206323242e+11
2.684228519109693956e+00 2.054188984394510193e+11
2.694965433186132575e+00 1.922247155741928711e+11
2.705745294918877164e+00 1.901342190006028442e+11
2.716568276098552559e+00 1.842992837232079773e+11
2.727434549202946812e+00 1.783539887512324829e+11
2.738344287399758326e+00 1.742115624308312073e+11
2.749297664549357201e+00 1.782290939302644958e+11
2.760294855207554576e+00 1.782530058182044983e+11
2.771336034628385292e+00 1.699243685613876343e+11
2.782421378766898545e+00 1.619099000003170166e+11
2.793551064281966312e+00 1.709370300998546448e+11
2.804725268539093985e+00 1.562443259803656921e+11
2.815944169613250558e+00 1.543581990213920288e+11
2.827207946291703244e+00 1.683990213473365173e+11
2.838516778076869862e+00 1.518919548358081055e+11
2.849870845189177437e+00 1.519328442197779236e+11
2.861270328569933685e+00 1.592997468324322205e+11
2.872715409884213589e+00 1.534417957184306030e+11
2.884206271523750420e+00 1.527104185977106934e+11
2.895743096609845413e+00 1.567593862722299500e+11
2.907326068996284985e+00 1.430205012195055237e+11
2.918955373272270393e+00 1.463153861108063049e+11
2.930631194765359826e+00 1.497650566665523071e+11
2.942353719544420709e+00 1.432874401116551819e+11
2.954123134422598440e+00 1.461389467249549561e+11
2.965939626960289122e+00 1.419769838725646667e+11
2.977803385468130504e+00 1.480669573694962158e+11
2.989714599010003138e+00 1.425870864014391174e+11
3.001673457406043077e+00 1.445435726860501404e+11
3.013680151235667015e+00 1.465129453836479797e+11
3.025734871840609408e+00 1.379048317695297852e+11
3.037837811327972037e+00 1.501588795610083923e+11
3.049989162573283785e+00 1.394468442755575256e+11
3.062189119223576395e+00 1.496765357225356140e+11
3.074437875700470890e+00 1.440098629342482300e+11
3.086735627203272880e+00 1.442037570684208679e+11
3.099082569712085622e+00 1.485831173970272522e+11
3.111478899990933744e+00 1.420869652958165283e+11
3.123924815590897186e+00 1.478614906859467163e+11
3.136420514853261121e+00 1.459897320858750000e+11
3.148966196912674320e+00 1.465814192723279114e+11
3.161562061700325277e+00 1.485317683194707947e+11
3.174208309947126327e+00 1.432304879995448303e+11
3.186905143186915090e+00 1.544664009465539856e+11
3.199652763759662566e+00 1.397280730513471375e+11
3.212451374814701222e+00 1.532609496207589722e+11
3.225301180313960625e+00 1.498426929476771240e+11
3.238202385035215958e+00 1.485193963861885681e+11
3.251155194575356955e+00 1.536240112132426758e+11
3.264159815353658622e+00 1.529805903235166626e+11
3.277216454615073271e+00 1.509773230961875305e+11
3.290325320433533207e+00 1.526925693902880249e+11
3.303486621715267635e+00 1.532152137177745972e+11
3.316700568202128441e+00 1.507959355988308411e+11
3.329967370474937294e+00 1.583913909505810242e+11
3.343287239956836743e+00 1.485491608111547241e+11
3.356660388916663962e+00 1.528691212432891846e+11
3.370087030472330714e+00 1.547073461433969116e+11
3.383567378594220187e+00 1.507709960035733948e+11
3.397101648108596716e+00 1.526507176301472473e+11
3.410690054701031482e+00 1.511506323621419678e+11
3.424332814919834878e+00 1.517012664364927673e+11
3.438030146179514634e+00 1.512608590762965088e+11
3.451782266764232610e+00 1.516749096752267761e+11
3.465589395831289998e+00 1.528920231636446228e+11
3.479451753414614767e+00 1.511760885051842346e+11
3.493369560428273068e+00 1.460600123902896729e+11
3.507343038669985980e+00 1.544150279756869202e+11
3.521372410824665788e+00 1.473491670959001465e+11
3.535457900467964709e+00 1.493919696427159729e+11
3.549599732069836477e+00 1.490493787177620544e+11
3.563798130998116154e+00 1.482834747482125549e+11
3.578053323522108364e+00 1.484438311993973999e+11
3.592365536816196858e+00 1.491818681585363159e+11
3.606734998963461614e+00 1.480069150815161438e+11
3.621161938959315041e+00 1.465338943065563354e+11
3.635646586715152839e+00 1.466772900790487366e+11
3.650189173062013293e+00 1.464248074072381897e+11
3.664789929754260545e+00 1.463127776550697632e+11
3.679449089473277645e+00 1.439824466950026855e+11
3.694166885831170699e+00 1.441444394037911682e+11
3.708943553374495661e+00 1.464335384980049133e+11
3.723779327587993571e+00 1.461497431522640991e+11
3.738674444898345328e+00 1.410879213455810547e+11
3.753629142677938901e+00 1.450828947684198303e+11
3.768643659248651190e+00 1.420344342073753967e+11
3.783718233885645432e+00 1.447911133681026917e+11
3.798853106821188153e+00 1.425866362911731262e+11
3.814048519248473657e+00 1.416466088275445862e+11
3.829304713325467180e+00 1.370728626220042419e+11
3.844621932178768908e+00 1.390661225581319580e+11
3.860000419907484215e+00 1.398272801002576294e+11
3.875440421587113882e+00 1.373090639746869049e+11
3.890942183273462529e+00 1.351715829013039551e+11
3.906505952006555926e+00 1.344726717288348694e+11
3.922131975814582727e+00 1.334591452506293945e+11
3.937820503717840648e+00 1.310263286512656097e+11
3.953571785732711508e+00 1.280428057079709625e+11
3.969386072875642490e+00 1.255892510806198730e+11
3.985263617167145167e+00 1.211548339684703064e+11
4.001204671635814059e+00 1.191993618467481689e+11
4.017209490322357190e+00 1.177595428386816406e+11
4.033278328283646630e+00 1.141567864751500092e+11
4.049411441596781458e+00 1.087796174967087555e+11
4.065609087363168506e+00 1.083661479145607147e+11
4.081871523712622185e+00 1.005152019782819519e+11
4.098199009807472315e+00 1.024314128068216095e+11
4.114591805846702144e+00 9.911000675281777954e+10
4.131050173070089038e+00 9.677405810133938599e+10
4.147574373762369149e+00 9.786751426142140198e+10
4.164164671257418959e+00 9.077182757501266479e+10
4.180821329942449260e+00 9.179124840789431763e+10
4.197544615262219558e+00 9.037279377199072266e+10
4.214334793723269357e+00 8.456366294365197754e+10
4.231192132898162761e+00 8.510635035574661255e+10
4.248116901429755288e+00 7.672695678877029419e+10
4.265109369035473996e+00 7.681385764471612549e+10
4.282169806511615384e+00 7.638960215234175110e+10
4.299298485737661935e+00 7.192839393674874878e+10
4.316495679680612874e+00 7.099122986087683105e+10
4.333761662399335357e+00 6.789334266211746979e+10
4.351096709048932532e+00 6.512340266709909821e+10
4.368501095885127583e+00 6.194743135653292847e+10
4.385975100268668214e+00 6.002328627326828766e+10
4.403519000669743555e+00 5.756614985434107971e+10
4.421133076672422391e+00 5.649682188870450592e+10
4.438817608979111817e+00 5.395154847493788910e+10
4.456572879415028332e+00 5.378133792082240295e+10
4.474399170932688463e+00 5.107329719794818115e+10
4.492296767616419828e+00 5.093060627798661041e+10
4.510265954686884626e+00 5.065098737514777374e+10
4.528307018505633330e+00 4.844959470264975739e+10
4.546420246579655711e+00 4.899287438609820557e+10
4.564605927565974497e+00 4.632818174203665161e+10
4.582864351276237258e+00 4.840276000835208130e+10
4.601195808681342925e+00 4.763815847627043152e+10
4.619600591916067422e+00 4.699811562477537537e+10
4.638078994283731937e+00 4.666708067038854218e+10
4.656631310260867629e+00 4.783249799581726837e+10
4.675257835501911430e+00 4.584225192668517303e+10
4.693958866843916944e+00 4.781068120836685181e+10
4.712734702311292878e+00 4.521913134595705414e+10
4.731585641120538810e+00 4.558299141156056976e+10
4.750511983685020923e+00 4.502530334506491089e+10
4.769514031619761063e+00 4.239159479890255737e+10
4.788592087746240011e+00 4.187506059529303741e+10
4.807746456097224730e+00 4.263713443348206329e+10
4.826977441921613377e+00 4.188192834407685852e+10
4.846285351689299858e+00 4.122069129648630524e+10
4.865670493096057925e+00 4.044704448851902771e+10
4.885133175068442135e+00 3.956875210214013672e+10
4.904673707768715474e+00 3.884443482916885376e+10
4.924292402599791174e+00 3.833357151652485657e+10
4.943989572210189642e+00 3.745768620456751251e+10
4.963765530499030021e+00 3.555238394431092072e+10
4.983620592621027079e+00 3.854344964504133606e+10
5.003555074991511198e+00 3.540646759368103790e+10
5.023569295291476777e+00 3.359679357196970367e+10
5.043663572472643075e+00 3.570429404857024384e+10
5.063838226762532813e+00 3.463456956611373138e+10
5.084093579669583640e+00 3.365205927155503082e+10
5.104429953988261381e+00 3.464406307254901886e+10
5.124847673804215020e+00 3.321045951368066788e+10
5.145347064499431688e+00 3.420048082783526993e+10
5.165928452757428957e+00 3.228066515612529373e+10
5.186592166568458673e+00 3.438835677077519989e+10
5.207338535234733001e+00 3.189070997241646576e+10
5.228167889375671784e+00 3.323814177834260941e+10
5.249080560933174766e+00 3.156354056284279633e+10
5.270076883176907145e+00 3.173420980097432327e+10
5.291157190709615321e+00 3.121047390926257706e+10
5.312321819472453299e+00 3.145524317119536591e+10
5.333571106750343738e+00 3.143781519050994492e+10
5.354905391177344320e+00 2.978107337043434143e+10
5.376325012742054099e+00 3.022071597700149155e+10
5.397830312793021612e+00 2.954091371291208649e+10
5.419421634044193858e+00 2.695861040337871170e+10
5.441099320580370602e+00 2.909108274913516617e+10
5.462863717862692425e+00 2.790702471674835587e+10
5.484715172734142996e+00 2.785244329875938034e+10
5.506654033425078865e+00 2.796171031805224228e+10
5.528680649558780580e+00 2.585740628030995560e+10
5.550795372157015350e+00 2.593426779856272125e+10
5.572998553645643227e+00 2.542340696198341370e+10
5.595290547860225949e+00 2.674562237357422256e+10
5.617671710051667766e+00 2.538717710440586853e+10
5.640142396891874021e+00 2.581227848837076950e+10
5.662702966479441713e+00 2.513268114357617188e+10
5.685353778345359821e+00 2.368697756695518494e+10
5.708095193458740724e+00 2.414961529221304703e+10
5.730927574232576482e+00 2.291508669506935883e+10
5.753851284529505783e+00 2.472722644059183884e+10
5.776866689667624399e+00 2.271970144610707092e+10
5.799974156426294769e+00 2.379783641218254471e+10
5.823174053051999977e+00 2.190899315421482849e+10
5.846466749264207508e+00 2.220707362159093094e+10
5.869852616261264977e+00 2.222043045879878998e+10
5.893332026726310069e+00 2.172747021255577087e+10
5.916905354833215114e+00 2.273780132935773849e+10
5.940572976252548543e+00 2.089737642447475815e+10
5.964335268157558545e+00 2.188175297352587891e+10
5.988192609230189589e+00 2.160938966130144501e+10
6.012145379667110490e+00 2.208665309814274216e+10
6.036193961185778889e+00 2.041194913717475128e+10
6.060338737030522616e+00 2.077829886494767380e+10
6.084580091978644134e+00 2.186117295403404236e+10
6.108918412346558746e+00 2.031049303597671127e+10
6.133354085995945226e+00 2.230888449602801132e+10
6.157887502339929320e+00 2.086241566680736923e+10
6.182519052349287669e+00 2.042623090369369507e+10
6.207249128558685491e+00 2.078927361749664688e+10
6.232078125072920471e+00 2.061278966168765640e+10
6.257006437573212843e+00 2.003531688160317993e+10
6.282034463323505236e+00 2.012840518595099258e+10
6.307162601176800720e+00 1.977011213922235107e+10
6.332391251581507063e+00 1.971698654498773575e+10
6.357720816587833390e+00 1.927621381844272995e+10
6.383151699854184180e+00 1.830946577116506958e+10
6.408684306653601226e+00 1.714050048608047295e+10
6.434319043880215361e+00 1.756411252050574875e+10
6.460056320055736379e+00 1.577905491563198471e+10
6.485896545335958052e+00 1.400178580187766838e+10
6.511840131517302233e+00 1.433864685484646225e+10
6.537887492043371829e+00 1.393221423692041016e+10
6.564039042011545533e+00 1.304688676918893433e+10
6.590295198179591196e+00 1.236566614536189270e+10
6.616656378972309405e+00 1.234875162149795532e+10
6.643123004488199257e+00 1.199308562710040855e+10
6.669695496506150789e+00 1.212555763024015045e+10
6.696374278492176479e+00 1.201947852493532181e+10
6.723159775606144528e+00 1.197344727100879288e+10
6.750052414708568094e+00 1.228454367239034843e+10
6.777052624367403411e+00 1.137228220827950096e+10
6.804160834864871887e+00 1.140726030155384827e+10
6.831377478204331055e+00 1.089163235660690689e+10
6.858702988117148180e+00 1.131887233761699677e+10
6.886137800069615622e+00 1.129447915282570648e+10
6.913682351269895499e+00 1.115568997142894745e+10
6.941337080674975013e+00 1.115580614980024529e+10
6.969102428997675069e+00 1.102983059638787460e+10
6.996978838713665994e+00 1.118793461140077400e+10
7.024966754068519670e+00 1.074232749182934952e+10
7.053066621084793653e+00 1.052384975499982071e+10
7.081278887569133929e+00 1.044568179912331390e+10
7.109604003119409654e+00 9.988456462671844482e+09
7.138042419131887861e+00 1.051136781780355453e+10
7.166594588808414379e+00 1.040058986068581772e+10
7.195260967163648047e+00 1.019541028703889656e+10
7.224042011032302923e+00 9.929186535304973602e+09
7.252938179076432235e+00 9.833933163271671295e+09
7.281949931792737196e+00 9.848587565567708969e+09
7.311077731519908696e+00 9.958536219108905792e+09
7.340322042445988515e+00 9.326489591964862823e+09
7.369683330615771411e+00 9.255114709002960205e+09
7.399162063938235612e+00 9.711051876306945801e+09
7.428758712193988423e+00 8.938386576252191544e+09
7.458473747042765112e+00 9.070343197469396591e+09
7.488307642030935796e+00 9.080937211311418533e+09
7.518260872599060285e+00 8.932932198127937317e+09
7.548333916089456253e+00 9.033159558860284805e+09
7.578527251753813587e+00 8.426789702373824120e+09
7.608841360760829176e+00 7.974334235500328064e+09
7.639276726203872769e+00 8.512368636961567879e+09
7.669833833108687493e+00 8.137991517145246506e+09
7.700513168441122325e+00 8.211539682935745239e+09
7.731315221114887670e+00 7.987618057698202133e+09
7.762240481999347352e+00 7.741891529676742554e+09
7.793289443927344351e+00 7.834895784683348656e+09
7.824462601703054077e+00 7.961117819717862129e+09
7.855760452109866065e+00 7.637355336285102844e+09
7.887183493918306532e+00 6.958474189920339584e+09
7.918732227893980458e+00 7.317115099692357063e+09
7.950407156805555431e+00 7.204120232954381943e+09
7.982208785432777454e+00 6.982681996997484207e+09
8.014137620574508958e+00 7.208264066879184723e+09
8.046194171056805899e+00 6.733199875416506767e+09
8.078378947741034821e+00 6.892113931929587364e+09
8.110692463531997021e+00 6.563347871926285744e+09
8.143135233386125549e+00 6.672205997196175575e+09
8.175707774319670662e+00 6.587532596256975174e+09
8.208410605416949224e+00 6.271661600459362984e+09
8.241244247838615422e+00 6.490382634009336472e+09
8.274209224829968790e+00 6.111445827262360573e+09
8.307306061729288871e+00 6.322892662824685097e+09
8.340535285976207192e+00 5.962117875468646049e+09
8.373897427120111203e+00 5.826230911087185860e+09
8.407393016828594412e+00 6.241540736386486053e+09
8.441022588895906509e+00 5.784562812140400887e+09
8.474786679251490540e+00 6.094837676962746620e+09
8.508685825968495209e+00 5.745655248929673195e+09
8.542720569272368891e+00 5.837809768391119003e+09
8.576891451549458978e+00 5.674689774225534439e+09
8.611199017355655627e+00 5.805693682988334656e+09
8.645643813425078150e+00 5.769744192905806541e+09
8.680226388678779159e+00 5.583748002303092957e+09
8.714947294233493125e+00 5.613918031139318466e+09
8.749807083410427566e+00 5.271370518072223663e+09
8.784806311744070229e+00 5.470954763937928200e+09
8.819945536991047774e+00 5.315568255141217232e+09
8.855225319139009343e+00 5.268434165046553612e+09
8.890646220415566958e+00 5.425741728140830040e+09
8.926208805297228821e+00 5.375159973001865387e+09
8.961913640518417878e+00 5.049434049650332451e+09
8.997761295080492161e+00 5.203277838884410858e+09
9.033752340260813085e+00 5.116791773606471062e+09
9.069887349621856387e+00 5.116647071140843391e+09
9.106166899020346150e+00 4.975088319445085526e+09
9.142591566616424359e+00 5.022564514979739189e+09
9.179161932882891506e+00 4.961401183612306595e+09
9.215878580614422333e+00 4.889802654631162643e+09
9.252742094936881045e+00 4.700272906893279076e+09
9.289753063316627646e+00 4.722805657595922470e+09
9.326912075569895322e+00 4.692706362738227844e+09
9.364219723872173162e+00 4.836882352291189194e+09
9.401676602767663482e+00 4.496649652768111229e+09
9.439283309178733816e+00 4.445562285285140038e+09
9.477040442415447075e+00 4.524223200978430748e+09
9.514948604185111236e+00 4.438708721033274651e+09
9.553008398601852136e+00 4.582950876530542374e+09
9.591220432196260859e+00 4.285544755609140873e+09
9.629585313925044687e+00 4.236777710422524929e+09
9.668103655180747324e+00 4.224909989920468330e+09
9.706776069801470896e+00 4.162757239580877304e+09
9.745603174080676112e+00 4.230391477424057961e+09
9.784585586776998412e+00 4.248200335784544468e+09
9.823723929124106746e+00 4.038089669230775833e+09
9.863018824840601440e+00 4.047424195379817963e+09
9.902470900139965337e+00 3.603936334417490005e+09
9.942080783740523842e+00 3.937003134217799664e+09
9.981849106875488431e+00 3.821680384687829971e+09
1.002177650330298952e+01 3.803502370491756916e+09
1.006186360931619994e+01 3.674453535855024338e+09
1.010211106375346723e+01 3.539338948238225460e+09
1.014251950800847979e+01 3.678772643979585648e+09
1.018308958604051284e+01 3.632866485682776928e+09
1.022382194438467451e+01 3.477170229648625374e+09
1.026471723216221399e+01 3.421472797668179035e+09
1.030577610109086173e+01 3.376718356245832920e+09
1.034699920549522467e+01 3.295578025116729259e+09
1.038838720231720458e+01 3.231707000080840111e+09
1.042994075112647501e+01 3.161111193350374222e+09
1.047166051413097954e+01 3.086900650031741619e+09
1.051354715618750468e+01 3.169499481748062611e+09
1.055560134481225454e+01 3.047255068524366379e+09
1.059782375019150358e+01 2.937955191921511650e+09
1.064021504519226902e+01 3.007556159301932812e+09
1.068277590537303823e+01 3.023593551783273220e+09
1.072550700899452991e+01 2.843829344710797787e+09
1.076840903703050856e+01 2.780766349802307606e+09
1.081148267317863088e+01 2.843997676297420502e+09
1.085472860387134553e+01 2.878336856778825760e+09
1.089814751828683015e+01 2.588603664323713779e+09
1.094174010835997635e+01 2.679866894268332005e+09
1.098550706879341909e+01 2.442740079650081158e+09
1.102944909706859100e+01 2.471732638036979198e+09
1.107356689345686540e+01 2.493736895635422707e+09
1.111786116103069233e+01 2.461760490380455494e+09
1.116233260567481622e+01 2.404532703806490421e+09
1.120698193609751492e+01 2.343836315339808941e+09
1.125180986384190440e+01 2.340350294927255154e+09
1.129681710329727373e+01 2.286349873341201782e+09
1.134200437171046083e+01 2.257679431064101219e+09
1.138737238919730466e+01 2.254189991882668495e+09
1.143292187875409383e+01 2.202274039179343700e+09
1.147865356626910938e+01 2.175273885817420959e+09
1.152456818053418530e+01 2.117502745441181421e+09
1.157066645325632237e+01 2.030345747726861238e+09
1.161694911906934635e+01 2.005090932975960493e+09
1.166341691554562487e+01 2.037212306063069105e+09
1.171007058320780736e+01 1.931751782949581146e+09
1.175691086554063958e+01 1.815321479559004307e+09
1.180393850900279951e+01 1.874191508221992970e+09
1.185115426303881137e+01 1.836673102516994476e+09
1.189855888009096674e+01 1.826264987580477238e+09
1.194615311561133097e+01 1.812697140725608110e+09
1.199393772807377623e+01 1.794665097071862459e+09
1.204191347898607134e+01 1.776552843060050249e+09
1.209008113290201614e+01 1.684618890564961672e+09
1.213844145743362368e+01 1.658967539916070700e+09
1.218699522326335938e+01 1.717915834265478849e+09
1.223574320415641381e+01 1.619688095790012598e+09
1.228468617697303777e+01 1.654644195141624928e+09
1.233382492168093059e+01 1.566678064606362343e+09
1.238316022136765504e+01 1.556634283204186678e+09
1.243269286225312520e+01 1.429552223153518677e+09
1.248242363370213859e+01 1.530853497364293814e+09
1.253235332823694748e+01 1.415409330878013849e+09
1.258248274154989410e+01 1.454803639026843786e+09
1.263281267251609385e+01 1.424591282861007690e+09
1.268334392320615756e+01 1.402702498002770662e+09
1.273407729889898299e+01 1.428248948288152456e+09
1.278501360809457665e+01 1.318809070865391970e+09
1.283615366252695544e+01 1.289788575157363415e+09
1.288749827717706253e+01 1.370105605188706875e+09
1.293904827028577031e+01 1.249300467591500759e+09
1.299080446336691352e+01 1.295165476494761944e+09
1.304276768122038099e+01 1.222523784493709326e+09
1.309493875194526424e+01 1.248616682444194794e+09
1.314731850695304693e+01 1.204856333360859394e+09
1.319990778098085649e+01 1.194985595659916878e+09
1.325270741210477965e+01 1.124045868071443558e+09
1.330571824175319939e+01 1.106552988035970449e+09
1.335894111472021173e+01 1.131251816936848402e+09
1.341237687917909227e+01 1.130848181733321190e+09
1.346602638669580898e+01 1.047916050550688624e+09
1.351989049224258999e+01 1.099142194684550524e+09
1.357397005421156067e+01 1.047917062899988770e+09
1.362826593442840917e+01 1.038502863507217050e+09
1.368277899816612297e+01 1.026665436212003589e+09
1.373751011415878942e+01 9.651917285220904350e+08
1.379246015461542463e+01 1.021078866152953148e+09
1.384762999523388416e+01 9.240800369882191420e+08
1.390302051521481808e+01 1.003722638720831871e+09
1.395863259727567751e+01 9.643541913643953800e+08
1.401446712766477987e+01 8.998280365071493387e+08
1.407052499617543972e+01 9.674344407353680134e+08
1.412680709616014063e+01 8.774321841410735846e+08
1.418331432454478147e+01 8.401206300667569637e+08
1.424004758184296193e+01 8.676552207843974829e+08
1.429700777217033369e+01 8.930044913242945671e+08
1.435419580325901379e+01 8.203818964282119274e+08
1.441161258647204946e+01 8.203745430058435202e+08
1.446925903681793812e+01 7.772115666211228371e+08
1.452713607296521126e+01 8.045762241245864630e+08
1.458524461725707155e+01 7.903151208911255598e+08
1.464358559572609764e+01 7.581706507966482639e+08
1.470215993810900557e+01 7.502266266551940441e+08
1.476096857786143879e+01 7.902407493376276493e+08
1.482001245217288599e+01 7.388246686005357504e+08
1.487929250198157760e+01 7.023309218800246716e+08
1.493880967198950316e+01 7.132559751415352821e+08
1.499856491067746056e+01 7.002030117048579454e+08
1.505855917032016933e+01 6.982828674750959873e+08
1.511879340700144958e+01 6.742288972052087784e+08
1.517926858062945605e+01 6.559327209704331160e+08
1.523998565495197433e+01 6.849890705159513950e+08
1.530094559757178274e+01 6.599875434787706137e+08
1.536214937996206764e+01 6.358982978019580841e+08
1.542359797748191674e+01 6.175702618990489244e+08
1.548529236939184450e+01 6.228429301941281557e+08
1.554723353886941339e+01 5.847001327728686333e+08
1.560942247302489072e+01 6.096143314304755926e+08
1.567186016291699069e+01 6.004048599038386345e+08
1.573454760356865556e+01 5.662155963707405329e+08
1.579748579398293096e+01 5.810915043743824959e+08
1.586067573715886247e+01 5.639030885525655746e+08
1.592411844010749888e+01 5.893835717108738422e+08
1.598781491386792730e+01 5.126157072784668803e+08
1.605176617352340074e+01 5.348629504227240682e+08
1.611597323821749228e+01 5.104050222684581876e+08
1.618043713117036120e+01 5.350365087780669928e+08
1.624515887969504391e+01 4.848998431985265613e+08
1.631013951521382310e+01 5.180714652345772982e+08
1.637538007327468037e+01 5.158873259626355171e+08
1.644088159356778078e+01 5.007102240121183991e+08
1.650664511994205341e+01 4.738349621665543318e+08
1.657267170042182158e+01 4.665229562087178230e+08
1.663896238722350418e+01 4.319262807229357958e+08
1.670551823677240222e+01 4.650721194744633436e+08
1.677234030971949608e+01 4.805187918788285851e+08
1.683942967095837062e+01 4.543424031118201017e+08
1.690678738964220429e+01 4.367077821721284389e+08
1.697441453920077237e+01 4.358054171261416674e+08
1.704231219735757108e+01 4.709402958277457952e+08
1.711048144614700561e+01 3.900001310263838172e+08
1.717892337193159236e+01 4.257356768260247707e+08
1.724763906541932101e+01 3.911177652572639585e+08
1.731662962168099895e+01 3.916081994415478110e+08
1.738589614016772344e+01 3.721452428486438990e+08
1.745543972472839300e+01 4.004450932989579439e+08
1.752526148362730751e+01 3.852133617469952106e+08
1.759536252956181812e+01 3.675459127397124171e+08
1.766574397968006238e+01 3.612158268341527581e+08
1.773640695559878466e+01 3.595536100502474904e+08
1.780735258342117433e+01 3.589094019398412704e+08
1.787858199375486024e+01 3.713027434801136255e+08
1.795009632172988034e+01 3.356668745656353831e+08
1.802189670701679702e+01 3.587404658734579682e+08
1.809398429384486562e+01 3.433425001203842759e+08
1.816636023102024211e+01 3.051273288963339329e+08
1.823902567194432578e+01 3.376414177388161421e+08
1.831198177463210186e+01 3.362429851455779672e+08
1.838522970173062987e+01 3.205677389711161256e+08
1.845877062053754969e+01 3.153666332779381275e+08
1.853260570301970134e+01 2.871472242227116227e+08
1.860673612583178027e+01 2.766549958441873193e+08
1.868116307033510637e+01 2.957907166491115093e+08
1.875588772261644976e+01 2.862585097550977468e+08
1.883091127350691352e+01 3.081749095582251549e+08
1.890623491860094063e+01 2.833095922292249799e+08
1.898185985827534594e+01 2.703649896572693586e+08
1.905778729770844748e+01 2.926573327036679983e+08
1.913401844689928311e+01 2.860023082994468212e+08
1.921055452068688041e+01 2.531767458066399992e+08
1.928739673876962968e+01 2.598000130965802670e+08
1.936454632572470658e+01 2.669296818378617465e+08
1.944200451102760141e+01 2.301789431038985848e+08
1.951977252907171589e+01 2.694271957399083376e+08
1.959785161918800256e+01 2.381968706090924442e+08
1.967624302566475691e+01 2.416556911599687934e+08
1.991079942767366973e+01 2.339679849476772249e+08
