# Wavelength (micrometer), Flux (W / m2 / m)
1.000553076518779783e-01 2.534490665192827510e+04
1.004555288824854897e-01 3.308482455893124990e-14
1.008573509980154326e-01 5.546440324509972105e-14
1.012607804020075053e-01 5.596634002412254900e-14
1.016658235236155422e-01 5.323146429388452525e-14
1.020724868177099870e-01 6.997982218525743888e-11
1.024807767649808382e-01 6.941397774746935457e-13
1.028906998720407612e-01 2.533129795239490269e-13
1.033022626715289355e-01 2.108446964644459541e-10
1.037154717222150413e-01 1.807952752918904709e-13
1.041303336091038839e-01 3.272459954959779440e-13
1.045468549435403099e-01 5.998726480293730760e-12
1.049650423633144702e-01 4.288579220819488376e-14
1.053849025327677214e-01 2.791163049660568513e-11
1.058064421428987906e-01 1.532468574259005829e-13
1.062296679114703990e-01 5.216933632121337701e-11
1.066545865831162732e-01 1.369732801999754268e-11
1.070812049294487533e-01 2.481135504667681136e-12
1.075095297491665408e-01 8.338275510285315202e-10
1.079395678681632220e-01 3.463663880817470796e-12
1.083713261396358624e-01 4.562057005627780618e-10
1.088048114441943909e-01 1.945879807061073954e-10
1.092400306899711654e-01 2.090920333822740600e-07
1.096769908127310511e-01 3.628280050988557162e-10
1.101156987759819850e-01 4.467177840704774393e-10
1.105561615710859147e-01 1.003497485426740058e-07
1.109983862173702651e-01 1.092440408173205252e-08
1.114423797622397516e-01 1.911656218704629482e-09
1.118881492812886930e-01 3.907446993951186825e-10
1.123357018784138517e-01 2.079851394386369834e-09
1.127850446859275102e-01 4.522749976003980144e-06
1.132361848646712132e-01 1.681117894578857649e-06
1.136891296041298988e-01 1.426737941435178554e-06
1.141438861225464035e-01 1.710421950933616409e-06
1.146004616670366072e-01 1.473194288684767867e-06
1.150588635137047705e-01 1.392570198008390826e-06
1.155190989677595953e-01 6.632316536073933550e-07
1.159811753636306314e-01 2.677789769598746052e-06
1.164451000650851553e-01 2.959488281668364633e-07
1.169108804653455069e-01 3.241469360166140783e-07
1.173785239872068981e-01 3.182644916130464370e-06
1.178480380831557206e-01 9.068971017213177984e-06
1.183194302354883543e-01 5.583212259405987835e-06
1.187927079564302935e-01 7.211560507885801549e-07
1.192678787882560099e-01 2.434498380274089904e-06
1.197449503034090645e-01 2.606079084109154872e-06
1.202239301046226783e-01 2.572136176943709450e-08
1.207048258250411760e-01 2.493499334470814741e-07
1.211876451283413342e-01 5.409484484014533249e-09
1.216723957088547137e-01 2.378260190871020897e-11
1.221590852916901310e-01 9.575657827758945838e-08
1.226477216328568792e-01 3.473016311119362842e-07
1.231383125193883099e-01 1.312352663870297442e-07
1.236308657694658586e-01 4.939914304868660587e-07
1.241253892325437369e-01 2.356048409354499782e-07
1.246218907894739159e-01 2.846876562008272410e-08
1.251203783526317892e-01 2.557506422547209026e-08
1.256208598660423226e-01 1.592055785338624489e-06
1.261233433055065078e-01 1.484002246014464989e-06
1.266278366787285392e-01 1.421486698417620282e-08
1.271343480254434610e-01 9.866496384283475999e-07
1.276428854175452321e-01 6.762574078941022100e-07
1.281534569592154005e-01 4.836855670043084580e-08
1.286660707870522780e-01 3.978461084923993063e-07
1.291807350702004475e-01 9.337058335272942484e-07
1.296974580104812425e-01 8.911269315793127233e-07
1.302162478425231973e-01 1.008099133212563725e-07
1.307371128338932764e-01 2.814916902183788410e-06
1.312600612852288795e-01 3.051233166939166345e-06
1.317851015303697915e-01 2.251701265086892249e-06
1.323122419364912705e-01 1.559515754867033335e-05
1.328414909042372472e-01 1.842779086470441535e-05
1.333728568678542170e-01 1.098588939716384804e-05
1.339063482953256612e-01 5.330607592348721617e-07
1.344419736885069383e-01 1.093987253128655427e-05
1.349797415832609815e-01 3.469209561223316363e-05
1.355196605495940232e-01 2.313348052754423886e-05
1.360617391917924301e-01 5.208450079402445225e-05
1.366059861485595939e-01 1.028404763250671895e-05
1.371524100931538481e-01 4.742196012827308653e-07
1.377010197335264696e-01 4.272475578867909232e-06
1.382518238124605670e-01 1.773379321692921274e-04
1.388048311077104136e-01 7.556514530417366728e-05
1.393600504321412248e-01 5.141446462476600666e-06
1.399174906338697677e-01 2.729613555914960570e-06
1.404771605964052761e-01 2.170918543391645299e-04
1.410390692387908651e-01 3.010742362931654383e-05
1.416032255157460562e-01 8.029457950128638137e-04
1.421696384178090522e-01 4.804840973531083529e-07
1.427383169714803168e-01 1.276774816855651368e-04
1.433092702393662099e-01 1.368527065566721261e-02
1.438825073203236771e-01 5.462582076892402499e-04
1.444580373496049674e-01 6.006654492376649161e-03
1.450358694990033503e-01 4.123809420439052370e-04
1.456160129769993872e-01 1.796707647300876953e-02
1.461984770289073976e-01 2.222915605967266603e-02
1.467832709370230082e-01 2.220289833820899335e-03
1.473704040207710897e-01 1.585264390212368438e-02
1.479598856368541382e-01 8.060425613483041625e-05
1.485517251794015725e-01 4.453751259659864507e-03
1.491459320801191979e-01 1.791714533016986605e-02
1.497425158084396690e-01 1.864583164920377654e-03
1.503414858716734248e-01 1.436005183803304719e-01
1.509428518151600951e-01 5.635084278906651520e-03
1.515466232224207677e-01 4.528529097407475447e-05
1.521528097153104220e-01 4.371697265675507545e-04
1.527614209541716672e-01 2.703785746358229312e-07
1.533724666379883694e-01 7.561292022318378928e-07
1.539859565045403056e-01 1.608545024475826783e-07
1.546019003305584838e-01 1.996596562808224869e-10
1.552203079318807133e-01 2.683321885537723042e-09
1.558411891636082569e-01 1.559663449858690702e-09
1.564645539202626778e-01 8.070729057876345563e-10
1.570904121359437411e-01 1.625852510262137402e-09
1.577187737844875093e-01 3.269854982508684208e-10
1.583496488796254653e-01 2.266961230603803896e-09
1.589830474751439959e-01 1.380222698580921334e-08
1.596189796650445414e-01 8.943643499061295197e-10
1.602574555837047166e-01 1.500541493876094618e-09
1.608984854060395708e-01 5.648848694219630021e-09
1.615420793476636807e-01 3.291124340859222283e-09
1.621882476650543525e-01 4.874816101438257729e-09
1.628370006557145755e-01 4.638130434331449843e-09
1.634883486583374457e-01 8.294560591291175881e-09
1.641423020529707844e-01 1.322202603717682454e-08
1.647988712611826723e-01 1.257052287789478826e-08
1.654580667462274002e-01 2.210294515317158187e-09
1.661198990132123077e-01 3.196985557916617384e-08
1.667843786092651215e-01 2.813495020992145985e-08
1.674515161237022098e-01 9.705903482918618808e-08
1.681213221881969755e-01 4.922292619361394109e-07
1.687938074769497754e-01 1.410879883582070656e-07
1.694689827068575905e-01 5.846383730264422195e-06
1.701468586376850278e-01 2.051901997444173213e-06
1.708274460722357391e-01 2.466611487419351696e-06
1.715107558565246715e-01 3.469396054277856516e-06
1.721967988799507909e-01 2.547881704401546036e-06
1.728855860754705820e-01 6.041048743757174345e-06
1.735771284197724640e-01 2.208183141931514349e-06
1.742714369334515678e-01 1.004080399929485457e-06
1.749685226811853456e-01 2.657983284753717926e-05
1.756683967719100681e-01 3.884534448943730498e-06
1.763710703589977391e-01 6.042048168689823453e-05
1.770765546404337309e-01 1.160600995896665882e-04
1.777848608589954471e-01 4.719594778251667040e-06
1.784960003024314568e-01 2.617451223156390307e-04
1.792099843036411844e-01 1.440275183540875670e-04
1.799268242408557650e-01 1.364847445321543020e-04
1.806465315378191772e-01 1.385384942628323408e-03
1.813691176639704306e-01 2.448074315283863030e-05
1.820945941346263086e-01 2.794016663033871699e-04
1.828229725111648329e-01 2.475922113630757340e-04
1.835542644012094771e-01 6.546841872229520517e-06
1.842884814588143239e-01 7.705355729864965010e-04
1.850256353846495561e-01 7.021405039792790251e-03
1.857657379261881403e-01 9.369717825363779663e-05
1.865088008778928996e-01 2.603318566158633295e-03
1.872548360814044743e-01 1.143280022462780975e-03
1.880038554257300876e-01 1.240413909129846272e-04
1.887558708474330049e-01 9.955365764095920958e-03
1.895108943308226879e-01 2.166260256554278837e-03
1.902689379081460019e-01 3.615481891699876731e-04
1.910300136597785636e-01 4.835048942633383279e-02
1.917941337144176972e-01 2.582233301814809007e-03
1.925613102492753359e-01 8.307209692291579392e-03
1.933315554902724498e-01 5.198136888482574047e-02
1.941048817122335568e-01 1.494787339332090577e-02
1.948813012390824828e-01 8.038831051579370737e-03
1.956608264440388156e-01 1.026796389851619834e-01
1.964434697498149418e-01 7.729711211728284431e-03
1.972292436288141937e-01 3.492662442475432533e-02
1.980181606033294406e-01 8.331752753999349670e-02
1.988102332457427346e-01 2.080242362692013430e-02
1.996054741787257336e-01 1.465194132881200012e-02
2.004038960754406518e-01 1.667879036905226681e-02
2.012055116597424309e-01 1.353099512333456357e-02
2.020103337063813842e-01 8.438559913032498555e-03
2.028183750412069219e-01 4.778781942701812620e-03
2.036296485413717494e-01 8.500426739209213101e-03
2.044441671355372303e-01 5.236660690784575127e-03
2.052619438040793887e-01 1.905491936959964258e-02
2.060829915792957157e-01 1.022207843117171888e-02
2.069073235456129201e-01 9.434704947255203450e-03
2.077349528397953449e-01 1.162661454348414870e-02
2.085658926511545219e-01 1.776476037845775222e-02
2.094001562217591150e-01 2.020906188772648993e-02
2.102377568466461677e-01 1.529094514629978155e-02
2.110787078740327671e-01 9.792304373655061692e-03
2.119230227055288740e-01 1.939890314319886802e-02
2.127707147963510126e-01 2.626453887465641374e-02
2.136217976555363773e-01 3.592882849213098473e-02
2.144762848461585492e-01 8.467239509638698966e-03
2.153341899855431840e-01 3.382365248382637746e-02
2.161955267454853669e-01 5.893840139581666554e-02
2.170603088524672986e-01 8.695684914445855895e-02
2.179285500878772042e-01 2.986276976792667445e-02
2.188002642882286852e-01 3.078246892073831925e-02
2.196754653453815986e-01 1.285148891167182394e-01
2.205541672067631020e-01 6.619734215062784977e-02
2.214363838755901703e-01 7.375728902079496940e-01
2.223221294110925284e-01 6.131036949903202055e-02
2.232114179287369160e-01 2.097521370876572533e+00
2.241042636004518529e-01 4.231034878486210071e-01
2.250006806548536520e-01 6.257120936877123007e+00
2.259006833774730438e-01 1.153615892849758851e+00
2.268042861109829667e-01 2.236210671766866387e+00
2.277115032554268836e-01 2.973920256821086738e+00
2.286223492684485714e-01 2.407900971365473985e+00
2.295368386655223802e-01 7.895105024248370462e+00
2.304549860201844658e-01 4.133200164570891566e-01
2.313768059642651864e-01 1.258154113931242613e+01
2.323023131881222503e-01 6.811869618472397470e+00
2.332315224408747223e-01 2.935394516062768488e+01
2.341644485306381973e-01 5.891059946860260510e+01
2.351011063247607502e-01 2.179543878029650106e+00
2.360415107500598020e-01 1.005528092905109787e+02
2.369856767930600405e-01 1.357273451691046739e+00
2.379336195002322851e-01 1.147326339032993161e+02
2.388853539782332114e-01 5.532032463371564290e+01
2.398408953941461863e-01 5.903385604915018803e+02
2.408002589757227141e-01 8.876918609992754909e+02
2.417634600116256582e-01 3.754442379812456920e+01
2.427305138516721306e-01 1.455953993285917932e+03
2.437014359070788505e-01 5.363117192263725883e+02
2.446762416507071713e-01 2.761155364530620773e+03
2.456549466173099938e-01 5.309676977678498133e+02
2.466375664037792625e-01 2.589875839838664433e+02
2.476241166693943785e-01 1.047043601267833850e+02
2.486146131360719436e-01 4.387746815789177468e+00
2.496090715886161993e-01 1.605805366805361132e+02
2.506075078749706586e-01 2.629987278945084199e+02
2.516099379064705155e-01 1.509741111789443551e+02
2.526163776580964138e-01 9.255337871375849090e+01
2.536268431687287994e-01 1.814631048933251350e+03
2.546413505414037437e-01 1.456684939461104705e+03
2.556599159435693491e-01 1.302796202648447616e+04
2.566825556073435988e-01 2.071661296297648369e+04
2.577092858297729827e-01 2.521871497937191816e+04
2.587401229730920682e-01 1.440192374973823462e+04
2.597750834649844576e-01 3.688324208112232009e+04
2.608141837988444123e-01 2.182187325277421041e+04
2.618574405340398092e-01 1.191794945047574292e+05
2.629048702961759298e-01 2.720116369161839830e+05
2.639564897773606367e-01 3.126892287169204792e+05
2.650123157364701054e-01 2.983459657353020739e+05
2.660723649994159445e-01 1.993670412124293507e+05
2.671366544594135917e-01 2.052299146270901547e+05
2.682052010772512096e-01 2.067485439489304263e+05
2.692780218815602478e-01 1.007455234939197544e+05
2.703551339690865030e-01 1.384553860601326451e+05
2.714365545049627904e-01 2.213056266081707872e+04
2.725223007229827243e-01 1.467305160212663577e+04
2.736123899258746106e-01 2.133357593665900640e+04
2.747068394855781692e-01 1.409776140205650881e+04
2.758056668435204806e-01 4.072774954192525911e+04
2.769088895108945403e-01 8.096805282872567477e+04
2.780165250689380918e-01 6.357629851507225976e+04
2.791285911692138466e-01 4.751891056482836575e+04
2.802451055338907038e-01 2.786312095828952806e+04
2.813660859560263017e-01 1.535995332441971004e+04
2.824915502998503469e-01 7.119850319097873580e+03
2.836215165010497197e-01 2.852695945283531273e+03
2.847560025670539119e-01 1.088959162260502353e+03
2.858950265773221866e-01 1.457538174889991069e+03
2.870386066836315142e-01 4.759430621799810069e+03
2.881867611103660631e-01 1.569505652144353189e+04
2.893395081548075787e-01 4.067634658026068064e+04
2.904968661874267610e-01 9.086393171393370721e+04
2.916588536521764197e-01 1.672671341174178524e+05
2.928254890667851273e-01 2.511629368568817445e+05
2.939967910230522619e-01 2.052048317402631801e+05
2.951727781871444911e-01 1.628382731892073061e+05
2.963534692998930908e-01 2.714852327595971874e+05
2.975388831770926501e-01 2.481954453390398412e+05
2.987290387098009981e-01 4.196730844588763430e+05
2.999239548646402409e-01 3.061835544122713618e+05
3.011236506840988536e-01 7.132176503343259683e+05
3.023281452868351593e-01 2.069756560982301307e+05
3.035374578679824742e-01 1.505107158493000548e+06
3.047516076994544187e-01 1.679268611858025659e+06
3.059706141302522830e-01 3.158212853588872124e+06
3.071944965867733357e-01 1.974636450640000030e+07
3.084232745731204095e-01 4.391351752483610809e+07
3.096569676714128194e-01 4.292763140097501129e+07
3.108955955420985018e-01 9.370659635410906374e+07
3.121391779242668751e-01 1.073622242880496830e+08
3.133877346359639215e-01 1.460951923059400320e+08
3.146412855745078230e-01 1.748220946565673351e+08
3.158998507168058190e-01 2.245829533298878372e+08
3.171634501196730627e-01 2.936654435024078488e+08
3.184321039201517545e-01 1.513239073757866621e+08
3.197058323358323295e-01 9.598587535090577602e+07
3.209846556651756444e-01 3.145632464242495894e+08
3.222685942878363852e-01 3.629114752773951888e+08
3.235576686649877520e-01 3.095103480580639839e+08
3.248518993396476984e-01 5.878147644260630608e+08
3.261513069370062801e-01 6.816355470761435032e+08
3.274559121647543369e-01 9.500071151836749315e+08
3.287657358134133401e-01 9.282965929031864405e+08
3.300807987566670154e-01 2.895607148280317187e+08
3.314011219516936890e-01 9.943419834563850164e+08
3.327267264395004642e-01 1.546703826150239229e+09
3.340576333452584534e-01 1.419121074485184669e+09
3.353938638786395088e-01 1.312452090505934715e+09
3.367354393341540630e-01 1.349561985487406492e+09
3.380823810914907468e-01 1.447424271513520002e+09
3.394347106158566718e-01 1.984326131728072882e+09
3.407924494583201014e-01 1.624100233663282156e+09
3.421556192561533982e-01 1.011319980180932879e+09
3.435242417331779707e-01 1.181012102831676751e+08
3.448983387001106626e-01 1.680160674216087759e+08
3.462779320549111417e-01 2.463000021774543226e+08
3.476630437831307319e-01 1.022484854298785776e+08
3.490536959582632992e-01 1.017433880180987269e+08
3.504499107420963600e-01 1.391918064170458078e+09
3.518517103850647421e-01 1.172975441354310989e+09
3.532591172266050239e-01 2.602587572780551910e+09
3.546721536955114717e-01 4.256915833216548920e+09
3.560908423102934761e-01 1.100053845581049681e+09
3.575152056795346533e-01 4.208814383076054454e+08
3.589452665022527800e-01 1.784848819098545551e+09
3.603810475682617254e-01 2.881215215972666740e+09
3.618225717585348278e-01 1.799849565836408138e+09
3.632698620455689364e-01 1.906283573422564745e+09
3.647229414937512293e-01 1.495198707451011658e+09
3.661818332597261971e-01 3.995580369210222721e+09
3.676465605927651259e-01 1.257852000500845671e+09
3.691171468351361895e-01 1.133376827087701797e+09
3.705936154224767076e-01 2.019778441861636639e+08
3.720759898841666247e-01 2.226928332576126978e+07
3.735642938437032656e-01 2.588207913572401181e+07
3.750585510190780902e-01 1.016773979848857671e+08
3.765587852231543908e-01 1.006282472994160771e+09
3.780650203640470441e-01 3.835838683641166687e+09
3.795772804455032068e-01 2.139038477124546528e+09
3.810955895672852312e-01 2.668242402552165508e+09
3.826199719255543585e-01 3.133838617709136009e+08
3.841504518132565771e-01 1.055252843567940474e+09
3.856870536205096456e-01 7.950061709347167611e+07
3.872298018349916715e-01 3.438040063923694491e+08
3.887787210423316320e-01 1.924000804600919783e+08
3.903338359265008939e-01 7.470700970453069210e+08
3.918951712702069545e-01 1.245265108365824461e+09
3.934627519552877928e-01 2.924215611759748459e+09
3.950366029631089404e-01 9.535274122477773666e+09
3.966167493749613859e-01 1.110055574478986168e+10
3.982032163724612550e-01 1.584090254133230782e+10
3.997960292379510450e-01 1.623582421542096138e+10
4.013952133549028578e-01 2.149735891790660095e+10
4.030007942083224659e-01 2.415207169567895889e+10
4.046127973851557647e-01 9.648079693319810867e+09
4.062312485746963908e-01 1.530875407705703735e+10
4.078561735689951728e-01 1.437388594035047913e+10
4.094875982632711353e-01 1.673353503391261482e+10
4.111255486563242245e-01 1.631063828825622749e+10
4.127700508509495880e-01 1.211242677519381332e+10
4.144211310543532978e-01 8.945761648694707870e+09
4.160788155785707931e-01 6.946008590564410210e+09
4.177431308408850463e-01 3.422962221393596649e+09
4.194141033642486138e-01 1.420723761663359404e+09
4.210917597777056320e-01 3.794421337089157104e+08
4.227761268168164221e-01 1.703544781236890554e+08
4.244672313240837602e-01 4.902469011827448606e+08
4.261651002493800910e-01 1.379811750694723368e+09
4.278697606503775730e-01 3.375472583791832924e+09
4.295812396929790666e-01 5.493713439525256157e+09
4.312995646517510107e-01 8.955123355898374557e+09
4.330247629103580187e-01 1.404206414684182167e+10
4.347568619619994745e-01 2.002980613000568008e+10
4.364958894098474596e-01 1.531523994604047203e+10
4.382418729674867897e-01 1.172841628265649414e+10
4.399948404593567730e-01 2.334477688648387527e+10
4.417548198211941890e-01 2.825294793381209564e+10
4.435218391004789873e-01 2.003695583496756363e+10
4.452959264568808750e-01 2.637820702513217163e+10
4.470771101627084021e-01 3.032289665208806610e+10
4.488654186033592119e-01 3.361240641152249527e+10
4.506608802777726241e-01 4.573611617949016571e+10
4.524635237988837710e-01 4.445256918050115967e+10
4.542733778940792333e-01 4.844728290345864868e+10
4.560904714056555065e-01 5.153995874754418182e+10
4.579148332912781894e-01 5.650680852878644562e+10
4.597464926244433370e-01 3.499948811710543823e+10
4.615854785949410899e-01 6.489141824145249176e+10
4.634318205093208576e-01 3.752698305885503387e+10
4.652855477913582227e-01 5.475875682819379425e+10
4.671466899825236219e-01 5.162671933862352753e+10
4.690152767424536906e-01 5.993676667059848022e+10
4.708913378494234969e-01 7.812521721064883423e+10
4.727749032008212171e-01 6.864965412565548706e+10
4.746660028136244769e-01 7.928105541219688416e+10
4.765646668248789131e-01 3.934649908192161560e+10
4.784709254921784560e-01 2.900354020366257095e+10
4.803848091941470555e-01 3.419657869226992035e+10
4.823063484309236815e-01 4.160719454064885712e+10
4.842355738246474361e-01 6.277296923414813232e+10
4.861725161199459966e-01 6.177789907248133850e+10
4.881172061844257226e-01 8.883949274791194153e+10
4.900696750091634302e-01 5.721212042508963013e+10
4.920299537092001074e-01 8.713517539719038391e+10
4.939980735240369625e-01 1.222112802130780182e+11
4.959740658181330253e-01 5.879447652857264709e+10
4.979579620814056362e-01 6.505099590355228424e+10
4.999497939297311566e-01 5.778829995654350281e+10
5.019495931054501758e-01 4.681926064522403717e+10
5.039573914778719965e-01 6.884215692264033508e+10
5.059732210437835054e-01 4.922423335762199402e+10
5.079971139279585435e-01 5.543004985150453949e+10
5.100291023836703852e-01 4.514100583296944427e+10
5.120692187932051054e-01 4.202000122582508850e+10
5.141174956683780550e-01 3.932768161897592926e+10
5.161739656510514473e-01 2.963976420934132767e+10
5.182386615136556074e-01 1.550207502362064743e+10
5.203116161597103329e-01 3.215271608172946930e+10
5.223928626243490303e-01 8.124681454276904297e+10
5.244824340748465152e-01 6.861550048462837219e+10
5.265803638111459239e-01 5.272218941188385010e+10
5.286866852663905103e-01 7.325368404211276245e+10
5.308014320074561088e-01 7.616189264218861389e+10
5.329246377354859288e-01 5.700685204653036499e+10
5.350563362864277916e-01 7.144890370497166443e+10
5.371965616315735881e-01 5.478317492828224945e+10
5.393453478780998456e-01 6.028523002773217773e+10
5.415027292696121819e-01 6.021416604127632904e+10
5.436687401866906466e-01 4.864031531149578094e+10
5.458434151474373941e-01 3.406827026161057663e+10
5.480267888080271321e-01 4.363113771413110352e+10
5.502188959632591247e-01 4.255155265717568207e+10
5.524197715471121928e-01 4.695341623900709534e+10
5.546294506333006025e-01 5.251835924312149048e+10
5.568479684358338400e-01 4.842462090080550385e+10
5.590753603095770519e-01 4.024771246206526184e+10
5.613116617508153716e-01 3.084914899486376572e+10
5.635569083978186899e-01 2.618152365219221115e+10
5.658111360314097560e-01 3.159118218511950302e+10
5.680743805755354980e-01 2.786642619835964203e+10
5.703466780978375672e-01 3.175675946153486252e+10
5.726280648102289872e-01 3.112245521862067413e+10
5.749185770694699160e-01 2.931811327449848557e+10
5.772182513777477375e-01 2.640558276288869095e+10
5.795271243832587071e-01 2.693994043532885742e+10
5.818452328807918184e-01 2.273703233423124313e+10
5.841726138123150003e-01 1.624267358170116043e+10
5.865093042675643131e-01 6.826936790101485252e+09
5.888553414846344758e-01 4.992316734584648609e+08
5.912107628505729462e-01 3.179518621086287975e+09
5.935756059019753339e-01 1.208390212066055298e+10
5.959499083255832552e-01 1.784568896209150696e+10
5.983337079588855190e-01 2.409852468314878082e+10
6.007270427907210886e-01 3.044494550386563492e+10
6.031299509618840426e-01 3.899402088431897736e+10
6.055424707657315331e-01 5.046892308730213165e+10
6.079646406487945187e-01 6.347629309192464447e+10
6.103964992113897203e-01 7.369287235350393677e+10
6.128380852082353503e-01 8.963961714605467224e+10
6.152894375490681744e-01 7.662969325562260437e+10
6.177505952992645710e-01 4.197859197541540527e+10
6.202215976804615893e-01 3.719470040490340424e+10
6.227024840711834486e-01 3.019215443752853775e+10
6.251932940074681477e-01 4.012146218926714325e+10
6.276940671834980723e-01 4.861321323898713684e+10
6.302048434522321552e-01 6.168774453360142517e+10
6.327256628260409244e-01 7.984484342060298157e+10
6.352565654773452142e-01 7.982537497540388489e+10
6.377975917392545435e-01 6.445958993563114929e+10
6.403487821062116003e-01 1.080040099211166687e+11
6.429101772346363930e-01 1.497131313914671326e+11
6.454818179435749537e-01 1.913473410939312744e+11
6.480637452153492628e-01 2.078776226033110962e+11
6.506560001962106154e-01 2.294743755201273804e+11
6.532586241969955410e-01 2.792615801332785034e+11
6.558716586937833881e-01 1.859159973955135193e+11
6.584951453285585732e-01 1.639872285471620178e+11
6.611291259098727169e-01 1.419960814691258850e+11
6.637736424135122215e-01 1.148023795084883881e+11
6.664287369831662922e-01 9.880173143995811462e+10
6.690944519310989547e-01 9.193728074428334045e+10
6.717708297388232941e-01 9.146368238238307190e+10
6.744579130577786907e-01 9.918649597944331360e+10
6.771557447100098326e-01 1.318118893986521454e+11
6.798643676888498355e-01 1.108153339923143158e+11
6.825838251596052508e-01 1.103657015543877106e+11
6.853141604602436265e-01 1.000490925289896698e+11
6.880554171020846210e-01 7.910675261479611206e+10
6.908076387704928933e-01 7.618398199104154968e+10
6.935708693255748791e-01 1.071047366983484344e+11
6.963451528028771209e-01 1.654961230599597473e+11
6.991305334140887062e-01 2.176841306969455566e+11
7.019270555477450380e-01 2.982489987245440674e+11
7.047347637699360456e-01 4.529812407765661621e+11
7.075537028250157290e-01 2.619181870975096436e+11
7.103839176363159202e-01 1.845511552033489990e+11
7.132254533068611568e-01 1.686347009468444519e+11
7.160783551200886610e-01 1.863210003078838806e+11
7.189426685405689854e-01 2.499389130638383179e+11
7.218184392147313222e-01 2.441156106735357361e+11
7.247057129715901436e-01 3.464296767100406494e+11
7.276045358234763949e-01 4.128887534924401855e+11
7.305149539667704639e-01 5.330970818649683228e+11
7.334370137826373703e-01 6.409318928748881836e+11
7.363707618377679509e-01 6.880334362573487549e+11
7.393162448851190449e-01 6.971125760766228027e+11
7.422735098646596752e-01 6.833599919560604248e+11
7.452426039041182282e-01 6.466740670803109131e+11
7.482235743197346300e-01 6.606448053235086670e+11
7.512164686170136330e-01 6.440636827467872314e+11
7.542213344914817652e-01 6.651142382341314697e+11
7.572382198294477229e-01 6.430823065944985352e+11
7.602671727087656484e-01 4.705127714728853149e+11
7.633082413996006288e-01 2.876310672627323608e+11
7.663614743651989691e-01 3.139267846546118164e+10
7.694269202626597970e-01 4.116660280081530762e+10
7.725046279437104424e-01 1.925431740100517578e+11
7.755946464554852593e-01 3.223133931625869141e+11
7.786970250413072225e-01 4.216085973893173828e+11
7.818118131414724115e-01 5.249318529007141724e+11
7.849390603940383793e-01 4.418747240376759644e+11
7.880788166356144098e-01 5.332376294709358521e+11
7.912311319021569922e-01 5.142349966852033081e+11
7.943960564297655180e-01 6.099903450185173340e+11
7.975736406554845281e-01 6.520407331172968750e+11
8.007639352181065151e-01 7.559512597578687744e+11
8.039669909589789443e-01 8.395441284028314209e+11
8.071828589228148276e-01 9.417422313673684082e+11
8.104115903585061842e-01 1.032435292053791870e+12
8.136532367199402760e-01 1.157056284049052979e+12
8.169078496668199518e-01 1.037748013358541992e+12
8.201754810654874328e-01 6.937758608796907959e+11
8.234561829897493190e-01 1.086216495433943848e+12
8.267500077217083687e-01 1.102878021040017334e+12
8.300570077525952772e-01 9.862660553778945312e+11
8.333772357836056743e-01 1.105145601045654297e+12
8.367107447267401188e-01 1.051246042583355469e+12
8.400575877056470908e-01 1.084337995188554688e+12
8.434178180564695371e-01 8.638246936451115723e+11
8.467914893286955236e-01 5.479524123750023804e+11
8.501786552860102208e-01 6.677412792333345947e+11
8.535793699071543283e-01 7.165632732592680664e+11
8.569936873867830540e-01 8.537065672611856689e+11
8.604216621363300899e-01 9.743885712465224609e+11
8.638633487848753623e-01 9.162915547562078857e+11
8.673188021800150027e-01 1.090095646650772705e+12
8.707880773887352044e-01 8.731728837984609375e+11
8.742712296982900755e-01 9.555442123194677734e+11
8.777683146170831563e-01 1.118604958860413818e+12
8.812793878755513788e-01 1.195416126103457764e+12
8.848045054270535781e-01 1.309639412100921875e+12
8.883437234487617795e-01 8.390858011998198242e+11
8.918970983425568155e-01 1.178541981031094727e+12
8.954646867359271623e-01 1.041311900902759521e+12
8.990465454828707736e-01 1.231620015374072021e+12
9.026427316648023558e-01 1.058663390812767334e+12
9.062533025914615292e-01 1.089557018701771606e+12
9.098783158018273198e-01 1.281940149910337646e+12
9.135178290650346478e-01 1.369197538338303711e+12
9.171719003812948134e-01 1.495604866487907715e+12
9.208405879828199803e-01 1.582937102779206299e+12
9.245239503347512100e-01 1.536204318527474854e+12
9.282220461360901620e-01 1.527723116962019531e+12
9.319349343206346781e-01 1.445479267761828125e+12
9.356626740579171431e-01 1.473714689599451904e+12
9.394053247541488405e-01 1.374963420224749512e+12
9.431629460531654185e-01 1.530476433984591553e+12
9.469355978373780180e-01 1.640014697020401855e+12
9.507233402287275092e-01 1.690090853768122070e+12
9.545262335896426142e-01 1.731187485794714844e+12
9.583443385240012491e-01 1.676009117978787842e+12
9.621777158780971950e-01 1.721736416792335449e+12
9.660264267416096562e-01 1.715518717325329834e+12
9.698905324485760371e-01 1.795975207217573242e+12
9.737700945783701600e-01 1.559062528380304932e+12
9.776651749566835914e-01 1.514668574214361572e+12
9.815758356565105203e-01 1.562950929013465820e+12
9.855021389991363012e-01 1.495269971459379883e+12
9.894441475551331022e-01 1.318794666751110840e+12
9.934019241453534432e-01 8.176464830742324219e+11
9.973755318419349480e-01 1.030750409306767334e+12
1.001365033969302543e+00 1.030756722154105469e+12
1.005370494105179757e+00 1.006714271020667847e+12
1.009391976081600362e+00 1.146459538999930176e+12
1.013429543985926884e+00 1.218037385850608398e+12
1.017483262161870350e+00 1.247221117112943359e+12
1.021553195210518128e+00 1.300599184184074219e+12
1.025639407991360219e+00 1.235724061622632080e+12
1.029741965623325539e+00 1.170896371867511475e+12
1.033860933485818867e+00 1.188689844840781250e+12
1.037996377219762012e+00 1.384984295044808350e+12
1.042148362728641198e+00 1.383308892194060059e+12
1.046316956179555557e+00 1.518040738745003906e+12
1.050502224004274066e+00 1.495031806655739014e+12
1.054704232900291139e+00 1.618502410281645752e+12
1.058923049831892227e+00 1.596157572655039062e+12
1.063158742031219628e+00 1.599695891047949951e+12
1.067411376999344741e+00 1.511042804139206299e+12
1.071681022507342096e+00 1.545492330800165039e+12
1.075967746597371377e+00 1.674177318724709717e+12
1.080271617583760779e+00 1.683399237614227051e+12
1.084592704054095913e+00 1.765156046510259521e+12
1.088931074870312044e+00 1.769550955991144287e+12
1.093286799169793433e+00 1.788405466915865967e+12
1.097659946366472461e+00 1.718082986457423096e+12
1.102050586151938294e+00 1.744384354639521729e+12
1.106458788496546219e+00 1.692420401073736572e+12
1.110884623650532532e+00 1.675744973408901855e+12
1.115328162145134749e+00 1.791843430449341309e+12
1.119789474793714934e+00 1.776394983661237793e+12
1.124268632692889902e+00 1.854920352361740723e+12
1.128765707223661430e+00 1.854603131238382324e+12
1.133280770052556230e+00 1.835615995884657715e+12
1.137813893132766374e+00 1.426452398877185547e+12
1.142365148705297484e+00 1.510336808144259277e+12
1.146934609300118479e+00 1.884424298059609619e+12
1.151522347737319096e+00 1.977992403584811279e+12
1.156128437128268516e+00 1.947656571153412598e+12
1.160752950876781542e+00 1.931918674733622559e+12
1.165395962680288999e+00 1.949191976252380371e+12
1.170057546531009907e+00 1.543122739108341797e+12
1.174737776717134086e+00 1.663089188569086426e+12
1.179436727824002773e+00 1.422234109202450684e+12
1.184154474735298557e+00 1.840382727634075439e+12
1.188891092634239977e+00 1.920525581982447998e+12
1.193646657004777012e+00 1.916872444354991455e+12
1.198421243632796118e+00 1.664794840557289551e+12
1.203214928607327261e+00 1.720416401869663086e+12
1.208027788321756724e+00 1.876628521737002930e+12
1.212859899475043468e+00 1.786512679424714111e+12
1.217711339072943710e+00 1.903127624831768311e+12
1.222582184429235275e+00 1.827346051198393066e+12
1.227472513166952384e+00 1.959158365321441162e+12
1.232382403219620226e+00 1.918524061258631592e+12
1.237311932832498407e+00 1.882905448876091797e+12
1.242261180563828615e+00 1.368863099024018799e+12
1.247230225286083849e+00 1.788151820617584473e+12
1.252219146187228072e+00 1.378764324526552979e+12
1.257228022771976983e+00 1.790059638763383301e+12
1.262256934863064783e+00 1.801260744432027100e+12
1.267305962602517155e+00 1.901594833302739502e+12
1.272375186452927354e+00 1.877002804903246826e+12
1.277464687198738957e+00 1.891444475020487793e+12
1.282574545947533950e+00 1.912258321151078125e+12
1.287704844131324133e+00 1.735607696138077637e+12
1.292855663507849417e+00 1.731367186167815430e+12
1.298027086161880783e+00 1.794212305561367676e+12
1.303219194506528344e+00 1.831294299080267090e+12
1.308432071284554521e+00 1.800047916843437256e+12
1.313665799569692760e+00 1.865105493856877686e+12
1.318920462767971591e+00 1.858989539979828857e+12
1.324196144619043336e+00 1.763551681657505859e+12
1.329492929197519491e+00 1.669601566954818359e+12
1.334810900914309650e+00 1.322684834609427979e+12
1.340150144517967101e+00 1.244283809253090576e+12
1.345510745096038852e+00 1.220514159997814697e+12
1.350892788076423212e+00 1.222175810806666016e+12
1.356296359228728932e+00 1.165240443138158691e+12
1.361721544665643879e+00 1.224939558167943848e+12
1.367168430844306393e+00 1.275229698524161621e+12
1.372637104567683730e+00 1.286717977408104980e+12
1.378127652985954299e+00 1.334456799647156250e+12
1.383640163597898098e+00 1.305443494535564209e+12
1.389174724252289828e+00 1.260557189797461670e+12
1.394731423149298877e+00 1.208117449959971680e+12
1.400310348841896202e+00 1.173408722848321045e+12
1.405911590237263642e+00 1.195711408503186035e+12
1.411535236598212784e+00 1.101827882306892090e+12
1.417181377544605603e+00 1.080745871521787354e+12
1.422850103054784210e+00 1.087025868063422974e+12
1.428541503467003038e+00 1.069310510432529785e+12
1.434255669480871243e+00 1.071461472214965332e+12
1.439992692158794885e+00 1.093072795782061646e+12
1.445752662927429988e+00 1.122497243707353271e+12
1.451535673579139596e+00 1.128938785586935547e+12
1.457341816273456159e+00 1.171613049932104736e+12
1.463171183538549913e+00 1.136289005748741211e+12
1.469023868272704147e+00 1.114054440182489746e+12
1.474899963745795128e+00 1.146007679123708740e+12
1.480799563600778246e+00 1.159177235035277344e+12
1.486722761855181485e+00 1.161061820016943115e+12
1.492669652902602007e+00 1.174954244490610107e+12
1.498640331514212276e+00 1.189188490823410156e+12
1.504634892840269300e+00 1.209366019545667480e+12
1.510653432411630304e+00 1.215454941993375732e+12
1.516696046141276843e+00 1.201974609198011475e+12
1.522762830325842032e+00 1.266682251792288574e+12
1.528853881647145307e+00 1.281948505102051514e+12
1.534969297173733649e+00 1.278587503110195312e+12
1.541109174362428780e+00 1.285182842160753662e+12
1.547273611059878373e+00 1.317581917892359131e+12
1.553462705504118135e+00 1.328475536197506592e+12
1.559676556326134556e+00 1.331044119440346924e+12
1.565915262551438980e+00 1.358029063563249512e+12
1.572178923601644795e+00 1.364538840108344238e+12
1.578467639296051495e+00 1.397366922055109619e+12
1.584781509853235626e+00 1.406700497765103516e+12
1.591120635892648405e+00 1.408288762446179688e+12
1.597485118436219098e+00 1.426240787338575439e+12
1.603875058909963958e+00 1.426671857311452637e+12
1.610290559145603595e+00 1.429744952323250977e+12
1.616731721382186127e+00 1.436456424306230469e+12
1.623198648267714761e+00 1.443027661230431152e+12
1.629691442860785600e+00 1.455737286252044678e+12
1.636210208632228769e+00 1.471228709392598633e+12
1.642755049466757766e+00 1.470065310216318848e+12
1.649326069664624805e+00 1.474635796109348877e+12
1.655923373943283039e+00 1.476231304831965088e+12
1.662547067439056336e+00 1.471382792830021240e+12
1.669197255708812611e+00 1.474554940611459961e+12
1.675874044731648027e+00 1.473436747668551270e+12
1.682577540910574321e+00 1.463646664379713623e+12
1.689307851074216771e+00 1.438872934062862061e+12
1.696065082478513508e+00 1.409369437314262451e+12
1.702849342808427480e+00 1.379429880490126221e+12
1.709660740179661298e+00 1.323954840734082275e+12
1.716499383140379864e+00 1.241144241552672607e+12
1.723365380672941427e+00 1.224141533255104248e+12
1.730258842195633306e+00 1.172672592289559082e+12
1.737179877564415831e+00 1.110396283001578613e+12
1.744128597074673603e+00 1.059670520146764648e+12
1.751105111462972097e+00 1.026580440853120239e+12
1.758109531908824241e+00 9.530752632790104980e+11
1.765141970036459451e+00 9.151462012938168945e+11
1.772202537916605314e+00 8.774227011891838379e+11
1.779291348068271716e+00 8.094045438354870605e+11
1.786408513460544745e+00 7.848265878998032227e+11
1.793554147514387020e+00 7.442787212840152588e+11
1.800728364104444257e+00 7.374278729623795166e+11
1.807931277560862249e+00 6.913622665942576904e+11
1.815163002671105641e+00 7.149786293005255127e+11
1.822423654681789795e+00 7.088096239556406250e+11
1.829713349300517100e+00 6.781750960348193359e+11
1.837032202697718830e+00 6.858598528263120117e+11
1.844380331508509885e+00 6.292365592254194336e+11
1.851757852834543527e+00 6.081712072717186279e+11
1.859164884245881888e+00 5.302131368562734375e+11
1.866601543782865358e+00 5.955571944935222168e+11
1.874067949957996859e+00 5.865517524123930664e+11
1.881564221757828781e+00 6.167280867013945312e+11
1.889090478644860127e+00 6.339860856658566895e+11
1.896646840559439662e+00 6.573367766357600098e+11
1.904233427921677269e+00 6.549486614773352051e+11
1.911850361633363971e+00 6.797235998083122559e+11
1.919497763079897279e+00 6.509690516312839355e+11
1.927175754132217200e+00 6.363712740939393311e+11
1.934884457148745796e+00 6.341076203720898438e+11
1.942623994977340729e+00 5.653241547426729736e+11
1.950394490957250149e+00 6.003785575154561768e+11
1.958196068921079336e+00 5.862456231896016846e+11
1.966028853196763793e+00 5.974472160135654297e+11
1.973892968609550991e+00 5.573223671629136963e+11
1.981788540483989447e+00 5.435205074221312866e+11
1.989715694645925126e+00 5.495710886758414307e+11
1.997674557424508723e+00 5.560577654625574951e+11
2.005665255654207169e+00 5.598714665406081543e+11
2.013687916676823786e+00 5.509321718340959473e+11
2.021742668343530891e+00 5.759610756255941162e+11
2.029829639016905052e+00 5.639720508990871582e+11
2.037948957572972564e+00 5.755161165095523682e+11
2.046100753403264694e+00 5.797149961165578613e+11
2.054285156416877811e+00 6.037515017394047852e+11
2.062502297042545507e+00 5.972577658399631348e+11
2.070752306230715600e+00 6.158099567253411865e+11
2.079035315455638244e+00 6.217463693730817871e+11
2.087351456717461140e+00 6.232158905229580078e+11
2.095700862544330967e+00 6.352825834253551025e+11
2.104083665994508134e+00 6.506530445329520264e+11
2.112500000658485977e+00 6.585280752918624268e+11
2.120950000661120161e+00 6.631992934561906738e+11
2.129433800663764753e+00 6.607247382527864990e+11
2.137951535866419839e+00 6.698788239611079102e+11
2.146503342009885351e+00 6.849083701494079590e+11
2.155089355377924676e+00 6.837049996299414062e+11
2.163709712799436691e+00 6.887425932889066162e+11
2.172364551650634468e+00 6.900559766125277100e+11
2.181054009857236853e+00 6.867737308694757080e+11
2.189778225896665376e+00 6.860630674056284180e+11
2.198537338800252705e+00 6.877094479859764404e+11
2.207331488155453325e+00 6.536849134431889648e+11
2.216160814108075083e+00 6.818082870091260986e+11
2.225025457364507631e+00 6.795968114513168945e+11
2.233925559193965515e+00 6.757108234554200439e+11
2.242861261430741493e+00 6.733814842761613770e+11
2.251832706476463830e+00 6.657127575017147217e+11
2.260840037302370042e+00 6.574025959283287354e+11
2.269883397451579299e+00 6.549748939647304688e+11
2.278962931041386142e+00 6.477827802684686279e+11
2.288078782765551100e+00 6.459425581386319580e+11
2.297231097896613505e+00 5.304226574563218384e+11
2.306420022288200311e+00 5.659954605409539795e+11
2.315645702377353121e+00 5.536290575080738525e+11
2.324908285186861878e+00 4.945564632490832520e+11
2.334207918327609654e+00 5.106270894469667969e+11
2.343544750000919663e+00 5.055941789806435547e+11
2.352918929000923143e+00 4.732030719845516968e+11
2.362330604716927240e+00 4.678150448116370850e+11
2.371779927135795329e+00 4.736200867915140381e+11
2.381267046844337987e+00 4.458708631973179321e+11
2.390792115031715070e+00 4.301084368005420532e+11
2.400355283491842240e+00 4.301736709907822876e+11
2.409956704625809465e+00 3.974944567955822144e+11
2.419596531444312859e+00 3.854899440385079346e+11
2.429274917570089620e+00 3.609239947772710571e+11
2.438992017240370291e+00 3.413165824204332886e+11
2.448747985309331465e+00 3.173573116759955444e+11
2.458542977250568917e+00 3.111381331131423340e+11
2.468377149159570738e+00 2.978445475458166504e+11
2.478250657756209563e+00 2.612412372273123474e+11
2.488163660387234355e+00 2.633046353939430542e+11
2.498116315028783063e+00 2.594930975104485168e+11
2.508108780288898387e+00 2.273359242622500000e+11
2.518141215410053757e+00 2.278366425582249756e+11
2.528213780271693967e+00 2.108684248126903076e+11
2.538326635392781139e+00 2.071109879188539429e+11
2.548479941934351789e+00 2.055107172387952881e+11
2.558673861702089436e+00 2.048414982044420776e+11
2.568908557148898097e+00 2.111681691838189392e+11
2.579184191377493551e+00 1.972649070016403809e+11
2.589500928143003478e+00 2.086808917117566833e+11
2.599858931855575594e+00 2.130022772760685425e+11
2.610258367582998229e+00 2.248258425720678101e+11
2.620699401053329769e+00 2.180017838998031006e+11
2.631182198657543214e+00 2.182323029907956543e+11
2.641706927452173392e+00 2.261379228989166565e+11
2.652273755161981938e+00 2.358430841605659180e+11
2.662882850182629824e+00 2.353838030190102234e+11
2.673534381583360542e+00 2.018058435709811096e+11
2.684228519109693956e+00 1.939008299114662476e+11
2.694965433186132575e+00 1.818123998907725220e+11
2.705745294918877164e+00 1.791490835058482666e+11
2.716568276098552559e+00 1.727947888624590759e+11
2.727434549202946812e+00 1.703399365744526367e+11
2.738344287399758326e+00 1.664507554055527954e+11
2.749297664549357201e+00 1.742490941543964233e+11
2.760294855207554576e+00 1.729628950156403503e+11
2.771336034628385292e+00 1.644489314700649109e+11
2.782421378766898545e+00 1.569563444194653320e+11
2.793551064281966312e+00 1.703093342365785217e+11
2.804725268539093985e+00 1.520208805137292480e+11
2.815944169613250558e+00 1.518544482285648193e+11
2.827207946291703244e+00 1.687464186503752441e+11
2.838516778076869862e+00 1.482901214979339294e+11
2.849870845189177437e+00 1.490336278736299438e+11
2.861270328569933685e+00 1.589633511816074219e+11
2.872715409884213589e+00 1.498834106834186707e+11
2.884206271523750420e+00 1.507225558047158813e+11
2.895743096609845413e+00 1.540597066111113892e+11
2.907326068996284985e+00 1.439085399133239746e+11
2.918955373272270393e+00 1.472383835515033569e+11
2.930631194765359826e+00 1.481354227493946533e+11
2.942353719544420709e+00 1.424906082468596802e+11
2.954123134422598440e+00 1.458715131608561401e+11
2.965939626960289122e+00 1.418662157355305176e+11
2.977803385468130504e+00 1.477607767238985596e+11
2.989714599010003138e+00 1.435855323640766602e+11
3.001673457406043077e+00 1.450670099507765503e+11
3.013680151235667015e+00 1.494173891823084106e+11
3.025734871840609408e+00 1.376643544569314270e+11
3.037837811327972037e+00 1.530318607851921692e+11
3.049989162573283785e+00 1.403682071864916077e+11
3.062189119223576395e+00 1.509998601038094177e+11
3.074437875700470890e+00 1.462063275750926514e+11
3.086735627203272880e+00 1.458758886993986816e+11
3.099082569712085622e+00 1.525632435380235596e+11
3.111478899990933744e+00 1.452902322833336792e+11
3.123924815590897186e+00 1.523128056678640442e+11
3.136420514853261121e+00 1.501830045597846375e+11
3.148966196912674320e+00 1.511575385984130554e+11
3.161562061700325277e+00 1.526544399516931152e+11
3.174208309947126327e+00 1.480084801689168091e+11
3.186905143186915090e+00 1.598549106584290466e+11
3.199652763759662566e+00 1.450079291288692627e+11
3.212451374814701222e+00 1.597705006533519287e+11
3.225301180313960625e+00 1.566346211141694946e+11
3.238202385035215958e+00 1.547121621764975281e+11
3.251155194575356955e+00 1.605599270367183228e+11
3.264159815353658622e+00 1.596136486818946228e+11
3.277216454615073271e+00 1.576141588597352295e+11
3.290325320433533207e+00 1.600719061591395264e+11
3.303486621715267635e+00 1.601831835169924622e+11
3.316700568202128441e+00 1.584861282266858215e+11
3.329967370474937294e+00 1.668388033192657776e+11
3.343287239956836743e+00 1.558652817605043640e+11
3.356660388916663962e+00 1.601266906954546814e+11
3.370087030472330714e+00 1.624723208068916321e+11
3.383567378594220187e+00 1.584382317165111389e+11
3.397101648108596716e+00 1.611803877299152222e+11
3.410690054701031482e+00 1.578624265172479248e+11
3.424332814919834878e+00 1.596057442500323181e+11
3.438030146179514634e+00 1.600392098961084595e+11
3.451782266764232610e+00 1.585185168142939148e+11
3.465589395831289998e+00 1.604547479542451172e+11
3.479451753414614767e+00 1.590612115450628967e+11
3.493369560428273068e+00 1.533417163096000061e+11
3.507343038669985980e+00 1.628308624017275085e+11
3.521372410824665788e+00 1.551329316198716431e+11
3.535457900467964709e+00 1.575896587553303223e+11
3.549599732069836477e+00 1.572059762036408997e+11
3.563798130998116154e+00 1.558104784184255981e+11
3.578053323522108364e+00 1.558143568092237244e+11
3.592365536816196858e+00 1.573567369508835754e+11
3.606734998963461614e+00 1.560045641172930298e+11
3.621161938959315041e+00 1.541593267828997192e+11
3.635646586715152839e+00 1.543740506388507996e+11
3.650189173062013293e+00 1.543670649258582458e+11
3.664789929754260545e+00 1.536321270713203430e+11
3.679449089473277645e+00 1.512871235666453247e+11
3.694166885831170699e+00 1.515934433694627686e+11
3.708943553374495661e+00 1.535537201647954102e+11
3.723779327587993571e+00 1.533617463043279419e+11
3.738674444898345328e+00 1.477399159886520996e+11
3.753629142677938901e+00 1.522552765408192749e+11
3.768643659248651190e+00 1.488119273350996704e+11
3.783718233885645432e+00 1.510466089001427612e+11
3.798853106821188153e+00 1.489547587595632019e+11
3.814048519248473657e+00 1.475853885772966003e+11
3.829304713325467180e+00 1.432683987553290100e+11
3.844621932178768908e+00 1.451180864302256470e+11
3.860000419907484215e+00 1.453914195720466003e+11
3.875440421587113882e+00 1.425545664851643372e+11
3.890942183273462529e+00 1.405433870974595032e+11
3.906505952006555926e+00 1.395673765347318420e+11
3.922131975814582727e+00 1.386197760962300110e+11
3.937820503717840648e+00 1.359030768931099854e+11
3.953571785732711508e+00 1.330376280220270844e+11
3.969386072875642490e+00 1.303724949388170471e+11
3.985263617167145167e+00 1.260456487955900879e+11
4.001204671635814059e+00 1.235272994401303406e+11
4.017209490322357190e+00 1.214968866385084381e+11
4.033278328283646630e+00 1.179541259596920929e+11
4.049411441596781458e+00 1.121992528559274597e+11
4.065609087363168506e+00 1.120283778746992035e+11
4.081871523712622185e+00 1.035259902187008362e+11
4.098199009807472315e+00 1.053351008968592377e+11
4.114591805846702144e+00 1.023376301754508057e+11
4.131050173070089038e+00 9.864907364399691772e+10
4.147574373762369149e+00 1.003716944306990662e+11
4.164164671257418959e+00 9.270444691812055969e+10
4.180821329942449260e+00 9.377291573813687134e+10
4.197544615262219558e+00 9.347565901461805725e+10
4.214334793723269357e+00 8.812721028790924072e+10
4.231192132898162761e+00 9.186057040329499817e+10
4.248116901429755288e+00 8.270470723938830566e+10
4.265109369035473996e+00 8.374895776588890076e+10
4.282169806511615384e+00 8.392371734830293274e+10
4.299298485737661935e+00 7.683587902062236023e+10
4.316495679680612874e+00 7.374383826972817993e+10
4.333761662399335357e+00 6.998882824233102417e+10
4.351096709048932532e+00 6.661910633474752808e+10
4.368501095885127583e+00 6.257289404019223785e+10
4.385975100268668214e+00 5.946977257310498047e+10
4.403519000669743555e+00 5.668342646364970398e+10
4.421133076672422391e+00 5.523701441857665253e+10
4.438817608979111817e+00 5.182534260915186310e+10
4.456572879415028332e+00 5.082185260190769196e+10
4.474399170932688463e+00 4.809986370919918060e+10
4.492296767616419828e+00 4.765716904549597931e+10
4.510265954686884626e+00 4.700018803502127075e+10
4.528307018505633330e+00 4.528215611296436310e+10
4.546420246579655711e+00 4.541412105539950562e+10
4.564605927565974497e+00 4.288504403933742523e+10
4.582864351276237258e+00 4.444270185399166107e+10
4.601195808681342925e+00 4.460135632543605804e+10
4.619600591916067422e+00 4.397243690798492432e+10
4.638078994283731937e+00 4.343388394211665344e+10
4.656631310260867629e+00 4.569549793130019379e+10
4.675257835501911430e+00 4.384135211082749176e+10
4.693958866843916944e+00 4.520607257190840149e+10
4.712734702311292878e+00 4.313921169701271820e+10
4.731585641120538810e+00 4.366570685042063904e+10
4.750511983685020923e+00 4.186825866254924011e+10
4.769514031619761063e+00 4.042920939912198639e+10
4.788592087746240011e+00 3.979461907586519623e+10
4.807746456097224730e+00 4.046013151524903870e+10
4.826977441921613377e+00 4.032482573212064362e+10
4.846285351689299858e+00 3.907026193841142273e+10
4.865670493096057925e+00 3.916086377612915802e+10
4.885133175068442135e+00 3.770123368184204102e+10
4.904673707768715474e+00 3.705051002749372101e+10
4.924292402599791174e+00 3.570133836728878784e+10
4.943989572210189642e+00 3.589615325176988220e+10
4.963765530499030021e+00 3.354247537009121704e+10
4.983620592621027079e+00 3.745961650628488922e+10
5.003555074991511198e+00 3.384292775302198029e+10
5.023569295291476777e+00 3.216275460280824661e+10
5.043663572472643075e+00 3.431813024900885391e+10
5.063838226762532813e+00 3.395729855621713257e+10
5.084093579669583640e+00 3.201641846610713959e+10
5.104429953988261381e+00 3.308618622713581848e+10
5.124847673804215020e+00 3.196886794313584137e+10
5.145347064499431688e+00 3.261619667191747284e+10
5.165928452757428957e+00 3.046471298949591064e+10
5.186592166568458673e+00 3.293454177520296478e+10
5.207338535234733001e+00 3.026588066534304047e+10
5.228167889375671784e+00 3.183995239120845795e+10
5.249080560933174766e+00 3.023021295513855362e+10
5.270076883176907145e+00 3.048936492609453583e+10
5.291157190709615321e+00 2.988697239741750717e+10
5.312321819472453299e+00 3.050261968390131378e+10
5.333571106750343738e+00 3.053299948344919205e+10
5.354905391177344320e+00 2.887205187283493042e+10
5.376325012742054099e+00 2.894985480502586746e+10
5.397830312793021612e+00 2.889484948620811081e+10
5.419421634044193858e+00 2.569482010469583130e+10
5.441099320580370602e+00 2.846685071031030655e+10
5.462863717862692425e+00 2.715137804434168625e+10
5.484715172734142996e+00 2.713681542967897415e+10
5.506654033425078865e+00 2.696989410187170792e+10
5.528680649558780580e+00 2.517281649683166885e+10
5.550795372157015350e+00 2.510124475578268433e+10
5.572998553645643227e+00 2.449420006114778137e+10
5.595290547860225949e+00 2.613845659813739777e+10
5.617671710051667766e+00 2.464882669011891174e+10
5.640142396891874021e+00 2.531115252143969345e+10
5.662702966479441713e+00 2.437901678483054352e+10
5.685353778345359821e+00 2.283826487598546219e+10
5.708095193458740724e+00 2.325220250396478653e+10
5.730927574232576482e+00 2.214776513134763336e+10
5.753851284529505783e+00 2.398252427089333725e+10
5.776866689667624399e+00 2.187303016679222870e+10
5.799974156426294769e+00 2.316114131372220612e+10
5.823174053051999977e+00 2.090292933544800568e+10
5.846466749264207508e+00 2.148978666961132812e+10
5.869852616261264977e+00 2.138026262294287491e+10
5.893332026726310069e+00 2.093537032294924545e+10
5.916905354833215114e+00 2.228535280698183823e+10
5.940572976252548543e+00 2.008814103728396225e+10
5.964335268157558545e+00 2.125731680164605713e+10
5.988192609230189589e+00 2.123663848758756256e+10
6.012145379667110490e+00 2.170536200225220490e+10
6.036193961185778889e+00 1.984410150794379425e+10
6.060338737030522616e+00 2.020129979822726440e+10
6.084580091978644134e+00 2.156945599879621887e+10
6.108918412346558746e+00 1.985064765961885452e+10
6.133354085995945226e+00 2.254202075856351852e+10
6.157887502339929320e+00 2.045707762551542664e+10
6.182519052349287669e+00 2.011530495225296783e+10
6.207249128558685491e+00 2.052647391430520248e+10
6.232078125072920471e+00 2.052507750187494278e+10
6.257006437573212843e+00 1.989146714384763336e+10
6.282034463323505236e+00 2.019316158125608826e+10
6.307162601176800720e+00 1.970750855307506180e+10
6.332391251581507063e+00 1.976803165726107407e+10
6.357720816587833390e+00 1.926660974344560242e+10
6.383151699854184180e+00 1.804324892394375992e+10
6.408684306653601226e+00 1.658198402973073387e+10
6.434319043880215361e+00 1.722781442482432556e+10
6.460056320055736379e+00 1.515991978492283440e+10
6.485896545335958052e+00 1.335474286076943970e+10
6.511840131517302233e+00 1.358477402883292770e+10
6.537887492043371829e+00 1.342334443421251678e+10
6.564039042011545533e+00 1.244056609206192589e+10
6.590295198179591196e+00 1.182518305639760971e+10
6.616656378972309405e+00 1.183343372846998978e+10
6.643123004488199257e+00 1.165666593385797691e+10
6.669695496506150789e+00 1.173530107014925194e+10
6.696374278492176479e+00 1.167908063672643661e+10
6.723159775606144528e+00 1.139448910939936638e+10
6.750052414708568094e+00 1.200201817910161972e+10
6.777052624367403411e+00 1.098794159909470367e+10
6.804160834864871887e+00 1.090591154739846992e+10
6.831377478204331055e+00 1.041052394806904221e+10
6.858702988117148180e+00 1.082290818309679794e+10
6.886137800069615622e+00 1.104743967668874359e+10
6.913682351269895499e+00 1.083936403773310661e+10
6.941337080674975013e+00 1.080859370747583008e+10
6.969102428997675069e+00 1.065189136416651917e+10
6.996978838713665994e+00 1.086118917077122116e+10
7.024966754068519670e+00 1.028762002713807106e+10
7.053066621084793653e+00 1.011241966960821533e+10
7.081278887569133929e+00 1.007168009289672852e+10
7.109604003119409654e+00 9.707632793141326904e+09
7.138042419131887861e+00 1.021678434370566750e+10
7.166594588808414379e+00 1.004590454715903282e+10
7.195260967163648047e+00 9.894823000469631195e+09
7.224042011032302923e+00 9.571809563424295425e+09
7.252938179076432235e+00 9.479353195899534225e+09
7.281949931792737196e+00 9.512719216659093857e+09
7.311077731519908696e+00 9.808374242491136551e+09
7.340322042445988515e+00 8.977792946321933746e+09
7.369683330615771411e+00 8.946859216380819321e+09
7.399162063938235612e+00 9.410072011013553619e+09
7.428758712193988423e+00 8.649719518614223480e+09
7.458473747042765112e+00 8.722769876079908371e+09
7.488307642030935796e+00 8.775166803416248322e+09
7.518260872599060285e+00 8.735032824841211319e+09
7.548333916089456253e+00 8.671425922327892303e+09
7.578527251753813587e+00 8.075020469665375710e+09
7.608841360760829176e+00 7.675065304396093369e+09
7.639276726203872769e+00 8.294374818110493660e+09
7.669833833108687493e+00 7.910541183810977936e+09
7.700513168441122325e+00 7.946948097303522110e+09
7.731315221114887670e+00 7.703101158001032829e+09
7.762240481999347352e+00 7.472619398959441185e+09
7.793289443927344351e+00 7.537607146373254776e+09
7.824462601703054077e+00 7.707568024152033806e+09
7.855760452109866065e+00 7.401002945353561401e+09
7.887183493918306532e+00 6.644311871945102692e+09
7.918732227893980458e+00 7.084111063312483788e+09
7.950407156805555431e+00 6.965017680965414047e+09
7.982208785432777454e+00 6.761652642076389313e+09
8.014137620574508958e+00 6.955412623333934784e+09
8.046194171056805899e+00 6.433158328388782501e+09
8.078378947741034821e+00 6.715550714190788269e+09
8.110692463531997021e+00 6.318906345461772919e+09
8.143135233386125549e+00 6.440296948627614021e+09
8.175707774319670662e+00 6.333709422618652344e+09
8.208410605416949224e+00 6.075950712164676666e+09
8.241244247838615422e+00 6.282665471987920761e+09
8.274209224829968790e+00 5.968934599572133064e+09
8.307306061729288871e+00 6.178956435046692848e+09
8.340535285976207192e+00 5.786977401339175224e+09
8.373897427120111203e+00 5.664478620264178276e+09
8.407393016828594412e+00 6.167646412577437401e+09
8.441022588895906509e+00 5.638670409586047173e+09
8.474786679251490540e+00 5.954446084248507500e+09
8.508685825968495209e+00 5.606069066203509331e+09
8.542720569272368891e+00 5.719088956614053726e+09
8.576891451549458978e+00 5.590361627233617783e+09
8.611199017355655627e+00 5.721560542763055801e+09
8.645643813425078150e+00 5.679876013131378174e+09
8.680226388678779159e+00 5.495565265629583359e+09
8.714947294233493125e+00 5.523633676053256989e+09
8.749807083410427566e+00 5.205211973493481636e+09
8.784806311744070229e+00 5.404934870850160599e+09
8.819945536991047774e+00 5.247348719518385887e+09
8.855225319139009343e+00 5.194189145490700722e+09
8.890646220415566958e+00 5.394315383159114838e+09
8.926208805297228821e+00 5.318896617374236107e+09
8.961913640518417878e+00 5.003088871837594986e+09
8.997761295080492161e+00 5.145178781360881805e+09
9.033752340260813085e+00 5.037829587758845329e+09
9.069887349621856387e+00 5.072266155054071426e+09
9.106166899020346150e+00 4.912534650279780388e+09
9.142591566616424359e+00 4.987835361573614120e+09
9.179161932882891506e+00 4.909115087363126755e+09
9.215878580614422333e+00 4.890087316174423218e+09
9.252742094936881045e+00 4.667552905111512184e+09
9.289753063316627646e+00 4.703339317726524353e+09
9.326912075569895322e+00 4.684734536748163223e+09
9.364219723872173162e+00 4.840447743443832397e+09
9.401676602767663482e+00 4.470446328881177902e+09
9.439283309178733816e+00 4.385682762159893036e+09
9.477040442415447075e+00 4.455687924027448654e+09
9.514948604185111236e+00 4.417901176473873138e+09
9.553008398601852136e+00 4.603314501565951347e+09
9.591220432196260859e+00 4.261461093322248459e+09
9.629585313925044687e+00 4.244429905266823292e+09
9.668103655180747324e+00 4.223187394229811668e+09
9.706776069801470896e+00 4.185462998219660759e+09
9.745603174080676112e+00 4.250055679193459511e+09
9.784585586776998412e+00 4.304953184387474060e+09
9.823723929124106746e+00 4.018372701855366707e+09
9.863018824840601440e+00 4.072774094766150951e+09
9.902470900139965337e+00 3.513208732457239628e+09
9.942080783740523842e+00 3.938168308019446850e+09
9.981849106875488431e+00 3.827424328301157951e+09
1.002177650330298952e+01 3.830698455349761009e+09
1.006186360931619994e+01 3.682981124386264324e+09
1.010211106375346723e+01 3.522167857084101200e+09
1.014251950800847979e+01 3.704111750732357502e+09
1.018308958604051284e+01 3.637363814788125515e+09
1.022382194438467451e+01 3.495114121709880829e+09
1.026471723216221399e+01 3.393866261656967163e+09
1.030577610109086173e+01 3.382379401371019363e+09
1.034699920549522467e+01 3.284706906147188187e+09
1.038838720231720458e+01 3.176107486706932068e+09
1.042994075112647501e+01 3.114590858710007668e+09
1.047166051413097954e+01 3.034672987338842869e+09
1.051354715618750468e+01 3.160490201948378086e+09
1.055560134481225454e+01 3.025604747627823830e+09
1.059782375019150358e+01 2.919906549010618210e+09
1.064021504519226902e+01 2.999553424242085934e+09
1.068277590537303823e+01 3.007567664748273849e+09
1.072550700899452991e+01 2.831290608800772190e+09
1.076840903703050856e+01 2.774833017711270332e+09
1.081148267317863088e+01 2.833876447872448444e+09
1.085472860387134553e+01 2.877424955536427498e+09
1.089814751828683015e+01 2.544706848651864052e+09
1.094174010835997635e+01 2.660651246609666824e+09
1.098550706879341909e+01 2.376325011657747746e+09
1.102944909706859100e+01 2.423643877939820290e+09
1.107356689345686540e+01 2.443891804225559235e+09
1.111786116103069233e+01 2.443332596507068634e+09
1.116233260567481622e+01 2.371218753706415653e+09
1.120698193609751492e+01 2.320387719212431431e+09
1.125180986384190440e+01 2.306892593440460682e+09
1.129681710329727373e+01 2.260010596640885830e+09
1.134200437171046083e+01 2.221998836052624226e+09
1.138737238919730466e+01 2.253907230460431576e+09
1.143292187875409383e+01 2.184693992148486137e+09
1.147865356626910938e+01 2.141849892111596107e+09
1.152456818053418530e+01 2.078488936186545849e+09
1.157066645325632237e+01 1.993842208651045322e+09
1.161694911906934635e+01 1.963960400156922579e+09
1.166341691554562487e+01 2.020640045981501341e+09
1.171007058320780736e+01 1.887166655057196617e+09
1.175691086554063958e+01 1.754855737077368498e+09
1.180393850900279951e+01 1.843198458172042131e+09
1.185115426303881137e+01 1.798292429729747295e+09
1.189855888009096674e+01 1.791926547693115950e+09
1.194615311561133097e+01 1.786995787380541801e+09
1.199393772807377623e+01 1.763309370638867140e+09
1.204191347898607134e+01 1.749153165316482067e+09
1.209008113290201614e+01 1.628420102393767595e+09
1.213844145743362368e+01 1.614767457877319098e+09
1.218699522326335938e+01 1.695574951318314075e+09
1.223574320415641381e+01 1.581952336741546869e+09
1.228468617697303777e+01 1.621640654465873241e+09
1.233382492168093059e+01 1.529443441392443657e+09
1.238316022136765504e+01 1.514966797539212704e+09
1.243269286225312520e+01 1.382839414226576090e+09
1.248242363370213859e+01 1.497868549200949430e+09
1.253235332823694748e+01 1.371696890859943867e+09
1.258248274154989410e+01 1.412153041416231632e+09
1.263281267251609385e+01 1.383804166650167942e+09
1.268334392320615756e+01 1.371686159995630980e+09
1.273407729889898299e+01 1.400772638390612841e+09
1.278501360809457665e+01 1.279424069497341156e+09
1.283615366252695544e+01 1.253600893063602209e+09
1.288749827717706253e+01 1.348031317523155928e+09
1.293904827028577031e+01 1.216348227015477180e+09
1.299080446336691352e+01 1.257040290293905020e+09
1.304276768122038099e+01 1.185080301314074039e+09
1.309493875194526424e+01 1.214971145851934671e+09
1.314731850695304693e+01 1.167486935976804972e+09
1.319990778098085649e+01 1.174973859757745504e+09
1.325270741210477965e+01 1.078499970407696962e+09
1.330571824175319939e+01 1.062888291412027597e+09
1.335894111472021173e+01 1.099560410518943548e+09
1.341237687917909227e+01 1.098418300753469467e+09
1.346602638669580898e+01 1.009563409810482502e+09
1.351989049224258999e+01 1.066641678169068456e+09
1.357397005421156067e+01 1.020972149576190591e+09
1.362826593442840917e+01 1.006136148833517909e+09
1.368277899816612297e+01 9.942431079581912756e+08
1.373751011415878942e+01 9.317050943610063791e+08
1.379246015461542463e+01 9.915750560283951759e+08
1.384762999523388416e+01 8.858940718028781414e+08
1.390302051521481808e+01 9.776640387426450253e+08
1.395863259727567751e+01 9.422505825987168550e+08
1.401446712766477987e+01 8.685247139755705595e+08
1.407052499617543972e+01 9.539234523926209211e+08
1.412680709616014063e+01 8.529016610416307449e+08
1.418331432454478147e+01 8.104632421053415537e+08
1.424004758184296193e+01 8.359659585309413671e+08
1.429700777217033369e+01 8.704066241249729395e+08
1.435419580325901379e+01 7.931788327253751755e+08
1.441161258647204946e+01 7.878756409976022243e+08
1.446925903681793812e+01 7.514461117835280895e+08
1.452713607296521126e+01 7.753868407051981688e+08
1.458524461725707155e+01 7.670235919280003309e+08
1.464358559572609764e+01 7.351397960775462389e+08
1.470215993810900557e+01 7.276201812391867638e+08
1.476096857786143879e+01 7.756571481162239313e+08
1.482001245217288599e+01 7.096070900138098001e+08
1.487929250198157760e+01 6.719081350351235867e+08
1.493880967198950316e+01 6.983206624730095863e+08
1.499856491067746056e+01 6.754242173946195841e+08
1.505855917032016933e+01 6.725851472417712212e+08
1.511879340700144958e+01 6.503876350614449978e+08
1.517926858062945605e+01 6.367295824542173147e+08
1.523998565495197433e+01 6.666690817735581398e+08
1.530094559757178274e+01 6.472948241934940815e+08
1.536214937996206764e+01 6.148652105959842205e+08
1.542359797748191674e+01 5.939104898168655634e+08
1.548529236939184450e+01 5.992187882853741646e+08
1.554723353886941339e+01 5.632501251638529301e+08
1.560942247302489072e+01 5.849327667815663815e+08
1.567186016291699069e+01 5.816265574665207863e+08
1.573454760356865556e+01 5.406261137555727959e+08
1.579748579398293096e+01 5.612441844223496914e+08
1.586067573715886247e+01 5.440488925387408733e+08
1.592411844010749888e+01 5.737756490903906822e+08
1.598781491386792730e+01 4.903790208751232624e+08
1.605176617352340074e+01 5.155864067870911360e+08
1.611597323821749228e+01 4.914960600791752338e+08
1.618043713117036120e+01 5.224626991498489380e+08
1.624515887969504391e+01 4.661975544404657483e+08
1.631013951521382310e+01 4.991912027811902761e+08
1.637538007327468037e+01 5.005774366486877799e+08
1.644088159356778078e+01 4.790235013071869016e+08
1.650664511994205341e+01 4.549493673494439721e+08
1.657267170042182158e+01 4.506919018713997006e+08
1.663896238722350418e+01 4.139526350752966404e+08
1.670551823677240222e+01 4.482729618469953537e+08
1.677234030971949608e+01 4.679032267450569868e+08
1.683942967095837062e+01 4.417992188410536051e+08
1.690678738964220429e+01 4.192789439962155223e+08
1.697441453920077237e+01 4.165127204374653697e+08
1.704231219735757108e+01 4.552305389121254683e+08
1.711048144614700561e+01 3.723137951113954782e+08
1.717892337193159236e+01 4.123602693895669580e+08
1.724763906541932101e+01 3.778015755563904643e+08
1.731662962168099895e+01 3.775545853742167950e+08
1.738589614016772344e+01 3.533230957752607465e+08
1.745543972472839300e+01 3.858539622773483992e+08
1.752526148362730751e+01 3.729183692820892334e+08
1.759536252956181812e+01 3.551052177699469924e+08
1.766574397968006238e+01 3.463738188476636410e+08
1.773640695559878466e+01 3.458402287880034447e+08
1.780735258342117433e+01 3.435109699244703054e+08
1.787858199375486024e+01 3.604519969700367451e+08
1.795009632172988034e+01 3.208959666138182878e+08
1.802189670701679702e+01 3.483108981787037253e+08
1.809398429384486562e+01 3.311580553184827566e+08
1.816636023102024211e+01 2.928818723235055208e+08
1.823902567194432578e+01 3.250482978827064037e+08
1.831198177463210186e+01 3.254770436795833111e+08
1.838522970173062987e+01 3.067518865066787004e+08
1.845877062053754969e+01 3.008557849876245856e+08
1.853260570301970134e+01 2.758664359217658043e+08
1.860673612583178027e+01 2.646914343955658972e+08
1.868116307033510637e+01 2.847972801112490296e+08
1.875588772261644976e+01 2.750622613178445697e+08
1.883091127350691352e+01 2.984114498623764515e+08
1.890623491860094063e+01 2.729431726082617640e+08
1.898185985827534594e+01 2.581204976892637312e+08
1.905778729770844748e+01 2.813711947603376508e+08
1.913401844689928311e+01 2.755459846482675672e+08
1.921055452068688041e+01 2.437418908601025343e+08
1.928739673876962968e+01 2.486871665440387726e+08
1.936454632572470658e+01 2.569011944622652829e+08
1.944200451102760141e+01 2.198414511350959837e+08
1.951977252907171589e+01 2.599570674824360907e+08
1.959785161918800256e+01 2.287591853710773587e+08
1.967624302566475691e+01 2.316502470431691408e+08
1.991079942767366973e+01 2.248022432099294960e+08
