# Wavelength (micrometer), Flux (W / m2 / m)
1.000553076518779783e-01 3.505448299701665649e+11
1.004555288824854897e-01 7.668597900586809124e-08
1.008573509980154326e-01 1.507765939627128259e-07
1.012607804020075053e-01 1.243933799339243325e-07
1.016658235236155422e-01 2.656789264594289260e-07
1.020724868177099870e-01 4.453801040762899528e-05
1.024807767649808382e-01 6.379111971147296443e-06
1.028906998720407612e-01 5.907015490950857179e-07
1.033022626715289355e-01 5.366610445673804973e-05
1.037154717222150413e-01 7.069512039744807907e-07
1.041303336091038839e-01 4.571181830312755066e-07
1.045468549435403099e-01 4.470447189963087875e-06
1.049650423633144702e-01 1.293163192884297373e-07
1.053849025327677214e-01 8.540054248374065666e-06
1.058064421428987906e-01 2.751739581396407989e-07
1.062296679114703990e-01 9.521859648398072026e-06
1.066545865831162732e-01 7.847082124541546877e-06
1.070812049294487533e-01 1.724511950566292884e-06
1.075095297491665408e-01 9.547759108706347156e-05
1.079395678681632220e-01 1.712475683273777251e-06
1.083713261396358624e-01 4.938642778984832915e-05
1.088048114441943909e-01 1.948887504004236177e-05
1.092400306899711654e-01 3.013416042448805853e-03
1.096769908127310511e-01 3.268812701476426894e-05
1.101156987759819850e-01 4.504635728218206572e-05
1.105561615710859147e-01 1.511583481093618222e-03
1.109983862173702651e-01 3.875218383979543517e-04
1.114423797622397516e-01 1.046552952248319061e-04
1.118881492812886930e-01 2.672826979806471363e-05
1.123357018784138517e-01 1.490095357353964708e-04
1.127850446859275102e-01 3.796593938006430358e-02
1.132361848646712132e-01 3.351789582744581220e-02
1.136891296041298988e-01 1.638931092315898050e-02
1.141438861225464035e-01 1.610977087740684752e-02
1.146004616670366072e-01 1.008136691335656011e-02
1.150588635137047705e-01 1.099519108490223940e-02
1.155190989677595953e-01 5.923962192144593270e-03
1.159811753636306314e-01 1.698872180413511443e-02
1.164451000650851553e-01 3.949713411879103402e-03
1.169108804653455069e-01 4.261155645385971205e-03
1.173785239872068981e-01 2.186869933948384220e-02
1.178480380831557206e-01 7.960134095275617216e-02
1.183194302354883543e-01 3.554542578774261968e-02
1.187927079564302935e-01 1.361771134828186104e-02
1.192678787882560099e-01 2.893212976812025231e-02
1.197449503034090645e-01 4.237347542552698937e-02
1.202239301046226783e-01 3.463467779003998916e-03
1.207048258250411760e-01 1.775919478523351955e-02
1.211876451283413342e-01 7.111219473045906486e-03
1.216723957088547137e-01 2.972307392059366296e-03
1.221590852916901310e-01 5.893212709893197281e-03
1.226477216328568792e-01 7.859707439946968244e-03
1.231383125193883099e-01 8.887636578520794611e-03
1.236308657694658586e-01 9.793632021616162017e-03
1.241253892325437369e-01 4.143936825736158243e-03
1.246218907894739159e-01 3.819615573544821174e-03
1.251203783526317892e-01 2.435238200961746969e-03
1.256208598660423226e-01 1.590590979089965412e-02
1.261233433055065078e-01 2.094563378193292982e-02
1.266278366787285392e-01 1.096877414019470625e-03
1.271343480254434610e-01 7.925794331192434483e-03
1.276428854175452321e-01 9.165413419776996876e-03
1.281534569592154005e-01 1.997802886665051621e-03
1.286660707870522780e-01 6.575020204589327247e-03
1.291807350702004475e-01 1.194972523164435259e-02
1.296974580104812425e-01 9.696079339870360830e-03
1.302162478425231973e-01 4.235246394991423052e-03
1.307371128338932764e-01 2.028252567096033507e-02
1.312600612852288795e-01 2.751384263641510133e-02
1.317851015303697915e-01 1.806277767767182699e-02
1.323122419364912705e-01 6.705590502105207573e-02
1.328414909042372472e-01 6.933572766554699229e-02
1.333728568678542170e-01 4.279532430125724402e-02
1.339063482953256612e-01 8.545368826573860807e-03
1.344419736885069383e-01 4.525231076938078523e-02
1.349797415832609815e-01 8.105481560934386931e-02
1.355196605495940232e-01 7.398105182118297485e-02
1.360617391917924301e-01 1.107670118175933111e-01
1.366059861485595939e-01 3.998109894809927234e-02
1.371524100931538481e-01 1.177860300014960115e-02
1.377010197335264696e-01 3.360652108137966720e-02
1.382518238124605670e-01 3.183421151563967655e-01
1.388048311077104136e-01 1.558764107216347450e-01
1.393600504321412248e-01 4.123092421607159330e-02
1.399174906338697677e-01 2.930871543973756835e-02
1.404771605964052761e-01 2.698345752195329683e-01
1.410390692387908651e-01 9.211426720337380358e-02
1.416032255157460562e-01 6.296259579129397377e-01
1.421696384178090522e-01 2.212065054477717688e-02
1.427383169714803168e-01 2.318554104134532834e-01
1.433092702393662099e-01 4.250911065588098836e+00
1.438825073203236771e-01 7.345660223087279173e-01
1.444580373496049674e-01 2.793275939672490438e+00
1.450358694990033503e-01 7.008390924934757571e-01
1.456160129769993872e-01 5.062952057662720051e+00
1.461984770289073976e-01 1.039719059307953763e+01
1.467832709370230082e-01 1.805719782359114234e+00
1.473704040207710897e-01 5.145202259014554080e+00
1.479598856368541382e-01 3.386287978870339832e-01
1.485517251794015725e-01 3.197895052927752779e+00
1.491459320801191979e-01 7.143076518225349503e+00
1.497425158084396690e-01 2.464452234743889303e+00
1.503414858716734248e-01 2.908577976507300633e+01
1.509428518151600951e-01 5.188338619369130988e+00
1.515466232224207677e-01 1.205363422323509237e+00
1.521528097153104220e-01 6.071451425430141491e+00
1.527614209541716672e-01 8.583161990567937938e-01
1.533724666379883694e-01 5.516780825950379219e-01
1.539859565045403056e-01 1.202901415784836781e+00
1.546019003305584838e-01 4.532486067417663966e-02
1.552203079318807133e-01 1.549302675084846537e-01
1.558411891636082569e-01 1.055958537039778239e-01
1.564645539202626778e-01 6.220035628383698001e-02
1.570904121359437411e-01 5.787651701730585352e-02
1.577187737844875093e-01 3.802682100414891964e-02
1.583496488796254653e-01 5.956162197411140474e-02
1.589830474751439959e-01 1.590213192788289265e-01
1.596189796650445414e-01 3.867995650356637061e-02
1.602574555837047166e-01 4.384459804901608831e-02
1.608984854060395708e-01 9.507286086062016750e-02
1.615420793476636807e-01 8.088674342609981915e-02
1.621882476650543525e-01 9.054763686233209541e-02
1.628370006557145755e-01 8.558259100023594967e-02
1.634883486583374457e-01 1.161449284727501391e-01
1.641423020529707844e-01 1.349406509665203313e-01
1.647988712611826723e-01 1.632240649236755825e-01
1.654580667462274002e-01 8.106643581471292825e-02
1.661198990132123077e-01 2.525085737400694086e-01
1.667843786092651215e-01 2.673446947405453966e-01
1.674515161237022098e-01 4.021370571837312169e-01
1.681213221881969755e-01 9.326843235155566347e-01
1.687938074769497754e-01 6.155616933061826002e-01
1.694689827068575905e-01 2.664462746911847812e+00
1.701468586376850278e-01 1.970274087650007555e+00
1.708274460722357391e-01 2.539241452362170026e+00
1.715107558565246715e-01 3.224736506217956933e+00
1.721967988799507909e-01 3.167272504026371394e+00
1.728855860754705820e-01 4.947881355204512666e+00
1.735771284197724640e-01 3.391115246026673358e+00
1.742714369334515678e-01 3.002057858292094483e+00
1.749685226811853456e-01 1.034962270356585101e+01
1.756683967719100681e-01 4.934274354321553702e+00
1.763710703589977391e-01 1.646192848754188987e+01
1.770765546404337309e-01 2.068584100486498656e+01
1.777848608589954471e-01 7.041665016527965726e+00
1.784960003024314568e-01 2.964409696456811005e+01
1.792099843036411844e-01 2.265375445851049108e+01
1.799268242408557650e-01 2.553463392655595143e+01
1.806465315378191772e-01 6.171548697838163378e+01
1.813691176639704306e-01 1.479415061115059515e+01
1.820945941346263086e-01 4.689478222041091726e+01
1.828229725111648329e-01 1.123786545196379478e+02
1.835542644012094771e-01 1.321033848962656165e+01
1.842884814588143239e-01 7.122696746917233668e+01
1.850256353846495561e-01 2.033430604680768852e+02
1.857657379261881403e-01 3.905120632843076578e+01
1.865088008778928996e-01 2.306957603437606110e+02
1.872548360814044743e-01 1.670248636562400861e+02
1.880038554257300876e-01 5.944184284338125224e+01
1.887558708474330049e-01 3.146359476904224834e+02
1.895108943308226879e-01 1.851456905644447204e+02
1.902689379081460019e-01 1.193276525481046662e+02
1.910300136597785636e-01 6.036576343516662746e+02
1.917941337144176972e-01 3.040092222940050419e+02
1.925613102492753359e-01 3.951909543785396295e+02
1.933315554902724498e-01 1.036265045199688302e+03
1.941048817122335568e-01 6.734368531805246221e+02
1.948813012390824828e-01 6.855562969305941579e+02
1.956608264440388156e-01 2.060812931356736044e+03
1.964434697498149418e-01 7.786096687458687029e+02
1.972292436288141937e-01 1.373905805584502559e+03
1.980181606033294406e-01 2.611136796066797615e+03
1.988102332457427346e-01 1.650984545079724967e+03
1.996054741787257336e-01 1.522400653794083837e+03
2.004038960754406518e-01 2.029033353974692091e+03
2.012055116597424309e-01 2.169186217931204737e+03
2.020103337063813842e-01 2.457653014560682550e+03
2.028183750412069219e-01 2.902571465627554062e+03
2.036296485413717494e-01 2.071830231125532464e+03
2.044441671355372303e-01 1.865972448772027974e+03
2.052619438040793887e-01 2.667050483443819758e+03
2.060829915792957157e-01 2.294600542651012802e+03
2.069073235456129201e-01 2.180198606695661510e+03
2.077349528397953449e-01 2.384625441238548319e+03
2.085658926511545219e-01 2.912750100778659998e+03
2.094001562217591150e-01 2.831058662083191393e+03
2.102377568466461677e-01 2.894489230262458477e+03
2.110787078740327671e-01 2.096445318076245712e+03
2.119230227055288740e-01 2.810551363718110679e+03
2.127707147963510126e-01 3.088768442579625571e+03
2.136217976555363773e-01 3.630868125948722081e+03
2.144762848461585492e-01 2.096374702664453707e+03
2.153341899855431840e-01 3.387801697438691917e+03
2.161955267454853669e-01 4.627229238345801605e+03
2.170603088524672986e-01 5.326837049621803089e+03
2.179285500878772042e-01 3.491241664924737961e+03
2.188002642882286852e-01 3.970129587884246121e+03
2.196754653453815986e-01 6.824106351247668499e+03
2.205541672067631020e-01 5.719010122447384674e+03
2.214363838755901703e-01 1.227092188147289380e+04
2.223221294110925284e-01 5.240847394191713647e+03
2.232114179287369160e-01 2.242873008524327452e+04
2.241042636004518529e-01 1.297168726884713033e+04
2.250006806548536520e-01 3.690084730902350566e+04
2.259006833774730438e-01 1.810389442236620380e+04
2.268042861109829667e-01 3.060225087443261873e+04
2.277115032554268836e-01 4.001272989920461987e+04
2.286223492684485714e-01 4.326373252319027233e+04
2.295368386655223802e-01 1.027571836572338070e+05
2.304549860201844658e-01 2.317812068209414065e+04
2.313768059642651864e-01 8.382201880353133311e+04
2.323023131881222503e-01 7.468801952836765849e+04
2.332315224408747223e-01 1.319417401429296879e+05
2.341644485306381973e-01 1.563299068509296048e+05
2.351011063247607502e-01 3.635659067243598111e+04
2.360415107500598020e-01 1.737939543545994093e+05
2.369856767930600405e-01 3.837014720422716346e+04
2.379336195002322851e-01 2.108749544208804145e+05
2.388853539782332114e-01 1.663808488699523732e+05
2.398408953941461863e-01 4.901169293637248920e+05
2.408002589757227141e-01 5.983299428117789794e+05
2.417634600116256582e-01 1.702299419278301648e+05
2.427305138516721306e-01 9.024224245392794255e+05
2.437014359070788505e-01 6.869278702243285952e+05
2.446762416507071713e-01 2.000662432448529871e+06
2.456549466173099938e-01 8.858686149604899110e+05
2.466375664037792625e-01 1.346646231504740426e+06
2.476241166693943785e-01 1.969124313489386113e+06
2.486146131360719436e-01 2.839532315202588215e+05
2.496090715886161993e-01 1.690493581261753803e+06
2.506075078749706586e-01 1.147512006528727012e+06
2.516099379064705155e-01 1.928322068391901674e+06
2.526163776580964138e-01 4.150632599475533236e+06
2.536268431687287994e-01 1.435853591369601525e+07
2.546413505414037437e-01 1.948489578192196041e+07
2.556599159435693491e-01 6.823664376901119016e+06
2.566825556073435988e-01 4.949055950793151744e+06
2.577092858297729827e-01 5.952684085060414858e+06
2.587401229730920682e-01 3.904357129084833898e+06
2.597750834649844576e-01 7.403914829064916819e+06
2.608141837988444123e-01 7.144986189012333751e+06
2.618574405340398092e-01 1.846514454228528589e+07
2.629048702961759298e-01 4.277960015400992334e+07
2.639564897773606367e-01 4.250433263304963708e+07
2.650123157364701054e-01 4.091002777626641840e+07
2.660723649994159445e-01 3.170298545894230157e+07
2.671366544594135917e-01 3.289767773161793873e+07
2.682052010772512096e-01 4.126535596409605443e+07
2.692780218815602478e-01 2.841710364445294440e+07
2.703551339690865030e-01 5.635199296442937106e+07
2.714365545049627904e-01 4.930529436556660384e+07
2.725223007229827243e-01 4.934668288590124995e+07
2.736123899258746106e-01 6.430529014073210210e+07
2.747068394855781692e-01 9.588955750657911599e+07
2.758056668435204806e-01 1.145532908598218113e+08
2.769088895108945403e-01 2.388887342636429369e+08
2.780165250689380918e-01 1.956757670061941743e+08
2.791285911692138466e-01 2.719694359965435863e+08
2.802451055338907038e-01 2.457518906164474189e+08
2.813660859560263017e-01 2.334421751993474364e+08
2.824915502998503469e-01 2.111346507608776093e+08
2.836215165010497197e-01 2.161768543430313468e+08
2.847560025670539119e-01 6.616339485126333684e+07
2.858950265773221866e-01 1.368456520799307823e+08
2.870386066836315142e-01 3.427926159901363850e+08
2.881867611103660631e-01 6.178540333450362682e+08
2.893395081548075787e-01 9.160017532166583538e+08
2.904968661874267610e-01 1.087729527142919064e+09
2.916588536521764197e-01 1.267150152926475286e+09
2.928254890667851273e-01 1.171248628746146679e+09
2.939967910230522619e-01 1.269601082612412691e+09
2.951727781871444911e-01 1.156603618251620770e+09
2.963534692998930908e-01 1.422274291249109983e+09
2.975388831770926501e-01 1.499916019779217482e+09
2.987290387098009981e-01 2.152756767092645168e+09
2.999239548646402409e-01 1.706659175904248953e+09
3.011236506840988536e-01 3.493803475234552860e+09
3.023281452868351593e-01 1.537781202279797792e+09
3.035374578679824742e-01 4.784426248304135323e+09
3.047516076994544187e-01 4.326810866184452057e+09
3.059706141302522830e-01 5.429832867290438652e+09
3.071944965867733357e-01 6.067167282194448471e+09
3.084232745731204095e-01 7.509831484165811539e+09
3.096569676714128194e-01 7.154575331710455894e+09
3.108955955420985018e-01 9.343407947159395218e+09
3.121391779242668751e-01 1.037898145225946617e+10
3.133877346359639215e-01 1.261432087003404617e+10
3.146412855745078230e-01 1.593713446355577850e+10
3.158998507168058190e-01 1.535501070413955116e+10
3.171634501196730627e-01 2.428256716159981155e+10
3.184321039201517545e-01 2.006823139141545105e+10
3.197058323358323295e-01 2.396888909106322479e+10
3.209846556651756444e-01 2.574173272996348572e+10
3.222685942878363852e-01 3.035053214580299759e+10
3.235576686649877520e-01 3.157255682342633820e+10
3.248518993396476984e-01 3.638388908222686768e+10
3.261513069370062801e-01 3.973101306555077362e+10
3.274559121647543369e-01 4.470497888141474152e+10
3.287657358134133401e-01 5.008806570661401367e+10
3.300807987566670154e-01 5.584905709186662292e+10
3.314011219516936890e-01 6.856629817135784912e+10
3.327267264395004642e-01 7.016708394857771301e+10
3.340576333452584534e-01 8.937876863585202026e+10
3.353938638786395088e-01 8.592534663033815002e+10
3.367354393341540630e-01 9.751838180300505066e+10
3.380823810914907468e-01 1.050300216694492035e+11
3.394347106158566718e-01 1.066685288829465332e+11
3.407924494583201014e-01 1.174523060478787689e+11
3.421556192561533982e-01 1.138419333092964935e+11
3.435242417331779707e-01 8.027244377336871338e+10
3.448983387001106626e-01 9.681437637528669739e+10
3.462779320549111417e-01 1.117275794455635986e+11
3.476630437831307319e-01 1.037809102041061859e+11
3.490536959582632992e-01 1.187883746521719971e+11
3.504499107420963600e-01 1.909557041128601074e+11
3.518517103850647421e-01 1.641995392348892212e+11
3.532591172266050239e-01 2.000707160942845154e+11
3.546721536955114717e-01 2.598820215225614014e+11
3.560908423102934761e-01 1.596234447218693542e+11
3.575152056795346533e-01 1.197965531085395508e+11
3.589452665022527800e-01 1.806010650060430603e+11
3.603810475682617254e-01 2.342583334420106201e+11
3.618225717585348278e-01 2.114340287322084045e+11
3.632698620455689364e-01 2.302808322446972656e+11
3.647229414937512293e-01 2.411036502836498718e+11
3.661818332597261971e-01 3.951429940790891113e+11
3.676465605927651259e-01 2.765848144476388550e+11
3.691171468351361895e-01 3.213228864906107788e+11
3.705936154224767076e-01 2.155740329923203125e+11
3.720759898841666247e-01 1.103035269158412170e+11
3.735642938437032656e-01 1.044176782956003723e+11
3.750585510190780902e-01 1.222167889609241180e+11
3.765587852231543908e-01 2.582398118500862122e+11
3.780650203640470441e-01 4.880305480330076904e+11
3.795772804455032068e-01 3.290761844711546021e+11
3.810955895672852312e-01 3.783384762551334229e+11
3.826199719255543585e-01 1.602364264190736694e+11
3.841504518132565771e-01 2.798027263034895630e+11
3.856870536205096456e-01 1.722579807818477783e+11
3.872298018349916715e-01 2.994919888936111450e+11
3.887787210423316320e-01 2.828772263722344971e+11
3.903338359265008939e-01 3.504136425039113770e+11
3.918951712702069545e-01 3.900224073336349487e+11
3.934627519552877928e-01 2.518949756881279602e+11
3.950366029631089404e-01 5.752295838002863770e+11
3.966167493749613859e-01 4.243931798110899048e+11
3.982032163724612550e-01 6.909902971037449951e+11
3.997960292379510450e-01 8.027234993536300049e+11
4.013952133549028578e-01 8.808397986640183105e+11
4.030007942083224659e-01 1.006398889677183228e+12
4.046127973851557647e-01 7.599381274673929443e+11
4.062312485746963908e-01 7.605611998347886963e+11
4.078561735689951728e-01 8.494091089555913086e+11
4.094875982632711353e-01 8.923664372880909424e+11
4.111255486563242245e-01 1.004567203798776489e+12
4.127700508509495880e-01 8.792635566987269287e+11
4.144211310543532978e-01 7.805913258141571045e+11
4.160788155785707931e-01 8.995878832150377197e+11
4.177431308408850463e-01 6.796385671484141846e+11
4.194141033642486138e-01 5.365278312341688232e+11
4.210917597777056320e-01 3.040379219375610962e+11
4.227761268168164221e-01 7.699107560529382324e+10
4.244672313240837602e-01 3.420907693933384399e+11
4.261651002493800910e-01 5.118783966295250854e+11
4.278697606503775730e-01 5.966344799299489746e+11
4.295812396929790666e-01 5.701947840737685547e+11
4.312995646517510107e-01 6.104893137853406982e+11
4.330247629103580187e-01 7.246709186039407959e+11
4.347568619619994745e-01 7.825252261845649414e+11
4.364958894098474596e-01 7.422692054852208252e+11
4.382418729674867897e-01 6.578758815384591064e+11
4.399948404593567730e-01 6.895260372921456299e+11
4.417548198211941890e-01 7.775900546462198486e+11
4.435218391004789873e-01 6.148116719093989258e+11
4.452959264568808750e-01 6.468726812499417725e+11
4.470771101627084021e-01 6.519256181208726807e+11
4.488654186033592119e-01 6.877886148726417236e+11
4.506608802777726241e-01 7.173718525706430664e+11
4.524635237988837710e-01 7.566852509332967529e+11
4.542733778940792333e-01 7.542861533040787354e+11
4.560904714056555065e-01 7.282456259380798340e+11
4.579148332912781894e-01 8.230408677085327148e+11
4.597464926244433370e-01 5.624135708806019287e+11
4.615854785949410899e-01 7.904595829285802002e+11
4.634318205093208576e-01 5.616570481846158447e+11
4.652855477913582227e-01 6.926994489807896729e+11
4.671466899825236219e-01 7.174084476776395264e+11
4.690152767424536906e-01 7.595743842952006836e+11
4.708913378494234969e-01 8.876922954318535156e+11
4.727749032008212171e-01 8.088238580170093994e+11
4.746660028136244769e-01 9.242691042385994873e+11
4.765646668248789131e-01 6.372369662711052246e+11
4.784709254921784560e-01 5.783785699162199707e+11
4.803848091941470555e-01 7.641619586467868652e+11
4.823063484309236815e-01 7.804827876816379395e+11
4.842355738246474361e-01 8.979418881414962158e+11
4.861725161199459966e-01 8.077812355005450439e+11
4.881172061844257226e-01 1.024981179637091919e+12
4.900696750091634302e-01 1.002540655597732178e+12
4.920299537092001074e-01 1.212718777940997314e+12
4.939980735240369625e-01 1.380648858422397217e+12
4.959740658181330253e-01 8.935837326372064209e+11
4.979579620814056362e-01 1.138967673400406738e+12
4.999497939297311566e-01 1.030255717485401001e+12
5.019495931054501758e-01 9.293244835729677734e+11
5.039573914778719965e-01 1.137461187081997559e+12
5.059732210437835054e-01 9.071373162723081055e+11
5.079971139279585435e-01 9.685983340252662354e+11
5.100291023836703852e-01 8.939844993971213379e+11
5.120692187932051054e-01 8.926323189902731934e+11
5.141174956683780550e-01 9.043715619420545654e+11
5.161739656510514473e-01 7.764796066520133057e+11
5.182386615136556074e-01 5.879313739432139893e+11
5.203116161597103329e-01 8.196267675811966553e+11
5.223928626243490303e-01 1.120434953160150635e+12
5.244824340748465152e-01 9.413324986434577637e+11
5.265803638111459239e-01 9.291991041505172119e+11
5.286866852663905103e-01 9.301044891223479004e+11
5.308014320074561088e-01 9.709614506130957031e+11
5.329246377354859288e-01 8.553605994211545410e+11
5.350563362864277916e-01 8.798128447969995117e+11
5.371965616315735881e-01 7.369198146108826904e+11
5.393453478780998456e-01 7.814543385142192383e+11
5.415027292696121819e-01 7.598418160070124512e+11
5.436687401866906466e-01 7.461384865322652588e+11
5.458434151474373941e-01 5.521157848125328369e+11
5.480267888080271321e-01 6.588313122518469238e+11
5.502188959632591247e-01 6.321041908528411865e+11
5.524197715471121928e-01 6.797249258016618652e+11
5.546294506333006025e-01 7.445694151868487549e+11
5.568479684358338400e-01 7.127814893120041504e+11
5.590753603095770519e-01 6.341817743897847900e+11
5.613116617508153716e-01 5.089217340196112671e+11
5.635569083978186899e-01 4.179848802769174194e+11
5.658111360314097560e-01 4.995482141170097046e+11
5.680743805755354980e-01 4.493055950002700806e+11
5.703466780978375672e-01 5.209608086714222412e+11
5.726280648102289872e-01 5.464400559869803467e+11
5.749185770694699160e-01 6.130031414732546387e+11
5.772182513777477375e-01 5.724349353036749268e+11
5.795271243832587071e-01 6.893098223157843018e+11
5.818452328807918184e-01 7.040695211280169678e+11
5.841726138123150003e-01 6.775357067076276855e+11
5.865093042675643131e-01 5.195354063704117432e+11
5.888553414846344758e-01 3.319568055400919800e+11
5.912107628505729462e-01 3.473736474612935181e+11
5.935756059019753339e-01 3.971928776845274048e+11
5.959499083255832552e-01 3.799345237502144165e+11
5.983337079588855190e-01 4.443648390446372681e+11
6.007270427907210886e-01 4.923945000119871826e+11
6.031299509618840426e-01 5.742726133381242676e+11
6.055424707657315331e-01 6.840839981889737549e+11
6.079646406487945187e-01 7.923784084119132080e+11
6.103964992113897203e-01 9.014667981959968262e+11
6.128380852082353503e-01 1.006970632583728027e+12
6.152894375490681744e-01 8.877638554210339355e+11
6.177505952992645710e-01 6.019502020638837891e+11
6.202215976804615893e-01 5.024132417573978882e+11
6.227024840711834486e-01 3.753371746566028442e+11
6.251932940074681477e-01 4.566368568939930420e+11
6.276940671834980723e-01 5.172062978013285522e+11
6.302048434522321552e-01 6.373030566908884277e+11
6.327256628260409244e-01 7.843863316073820801e+11
6.352565654773452142e-01 8.856502309106578369e+11
6.377975917392545435e-01 9.888779057143896484e+11
6.403487821062116003e-01 1.222108093911431885e+12
6.429101772346363930e-01 1.251333025358903809e+12
6.454818179435749537e-01 1.418874391276634277e+12
6.480637452153492628e-01 1.478401061623641357e+12
6.506560001962106154e-01 1.551890562971873535e+12
6.532586241969955410e-01 1.743234426052748047e+12
6.558716586937833881e-01 1.356519971087291748e+12
6.584951453285585732e-01 1.241488531110270752e+12
6.611291259098727169e-01 1.090441114298681885e+12
6.637736424135122215e-01 9.271341505848160400e+11
6.664287369831662922e-01 8.541206496395028076e+11
6.690944519310989547e-01 7.942301315506392822e+11
6.717708297388232941e-01 7.931561612745750732e+11
6.744579130577786907e-01 8.277121089534583740e+11
6.771557447100098326e-01 9.871023367638771973e+11
6.798643676888498355e-01 9.607453148909332275e+11
6.825838251596052508e-01 1.080506365902706299e+12
6.853141604602436265e-01 1.085158126700973267e+12
6.880554171020846210e-01 1.074111365113064697e+12
6.908076387704928933e-01 1.231346156303686035e+12
6.935708693255748791e-01 1.498918591003783447e+12
6.963451528028771209e-01 1.819859381766903320e+12
6.991305334140887062e-01 2.008067857018585938e+12
7.019270555477450380e-01 2.157632780686656250e+12
7.047347637699360456e-01 2.446769518000802246e+12
7.075537028250157290e-01 2.056504027138291260e+12
7.103839176363159202e-01 1.754887576140458984e+12
7.132254533068611568e-01 1.549155085123733887e+12
7.160783551200886610e-01 1.655213311227816895e+12
7.189426685405689854e-01 1.750629126387053223e+12
7.218184392147313222e-01 1.694782191190696289e+12
7.247057129715901436e-01 1.952993126507783447e+12
7.276045358234763949e-01 2.148842341980478271e+12
7.305149539667704639e-01 2.481304932560337891e+12
7.334370137826373703e-01 2.833313588441671875e+12
7.363707618377679509e-01 3.038620701602409180e+12
7.393162448851190449e-01 3.290301378606101074e+12
7.422735098646596752e-01 3.419923078857228516e+12
7.452426039041182282e-01 3.434068330312537109e+12
7.482235743197346300e-01 3.600004112576064453e+12
7.512164686170136330e-01 3.628570995240071289e+12
7.542213344914817652e-01 3.825135113136324707e+12
7.572382198294477229e-01 3.826012957742420898e+12
7.602671727087656484e-01 3.441303034299299805e+12
7.633082413996006288e-01 3.257333950448767090e+12
7.663614743651989691e-01 2.827545684198754395e+12
7.694269202626597970e-01 2.684001185730804688e+12
7.725046279437104424e-01 2.681228959464091797e+12
7.755946464554852593e-01 2.582288274507239746e+12
7.786970250413072225e-01 2.574336270725453125e+12
7.818118131414724115e-01 2.802884175686400391e+12
7.849390603940383793e-01 2.383509803526607910e+12
7.880788166356144098e-01 2.658203531913065918e+12
7.912311319021569922e-01 2.512991298503909180e+12
7.943960564297655180e-01 2.735033017133886230e+12
7.975736406554845281e-01 2.800641096940924316e+12
8.007639352181065151e-01 2.997860077735152832e+12
8.039669909589789443e-01 3.257790088466031250e+12
8.071828589228148276e-01 3.617120553616951172e+12
8.104115903585061842e-01 3.880264039546576172e+12
8.136532367199402760e-01 4.301174273372858887e+12
8.169078496668199518e-01 4.464689195948865234e+12
8.201754810654874328e-01 3.971925241325755859e+12
8.234561829897493190e-01 4.109596853476549805e+12
8.267500077217083687e-01 4.059570586512647949e+12
8.300570077525952772e-01 3.679170374857763672e+12
8.333772357836056743e-01 3.904434167717291992e+12
8.367107447267401188e-01 3.741042658348154297e+12
8.400575877056470908e-01 3.851994881955251953e+12
8.434178180564695371e-01 3.286824214022708496e+12
8.467914893286955236e-01 2.618534280875125488e+12
8.501786552860102208e-01 2.770992371847207031e+12
8.535793699071543283e-01 2.829588802818083984e+12
8.569936873867830540e-01 3.064084302126389160e+12
8.604216621363300899e-01 3.305401188470784180e+12
8.638633487848753623e-01 3.643555900496558594e+12
8.673188021800150027e-01 3.824099085541960449e+12
8.707880773887352044e-01 4.086430185119347168e+12
8.742712296982900755e-01 4.282900255177882324e+12
8.777683146170831563e-01 4.624429649944448242e+12
8.812793878755513788e-01 4.798385882504367188e+12
8.848045054270535781e-01 4.888146904253410156e+12
8.883437234487617795e-01 3.985347009597852539e+12
8.918970983425568155e-01 4.583801456543875977e+12
8.954646867359271623e-01 3.981647416246223145e+12
8.990465454828707736e-01 4.365404285653386230e+12
9.026427316648023558e-01 4.359983320315405273e+12
9.062533025914615292e-01 4.532905812724736328e+12
9.098783158018273198e-01 4.753787749768851562e+12
9.135178290650346478e-01 4.880913814487639648e+12
9.171719003812948134e-01 5.063628773008984375e+12
9.208405879828199803e-01 5.090508811690898438e+12
9.245239503347512100e-01 5.030404831873043945e+12
9.282220461360901620e-01 5.040151197592465820e+12
9.319349343206346781e-01 4.899091964677304688e+12
9.356626740579171431e-01 4.938205001269295898e+12
9.394053247541488405e-01 4.991596880796507812e+12
9.431629460531654185e-01 5.008504904813771484e+12
9.469355978373780180e-01 5.158957461604318359e+12
9.507233402287275092e-01 5.199592548044844727e+12
9.545262335896426142e-01 5.242025351741073242e+12
9.583443385240012491e-01 5.305101663642807617e+12
9.621777158780971950e-01 5.321734894808624023e+12
9.660264267416096562e-01 5.365108448626468750e+12
9.698905324485760371e-01 5.421799398304937500e+12
9.737700945783701600e-01 4.960449426682538086e+12
9.776651749566835914e-01 4.958845617600990234e+12
9.815758356565105203e-01 4.794104764577641602e+12
9.855021389991363012e-01 4.720269657444666016e+12
9.894441475551331022e-01 4.701915416131558594e+12
9.934019241453534432e-01 4.172725434431692871e+12
9.973755318419349480e-01 4.459109125436586914e+12
1.001365033969302543e+00 4.509085812259555664e+12
1.005370494105179757e+00 4.464474360407371094e+12
1.009391976081600362e+00 4.633641304116062500e+12
1.013429543985926884e+00 4.751504171847029297e+12
1.017483262161870350e+00 4.737883234367601562e+12
1.021553195210518128e+00 4.841235000679446289e+12
1.025639407991360219e+00 4.729960499247988281e+12
1.029741965623325539e+00 4.732604758312667969e+12
1.033860933485818867e+00 4.825703652535882812e+12
1.037996377219762012e+00 4.973161524246160156e+12
1.042148362728641198e+00 4.999636725727644531e+12
1.046316956179555557e+00 5.122546681070091797e+12
1.050502224004274066e+00 5.133895813744739258e+12
1.054704232900291139e+00 5.187990035187883789e+12
1.058923049831892227e+00 5.143814781655583008e+12
1.063158742031219628e+00 5.165504137970437500e+12
1.067411376999344741e+00 5.102496082591630859e+12
1.071681022507342096e+00 5.108706629583593750e+12
1.075967746597371377e+00 5.170882752307926758e+12
1.080271617583760779e+00 5.083902416496311523e+12
1.084592704054095913e+00 5.152066202022696289e+12
1.088931074870312044e+00 5.073789375729272461e+12
1.093286799169793433e+00 5.058063478316965820e+12
1.097659946366472461e+00 4.942737131323009766e+12
1.102050586151938294e+00 4.905688152631644531e+12
1.106458788496546219e+00 4.756404857271450195e+12
1.110884623650532532e+00 4.766214919043278320e+12
1.115328162145134749e+00 4.840188204311776367e+12
1.119789474793714934e+00 4.791283552422183594e+12
1.124268632692889902e+00 4.859977856410693359e+12
1.128765707223661430e+00 4.839427021925014648e+12
1.133280770052556230e+00 4.864857068432912109e+12
1.137813893132766374e+00 4.692121011693780273e+12
1.142365148705297484e+00 4.656272237616175781e+12
1.146934609300118479e+00 4.858066102226269531e+12
1.151522347737319096e+00 4.912533021323977539e+12
1.156128437128268516e+00 4.860424688598859375e+12
1.160752950876781542e+00 4.832627130657848633e+12
1.165395962680288999e+00 4.875622078663579102e+12
1.170057546531009907e+00 4.819929455353462891e+12
1.174737776717134086e+00 4.835867696102775391e+12
1.179436727824002773e+00 4.725670198792730469e+12
1.184154474735298557e+00 4.713495300119300781e+12
1.188891092634239977e+00 4.756943927853709961e+12
1.193646657004777012e+00 4.764373189775690430e+12
1.198421243632796118e+00 4.605963575003899414e+12
1.203214928607327261e+00 4.663436980134591797e+12
1.208027788321756724e+00 4.694354635348004883e+12
1.212859899475043468e+00 4.663132874239438477e+12
1.217711339072943710e+00 4.700610588707938477e+12
1.222582184429235275e+00 4.654035675726421875e+12
1.227472513166952384e+00 4.691356678143692383e+12
1.232382403219620226e+00 4.655523097911317383e+12
1.237311932832498407e+00 4.628523275015197266e+12
1.242261180563828615e+00 4.441312498863410156e+12
1.247230225286083849e+00 4.478204821760294922e+12
1.252219146187228072e+00 4.471855381663698242e+12
1.257228022771976983e+00 4.406959235064848633e+12
1.262256934863064783e+00 4.373291105080655762e+12
1.267305962602517155e+00 4.433886415149256836e+12
1.272375186452927354e+00 4.391252777710250488e+12
1.277464687198738957e+00 4.385925585003237305e+12
1.282574545947533950e+00 4.390541844283327637e+12
1.287704844131324133e+00 4.320470667219252930e+12
1.292855663507849417e+00 4.304817751980896973e+12
1.298027086161880783e+00 4.339100268096309082e+12
1.303219194506528344e+00 4.331705053881084473e+12
1.308432071284554521e+00 4.283548986003700684e+12
1.313665799569692760e+00 4.300334094375684570e+12
1.318920462767971591e+00 4.289891577391661621e+12
1.324196144619043336e+00 4.216471285095307129e+12
1.329492929197519491e+00 4.117813797832216309e+12
1.334810900914309650e+00 3.777809269670105469e+12
1.340150144517967101e+00 3.738389062082914062e+12
1.345510745096038852e+00 3.691093172575303223e+12
1.350892788076423212e+00 3.684732740451060547e+12
1.356296359228728932e+00 3.635380110103968750e+12
1.361721544665643879e+00 3.616836096730413574e+12
1.367168430844306393e+00 3.635966857776509277e+12
1.372637104567683730e+00 3.635752602062345215e+12
1.378127652985954299e+00 3.646540896625334961e+12
1.383640163597898098e+00 3.615301595527709473e+12
1.389174724252289828e+00 3.515988862786658203e+12
1.394731423149298877e+00 3.456607792825743164e+12
1.400310348841896202e+00 3.403406115611870117e+12
1.405911590237263642e+00 3.404921777991476074e+12
1.411535236598212784e+00 3.293805530027578125e+12
1.417181377544605603e+00 3.229717616378421387e+12
1.422850103054784210e+00 3.239814757847383301e+12
1.428541503467003038e+00 3.190513082783975586e+12
1.434255669480871243e+00 3.200904664567713867e+12
1.439992692158794885e+00 3.196003934817919922e+12
1.445752662927429988e+00 3.205406176086629395e+12
1.451535673579139596e+00 3.169494840399437500e+12
1.457341816273456159e+00 3.179419215767374512e+12
1.463171183538549913e+00 3.111523754907613281e+12
1.469023868272704147e+00 3.069566945797847168e+12
1.474899963745795128e+00 3.078584090901863281e+12
1.480799563600778246e+00 3.070195781113292969e+12
1.486722761855181485e+00 3.040588240667914551e+12
1.492669652902602007e+00 3.063893268203784180e+12
1.498640331514212276e+00 3.062490550402336914e+12
1.504634892840269300e+00 2.980016860928437988e+12
1.510653432411630304e+00 3.071013165815598145e+12
1.516696046141276843e+00 3.078580069894837402e+12
1.522762830325842032e+00 3.090983416103897461e+12
1.528853881647145307e+00 3.089399476754654785e+12
1.534969297173733649e+00 3.071954364858911621e+12
1.541109174362428780e+00 3.051317770463272461e+12
1.547273611059878373e+00 3.070961204060200684e+12
1.553462705504118135e+00 3.079154220415318359e+12
1.559676556326134556e+00 3.053632910564295410e+12
1.565915262551438980e+00 3.081047095746493652e+12
1.572178923601644795e+00 3.058092747456101562e+12
1.578467639296051495e+00 3.089548872017094238e+12
1.584781509853235626e+00 3.112022889134092285e+12
1.591120635892648405e+00 3.104592100423754883e+12
1.597485118436219098e+00 3.131804799817979980e+12
1.603875058909963958e+00 3.128732115561371582e+12
1.610290559145603595e+00 3.131384654806939453e+12
1.616731721382186127e+00 2.970909678802240723e+12
1.623198648267714761e+00 3.099353959442854004e+12
1.629691442860785600e+00 3.156968125331925293e+12
1.636210208632228769e+00 3.181110269531813965e+12
1.642755049466757766e+00 3.152151656259215820e+12
1.649326069664624805e+00 3.161764803380821289e+12
1.655923373943283039e+00 3.167092912891060547e+12
1.662547067439056336e+00 3.133821933166890625e+12
1.669197255708812611e+00 3.142021342229063965e+12
1.675874044731648027e+00 3.133725766169786621e+12
1.682577540910574321e+00 3.096464088950250488e+12
1.689307851074216771e+00 3.050475142655467285e+12
1.696065082478513508e+00 3.009746860856610840e+12
1.702849342808427480e+00 2.957979067310650879e+12
1.709660740179661298e+00 2.815535672419037598e+12
1.716499383140379864e+00 2.768145835356275391e+12
1.723365380672941427e+00 2.743436666609149414e+12
1.730258842195633306e+00 2.694659097277349121e+12
1.737179877564415831e+00 2.589563574185781738e+12
1.744128597074673603e+00 2.552886154615130859e+12
1.751105111462972097e+00 2.471871712005933594e+12
1.758109531908824241e+00 2.377150282283066406e+12
1.765141970036459451e+00 2.334326741193770020e+12
1.772202537916605314e+00 2.263598330226711914e+12
1.779291348068271716e+00 2.170623460469458252e+12
1.786408513460544745e+00 2.136228636110024414e+12
1.793554147514387020e+00 2.078433420754030029e+12
1.800728364104444257e+00 2.043886423674105469e+12
1.807931277560862249e+00 1.965949509844869629e+12
1.815163002671105641e+00 1.984492932559304688e+12
1.822423654681789795e+00 1.939786555688508789e+12
1.829713349300517100e+00 1.906073200981415771e+12
1.837032202697718830e+00 1.890876185709628906e+12
1.844380331508509885e+00 1.786540623484647461e+12
1.851757852834543527e+00 1.761146450708036621e+12
1.859164884245881888e+00 1.637857576150054932e+12
1.866601543782865358e+00 1.720409473085238037e+12
1.874067949957996859e+00 1.677627961280579102e+12
1.881564221757828781e+00 1.696841188993896973e+12
1.889090478644860127e+00 1.701298414680574707e+12
1.896646840559439662e+00 1.694082005534369629e+12
1.904233427921677269e+00 1.687603600774518555e+12
1.911850361633363971e+00 1.686053631710987549e+12
1.919497763079897279e+00 1.648907324084916260e+12
1.927175754132217200e+00 1.605563781102114990e+12
1.934884457148745796e+00 1.623607445345032959e+12
1.942623994977340729e+00 1.537763847330655273e+12
1.950394490957250149e+00 1.559492283486681641e+12
1.958196068921079336e+00 1.608743296232412354e+12
1.966028853196763793e+00 1.602682393054645264e+12
1.973892968609550991e+00 1.505717270647570068e+12
1.981788540483989447e+00 1.454905872600023438e+12
1.989715694645925126e+00 1.451014822458299316e+12
1.997674557424508723e+00 1.481031650984886719e+12
2.005665255654207169e+00 1.462450584750046631e+12
2.013687916676823786e+00 1.442434787490494141e+12
2.021742668343530891e+00 1.432093628813797363e+12
2.029829639016905052e+00 1.409841356761473877e+12
2.037948957572972564e+00 1.391119698227884766e+12
2.046100753403264694e+00 1.376778534548150879e+12
2.054285156416877811e+00 1.379985510721065674e+12
2.062502297042545507e+00 1.353110903705424316e+12
2.070752306230715600e+00 1.350778259263184326e+12
2.079035315455638244e+00 1.339650799528413086e+12
2.087351456717461140e+00 1.321659039564601562e+12
2.095700862544330967e+00 1.319598920239689941e+12
2.104083665994508134e+00 1.327156284451413818e+12
2.112500000658485977e+00 1.322843929586147705e+12
2.120950000661120161e+00 1.319188389734322266e+12
2.129433800663764753e+00 1.298088665143378418e+12
2.137951535866419839e+00 1.302547499805289551e+12
2.146503342009885351e+00 1.317827466947058350e+12
2.155089355377924676e+00 1.310323646805367188e+12
2.163709712799436691e+00 1.318534400401573486e+12
2.172364551650634468e+00 1.312649288077269043e+12
2.181054009857236853e+00 1.308306657265950684e+12
2.189778225896665376e+00 1.309212123607800049e+12
2.198537338800252705e+00 1.313296695644855469e+12
2.207331488155453325e+00 1.286007091813444580e+12
2.216160814108075083e+00 1.313576205978968506e+12
2.225025457364507631e+00 1.303066110068291504e+12
2.233925559193965515e+00 1.301266745860282227e+12
2.242861261430741493e+00 1.306902467977046631e+12
2.251832706476463830e+00 1.299144413426513428e+12
2.260840037302370042e+00 1.270400562649173096e+12
2.269883397451579299e+00 1.283897695088985596e+12
2.278962931041386142e+00 1.266662216131522949e+12
2.288078782765551100e+00 1.268958916009214844e+12
2.297231097896613505e+00 1.137139571766415527e+12
2.306420022288200311e+00 1.192341068167757812e+12
2.315645702377353121e+00 1.175478898514808350e+12
2.324908285186861878e+00 1.070045804470589966e+12
2.334207918327609654e+00 1.103415361275112549e+12
2.343544750000919663e+00 1.097636673810691040e+12
2.352918929000923143e+00 1.007124937834825073e+12
2.362330604716927240e+00 1.023812784140534790e+12
2.371779927135795329e+00 1.038292427191482056e+12
2.381267046844337987e+00 9.559484891402105713e+11
2.390792115031715070e+00 9.386610093515041504e+11
2.400355283491842240e+00 9.400449230672755127e+11
2.409956704625809465e+00 8.905859007266250000e+11
2.419596531444312859e+00 8.619483989076624756e+11
2.429274917570089620e+00 8.483161294822293701e+11
2.438992017240370291e+00 8.210336689492684326e+11
2.448747985309331465e+00 7.771808386601732178e+11
2.458542977250568917e+00 7.604540660653627930e+11
2.468377149159570738e+00 7.511738558139552002e+11
2.478250657756209563e+00 7.002806718037393799e+11
2.488163660387234355e+00 6.981649360057348633e+11
2.498116315028783063e+00 6.894990088379376221e+11
2.508108780288898387e+00 6.509860538116131592e+11
2.518141215410053757e+00 6.434660686657536621e+11
2.528213780271693967e+00 6.233155098252713623e+11
2.538326635392781139e+00 6.129648745348453369e+11
2.548479941934351789e+00 6.077496805882727051e+11
2.558673861702089436e+00 5.948189415183397217e+11
2.568908557148898097e+00 5.968642305774937744e+11
2.579184191377493551e+00 5.727609179513604736e+11
2.589500928143003478e+00 5.854136279901002197e+11
2.599858931855575594e+00 5.863247516504576416e+11
2.610258367582998229e+00 5.881129454430894775e+11
2.620699401053329769e+00 5.766465951083724365e+11
2.631182198657543214e+00 5.771938304908013916e+11
2.641706927452173392e+00 5.704986992272241211e+11
2.652273755161981938e+00 5.816801101230058594e+11
2.662882850182629824e+00 5.833282779056909180e+11
2.673534381583360542e+00 5.577603850251370850e+11
2.684228519109693956e+00 5.604128298503364258e+11
2.694965433186132575e+00 5.351592238883927002e+11
2.705745294918877164e+00 5.378539961204815674e+11
2.716568276098552559e+00 5.218194778053942261e+11
2.727434549202946812e+00 4.976814900420510254e+11
2.738344287399758326e+00 4.891899858430911255e+11
2.749297664549357201e+00 4.810084351973058472e+11
2.760294855207554576e+00 4.790186283739790039e+11
2.771336034628385292e+00 4.642283350139597168e+11
2.782421378766898545e+00 4.533312033027919312e+11
2.793551064281966312e+00 4.502865742382308960e+11
2.804725268539093985e+00 4.359400851560460205e+11
2.815944169613250558e+00 4.219917550738284912e+11
2.827207946291703244e+00 4.320172043516990967e+11
2.838516778076869862e+00 4.149553910787001953e+11
2.849870845189177437e+00 4.084797103682357178e+11
2.861270328569933685e+00 4.135335558352403564e+11
2.872715409884213589e+00 4.041575838097020874e+11
2.884206271523750420e+00 4.005873636516121826e+11
2.895743096609845413e+00 4.036388540831451416e+11
2.907326068996284985e+00 3.809363692530541382e+11
2.918955373272270393e+00 3.829064856192607422e+11
2.930631194765359826e+00 3.800793122116928101e+11
2.942353719544420709e+00 3.662084963364474487e+11
2.954123134422598440e+00 3.700465338476000366e+11
2.965939626960289122e+00 3.603277922115773315e+11
2.977803385468130504e+00 3.650006519914755249e+11
2.989714599010003138e+00 3.515371404607212524e+11
3.001673457406043077e+00 3.518035990373269653e+11
3.013680151235667015e+00 3.494583916814803467e+11
3.025734871840609408e+00 3.349504266122739258e+11
3.037837811327972037e+00 3.471442427116991577e+11
3.049989162573283785e+00 3.326460554298848877e+11
3.062189119223576395e+00 3.396128715452051392e+11
3.074437875700470890e+00 3.297414130084069214e+11
3.086735627203272880e+00 3.259564162638219604e+11
3.099082569712085622e+00 3.264205754800592651e+11
3.111478899990933744e+00 3.174919966620089722e+11
3.123924815590897186e+00 3.202353520475156860e+11
3.136420514853261121e+00 3.153785641168383789e+11
3.148966196912674320e+00 3.128722672449534302e+11
3.161562061700325277e+00 3.127566799356861572e+11
3.174208309947126327e+00 3.049240428908514404e+11
3.186905143186915090e+00 3.125294854890444336e+11
3.199652763759662566e+00 2.958865458868865356e+11
3.212451374814701222e+00 3.090763903261998291e+11
3.225301180313960625e+00 3.001093721215582275e+11
3.238202385035215958e+00 2.988631552856160278e+11
3.251155194575356955e+00 2.993933236976760864e+11
3.264159815353658622e+00 2.974091747337551880e+11
3.277216454615073271e+00 2.934179846703169556e+11
3.290325320433533207e+00 2.920848054220895386e+11
3.303486621715267635e+00 2.933292630256396484e+11
3.316700568202128441e+00 2.869126106766829224e+11
3.329967370474937294e+00 2.923889457514608765e+11
3.343287239956836743e+00 2.829438726701433716e+11
3.356660388916663962e+00 2.848903857274334106e+11
3.370087030472330714e+00 2.843821190736646118e+11
3.383567378594220187e+00 2.804503781052907715e+11
3.397101648108596716e+00 2.805452418698085938e+11
3.410690054701031482e+00 2.769273562926810913e+11
3.424332814919834878e+00 2.776508444182570801e+11
3.438030146179514634e+00 2.740458640155375671e+11
3.451782266764232610e+00 2.746051131681756897e+11
3.465589395831289998e+00 2.733125247963126831e+11
3.479451753414614767e+00 2.705974367407475281e+11
3.493369560428273068e+00 2.654507243785760803e+11
3.507343038669985980e+00 2.699413486704282227e+11
3.521372410824665788e+00 2.621008410817668762e+11
3.535457900467964709e+00 2.630601826263001099e+11
3.549599732069836477e+00 2.608744760352822571e+11
3.563798130998116154e+00 2.588269490367329102e+11
3.578053323522108364e+00 2.573646844273750305e+11
3.592365536816196858e+00 2.558201363453588257e+11
3.606734998963461614e+00 2.535064957736245728e+11
3.621161938959315041e+00 2.506450283526168823e+11
3.635646586715152839e+00 2.490139224432555847e+11
3.650189173062013293e+00 2.472782256070457764e+11
3.664789929754260545e+00 2.458924790691678162e+11
3.679449089473277645e+00 2.427162825518476868e+11
3.694166885831170699e+00 2.410559402735160522e+11
3.708943553374495661e+00 2.408894328518180237e+11
3.723779327587993571e+00 2.388425751353251648e+11
3.738674444898345328e+00 2.347170623995910950e+11
3.753629142677938901e+00 2.359988810045520630e+11
3.768643659248651190e+00 2.317557983571450806e+11
3.783718233885645432e+00 2.324027343892845459e+11
3.798853106821188153e+00 2.289516347047196045e+11
3.814048519248473657e+00 2.275977189347689514e+11
3.829304713325467180e+00 2.217781167133087158e+11
3.844621932178768908e+00 2.219608898481527100e+11
3.860000419907484215e+00 2.210300119746549988e+11
3.875440421587113882e+00 2.170875202321246338e+11
3.890942183273462529e+00 2.142427947074562988e+11
3.906505952006555926e+00 2.121680684253362122e+11
3.922131975814582727e+00 2.097579281670888367e+11
3.937820503717840648e+00 2.066463488634529114e+11
3.953571785732711508e+00 2.014790399834920959e+11
3.969386072875642490e+00 1.997952007421793518e+11
3.985263617167145167e+00 1.942043441299591675e+11
4.001204671635814059e+00 1.917661658947002869e+11
4.017209490322357190e+00 1.900702151933295288e+11
4.033278328283646630e+00 1.855203347373917847e+11
4.049411441596781458e+00 1.790742893773961182e+11
4.065609087363168506e+00 1.784690830849510803e+11
4.081871523712622185e+00 1.709651468404679565e+11
4.098199009807472315e+00 1.716280330842801208e+11
4.114591805846702144e+00 1.684300998416998596e+11
4.131050173070089038e+00 1.634477025028092346e+11
4.147574373762369149e+00 1.647777685869742126e+11
4.164164671257418959e+00 1.586297094821215210e+11
4.180821329942449260e+00 1.580034733289693604e+11
4.197544615262219558e+00 1.563013731165466003e+11
4.214334793723269357e+00 1.500365897418586121e+11
4.231192132898162761e+00 1.488844608771453247e+11
4.248116901429755288e+00 1.411829322818327942e+11
4.265109369035473996e+00 1.386300263740647888e+11
4.282169806511615384e+00 1.373547091853526611e+11
4.299298485737661935e+00 1.302258538764510040e+11
4.316495679680612874e+00 1.301846516661255798e+11
4.333761662399335357e+00 1.272998627637747803e+11
4.351096709048932532e+00 1.227285954805458679e+11
4.368501095885127583e+00 1.201393902104341125e+11
4.385975100268668214e+00 1.182136099810942993e+11
4.403519000669743555e+00 1.145006701850860443e+11
4.421133076672422391e+00 1.120838871824571075e+11
4.438817608979111817e+00 1.100955189152507324e+11
4.456572879415028332e+00 1.091510477139826508e+11
4.474399170932688463e+00 1.049592299547644501e+11
4.492296767616419828e+00 1.048396399021012421e+11
4.510265954686884626e+00 1.041448751019760284e+11
4.528307018505633330e+00 1.006027398462202759e+11
4.546420246579655711e+00 1.004876662286020050e+11
4.564605927565974497e+00 9.786547616837646484e+10
4.582864351276237258e+00 9.863534321242979431e+10
4.601195808681342925e+00 9.563998242887767029e+10
4.619600591916067422e+00 9.532694296531433105e+10
4.638078994283731937e+00 9.437831278284120178e+10
4.656631310260867629e+00 9.330418963888481140e+10
4.675257835501911430e+00 9.107102784427246094e+10
4.693958866843916944e+00 9.131333839800714111e+10
4.712734702311292878e+00 8.924847911131530762e+10
4.731585641120538810e+00 8.864718588353041077e+10
4.750511983685020923e+00 8.822279112522656250e+10
4.769514031619761063e+00 8.557938245145941162e+10
4.788592087746240011e+00 8.442964860134387207e+10
4.807746456097224730e+00 8.394755764018632507e+10
4.826977441921613377e+00 8.301343988120375061e+10
4.846285351689299858e+00 8.223745321025857544e+10
4.865670493096057925e+00 8.043925066047477722e+10
4.885133175068442135e+00 7.929529561201034546e+10
4.904673707768715474e+00 7.833212466469213867e+10
4.924292402599791174e+00 7.761864114608020020e+10
4.943989572210189642e+00 7.549465615925517273e+10
4.963765530499030021e+00 7.402094080121455383e+10
4.983620592621027079e+00 7.454847805386042786e+10
5.003555074991511198e+00 7.263585798490258789e+10
5.023569295291476777e+00 7.056342011284974670e+10
5.043663572472643075e+00 7.217741980033911133e+10
5.063838226762532813e+00 6.912113365488931274e+10
5.084093579669583640e+00 6.840004842205329132e+10
5.104429953988261381e+00 6.795914764373411560e+10
5.124847673804215020e+00 6.665970676555875397e+10
5.145347064499431688e+00 6.654286049543411255e+10
5.165928452757428957e+00 6.430464424061286163e+10
5.186592166568458673e+00 6.464412236853744507e+10
5.207338535234733001e+00 6.257740812445183563e+10
5.228167889375671784e+00 6.294142802763245392e+10
5.249080560933174766e+00 6.088502772426010895e+10
5.270076883176907145e+00 6.083067544054246521e+10
5.291157190709615321e+00 5.978841045972032928e+10
5.312321819472453299e+00 5.927336999150640869e+10
5.333571106750343738e+00 5.844693084255873108e+10
5.354905391177344320e+00 5.692310801016805267e+10
5.376325012742054099e+00 5.708990149411151123e+10
5.397830312793021612e+00 5.577629071966338348e+10
5.419421634044193858e+00 5.404838215668048096e+10
5.441099320580370602e+00 5.443766898194014740e+10
5.462863717862692425e+00 5.317176813964615631e+10
5.484715172734142996e+00 5.284622830635063171e+10
5.506654033425078865e+00 5.273101426131654358e+10
5.528680649558780580e+00 5.049743116494565582e+10
5.550795372157015350e+00 5.021955799625318909e+10
5.572998553645643227e+00 4.954484976326393127e+10
5.595290547860225949e+00 4.994245887685298920e+10
5.617671710051667766e+00 4.829839133530108643e+10
5.640142396891874021e+00 4.827355251657017517e+10
5.662702966479441713e+00 4.750214338847296906e+10
5.685353778345359821e+00 4.614218884188791656e+10
5.708095193458740724e+00 4.616273411891690826e+10
5.730927574232576482e+00 4.479580714047706604e+10
5.753851284529505783e+00 4.564899852816342163e+10
5.776866689667624399e+00 4.414466528137805939e+10
5.799974156426294769e+00 4.422368322509152222e+10
5.823174053051999977e+00 4.282231017011344910e+10
5.846466749264207508e+00 4.225750214974518585e+10
5.869852616261264977e+00 4.243612871927366638e+10
5.893332026726310069e+00 4.150843452289147949e+10
5.916905354833215114e+00 4.140967373132808685e+10
5.940572976252548543e+00 4.046152710998075104e+10
5.964335268157558545e+00 4.027690084452701569e+10
5.988192609230189589e+00 3.941868494836757660e+10
6.012145379667110490e+00 3.954175287210102844e+10
6.036193961185778889e+00 3.787933717035017395e+10
6.060338737030522616e+00 3.818500855737903595e+10
6.084580091978644134e+00 3.842042207212355042e+10
6.108918412346558746e+00 3.688241499105429077e+10
6.133354085995945226e+00 3.749559208665682983e+10
6.157887502339929320e+00 3.675783421353842163e+10
6.182519052349287669e+00 3.572893105370922089e+10
6.207249128558685491e+00 3.564286733352017212e+10
6.232078125072920471e+00 3.537136692190016937e+10
6.257006437573212843e+00 3.441095883663114929e+10
6.282034463323505236e+00 3.401922711683206177e+10
6.307162601176800720e+00 3.370839573339340210e+10
6.332391251581507063e+00 3.315328982567564392e+10
6.357720816587833390e+00 3.244548972125876617e+10
6.383151699854184180e+00 3.167763387315705490e+10
6.408684306653601226e+00 3.089581513627343750e+10
6.434319043880215361e+00 3.044011045427812576e+10
6.460056320055736379e+00 2.910223156332604980e+10
6.485896545335958052e+00 2.765273642205917740e+10
6.511840131517302233e+00 2.775123737178173065e+10
6.537887492043371829e+00 2.669117428508115387e+10
6.564039042011545533e+00 2.592293589601827621e+10
6.590295198179591196e+00 2.507456220478161621e+10
6.616656378972309405e+00 2.483566918263183212e+10
6.643123004488199257e+00 2.377030841423438644e+10
6.669695496506150789e+00 2.368820196700482559e+10
6.696374278492176479e+00 2.316873236692908859e+10
6.723159775606144528e+00 2.350374905681045151e+10
6.750052414708568094e+00 2.282758074678234482e+10
6.777052624367403411e+00 2.191255826090658569e+10
6.804160834864871887e+00 2.207577935846656036e+10
6.831377478204331055e+00 2.158716926746619415e+10
6.858702988117148180e+00 2.166268806512351227e+10
6.886137800069615622e+00 2.110685164802615738e+10
6.913682351269895499e+00 2.070150850533976746e+10
6.941337080674975013e+00 2.070608885712759018e+10
6.969102428997675069e+00 2.042641945592803192e+10
6.996978838713665994e+00 2.017196826378288651e+10
7.024966754068519670e+00 2.000219109934363937e+10
7.053066621084793653e+00 1.963282508144623184e+10
7.081278887569133929e+00 1.929150953177520370e+10
7.109604003119409654e+00 1.864542781775901413e+10
7.138042419131887861e+00 1.886360619379183197e+10
7.166594588808414379e+00 1.868350326532214355e+10
7.195260967163648047e+00 1.829642403360869217e+10
7.224042011032302923e+00 1.811734409151500320e+10
7.252938179076432235e+00 1.785753572233810043e+10
7.281949931792737196e+00 1.770562401867738724e+10
7.311077731519908696e+00 1.735958140115007019e+10
7.340322042445988515e+00 1.710220151819184303e+10
7.369683330615771411e+00 1.681683247950995636e+10
7.399162063938235612e+00 1.700771908593115044e+10
7.428758712193988423e+00 1.627045716970047188e+10
7.458473747042765112e+00 1.644629249987402153e+10
7.488307642030935796e+00 1.608920890575604630e+10
7.518260872599060285e+00 1.565706518389393234e+10
7.548333916089456253e+00 1.583484103338826752e+10
7.578527251753813587e+00 1.532323926031413651e+10
7.608841360760829176e+00 1.480908625182947159e+10
7.639276726203872769e+00 1.498922720355056763e+10
7.669833833108687493e+00 1.452299336180445099e+10
7.700513168441122325e+00 1.454290030006805611e+10
7.731315221114887670e+00 1.423432240170683289e+10
7.762240481999347352e+00 1.392716313390487480e+10
7.793289443927344351e+00 1.392589459953151321e+10
7.824462601703054077e+00 1.390105077030054855e+10
7.855760452109866065e+00 1.351754699510545158e+10
7.887183493918306532e+00 1.302917971597489166e+10
7.918732227893980458e+00 1.308655139234841347e+10
7.950407156805555431e+00 1.292895489967199707e+10
7.982208785432777454e+00 1.244091855284473801e+10
8.014137620574508958e+00 1.255702048382372665e+10
8.046194171056805899e+00 1.220116467592111969e+10
8.078378947741034821e+00 1.204032236108198738e+10
8.110692463531997021e+00 1.173238100492695808e+10
8.143135233386125549e+00 1.175017555547279549e+10
8.175707774319670662e+00 1.163264592348496246e+10
8.208410605416949224e+00 1.121457430111766624e+10
8.241244247838615422e+00 1.127885848250217628e+10
8.274209224829968790e+00 1.086255143247318840e+10
8.307306061729288871e+00 1.090041513181398201e+10
8.340535285976207192e+00 1.059103360583502388e+10
8.373897427120111203e+00 1.034829537635702324e+10
8.407393016828594412e+00 1.040614506380888557e+10
8.441022588895906509e+00 1.011075571572408295e+10
8.474786679251490540e+00 1.016781195976688004e+10
8.508685825968495209e+00 9.824055490678098679e+09
8.542720569272368891e+00 9.788788465908662796e+09
8.576891451549458978e+00 9.539445605888471603e+09
8.611199017355655627e+00 9.548996143597309113e+09
8.645643813425078150e+00 9.451757262917175293e+09
8.680226388678779159e+00 9.233524051517608643e+09
8.714947294233493125e+00 9.154944356644775391e+09
8.749807083410427566e+00 8.807651827269596100e+09
8.784806311744070229e+00 8.889567636996057510e+09
8.819945536991047774e+00 8.753282153009128571e+09
8.855225319139009343e+00 8.588047965243202209e+09
8.890646220415566958e+00 8.621302837507707596e+09
8.926208805297228821e+00 8.496004776229385376e+09
8.961913640518417878e+00 8.215895098418348312e+09
8.997761295080492161e+00 8.251655536114383698e+09
9.033752340260813085e+00 8.191404273021877289e+09
9.069887349621856387e+00 8.038382460548793793e+09
9.106166899020346150e+00 7.911748906603288651e+09
9.142591566616424359e+00 7.835509450078135490e+09
9.179161932882891506e+00 7.758585121803409576e+09
9.215878580614422333e+00 7.578002986925942421e+09
9.252742094936881045e+00 7.434826770418220520e+09
9.289753063316627646e+00 7.394647523011500359e+09
9.326912075569895322e+00 7.228528122856621742e+09
9.364219723872173162e+00 7.281043961606209755e+09
9.401676602767663482e+00 7.021707792081916809e+09
9.439283309178733816e+00 6.951452262819231033e+09
9.477040442415447075e+00 6.933940095133236885e+09
9.514948604185111236e+00 6.781859582046432495e+09
9.553008398601852136e+00 6.790910157270589828e+09
9.591220432196260859e+00 6.584681105443001747e+09
9.629585313925044687e+00 6.465524555256963730e+09
9.668103655180747324e+00 6.401943683015313148e+09
9.706776069801470896e+00 6.303269978048738480e+09
9.745603174080676112e+00 6.272745212599189758e+09
9.784585586776998412e+00 6.193013937221385956e+09
9.823723929124106746e+00 6.027735603345624924e+09
9.863018824840601440e+00 5.968999915486913681e+09
9.902470900139965337e+00 5.709887446449879646e+09
9.942080783740523842e+00 5.790090261944852829e+09
9.981849106875488431e+00 5.659285126512411118e+09
1.002177650330298952e+01 5.624321395404243469e+09
1.006186360931619994e+01 5.494707214779982567e+09
1.010211106375346723e+01 5.382057462998291969e+09
1.014251950800847979e+01 5.324613392432300568e+09
1.018308958604051284e+01 5.324896089193566322e+09
1.022382194438467451e+01 5.165205312054643631e+09
1.026471723216221399e+01 5.107094352311996460e+09
1.030577610109086173e+01 4.985537668292904854e+09
1.034699920549522467e+01 4.891415500748308182e+09
1.038838720231720458e+01 4.865003617321508408e+09
1.042994075112647501e+01 4.765485031040406227e+09
1.047166051413097954e+01 4.702873783576322556e+09
1.051354715618750468e+01 4.612681091159072876e+09
1.055560134481225454e+01 4.536327742876310349e+09
1.059782375019150358e+01 4.442531626051482201e+09
1.064021504519226902e+01 4.419538539062131882e+09
1.068277590537303823e+01 4.385510689450825691e+09
1.072550700899452991e+01 4.224122699043374538e+09
1.076840903703050856e+01 4.165388995478818893e+09
1.081148267317863088e+01 4.126541164028685093e+09
1.085472860387134553e+01 4.150084569506077766e+09
1.089814751828683015e+01 3.955883430554261208e+09
1.094174010835997635e+01 3.925852449192706585e+09
1.098550706879341909e+01 3.823581741952232838e+09
1.102944909706859100e+01 3.786933726529316425e+09
1.107356689345686540e+01 3.753442384522393227e+09
1.111786116103069233e+01 3.669421508678197384e+09
1.116233260567481622e+01 3.622958087485638142e+09
1.120698193609751492e+01 3.523619979593725681e+09
1.125180986384190440e+01 3.502851603992363930e+09
1.129681710329727373e+01 3.439765608040058613e+09
1.134200437171046083e+01 3.416892271748292446e+09
1.138737238919730466e+01 3.350622522419823170e+09
1.143292187875409383e+01 3.270929349488348961e+09
1.147865356626910938e+01 3.248385524412241936e+09
1.152456818053418530e+01 3.177982338466186523e+09
1.157066645325632237e+01 3.115590967745248318e+09
1.161694911906934635e+01 3.078805987302875996e+09
1.166341691554562487e+01 3.049314761767626762e+09
1.171007058320780736e+01 2.968029305257456779e+09
1.175691086554063958e+01 2.902682133197119713e+09
1.180393850900279951e+01 2.890141342753224850e+09
1.185115426303881137e+01 2.829123342434250832e+09
1.189855888009096674e+01 2.826339905127973557e+09
1.194615311561133097e+01 2.769570847084092140e+09
1.199393772807377623e+01 2.729674480479465485e+09
1.204191347898607134e+01 2.686139482105129719e+09
1.209008113290201614e+01 2.661912857122567654e+09
1.213844145743362368e+01 2.595928654443766117e+09
1.218699522326335938e+01 2.571078722411961555e+09
1.223574320415641381e+01 2.511787676702583313e+09
1.228468617697303777e+01 2.510707442722280502e+09
1.233382492168093059e+01 2.431497795711461067e+09
1.238316022136765504e+01 2.424148970475832462e+09
1.243269286225312520e+01 2.325761063360905170e+09
1.248242363370213859e+01 2.351357888824836731e+09
1.253235332823694748e+01 2.294161566515983105e+09
1.258248274154989410e+01 2.274067303044873238e+09
1.263281267251609385e+01 2.243835654359508991e+09
1.268334392320615756e+01 2.175655594345711231e+09
1.273407729889898299e+01 2.212956921722321033e+09
1.278501360809457665e+01 2.106012053605880976e+09
1.283615366252695544e+01 2.075367825539483786e+09
1.288749827717706253e+01 2.091039616450368643e+09
1.293904827028577031e+01 2.005047285453329325e+09
1.299080446336691352e+01 2.021628943912045717e+09
1.304276768122038099e+01 1.967958420634372711e+09
1.309493875194526424e+01 1.958869035344329834e+09
1.314731850695304693e+01 1.899284669241135359e+09
1.319990778098085649e+01 1.879394354211465836e+09
1.325270741210477965e+01 1.852098848694669724e+09
1.330571824175319939e+01 1.819498555833240747e+09
1.335894111472021173e+01 1.788537639029047966e+09
1.341237687917909227e+01 1.777370120274130821e+09
1.346602638669580898e+01 1.715752589844589233e+09
1.351989049224258999e+01 1.736571420131618977e+09
1.357397005421156067e+01 1.680557691670826674e+09
1.362826593442840917e+01 1.665637482788671017e+09
1.368277899816612297e+01 1.652645927013248920e+09
1.373751011415878942e+01 1.591902487624577522e+09
1.379246015461542463e+01 1.603828327545003891e+09
1.384762999523388416e+01 1.552121426081330299e+09
1.390302051521481808e+01 1.565749085618236065e+09
1.395863259727567751e+01 1.525649416650606394e+09
1.401446712766477987e+01 1.494306851002432823e+09
1.407052499617543972e+01 1.496761705201889753e+09
1.412680709616014063e+01 1.426618077489408970e+09
1.418331432454478147e+01 1.396202878404983521e+09
1.424004758184296193e+01 1.412554867084784985e+09
1.429700777217033369e+01 1.407087335864605904e+09
1.435419580325901379e+01 1.355660731756005764e+09
1.441161258647204946e+01 1.349825954107617617e+09
1.446925903681793812e+01 1.301370144629425764e+09
1.452713607296521126e+01 1.305394644450265646e+09
1.458524461725707155e+01 1.291116420105887651e+09
1.464358559572609764e+01 1.244996623736663103e+09
1.470215993810900557e+01 1.220206652502269745e+09
1.476096857786143879e+01 1.238390092059105396e+09
1.482001245217288599e+01 1.208759367592558622e+09
1.487929250198157760e+01 1.184557279112217188e+09
1.493880967198950316e+01 1.162852535248306274e+09
1.499856491067746056e+01 1.143610668590584517e+09
1.505855917032016933e+01 1.144858013898864746e+09
1.511879340700144958e+01 1.118778002453137875e+09
1.517926858062945605e+01 1.095900529552983761e+09
1.523998565495197433e+01 1.092736271570688486e+09
1.530094559757178274e+01 1.058126461021022439e+09
1.536214937996206764e+01 1.045966179254405975e+09
1.542359797748191674e+01 1.034060687237493992e+09
1.548529236939184450e+01 1.024170684608404636e+09
1.554723353886941339e+01 9.961076266280575991e+08
1.560942247302489072e+01 1.003023658942556620e+09
1.567186016291699069e+01 9.754429803475435972e+08
1.573454760356865556e+01 9.556178694662603140e+08
1.579748579398293096e+01 9.515354494406943321e+08
1.586067573715886247e+01 9.310629997975023985e+08
1.592411844010749888e+01 9.278153891838340759e+08
1.598781491386792730e+01 8.853304269958714247e+08
1.605176617352340074e+01 8.891976904777011871e+08
1.611597323821749228e+01 8.649581900898623466e+08
1.618043713117036120e+01 8.507684899673461914e+08
1.624515887969504391e+01 8.364800749942616224e+08
1.631013951521382310e+01 8.436288929830468893e+08
1.637538007327468037e+01 8.380516375420925617e+08
1.644088159356778078e+01 8.241333179469251633e+08
1.650664511994205341e+01 7.940760365651005507e+08
1.657267170042182158e+01 7.745956619427964687e+08
1.663896238722350418e+01 7.645208258202660084e+08
1.670551823677240222e+01 7.615231724655131102e+08
1.677234030971949608e+01 7.630446630983369350e+08
1.683942967095837062e+01 7.388492596311988831e+08
1.690678738964220429e+01 7.303435051514314413e+08
1.697441453920077237e+01 7.265372655203943253e+08
1.704231219735757108e+01 7.256942724051153660e+08
1.711048144614700561e+01 6.881246415976454020e+08
1.717892337193159236e+01 6.882219894649480581e+08
1.724763906541932101e+01 6.652642116526759863e+08
1.731662962168099895e+01 6.583019508005713224e+08
1.738589614016772344e+01 6.510439709613610506e+08
1.745543972472839300e+01 6.524522709773418903e+08
1.752526148362730751e+01 6.372314757949994802e+08
1.759536252956181812e+01 6.211793487042585611e+08
1.766574397968006238e+01 6.127024583967903852e+08
1.773640695559878466e+01 6.057728342212780714e+08
1.780735258342117433e+01 6.027654056555234194e+08
1.787858199375486024e+01 5.965631382487162352e+08
1.795009632172988034e+01 5.771654441139662266e+08
1.802189670701679702e+01 5.765915197684202194e+08
1.809398429384486562e+01 5.642974943755054474e+08
1.816636023102024211e+01 5.391620710490789413e+08
1.823902567194432578e+01 5.555617198483960629e+08
1.831198177463210186e+01 5.420102757651826143e+08
1.838522970173062987e+01 5.304505626312111020e+08
1.845877062053754969e+01 5.317076525239785910e+08
1.853260570301970134e+01 5.038932461672400236e+08
1.860673612583178027e+01 4.978915331127533317e+08
1.868116307033510637e+01 5.004842679978722930e+08
1.875588772261644976e+01 4.893878317762503624e+08
1.883091127350691352e+01 4.865825121484295726e+08
1.890623491860094063e+01 4.745272901619861722e+08
1.898185985827534594e+01 4.658391617404371500e+08
1.905778729770844748e+01 4.702772851932943463e+08
1.913401844689928311e+01 4.675479316726251245e+08
1.921055452068688041e+01 4.356360411713283062e+08
1.928739673876962968e+01 4.473674186239429116e+08
1.936454632572470658e+01 4.357818971456869245e+08
1.944200451102760141e+01 4.194240075235146284e+08
1.951977252907171589e+01 4.295069424586605430e+08
1.959785161918800256e+01 4.059444013879477978e+08
1.967624302566475691e+01 4.061351280781592727e+08
1.991079942767366973e+01 3.928762265949315429e+08
