# Wavelength (micrometer), Flux (W / m2 / m)
1.000553076518779783e-01 7.655218307468495178e+10
1.004555288824854897e-01 5.278831718546756207e-07
1.008573509980154326e-01 8.036994976720280048e-07
1.012607804020075053e-01 8.294944083467589837e-07
1.016658235236155422e-01 1.341352166337009104e-06
1.020724868177099870e-01 1.051360010869221522e-05
1.024807767649808382e-01 5.690161084777740604e-06
1.028906998720407612e-01 2.589620944359706842e-06
1.033022626715289355e-01 1.646058657680978045e-05
1.037154717222150413e-01 3.663491807648558074e-06
1.041303336091038839e-01 3.328178314592981998e-06
1.045468549435403099e-01 9.189174646861154443e-06
1.049650423633144702e-01 2.333063109784902720e-06
1.053849025327677214e-01 1.470065670601383458e-05
1.058064421428987906e-01 4.118152777836200165e-06
1.062296679114703990e-01 2.101810469554024288e-05
1.066545865831162732e-01 2.117420032935871707e-05
1.070812049294487533e-01 1.265865655037819657e-05
1.075095297491665408e-01 6.868056726161430887e-05
1.079395678681632220e-01 1.518248452002414179e-05
1.083713261396358624e-01 6.979450699586936232e-05
1.088048114441943909e-01 5.303992312900591283e-05
1.092400306899711654e-01 4.585730346511148652e-04
1.096769908127310511e-01 8.217577266707396400e-05
1.101156987759819850e-01 1.055776597583439136e-04
1.105561615710859147e-01 4.728859922860462282e-04
1.109983862173702651e-01 3.006357894462048023e-04
1.114423797622397516e-01 1.986412019219734699e-04
1.118881492812886930e-01 1.283899226646096660e-04
1.123357018784138517e-01 2.939373713041614367e-04
1.127850446859275102e-01 3.806533964159996598e-03
1.132361848646712132e-01 3.416400842013635891e-03
1.136891296041298988e-01 2.809022698629834967e-03
1.141438861225464035e-01 3.333070590726073569e-03
1.146004616670366072e-01 2.886630279609342896e-03
1.150588635137047705e-01 3.342212989553411655e-03
1.155190989677595953e-01 2.948112490576363081e-03
1.159811753636306314e-01 5.158323638634663630e-03
1.164451000650851553e-01 3.068648322633377688e-03
1.169108804653455069e-01 3.880077137024915725e-03
1.173785239872068981e-01 8.514569288465979879e-03
1.178480380831557206e-01 1.637360326850699835e-02
1.183194302354883543e-01 1.246138074237697693e-02
1.187927079564302935e-01 1.101349224949235185e-02
1.192678787882560099e-01 1.676831563203939543e-02
1.197449503034090645e-01 2.365425612774335259e-02
1.202239301046226783e-01 1.050835780307877651e-02
1.207048258250411760e-01 2.816983108401563407e-02
1.211876451283413342e-01 2.217372443857227454e-02
1.216723957088547137e-01 2.880718437792150616e-02
1.221590852916901310e-01 3.976393164150667653e-02
1.226477216328568792e-01 5.111322450244769333e-02
1.231383125193883099e-01 3.732697845317320406e-02
1.236308657694658586e-01 4.725437521164321808e-02
1.241253892325437369e-01 4.376292174172660698e-02
1.246218907894739159e-01 3.877539463418652049e-02
1.251203783526317892e-01 5.406919969438851725e-02
1.256208598660423226e-01 6.104434213373265833e-02
1.261233433055065078e-01 6.767609728726359242e-02
1.266278366787285392e-01 3.516455438105522274e-02
1.271343480254434610e-01 1.275300295790553762e-01
1.276428854175452321e-01 1.286263566866331920e-01
1.281534569592154005e-01 4.519560254150997020e-02
1.286660707870522780e-01 6.545311131841402563e-02
1.291807350702004475e-01 1.999933117127767890e-01
1.296974580104812425e-01 1.745926943317490376e-01
1.302162478425231973e-01 1.328645581556487099e-01
1.307371128338932764e-01 1.925063810487079308e-01
1.312600612852288795e-01 1.887549130811587705e-01
1.317851015303697915e-01 2.731951555797511588e-01
1.323122419364912705e-01 3.899098457457809697e-01
1.328414909042372472e-01 4.003980013172151464e-01
1.333728568678542170e-01 3.691331276279362084e-01
1.339063482953256612e-01 3.280635967498968242e-01
1.344419736885069383e-01 4.528569146509843768e-01
1.349797415832609815e-01 7.104933445167963546e-01
1.355196605495940232e-01 8.179671442324261132e-01
1.360617391917924301e-01 1.006630512880220873e+00
1.366059861485595939e-01 7.439493728976602771e-01
1.371524100931538481e-01 6.015090934844447013e-01
1.377010197335264696e-01 9.784943712630729262e-01
1.382518238124605670e-01 1.884976924539929488e+00
1.388048311077104136e-01 1.822845236659759838e+00
1.393600504321412248e-01 1.433922569909333644e+00
1.399174906338697677e-01 1.177133449656561082e+00
1.404771605964052761e-01 2.941092696740342571e+00
1.410390692387908651e-01 2.267648910948545815e+00
1.416032255157460562e-01 5.293338436293887561e+00
1.421696384178090522e-01 1.459948329291716806e+00
1.427383169714803168e-01 3.771335577508859060e+00
1.433092702393662099e-01 1.417964477763809050e+01
1.438825073203236771e-01 7.235475863206481506e+00
1.444580373496049674e-01 1.543741500615702300e+01
1.450358694990033503e-01 8.617188717107611140e+00
1.456160129769993872e-01 1.932454166706369847e+01
1.461984770289073976e-01 2.565542041711096388e+01
1.467832709370230082e-01 1.532300428454745145e+01
1.473704040207710897e-01 2.474311438650562067e+01
1.479598856368541382e-01 9.896173611611136067e+00
1.485517251794015725e-01 2.814866112633698592e+01
1.491459320801191979e-01 4.734073648189641403e+01
1.497425158084396690e-01 3.164672740805823281e+01
1.503414858716734248e-01 9.335324680370094086e+01
1.509428518151600951e-01 5.532969681387262284e+01
1.515466232224207677e-01 3.210962899143935090e+01
1.521528097153104220e-01 1.144165284971385574e+02
1.527614209541716672e-01 5.818591328830550680e+01
1.533724666379883694e-01 6.329293810020768518e+01
1.539859565045403056e-01 8.455119539637360049e+01
1.546019003305584838e-01 1.544829001143998859e+01
1.552203079318807133e-01 3.733199112545820952e+01
1.558411891636082569e-01 3.587664346846337793e+01
1.564645539202626778e-01 2.100498471800628408e+01
1.570904121359437411e-01 3.263667142156248957e+01
1.577187737844875093e-01 2.450040588443427581e+01
1.583496488796254653e-01 2.731089501501164563e+01
1.589830474751439959e-01 4.785161040321620618e+01
1.596189796650445414e-01 2.092181263170351357e+01
1.602574555837047166e-01 2.148612033516996078e+01
1.608984854060395708e-01 3.377816105230968446e+01
1.615420793476636807e-01 4.067808697198613999e+01
1.621882476650543525e-01 4.868037637753575098e+01
1.628370006557145755e-01 4.528968336316312815e+01
1.634883486583374457e-01 5.653007461764121189e+01
1.641423020529707844e-01 6.196157301579244603e+01
1.647988712611826723e-01 6.946609361174850505e+01
1.654580667462274002e-01 3.803144287075338070e+01
1.661198990132123077e-01 8.903374746362571557e+01
1.667843786092651215e-01 9.898207392424228601e+01
1.674515161237022098e-01 1.318010980167316859e+02
1.681213221881969755e-01 2.227159967630443305e+02
1.687938074769497754e-01 1.901668751426277026e+02
1.694689827068575905e-01 4.200964498957401361e+02
1.701468586376850278e-01 3.627599388443116482e+02
1.708274460722357391e-01 4.439634899192495254e+02
1.715107558565246715e-01 5.406732222802655770e+02
1.721967988799507909e-01 5.566472849781360992e+02
1.728855860754705820e-01 7.852205161493404830e+02
1.735771284197724640e-01 6.835577774646791340e+02
1.742714369334515678e-01 7.510448741307720866e+02
1.749685226811853456e-01 1.406481655961093793e+03
1.756683967719100681e-01 9.602051503866035773e+02
1.763710703589977391e-01 1.903886446987783756e+03
1.770765546404337309e-01 2.169280845433521336e+03
1.777848608589954471e-01 1.375600408611315970e+03
1.784960003024314568e-01 3.013605848785360195e+03
1.792099843036411844e-01 2.453880949233088359e+03
1.799268242408557650e-01 2.766454270982638263e+03
1.806465315378191772e-01 4.797040137957179468e+03
1.813691176639704306e-01 2.255836497977822091e+03
1.820945941346263086e-01 4.404396846975198969e+03
1.828229725111648329e-01 7.663026835258698156e+03
1.835542644012094771e-01 2.707775342172490127e+03
1.842884814588143239e-01 6.512074225410396139e+03
1.850256353846495561e-01 1.109246089169517290e+04
1.857657379261881403e-01 5.376234925544373255e+03
1.865088008778928996e-01 1.320110365693437961e+04
1.872548360814044743e-01 1.315005035773719464e+04
1.880038554257300876e-01 8.273857394568405653e+03
1.887558708474330049e-01 1.904958156286742451e+04
1.895108943308226879e-01 1.643309842877674600e+04
1.902689379081460019e-01 1.395664159965432009e+04
1.910300136597785636e-01 3.228787710481312024e+04
1.917941337144176972e-01 2.629779072061586339e+04
1.925613102492753359e-01 2.749685086858489376e+04
1.933315554902724498e-01 4.886392561861601280e+04
1.941048817122335568e-01 4.375489262909506942e+04
1.948813012390824828e-01 4.589675853518062650e+04
1.956608264440388156e-01 8.168334843357870704e+04
1.964434697498149418e-01 5.902979331496156374e+04
1.972292436288141937e-01 7.176835150131079718e+04
1.980181606033294406e-01 1.188471593212190201e+05
1.988102332457427346e-01 1.016193997481862170e+05
1.996054741787257336e-01 9.722697218860364228e+04
2.004038960754406518e-01 1.306639198877933959e+05
2.012055116597424309e-01 1.462588111452871235e+05
2.020103337063813842e-01 1.557163797473082086e+05
2.028183750412069219e-01 1.902876730330943246e+05
2.036296485413717494e-01 1.688373044335092418e+05
2.044441671355372303e-01 1.619466399363626842e+05
2.052619438040793887e-01 2.052275954570992326e+05
2.060829915792957157e-01 1.982790882510727679e+05
2.069073235456129201e-01 1.952630293331142457e+05
2.077349528397953449e-01 2.157294591839822824e+05
2.085658926511545219e-01 2.413581981476887595e+05
2.094001562217591150e-01 2.348796649118927016e+05
2.102377568466461677e-01 2.439619589460752031e+05
2.110787078740327671e-01 2.128215110195726156e+05
2.119230227055288740e-01 2.488714380009261367e+05
2.127707147963510126e-01 2.682091302693353500e+05
2.136217976555363773e-01 2.985886814812468365e+05
2.144762848461585492e-01 2.223067953274289612e+05
2.153341899855431840e-01 2.857959779288780992e+05
2.161955267454853669e-01 3.413671464678716729e+05
2.170603088524672986e-01 3.738364309842808289e+05
2.179285500878772042e-01 3.025337327865798143e+05
2.188002642882286852e-01 3.327714307777102804e+05
2.196754653453815986e-01 4.579181123379568453e+05
2.205541672067631020e-01 4.319927174243297777e+05
2.214363838755901703e-01 6.335097172422761796e+05
2.223221294110925284e-01 4.003740809322140412e+05
2.232114179287369160e-01 9.253108945034838980e+05
2.241042636004518529e-01 7.012586655182917602e+05
2.250006806548536520e-01 1.321817724817624316e+06
2.259006833774730438e-01 8.172663926673476817e+05
2.268042861109829667e-01 1.213678705854366999e+06
2.277115032554268836e-01 1.507220930586464470e+06
2.286223492684485714e-01 1.727398198206022382e+06
2.295368386655223802e-01 2.756004923540514894e+06
2.304549860201844658e-01 1.155497403590369504e+06
2.313768059642651864e-01 2.642194367225733586e+06
2.323023131881222503e-01 2.733725901607858948e+06
2.332315224408747223e-01 3.947637135760372039e+06
2.341644485306381973e-01 3.886463978850134648e+06
2.351011063247607502e-01 1.707804306606394006e+06
2.360415107500598020e-01 4.059965424137316179e+06
2.369856767930600405e-01 1.999584066832863493e+06
2.379336195002322851e-01 4.908509590184444562e+06
2.388853539782332114e-01 4.510653197324392386e+06
2.398408953941461863e-01 7.902813131460427307e+06
2.408002589757227141e-01 9.935503921167634428e+06
2.417634600116256582e-01 4.677607310430263169e+06
2.427305138516721306e-01 1.212181680301119015e+07
2.437014359070788505e-01 1.271307589556812309e+07
2.446762416507071713e-01 2.209084017307444662e+07
2.456549466173099938e-01 1.570835054385944456e+07
2.466375664037792625e-01 1.860214332814942300e+07
2.476241166693943785e-01 2.434407401860935241e+07
2.486146131360719436e-01 9.095750381355304271e+06
2.496090715886161993e-01 1.974536237218415737e+07
2.506075078749706586e-01 1.898456975845512375e+07
2.516099379064705155e-01 2.461846408899936825e+07
2.526163776580964138e-01 4.050296195488223433e+07
2.536268431687287994e-01 6.939114490895460546e+07
2.546413505414037437e-01 8.625547142220006883e+07
2.556599159435693491e-01 5.551004549336157739e+07
2.566825556073435988e-01 4.113216795582781732e+07
2.577092858297729827e-01 5.154696164949038625e+07
2.587401229730920682e-01 4.289808454926053435e+07
2.597750834649844576e-01 6.324880585959067196e+07
2.608141837988444123e-01 7.001222192806860805e+07
2.618574405340398092e-01 1.016259268422863930e+08
2.629048702961759298e-01 1.541319498122810423e+08
2.639564897773606367e-01 1.550474852674835920e+08
2.650123157364701054e-01 1.518063722733561993e+08
2.660723649994159445e-01 1.492288646222752035e+08
2.671366544594135917e-01 1.430515121114234030e+08
2.682052010772512096e-01 1.824075562835386395e+08
2.692780218815602478e-01 1.641754155319132507e+08
2.703551339690865030e-01 2.269943277386089563e+08
2.714365545049627904e-01 2.372979361307286024e+08
2.725223007229827243e-01 2.490706880482619405e+08
2.736123899258746106e-01 2.847365234007008672e+08
2.747068394855781692e-01 3.502872859059409499e+08
2.758056668435204806e-01 3.707999503338431716e+08
2.769088895108945403e-01 5.422558270912544727e+08
2.780165250689380918e-01 5.014758807844793797e+08
2.791285911692138466e-01 6.142036981096740961e+08
2.802451055338907038e-01 6.164662148779214621e+08
2.813660859560263017e-01 6.350410594738022089e+08
2.824915502998503469e-01 6.550287315274260044e+08
2.836215165010497197e-01 6.937510131283111572e+08
2.847560025670539119e-01 4.384820386757686734e+08
2.858950265773221866e-01 6.407639219918289185e+08
2.870386066836315142e-01 9.188883212922441959e+08
2.881867611103660631e-01 1.209297430188117266e+09
2.893395081548075787e-01 1.533007516919990063e+09
2.904968661874267610e-01 1.715061584899438381e+09
2.916588536521764197e-01 1.998636362746766806e+09
2.928254890667851273e-01 1.949124342062395811e+09
2.939967910230522619e-01 2.102982263315726995e+09
2.951727781871444911e-01 2.022583969033048391e+09
2.963534692998930908e-01 2.296493784152039051e+09
2.975388831770926501e-01 2.420509492602307796e+09
2.987290387098009981e-01 3.042664412718766212e+09
2.999239548646402409e-01 2.640256493492450237e+09
3.011236506840988536e-01 4.246654953485830307e+09
3.023281452868351593e-01 2.702417164475809574e+09
3.035374578679824742e-01 5.510785562098338127e+09
3.047516076994544187e-01 5.156894545784526825e+09
3.059706141302522830e-01 5.944727628721421242e+09
3.071944965867733357e-01 7.620655805512963295e+09
3.084232745731204095e-01 9.260069362355978012e+09
3.096569676714128194e-01 8.779608551249713898e+09
3.108955955420985018e-01 1.146124951794216919e+10
3.121391779242668751e-01 1.259314888781938171e+10
3.133877346359639215e-01 1.508147415906906128e+10
3.146412855745078230e-01 1.865378226548669434e+10
3.158998507168058190e-01 1.817909825878750610e+10
3.171634501196730627e-01 2.745682028235143661e+10
3.184321039201517545e-01 2.220837138932738495e+10
3.197058323358323295e-01 2.234143805319286346e+10
3.209846556651756444e-01 2.811027679675347519e+10
3.222685942878363852e-01 3.281720442500613403e+10
3.235576686649877520e-01 3.299314481967090988e+10
3.248518993396476984e-01 4.042605796813311768e+10
3.261513069370062801e-01 4.449181134071121979e+10
3.274559121647543369e-01 5.058949593934309387e+10
3.287657358134133401e-01 5.538870325677353668e+10
3.300807987566670154e-01 5.867350147224867249e+10
3.314011219516936890e-01 7.500404267820549011e+10
3.327267264395004642e-01 7.689469493509320068e+10
3.340576333452584534e-01 8.921396892455175781e+10
3.353938638786395088e-01 8.178633770959240723e+10
3.367354393341540630e-01 7.811792410284538269e+10
3.380823810914907468e-01 8.536548085496287537e+10
3.394347106158566718e-01 1.071090681900172424e+11
3.407924494583201014e-01 1.093666783866487885e+11
3.421556192561533982e-01 1.050654872095586548e+11
3.435242417331779707e-01 7.280219713589787292e+10
3.448983387001106626e-01 8.519075828500848389e+10
3.462779320549111417e-01 9.910496569530880737e+10
3.476630437831307319e-01 8.436397656523115540e+10
3.490536959582632992e-01 9.225246464325585938e+10
3.504499107420963600e-01 1.587344880219024353e+11
3.518517103850647421e-01 1.432760959284569092e+11
3.532591172266050239e-01 1.804223070243823853e+11
3.546721536955114717e-01 2.187751253763644409e+11
3.560908423102934761e-01 1.275485770829497986e+11
3.575152056795346533e-01 9.096696746028903198e+10
3.589452665022527800e-01 1.488711865774585266e+11
3.603810475682617254e-01 1.933777437130963440e+11
3.618225717585348278e-01 1.647869268713514709e+11
3.632698620455689364e-01 1.670058749823758850e+11
3.647229414937512293e-01 1.403595587635142517e+11
3.661818332597261971e-01 2.682330805242443542e+11
3.676465605927651259e-01 2.155821620822342224e+11
3.691171468351361895e-01 2.401796038860319214e+11
3.705936154224767076e-01 1.515076923128769531e+11
3.720759898841666247e-01 8.047172991280879211e+10
3.735642938437032656e-01 7.769665769178610229e+10
3.750585510190780902e-01 9.064619583149269104e+10
3.765587852231543908e-01 1.841474840351509094e+11
3.780650203640470441e-01 3.533465597647179565e+11
3.795772804455032068e-01 2.365487649244417419e+11
3.810955895672852312e-01 2.715551367930035400e+11
3.826199719255543585e-01 1.214025849803330994e+11
3.841504518132565771e-01 1.996495773435744324e+11
3.856870536205096456e-01 1.242778763974823914e+11
3.872298018349916715e-01 2.077299169064348450e+11
3.887787210423316320e-01 1.937543276243664856e+11
3.903338359265008939e-01 2.413509609488989868e+11
3.918951712702069545e-01 2.591638173342162781e+11
3.934627519552877928e-01 1.649851434787103271e+11
3.950366029631089404e-01 3.580011597037979736e+11
3.966167493749613859e-01 2.563074493495545044e+11
3.982032163724612550e-01 4.585368645090764771e+11
3.997960292379510450e-01 5.153158047791206055e+11
4.013952133549028578e-01 6.274878916199891357e+11
4.030007942083224659e-01 7.185059893521691895e+11
4.046127973851557647e-01 6.003365649655683594e+11
4.062312485746963908e-01 6.065290591623996582e+11
4.078561735689951728e-01 6.788253208411601562e+11
4.094875982632711353e-01 7.349990588411911621e+11
4.111255486563242245e-01 8.255746162511241455e+11
4.127700508509495880e-01 7.608089354065322266e+11
4.144211310543532978e-01 7.095475880447753906e+11
4.160788155785707931e-01 7.672304348632360840e+11
4.177431308408850463e-01 6.345630722068990479e+11
4.194141033642486138e-01 4.596582507505838623e+11
4.210917597777056320e-01 2.740430836279570007e+11
4.227761268168164221e-01 1.000633002199677582e+11
4.244672313240837602e-01 2.873722254765266113e+11
4.261651002493800910e-01 4.905921068205351562e+11
4.278697606503775730e-01 5.826745623800743408e+11
4.295812396929790666e-01 4.739179017926110840e+11
4.312995646517510107e-01 6.480902465285117188e+11
4.330247629103580187e-01 8.547082160696646729e+11
4.347568619619994745e-01 1.046700205432556152e+12
4.364958894098474596e-01 9.837551346818563232e+11
4.382418729674867897e-01 7.664381608692871094e+11
4.399948404593567730e-01 9.680463426154182129e+11
4.417548198211941890e-01 9.840326969044880371e+11
4.435218391004789873e-01 8.365547984758607178e+11
4.452959264568808750e-01 8.736919067220800781e+11
4.470771101627084021e-01 1.130913961776950439e+12
4.488654186033592119e-01 1.120998361538634033e+12
4.506608802777726241e-01 1.271659368495517822e+12
4.524635237988837710e-01 1.042134004994822510e+12
4.542733778940792333e-01 1.121049592066488037e+12
4.560904714056555065e-01 1.286048962397898193e+12
4.579148332912781894e-01 1.262378460529907715e+12
4.597464926244433370e-01 1.250401488185406006e+12
4.615854785949410899e-01 1.411293853019181152e+12
4.634318205093208576e-01 1.266896637684965332e+12
4.652855477913582227e-01 1.354442572599508301e+12
4.671466899825236219e-01 1.329730676602111572e+12
4.690152767424536906e-01 1.324999667052789795e+12
4.708913378494234969e-01 1.467335574115170410e+12
4.727749032008212171e-01 1.440249462113483643e+12
4.746660028136244769e-01 1.482200852636854736e+12
4.765646668248789131e-01 1.196081152928301758e+12
4.784709254921784560e-01 9.593743515798713379e+11
4.803848091941470555e-01 1.129780450966050049e+12
4.823063484309236815e-01 1.187129920323119629e+12
4.842355738246474361e-01 1.311057129640342041e+12
4.861725161199459966e-01 1.526876561011802002e+12
4.881172061844257226e-01 1.613469253035631348e+12
4.900696750091634302e-01 1.492790269739460693e+12
4.920299537092001074e-01 1.610014878180242432e+12
4.939980735240369625e-01 1.810159653849517578e+12
4.959740658181330253e-01 1.555302765142367432e+12
4.979579620814056362e-01 1.590836263782868164e+12
4.999497939297311566e-01 1.377640683312535889e+12
5.019495931054501758e-01 1.331423633559626465e+12
5.039573914778719965e-01 1.465684983146344971e+12
5.059732210437835054e-01 1.405558720582779297e+12
5.079971139279585435e-01 1.454703763424651367e+12
5.100291023836703852e-01 1.318306282505672607e+12
5.120692187932051054e-01 1.259832227203751465e+12
5.141174956683780550e-01 1.249583556589453125e+12
5.161739656510514473e-01 1.146907450441013184e+12
5.182386615136556074e-01 9.167855552837172852e+11
5.203116161597103329e-01 1.260370542260541748e+12
5.223928626243490303e-01 1.772572717129378662e+12
5.244824340748465152e-01 1.821679215130219482e+12
5.265803638111459239e-01 1.473537302125011475e+12
5.286866852663905103e-01 1.838931473060686768e+12
5.308014320074561088e-01 1.867554488708320557e+12
5.329246377354859288e-01 1.617126380624086914e+12
5.350563362864277916e-01 1.881444322945995117e+12
5.371965616315735881e-01 1.796865026075994141e+12
5.393453478780998456e-01 1.904148971706079834e+12
5.415027292696121819e-01 1.952504785119508057e+12
5.436687401866906466e-01 1.659908900068931396e+12
5.458434151474373941e-01 1.580188692276498535e+12
5.480267888080271321e-01 1.764615604493335693e+12
5.502188959632591247e-01 1.726411054455213135e+12
5.524197715471121928e-01 1.828485482360168457e+12
5.546294506333006025e-01 1.945602164748207520e+12
5.568479684358338400e-01 1.950457950821710449e+12
5.590753603095770519e-01 1.722402619822208496e+12
5.613116617508153716e-01 1.753226786152114258e+12
5.635569083978186899e-01 1.739199705777225586e+12
5.658111360314097560e-01 1.893222561484998779e+12
5.680743805755354980e-01 1.783593444845701172e+12
5.703466780978375672e-01 1.971390465442784424e+12
5.726280648102289872e-01 2.019915196563930420e+12
5.749185770694699160e-01 2.145080690492685791e+12
5.772182513777477375e-01 2.054809468737374512e+12
5.795271243832587071e-01 2.206340856217107422e+12
5.818452328807918184e-01 2.190258286962593994e+12
5.841726138123150003e-01 2.115465542537644287e+12
5.865093042675643131e-01 1.645578572532883545e+12
5.888553414846344758e-01 8.461914667032176514e+11
5.912107628505729462e-01 1.206986302524567871e+12
5.935756059019753339e-01 1.586915724711440674e+12
5.959499083255832552e-01 1.622639484699841064e+12
5.983337079588855190e-01 1.793878656291040771e+12
6.007270427907210886e-01 1.940186564119421387e+12
6.031299509618840426e-01 2.132472948845227295e+12
6.055424707657315331e-01 2.345519624843155273e+12
6.079646406487945187e-01 2.527255657862529297e+12
6.103964992113897203e-01 2.608627963230953125e+12
6.128380852082353503e-01 2.634391282177840332e+12
6.152894375490681744e-01 2.359399479438755859e+12
6.177505952992645710e-01 2.010350580396919189e+12
6.202215976804615893e-01 1.862803499740145020e+12
6.227024840711834486e-01 1.586178850425848877e+12
6.251932940074681477e-01 1.809817651854577637e+12
6.276940671834980723e-01 1.979745228467313232e+12
6.302048434522321552e-01 2.207561537785937500e+12
6.327256628260409244e-01 2.432973525237236816e+12
6.352565654773452142e-01 2.355995203578827637e+12
6.377975917392545435e-01 2.035077950875802246e+12
6.403487821062116003e-01 2.460056530806137207e+12
6.429101772346363930e-01 2.839792056740213867e+12
6.454818179435749537e-01 2.961148195962248047e+12
6.480637452153492628e-01 3.177735613894573730e+12
6.506560001962106154e-01 3.194814344751446289e+12
6.532586241969955410e-01 3.476656075531328613e+12
6.558716586937833881e-01 3.245225546846479492e+12
6.584951453285585732e-01 3.168319071461395996e+12
6.611291259098727169e-01 3.096789942165871094e+12
6.637736424135122215e-01 2.914656744525301758e+12
6.664287369831662922e-01 2.747017094082574707e+12
6.690944519310989547e-01 2.609336087283350586e+12
6.717708297388232941e-01 2.555508290225702637e+12
6.744579130577786907e-01 2.554643522191710938e+12
6.771557447100098326e-01 2.655008198256006836e+12
6.798643676888498355e-01 2.351075186957889160e+12
6.825838251596052508e-01 2.355079662407520996e+12
6.853141604602436265e-01 2.205643989105808594e+12
6.880554171020846210e-01 2.027429110784370850e+12
6.908076387704928933e-01 2.070585308772854736e+12
6.935708693255748791e-01 2.560276990806383301e+12
6.963451528028771209e-01 2.843932144307381836e+12
6.991305334140887062e-01 3.000900717463196777e+12
7.019270555477450380e-01 3.173524542363543457e+12
7.047347637699360456e-01 3.924557860453223145e+12
7.075537028250157290e-01 3.717179111913934082e+12
7.103839176363159202e-01 3.365726602186961426e+12
7.132254533068611568e-01 3.154487296746611816e+12
7.160783551200886610e-01 3.274401397790791992e+12
7.189426685405689854e-01 3.439184589588070801e+12
7.218184392147313222e-01 3.457415858032274414e+12
7.247057129715901436e-01 3.710834641054183105e+12
7.276045358234763949e-01 3.934796179172135254e+12
7.305149539667704639e-01 4.155650798141184082e+12
7.334370137826373703e-01 4.273769470654910156e+12
7.363707618377679509e-01 4.310432804438193359e+12
7.393162448851190449e-01 4.355733578489070312e+12
7.422735098646596752e-01 4.355134769010305176e+12
7.452426039041182282e-01 4.357157842966757812e+12
7.482235743197346300e-01 4.400169324448453125e+12
7.512164686170136330e-01 4.425070608057115234e+12
7.542213344914817652e-01 4.480254232578348633e+12
7.572382198294477229e-01 4.503774070749495117e+12
7.602671727087656484e-01 4.332691589451128418e+12
7.633082413996006288e-01 4.443718193389494141e+12
7.663614743651989691e-01 3.841404634411618652e+12
7.694269202626597970e-01 3.951560067627913086e+12
7.725046279437104424e-01 4.244433765440291016e+12
7.755946464554852593e-01 4.184486576085221191e+12
7.786970250413072225e-01 4.252092091456437500e+12
7.818118131414724115e-01 4.331453972227747070e+12
7.849390603940383793e-01 4.280601171529858887e+12
7.880788166356144098e-01 4.420595865962639648e+12
7.912311319021569922e-01 4.434243737938351562e+12
7.943960564297655180e-01 4.536431959959217773e+12
7.975736406554845281e-01 4.625402330791751953e+12
8.007639352181065151e-01 4.717481198267115234e+12
8.039669909589789443e-01 4.739137165514151367e+12
8.071828589228148276e-01 4.768518942564769531e+12
8.104115903585061842e-01 4.822436374015668945e+12
8.136532367199402760e-01 4.878015889460235352e+12
8.169078496668199518e-01 4.754408929608638672e+12
8.201754810654874328e-01 4.292018296049841797e+12
8.234561829897493190e-01 4.847856941685416016e+12
8.267500077217083687e-01 4.851870045580755859e+12
8.300570077525952772e-01 4.780069588857366211e+12
8.333772357836056743e-01 4.802446822845345703e+12
8.367107447267401188e-01 4.698566719281186523e+12
8.400575877056470908e-01 4.734039677304157227e+12
8.434178180564695371e-01 4.544398685114297852e+12
8.467914893286955236e-01 4.446286278340187500e+12
8.501786552860102208e-01 4.482020916563601562e+12
8.535793699071543283e-01 4.475929405805638672e+12
8.569936873867830540e-01 4.694481249384548828e+12
8.604216621363300899e-01 4.786311307195574219e+12
8.638633487848753623e-01 4.713263645561318359e+12
8.673188021800150027e-01 4.618022201721020508e+12
8.707880773887352044e-01 4.595272935914249023e+12
8.742712296982900755e-01 4.650464822691020508e+12
8.777683146170831563e-01 4.762722509715613281e+12
8.812793878755513788e-01 4.764308806147314453e+12
8.848045054270535781e-01 4.859524826699827148e+12
8.883437234487617795e-01 4.524205687319444336e+12
8.918970983425568155e-01 4.696507832955985352e+12
8.954646867359271623e-01 4.667442238297308594e+12
8.990465454828707736e-01 4.748160727799875000e+12
9.026427316648023558e-01 4.631937306737473633e+12
9.062533025914615292e-01 4.629639061267692383e+12
9.098783158018273198e-01 4.743176669992837891e+12
9.135178290650346478e-01 4.802023241678625977e+12
9.171719003812948134e-01 4.861277364461672852e+12
9.208405879828199803e-01 4.923611997055377930e+12
9.245239503347512100e-01 4.922950338012558594e+12
9.282220461360901620e-01 4.906964954699759766e+12
9.319349343206346781e-01 4.851770135734510742e+12
9.356626740579171431e-01 4.842021557961176758e+12
9.394053247541488405e-01 4.628420303178180664e+12
9.431629460531654185e-01 4.794861723307430664e+12
9.469355978373780180e-01 4.834747191682678711e+12
9.507233402287275092e-01 4.876964891081658203e+12
9.545262335896426142e-01 4.879209855348666016e+12
9.583443385240012491e-01 4.783748228582258789e+12
9.621777158780971950e-01 4.801026620661000977e+12
9.660264267416096562e-01 4.780589891282499023e+12
9.698905324485760371e-01 4.836876918696493164e+12
9.737700945783701600e-01 4.740528954023802734e+12
9.776651749566835914e-01 4.685157062903649414e+12
9.815758356565105203e-01 4.774360587811362305e+12
9.855021389991363012e-01 4.730839146919995117e+12
9.894441475551331022e-01 4.610082434878858398e+12
9.934019241453534432e-01 4.287758479358136230e+12
9.973755318419349480e-01 4.433175656441300781e+12
1.001365033969302543e+00 4.462536960505923828e+12
1.005370494105179757e+00 4.407801476518364258e+12
1.009391976081600362e+00 4.479423383103411133e+12
1.013429543985926884e+00 4.526064555646636719e+12
1.017483262161870350e+00 4.534079209353115234e+12
1.021553195210518128e+00 4.564122626218679688e+12
1.025639407991360219e+00 4.438724072934606445e+12
1.029741965623325539e+00 4.409139624574255859e+12
1.033860933485818867e+00 4.409855169465116211e+12
1.037996377219762012e+00 4.521873802248762695e+12
1.042148362728641198e+00 4.482997613947626953e+12
1.046316956179555557e+00 4.572161378459638672e+12
1.050502224004274066e+00 4.562131442878856445e+12
1.054704232900291139e+00 4.605736019526275391e+12
1.058923049831892227e+00 4.562477747793421875e+12
1.063158742031219628e+00 4.552050731313156250e+12
1.067411376999344741e+00 4.474088205923366211e+12
1.071681022507342096e+00 4.469404196696424805e+12
1.075967746597371377e+00 4.523947467869450195e+12
1.080271617583760779e+00 4.495842465541901367e+12
1.084592704054095913e+00 4.532477993051090820e+12
1.088931074870312044e+00 4.483213641761274414e+12
1.093286799169793433e+00 4.515986710735304688e+12
1.097659946366472461e+00 4.493835848509087891e+12
1.102050586151938294e+00 4.497121714733788086e+12
1.106458788496546219e+00 4.485234876366785156e+12
1.110884623650532532e+00 4.411440583120489258e+12
1.115328162145134749e+00 4.488986697093081055e+12
1.119789474793714934e+00 4.468446231383114258e+12
1.124268632692889902e+00 4.475820499578385742e+12
1.128765707223661430e+00 4.460305200642904297e+12
1.133280770052556230e+00 4.445633981749252930e+12
1.137813893132766374e+00 4.207845863939029297e+12
1.142365148705297484e+00 4.237195547882785645e+12
1.146934609300118479e+00 4.419119035434167969e+12
1.151522347737319096e+00 4.461075719440768555e+12
1.156128437128268516e+00 4.411002097254305664e+12
1.160752950876781542e+00 4.373454761316617188e+12
1.165395962680288999e+00 4.398402482513592773e+12
1.170057546531009907e+00 4.351698863037282227e+12
1.174737776717134086e+00 4.325231763225795410e+12
1.179436727824002773e+00 4.239017371619676270e+12
1.184154474735298557e+00 4.248917238898311035e+12
1.188891092634239977e+00 4.274302909536310059e+12
1.193646657004777012e+00 4.292605868587334961e+12
1.198421243632796118e+00 4.156738827258878418e+12
1.203214928607327261e+00 4.192301686204930176e+12
1.208027788321756724e+00 4.220648619051804688e+12
1.212859899475043468e+00 4.185645622536922852e+12
1.217711339072943710e+00 4.210404544388697754e+12
1.222582184429235275e+00 4.168868689860814941e+12
1.227472513166952384e+00 4.203711316830268555e+12
1.232382403219620226e+00 4.170583598003347168e+12
1.237311932832498407e+00 4.143284184183231934e+12
1.242261180563828615e+00 4.001936787060599609e+12
1.247230225286083849e+00 4.071539858622685059e+12
1.252219146187228072e+00 4.013566331019195312e+12
1.257228022771976983e+00 4.041739434959638672e+12
1.262256934863064783e+00 4.018527651896870117e+12
1.267305962602517155e+00 4.035641729146605469e+12
1.272375186452927354e+00 4.014190595240641602e+12
1.277464687198738957e+00 4.003130495916711914e+12
1.282574545947533950e+00 3.958835568920773438e+12
1.287704844131324133e+00 3.909051434237590332e+12
1.292855663507849417e+00 3.888210071900188965e+12
1.298027086161880783e+00 3.910700573563402832e+12
1.303219194506528344e+00 3.897485626761907227e+12
1.308432071284554521e+00 3.870692319133901367e+12
1.313665799569692760e+00 3.887993434851278320e+12
1.318920462767971591e+00 3.882644038331877441e+12
1.324196144619043336e+00 3.829719430266730469e+12
1.329492929197519491e+00 3.803202418425583496e+12
1.334810900914309650e+00 3.767768341915632812e+12
1.340150144517967101e+00 3.748354141797489746e+12
1.345510745096038852e+00 3.746730561621835938e+12
1.350892788076423212e+00 3.741405280039642090e+12
1.356296359228728932e+00 3.724041688459201172e+12
1.361721544665643879e+00 3.730794641283020020e+12
1.367168430844306393e+00 3.715630634670235352e+12
1.372637104567683730e+00 3.723670670628710938e+12
1.378127652985954299e+00 3.697534672903777832e+12
1.383640163597898098e+00 3.695495907340129395e+12
1.389174724252289828e+00 3.673672988237205078e+12
1.394731423149298877e+00 3.658827890886036621e+12
1.400310348841896202e+00 3.641149585557080566e+12
1.405911590237263642e+00 3.622293386832917969e+12
1.411535236598212784e+00 3.610144520188113770e+12
1.417181377544605603e+00 3.596260666384778320e+12
1.422850103054784210e+00 3.584228632170086426e+12
1.428541503467003038e+00 3.517922341820496094e+12
1.434255669480871243e+00 3.567692330035601074e+12
1.439992692158794885e+00 3.552376636873918457e+12
1.445752662927429988e+00 3.543152706562745117e+12
1.451535673579139596e+00 3.534462139893520996e+12
1.457341816273456159e+00 3.511816062599762695e+12
1.463171183538549913e+00 3.510906659081213867e+12
1.469023868272704147e+00 3.482695077211447266e+12
1.474899963745795128e+00 3.487566612345181641e+12
1.480799563600778246e+00 3.474528640594078613e+12
1.486722761855181485e+00 3.422140111896149902e+12
1.492669652902602007e+00 3.457999036943283203e+12
1.498640331514212276e+00 3.436506181326473633e+12
1.504634892840269300e+00 3.281456321238187012e+12
1.510653432411630304e+00 3.422058488457511230e+12
1.516696046141276843e+00 3.402764979015048340e+12
1.522762830325842032e+00 3.418393203061420410e+12
1.528853881647145307e+00 3.417143496041114746e+12
1.534969297173733649e+00 3.394515951465082520e+12
1.541109174362428780e+00 3.401595526701424316e+12
1.547273611059878373e+00 3.389146946468883301e+12
1.553462705504118135e+00 3.373980289572239746e+12
1.559676556326134556e+00 3.354144912213076172e+12
1.565915262551438980e+00 3.367900332437628418e+12
1.572178923601644795e+00 3.333084850772989258e+12
1.578467639296051495e+00 3.323520777394291992e+12
1.584781509853235626e+00 3.352810040176279297e+12
1.591120635892648405e+00 3.347409141477396973e+12
1.597485118436219098e+00 3.350194027864700195e+12
1.603875058909963958e+00 3.324311016829676270e+12
1.610290559145603595e+00 3.335969984663347168e+12
1.616731721382186127e+00 3.110170165159917480e+12
1.623198648267714761e+00 3.255392030270836914e+12
1.629691442860785600e+00 3.322880951455416992e+12
1.636210208632228769e+00 3.322941668992967285e+12
1.642755049466757766e+00 3.251273229767552246e+12
1.649326069664624805e+00 3.262590109449345215e+12
1.655923373943283039e+00 3.244496547665770996e+12
1.662547067439056336e+00 3.183462308471664551e+12
1.669197255708812611e+00 3.181429394064025391e+12
1.675874044731648027e+00 3.157698909777677246e+12
1.682577540910574321e+00 3.113950043696754395e+12
1.689307851074216771e+00 3.092110714314655762e+12
1.696065082478513508e+00 3.064111669280449707e+12
1.702849342808427480e+00 3.028476181757208008e+12
1.709660740179661298e+00 2.898148391953498535e+12
1.716499383140379864e+00 2.955753291347547363e+12
1.723365380672941427e+00 2.922557392636927734e+12
1.730258842195633306e+00 2.885898608805968262e+12
1.737179877564415831e+00 2.841646688473045410e+12
1.744128597074673603e+00 2.814219770111232422e+12
1.751105111462972097e+00 2.762953989111833496e+12
1.758109531908824241e+00 2.726887687551570312e+12
1.765141970036459451e+00 2.697997434009847656e+12
1.772202537916605314e+00 2.655437529290405273e+12
1.779291348068271716e+00 2.613836017834095215e+12
1.786408513460544745e+00 2.580337085628793945e+12
1.793554147514387020e+00 2.540209185193954102e+12
1.800728364104444257e+00 2.511827690036724121e+12
1.807931277560862249e+00 2.470718840558094238e+12
1.815163002671105641e+00 2.456654964340743164e+12
1.822423654681789795e+00 2.425389798405244629e+12
1.829713349300517100e+00 2.390146412556164062e+12
1.837032202697718830e+00 2.370322781977124023e+12
1.844380331508509885e+00 2.260578619290275391e+12
1.851757852834543527e+00 2.288097313681665039e+12
1.859164884245881888e+00 2.230900181644328613e+12
1.866601543782865358e+00 2.249759513791867676e+12
1.874067949957996859e+00 2.210014405043703613e+12
1.881564221757828781e+00 2.201904401007927246e+12
1.889090478644860127e+00 2.169469849887353760e+12
1.896646840559439662e+00 2.155962184000696045e+12
1.904233427921677269e+00 2.135488883012669434e+12
1.911850361633363971e+00 2.120825576922536377e+12
1.919497763079897279e+00 2.091310696887989990e+12
1.927175754132217200e+00 1.952435082268305664e+12
1.934884457148745796e+00 1.962048792414655518e+12
1.942623994977340729e+00 1.805137636142363037e+12
1.950394490957250149e+00 1.809262398599631836e+12
1.958196068921079336e+00 1.968349246583067383e+12
1.966028853196763793e+00 1.954189916214511719e+12
1.973892968609550991e+00 1.750914048874504883e+12
1.981788540483989447e+00 1.697834695639202637e+12
1.989715694645925126e+00 1.705929475565618652e+12
1.997674557424508723e+00 1.829722868045693604e+12
2.005665255654207169e+00 1.844930508150078369e+12
2.013687916676823786e+00 1.822201588759858887e+12
2.021742668343530891e+00 1.804555304897056641e+12
2.029829639016905052e+00 1.780793650031483643e+12
2.037948957572972564e+00 1.762209480087449219e+12
2.046100753403264694e+00 1.739779505554854492e+12
2.054285156416877811e+00 1.730660760874702881e+12
2.062502297042545507e+00 1.700069077549789795e+12
2.070752306230715600e+00 1.691082817097712891e+12
2.079035315455638244e+00 1.674130756787956299e+12
2.087351456717461140e+00 1.654427480445378174e+12
2.095700862544330967e+00 1.616399486372370361e+12
2.104083665994508134e+00 1.625309306335228516e+12
2.112500000658485977e+00 1.609143435309698486e+12
2.120950000661120161e+00 1.594404033680296143e+12
2.129433800663764753e+00 1.574358940689309570e+12
2.137951535866419839e+00 1.560366928494391602e+12
2.146503342009885351e+00 1.546581273998490479e+12
2.155089355377924676e+00 1.533109799505707031e+12
2.163709712799436691e+00 1.520200395130651611e+12
2.172364551650634468e+00 1.504017527059384766e+12
2.181054009857236853e+00 1.476774101000900635e+12
2.189778225896665376e+00 1.465633733618451172e+12
2.198537338800252705e+00 1.454542876293257812e+12
2.207331488155453325e+00 1.384081962675670898e+12
2.216160814108075083e+00 1.430427614228996826e+12
2.225025457364507631e+00 1.387709470818714355e+12
2.233925559193965515e+00 1.390997231817354248e+12
2.242861261430741493e+00 1.384047778507208008e+12
2.251832706476463830e+00 1.371800881514454590e+12
2.260840037302370042e+00 1.331072087816513428e+12
2.269883397451579299e+00 1.339673768845858398e+12
2.278962931041386142e+00 1.315111403320849365e+12
2.288078782765551100e+00 1.311500200688106689e+12
2.297231097896613505e+00 1.164390401194093750e+12
2.306420022288200311e+00 1.223983497093721436e+12
2.315645702377353121e+00 1.220837561995142334e+12
2.324908285186861878e+00 1.101537130453421875e+12
2.334207918327609654e+00 1.136075766110242920e+12
2.343544750000919663e+00 1.149587064565347168e+12
2.352918929000923143e+00 1.066719074634311279e+12
2.362330604716927240e+00 1.083393908638704590e+12
2.371779927135795329e+00 1.098648986387610352e+12
2.381267046844337987e+00 1.037555580671596558e+12
2.390792115031715070e+00 1.024554990699494507e+12
2.400355283491842240e+00 1.038537037429824585e+12
2.409956704625809465e+00 1.007790325329023804e+12
2.419596531444312859e+00 9.706337268612524414e+11
2.429274917570089620e+00 9.762040846523725586e+11
2.438992017240370291e+00 9.658381596525552979e+11
2.448747985309331465e+00 9.180577723623548584e+11
2.458542977250568917e+00 9.103461702176193848e+11
2.468377149159570738e+00 9.196022269387045898e+11
2.478250657756209563e+00 8.673708444113488770e+11
2.488163660387234355e+00 8.635386620072225342e+11
2.498116315028783063e+00 8.721718717068308105e+11
2.508108780288898387e+00 8.477086112738903809e+11
2.518141215410053757e+00 8.286969071207750244e+11
2.528213780271693967e+00 8.208625081203217773e+11
2.538326635392781139e+00 8.301790276425079346e+11
2.548479941934351789e+00 8.063776869831618652e+11
2.558673861702089436e+00 8.052506450898098145e+11
2.568908557148898097e+00 8.042181299213824463e+11
2.579184191377493551e+00 7.907182357256341553e+11
2.589500928143003478e+00 7.852311117742441406e+11
2.599858931855575594e+00 7.849572314195329590e+11
2.610258367582998229e+00 7.853520643895212402e+11
2.620699401053329769e+00 7.681616711465059814e+11
2.631182198657543214e+00 7.689202513670382080e+11
2.641706927452173392e+00 7.623440041687510986e+11
2.652273755161981938e+00 7.605701653539494629e+11
2.662882850182629824e+00 7.532207351936138916e+11
2.673534381583360542e+00 7.372715045484313965e+11
2.684228519109693956e+00 7.300747606072463379e+11
2.694965433186132575e+00 7.132955594799930420e+11
2.705745294918877164e+00 7.075040619798178711e+11
2.716568276098552559e+00 6.926642454462985840e+11
2.727434549202946812e+00 6.766204317394116211e+11
2.738344287399758326e+00 6.659346780836885986e+11
2.749297664549357201e+00 6.603686509723903809e+11
2.760294855207554576e+00 6.533561819268488770e+11
2.771336034628385292e+00 6.405540309951719971e+11
2.782421378766898545e+00 6.313185723539627686e+11
2.793551064281966312e+00 6.285933214509062500e+11
2.804725268539093985e+00 6.116149223926431885e+11
2.815944169613250558e+00 5.992746399823330078e+11
2.827207946291703244e+00 6.040176355736499023e+11
2.838516778076869862e+00 5.859992388136783447e+11
2.849870845189177437e+00 5.777359402831911621e+11
2.861270328569933685e+00 5.803383064644326172e+11
2.872715409884213589e+00 5.651035530403897705e+11
2.884206271523750420e+00 5.604994711706303711e+11
2.895743096609845413e+00 5.573642851839663086e+11
2.907326068996284985e+00 5.386072958055394897e+11
2.918955373272270393e+00 5.397218000007482910e+11
2.930631194765359826e+00 5.266190303885316772e+11
2.942353719544420709e+00 5.175884466971748047e+11
2.954123134422598440e+00 5.181962251947150269e+11
2.965939626960289122e+00 5.064679438828957520e+11
2.977803385468130504e+00 5.059928539670781860e+11
2.989714599010003138e+00 4.941620877449737549e+11
3.001673457406043077e+00 4.909730175112824097e+11
3.013680151235667015e+00 4.860702928266494751e+11
3.025734871840609408e+00 4.707904799010486450e+11
3.037837811327972037e+00 4.787139886193081055e+11
3.049989162573283785e+00 4.629061363809487915e+11
3.062189119223576395e+00 4.648810719929124146e+11
3.074437875700470890e+00 4.548120804647974854e+11
3.086735627203272880e+00 4.490483823854031372e+11
3.099082569712085622e+00 4.479391457008120117e+11
3.111478899990933744e+00 4.381709413758635864e+11
3.123924815590897186e+00 4.371587582782848511e+11
3.136420514853261121e+00 4.301549177102309570e+11
3.148966196912674320e+00 4.260915988454447021e+11
3.161562061700325277e+00 4.221298376548715820e+11
3.174208309947126327e+00 4.149248855041967773e+11
3.186905143186915090e+00 4.149634918622678833e+11
3.199652763759662566e+00 4.040990313332829590e+11
3.212451374814701222e+00 4.073254346772119751e+11
3.225301180313960625e+00 3.996269961226303711e+11
3.238202385035215958e+00 3.955710903248081665e+11
3.251155194575356955e+00 3.923264387744661865e+11
3.264159815353658622e+00 3.876982913353363037e+11
3.277216454615073271e+00 3.834821362764348145e+11
3.290325320433533207e+00 3.791296926310690308e+11
3.303486621715267635e+00 3.763836215532768555e+11
3.316700568202128441e+00 3.704085820778459473e+11
3.329967370474937294e+00 3.694766711590743408e+11
3.343287239956836743e+00 3.625312698227748413e+11
3.356660388916663962e+00 3.600198296955637817e+11
3.370087030472330714e+00 3.561596683981576538e+11
3.383567378594220187e+00 3.514123294101939087e+11
3.397101648108596716e+00 3.481157256191824951e+11
3.410690054701031482e+00 3.409105465918681641e+11
3.424332814919834878e+00 3.404550817143419189e+11
3.438030146179514634e+00 3.361868889439389648e+11
3.451782266764232610e+00 3.324423026262627563e+11
3.465589395831289998e+00 3.287406475029976807e+11
3.479451753414614767e+00 3.246453572710223999e+11
3.493369560428273068e+00 3.200701003201456909e+11
3.507343038669985980e+00 3.177108812679107056e+11
3.521372410824665788e+00 3.123601600509500122e+11
3.535457900467964709e+00 3.092950431307273560e+11
3.549599732069836477e+00 3.056299388919080200e+11
3.563798130998116154e+00 3.016325238989771729e+11
3.578053323522108364e+00 2.980545582817003784e+11
3.592365536816196858e+00 2.945172749253856812e+11
3.606734998963461614e+00 2.907436850486284790e+11
3.621161938959315041e+00 2.869402901153837280e+11
3.635646586715152839e+00 2.832850144121880493e+11
3.650189173062013293e+00 2.798235131681249390e+11
3.664789929754260545e+00 2.761363044913137817e+11
3.679449089473277645e+00 2.723746033929249573e+11
3.694166885831170699e+00 2.691082832510396118e+11
3.708943553374495661e+00 2.657472965081458740e+11
3.723779327587993571e+00 2.626086779388875427e+11
3.738674444898345328e+00 2.585727724878329163e+11
3.753629142677938901e+00 2.561576548335556335e+11
3.768643659248651190e+00 2.523633598985284119e+11
3.783718233885645432e+00 2.494585004095028992e+11
3.798853106821188153e+00 2.460255591450225830e+11
3.814048519248473657e+00 2.429038862445736084e+11
3.829304713325467180e+00 2.391494039720694885e+11
3.844621932178768908e+00 2.361901773656248779e+11
3.860000419907484215e+00 2.331731794160502014e+11
3.875440421587113882e+00 2.298729412355776367e+11
3.890942183273462529e+00 2.266469015353047791e+11
3.906505952006555926e+00 2.237995652554630127e+11
3.922131975814582727e+00 2.207778272154553528e+11
3.937820503717840648e+00 2.174606303918518677e+11
3.953571785732711508e+00 2.129451546349793091e+11
3.969386072875642490e+00 2.113836452055382385e+11
3.985263617167145167e+00 2.067086020855441895e+11
4.001204671635814059e+00 2.034253667817800293e+11
4.017209490322357190e+00 2.009220546904244385e+11
4.033278328283646630e+00 1.987435921274166260e+11
4.049411441596781458e+00 1.911133302648159180e+11
4.065609087363168506e+00 1.919352458253934631e+11
4.081871523712622185e+00 1.863332446315075989e+11
4.098199009807472315e+00 1.849989522635119934e+11
4.114591805846702144e+00 1.836769403035566101e+11
4.131050173070089038e+00 1.775841492607585144e+11
4.147574373762369149e+00 1.776530157384626465e+11
4.164164671257418959e+00 1.733208818870700989e+11
4.180821329942449260e+00 1.717786455400580444e+11
4.197544615262219558e+00 1.700192903013460999e+11
4.214334793723269357e+00 1.656969698188823853e+11
4.231192132898162761e+00 1.653053052702625732e+11
4.248116901429755288e+00 1.614771739518698730e+11
4.265109369035473996e+00 1.594039089902674866e+11
4.282169806511615384e+00 1.582250651227758179e+11
4.299298485737661935e+00 1.444670519348724365e+11
4.316495679680612874e+00 1.441826234975562744e+11
4.333761662399335357e+00 1.418844478607416687e+11
4.351096709048932532e+00 1.354000336881898499e+11
4.368501095885127583e+00 1.315434399561222382e+11
4.385975100268668214e+00 1.285570240085693054e+11
4.403519000669743555e+00 1.244614432472897034e+11
4.421133076672422391e+00 1.215269782736571655e+11
4.438817608979111817e+00 1.191084729665983124e+11
4.456572879415028332e+00 1.168850745958726196e+11
4.474399170932688463e+00 1.120555980849586639e+11
4.492296767616419828e+00 1.120449575224794922e+11
4.510265954686884626e+00 1.108006080791309509e+11
4.528307018505633330e+00 1.073644722924298401e+11
4.546420246579655711e+00 1.066608437718482819e+11
4.564605927565974497e+00 1.048640763197699127e+11
4.582864351276237258e+00 1.035149589285004883e+11
4.601195808681342925e+00 1.024420286916896515e+11
4.619600591916067422e+00 1.022396257143090515e+11
4.638078994283731937e+00 1.002647234373624573e+11
4.656631310260867629e+00 1.013307941284718933e+11
4.675257835501911430e+00 9.924040769845376587e+10
4.693958866843916944e+00 9.793819592754209900e+10
4.712734702311292878e+00 9.673093547272225952e+10
4.731585641120538810e+00 9.640744690828448486e+10
4.750511983685020923e+00 9.454428810183984375e+10
4.769514031619761063e+00 9.324089729073405457e+10
4.788592087746240011e+00 9.224263151218464661e+10
4.807746456097224730e+00 9.083824485728791809e+10
4.826977441921613377e+00 9.096808702627143860e+10
4.846285351689299858e+00 8.922261248388359070e+10
4.865670493096057925e+00 8.830256491295153809e+10
4.885133175068442135e+00 8.621620682853059387e+10
4.904673707768715474e+00 8.568229043223115540e+10
4.924292402599791174e+00 8.349613863454176331e+10
4.943989572210189642e+00 8.273503926540361023e+10
4.963765530499030021e+00 8.084467162900559998e+10
4.983620592621027079e+00 8.106727138623844910e+10
5.003555074991511198e+00 7.927582315103640747e+10
5.023569295291476777e+00 7.745887853367143250e+10
5.043663572472643075e+00 7.860568778140263367e+10
5.063838226762532813e+00 7.690680869199282837e+10
5.084093579669583640e+00 7.509145562458537292e+10
5.104429953988261381e+00 7.476842254703962708e+10
5.124847673804215020e+00 7.365951311001077271e+10
5.145347064499431688e+00 7.384971836089244080e+10
5.165928452757428957e+00 7.141510106741561890e+10
5.186592166568458673e+00 7.181458334861961365e+10
5.207338535234733001e+00 6.973130730921714783e+10
5.228167889375671784e+00 6.993573723676461792e+10
5.249080560933174766e+00 6.807361827052388000e+10
5.270076883176907145e+00 6.805961381829833984e+10
5.291157190709615321e+00 6.646951861922356415e+10
5.312321819472453299e+00 6.655215163694349670e+10
5.333571106750343738e+00 6.517451535635223389e+10
5.354905391177344320e+00 6.441373390696756744e+10
5.376325012742054099e+00 6.372127783774800873e+10
5.397830312793021612e+00 6.339609462332814026e+10
5.419421634044193858e+00 6.150077833501818848e+10
5.441099320580370602e+00 6.188119801684276581e+10
5.462863717862692425e+00 6.020513264916446686e+10
5.484715172734142996e+00 5.981242437246923828e+10
5.506654033425078865e+00 5.910372878561240387e+10
5.528680649558780580e+00 5.884447216837348938e+10
5.550795372157015350e+00 5.738256104975145721e+10
5.572998553645643227e+00 5.679154887190343475e+10
5.595290547860225949e+00 5.658937043291497803e+10
5.617671710051667766e+00 5.559941477255458069e+10
5.640142396891874021e+00 5.507363970844914246e+10
5.662702966479441713e+00 5.455701066874494171e+10
5.685353778345359821e+00 5.312102113902696228e+10
5.708095193458740724e+00 5.301055532285929871e+10
5.730927574232576482e+00 5.215928156205316925e+10
5.753851284529505783e+00 5.193748538439776611e+10
5.776866689667624399e+00 5.129501263270252991e+10
5.799974156426294769e+00 5.059740143414971924e+10
5.823174053051999977e+00 4.965105449626147461e+10
5.846466749264207508e+00 4.909257135076182556e+10
5.869852616261264977e+00 4.873572413242740631e+10
5.893332026726310069e+00 4.792105837460639191e+10
5.916905354833215114e+00 4.766416884652259827e+10
5.940572976252548543e+00 4.688845825039176941e+10
5.964335268157558545e+00 4.629584681379225922e+10
5.988192609230189589e+00 4.569009384593005371e+10
6.012145379667110490e+00 4.522878737124448395e+10
6.036193961185778889e+00 4.435958177406285858e+10
6.060338737030522616e+00 4.398649306783369446e+10
6.084580091978644134e+00 4.354503547336081696e+10
6.108918412346558746e+00 4.274871585192204285e+10
6.133354085995945226e+00 4.249149896859641266e+10
6.157887502339929320e+00 4.186865867505819702e+10
6.182519052349287669e+00 4.112488420633845520e+10
6.207249128558685491e+00 4.065187320393292236e+10
6.232078125072920471e+00 4.012172651417708588e+10
6.257006437573212843e+00 3.949894624010074615e+10
6.282034463323505236e+00 3.900345688121140289e+10
6.307162601176800720e+00 3.841925569800128174e+10
6.332391251581507063e+00 3.790470770606871796e+10
6.357720816587833390e+00 3.729218827486148071e+10
6.383151699854184180e+00 3.663539118142787170e+10
6.408684306653601226e+00 3.596238018961952972e+10
6.434319043880215361e+00 3.547973553118724060e+10
6.460056320055736379e+00 3.445833215375374603e+10
6.485896545335958052e+00 3.349800583623101425e+10
6.511840131517302233e+00 3.314868639440842056e+10
6.537887492043371829e+00 3.245761858476943207e+10
6.564039042011545533e+00 3.174024578203849030e+10
6.590295198179591196e+00 3.099038992528329086e+10
6.616656378972309405e+00 3.065546833061842728e+10
6.643123004488199257e+00 3.002543864980411530e+10
6.669695496506150789e+00 2.963378113293807983e+10
6.696374278492176479e+00 2.911403250068666840e+10
6.723159775606144528e+00 2.894396028812660217e+10
6.750052414708568094e+00 2.850002663908881378e+10
6.777052624367403411e+00 2.765383018418501282e+10
6.804160834864871887e+00 2.747747768487036133e+10
6.831377478204331055e+00 2.693473204346493912e+10
6.858702988117148180e+00 2.685266956848725128e+10
6.886137800069615622e+00 2.640019540461287689e+10
6.913682351269895499e+00 2.586008520551918411e+10
6.941337080674975013e+00 2.557734916750145721e+10
6.969102428997675069e+00 2.526017530825793076e+10
6.996978838713665994e+00 2.493416238203929901e+10
7.024966754068519670e+00 2.458880993884624100e+10
7.053066621084793653e+00 2.421517589359388351e+10
7.081278887569133929e+00 2.381951835833364105e+10
7.109604003119409654e+00 2.332571041700381851e+10
7.138042419131887861e+00 2.323943586064471054e+10
7.166594588808414379e+00 2.289635967587096024e+10
7.195260967163648047e+00 2.250647397337319565e+10
7.224042011032302923e+00 2.213281061737665939e+10
7.252938179076432235e+00 2.182160474946859741e+10
7.281949931792737196e+00 2.160934724579703903e+10
7.311077731519908696e+00 2.131140645167560577e+10
7.340322042445988515e+00 2.085561143179135895e+10
7.369683330615771411e+00 2.056941739110207748e+10
7.399162063938235612e+00 2.050195657274615479e+10
7.428758712193988423e+00 1.992529582140429306e+10
7.458473747042765112e+00 1.985203956532561493e+10
7.488307642030935796e+00 1.952522277974994278e+10
7.518260872599060285e+00 1.917035526237751007e+10
7.548333916089456253e+00 1.902226473098881531e+10
7.578527251753813587e+00 1.851995779722288895e+10
7.608841360760829176e+00 1.814207688978374863e+10
7.639276726203872769e+00 1.771314200399203873e+10
7.669833833108687493e+00 1.757539367864516830e+10
7.700513168441122325e+00 1.721903086796932220e+10
7.731315221114887670e+00 1.682078091588954926e+10
7.762240481999347352e+00 1.670097520697083092e+10
7.793289443927344351e+00 1.618258174536871338e+10
7.824462601703054077e+00 1.611269601311762238e+10
7.855760452109866065e+00 1.576821977502320671e+10
7.887183493918306532e+00 1.535164176888818359e+10
7.918732227893980458e+00 1.528366107758451653e+10
7.950407156805555431e+00 1.502365256820641327e+10
7.982208785432777454e+00 1.464346814313931274e+10
8.014137620574508958e+00 1.458738415335772514e+10
8.046194171056805899e+00 1.423269637089950180e+10
8.078378947741034821e+00 1.413238602974158096e+10
8.110692463531997021e+00 1.381991009882438087e+10
8.143135233386125549e+00 1.366311202385028076e+10
8.175707774319670662e+00 1.346169830193355751e+10
8.208410605416949224e+00 1.321076347906563377e+10
8.241244247838615422e+00 1.317095109483781624e+10
8.274209224829968790e+00 1.283981948088486290e+10
8.307306061729288871e+00 1.271846246705975151e+10
8.340535285976207192e+00 1.244685550810577393e+10
8.373897427120111203e+00 1.223785943632882309e+10
8.407393016828594412e+00 1.226422345514609337e+10
8.441022588895906509e+00 1.195782993738274384e+10
8.474786679251490540e+00 1.181987824117865562e+10
8.508685825968495209e+00 1.158015583857622528e+10
8.542720569272368891e+00 1.146137866063946152e+10
8.576891451549458978e+00 1.128811552551886368e+10
8.611199017355655627e+00 1.120194522289002228e+10
8.645643813425078150e+00 1.105754022719147301e+10
8.680226388678779159e+00 1.086863438142898369e+10
8.714947294233493125e+00 1.074666862158288574e+10
8.749807083410427566e+00 1.053533467812894058e+10
8.784806311744070229e+00 1.046739648927940941e+10
8.819945536991047774e+00 1.023702213438623428e+10
8.855225319139009343e+00 1.012473901272188187e+10
8.890646220415566958e+00 1.005722411260834312e+10
8.926208805297228821e+00 9.902002463690160751e+09
8.961913640518417878e+00 9.755178675944379807e+09
8.997761295080492161e+00 9.630992075631969452e+09
9.033752340260813085e+00 9.516669293816274643e+09
9.069887349621856387e+00 9.423953500816970825e+09
9.106166899020346150e+00 9.188629028562707901e+09
9.142591566616424359e+00 9.079059612637142181e+09
9.179161932882891506e+00 8.971587765736457825e+09
9.215878580614422333e+00 8.830267616688652039e+09
9.252742094936881045e+00 8.700625975939939499e+09
9.289753063316627646e+00 8.640606438867164612e+09
9.326912075569895322e+00 8.460185495114804268e+09
9.364219723872173162e+00 8.376881957474892616e+09
9.401676602767663482e+00 8.229349310945178986e+09
9.439283309178733816e+00 8.081827655629913330e+09
9.477040442415447075e+00 7.994452777508348465e+09
9.514948604185111236e+00 7.888568432676279068e+09
9.553008398601852136e+00 7.773218889514825821e+09
9.591220432196260859e+00 7.646091931326741219e+09
9.629585313925044687e+00 7.531527220173892975e+09
9.668103655180747324e+00 7.443395349350188255e+09
9.706776069801470896e+00 7.348024235547973633e+09
9.745603174080676112e+00 7.218119267776093483e+09
9.784585586776998412e+00 7.146295136063150406e+09
9.823723929124106746e+00 7.017213537350672722e+09
9.863018824840601440e+00 6.911990797803661346e+09
9.902470900139965337e+00 6.737179873729379654e+09
9.942080783740523842e+00 6.701177869959828377e+09
9.981849106875488431e+00 6.588675418744600296e+09
1.002177650330298952e+01 6.524408079608854294e+09
1.006186360931619994e+01 6.399119623818489075e+09
1.010211106375346723e+01 6.282176812373777390e+09
1.014251950800847979e+01 6.210463385052820206e+09
1.018308958604051284e+01 6.129179538132843018e+09
1.022382194438467451e+01 6.023244579952431679e+09
1.026471723216221399e+01 5.930290561393295288e+09
1.030577610109086173e+01 5.829763252503419876e+09
1.034699920549522467e+01 5.731478856392144203e+09
1.038838720231720458e+01 5.656097738813518524e+09
1.042994075112647501e+01 5.567245323498841286e+09
1.047166051413097954e+01 5.479751230767053604e+09
1.051354715618750468e+01 5.381284175757724762e+09
1.055560134481225454e+01 5.298774390111720085e+09
1.059782375019150358e+01 5.218527218703512192e+09
1.064021504519226902e+01 5.164722069380286217e+09
1.068277590537303823e+01 5.084164078933084488e+09
1.072550700899452991e+01 4.956912562192893982e+09
1.076840903703050856e+01 4.891710042527303696e+09
1.081148267317863088e+01 4.827926056205010414e+09
1.085472860387134553e+01 4.812397162345258713e+09
1.089814751828683015e+01 4.639326378800263405e+09
1.094174010835997635e+01 4.612346612908712387e+09
1.098550706879341909e+01 4.488709943188654900e+09
1.102944909706859100e+01 4.437930399984677315e+09
1.107356689345686540e+01 4.382066408509730339e+09
1.111786116103069233e+01 4.304800034130193710e+09
1.116233260567481622e+01 4.257593127044399738e+09
1.120698193609751492e+01 4.156809544552618504e+09
1.125180986384190440e+01 4.122783530664923668e+09
1.129681710329727373e+01 4.044873154699634552e+09
1.134200437171046083e+01 3.994459590411531448e+09
1.138737238919730466e+01 3.936440874292357445e+09
1.143292187875409383e+01 3.845321683688921452e+09
1.147865356626910938e+01 3.810546976797918797e+09
1.152456818053418530e+01 3.727313284622294903e+09
1.157066645325632237e+01 3.672908817680073738e+09
1.161694911906934635e+01 3.604477051840053558e+09
1.166341691554562487e+01 3.579541179582450867e+09
1.171007058320780736e+01 3.509795549011122227e+09
1.175691086554063958e+01 3.424856652764063835e+09
1.180393850900279951e+01 3.408250931484507561e+09
1.185115426303881137e+01 3.328549263672186852e+09
1.189855888009096674e+01 3.308689492396121502e+09
1.194615311561133097e+01 3.251587203601032734e+09
1.199393772807377623e+01 3.203935402060863018e+09
1.204191347898607134e+01 3.150392273594529629e+09
1.209008113290201614e+01 3.098896231614182949e+09
1.213844145743362368e+01 3.042809427953881264e+09
1.218699522326335938e+01 3.019650197161130905e+09
1.223574320415641381e+01 2.957482699484342098e+09
1.228468617697303777e+01 2.937577381089118958e+09
1.233382492168093059e+01 2.849853019208023548e+09
1.238316022136765504e+01 2.828251331423460007e+09
1.243269286225312520e+01 2.746934540763932228e+09
1.248242363370213859e+01 2.750995576811242580e+09
1.253235332823694748e+01 2.680770708931200981e+09
1.258248274154989410e+01 2.660260524436131477e+09
1.263281267251609385e+01 2.625401077668617725e+09
1.268334392320615756e+01 2.562577311451366901e+09
1.273407729889898299e+01 2.559576748261203766e+09
1.278501360809457665e+01 2.479124680538872719e+09
1.283615366252695544e+01 2.437956333854699135e+09
1.288749827717706253e+01 2.435468675267298698e+09
1.293904827028577031e+01 2.361121907033099174e+09
1.299080446336691352e+01 2.355816657806406498e+09
1.304276768122038099e+01 2.302227421559488773e+09
1.309493875194526424e+01 2.276766076002083778e+09
1.314731850695304693e+01 2.228312895271101475e+09
1.319990778098085649e+01 2.195848715119097710e+09
1.325270741210477965e+01 2.161644646050995350e+09
1.330571824175319939e+01 2.125107002236943483e+09
1.335894111472021173e+01 2.093099478848406076e+09
1.341237687917909227e+01 2.077734984582493544e+09
1.346602638669580898e+01 2.022073390809369564e+09
1.351989049224258999e+01 2.014839654581791401e+09
1.357397005421156067e+01 1.969581572787327051e+09
1.362826593442840917e+01 1.940754958371839046e+09
1.368277899816612297e+01 1.917603768552110195e+09
1.373751011415878942e+01 1.867443585215602875e+09
1.379246015461542463e+01 1.858899968949512959e+09
1.384762999523388416e+01 1.815906506645653248e+09
1.390302051521481808e+01 1.815403744025953293e+09
1.395863259727567751e+01 1.774418550636145353e+09
1.401446712766477987e+01 1.739442405300714254e+09
1.407052499617543972e+01 1.735275465324719429e+09
1.412680709616014063e+01 1.676678943489870310e+09
1.418331432454478147e+01 1.644260700086051464e+09
1.424004758184296193e+01 1.641173679541055918e+09
1.429700777217033369e+01 1.627175387126075506e+09
1.435419580325901379e+01 1.581436224514856815e+09
1.441161258647204946e+01 1.571593823454624891e+09
1.446925903681793812e+01 1.524943247142199993e+09
1.452713607296521126e+01 1.526537956321345329e+09
1.458524461725707155e+01 1.495256147011728525e+09
1.464358559572609764e+01 1.458611586301061392e+09
1.470215993810900557e+01 1.436165568465277433e+09
1.476096857786143879e+01 1.438304363896629810e+09
1.482001245217288599e+01 1.402368124024315119e+09
1.487929250198157760e+01 1.381183250553612709e+09
1.493880967198950316e+01 1.359000398030823708e+09
1.499856491067746056e+01 1.337274061024026394e+09
1.505855917032016933e+01 1.321031541498485088e+09
1.511879340700144958e+01 1.298728295971710682e+09
1.517926858062945605e+01 1.276323084377689838e+09
1.523998565495197433e+01 1.263594334803596973e+09
1.530094559757178274e+01 1.236475196221919775e+09
1.536214937996206764e+01 1.213459467005102634e+09
1.542359797748191674e+01 1.198130047674741507e+09
1.548529236939184450e+01 1.184268909497239590e+09
1.554723353886941339e+01 1.158847463629726648e+09
1.560942247302489072e+01 1.153449153345965385e+09
1.567186016291699069e+01 1.127584679586997271e+09
1.573454760356865556e+01 1.105080986296001434e+09
1.579748579398293096e+01 1.098939757293378592e+09
1.586067573715886247e+01 1.077956085794493198e+09
1.592411844010749888e+01 1.066860433894855022e+09
1.598781491386792730e+01 1.032513968517232895e+09
1.605176617352340074e+01 1.027733899328394651e+09
1.611597323821749228e+01 1.006785354143861532e+09
1.618043713117036120e+01 9.929387139732428789e+08
1.624515887969504391e+01 9.744312312764930725e+08
1.631013951521382310e+01 9.705395817459636927e+08
1.637538007327468037e+01 9.565046573507516384e+08
1.644088159356778078e+01 9.401383583170162439e+08
1.650664511994205341e+01 9.182317537856688499e+08
1.657267170042182158e+01 9.025769974664556980e+08
1.663896238722350418e+01 8.858521010000307560e+08
1.670551823677240222e+01 8.826114509966106415e+08
1.677234030971949608e+01 8.711023913758498430e+08
1.683942967095837062e+01 8.544733725703513622e+08
1.690678738964220429e+01 8.389158531367018223e+08
1.697441453920077237e+01 8.298251329669061899e+08
1.704231219735757108e+01 8.253717134847930670e+08
1.711048144614700561e+01 7.920358722513027191e+08
1.717892337193159236e+01 7.921249755026680231e+08
1.724763906541932101e+01 7.685989815443000793e+08
1.731662962168099895e+01 7.604287260939514637e+08
1.738589614016772344e+01 7.518220409129749537e+08
1.745543972472839300e+01 7.451055768069028854e+08
1.752526148362730751e+01 7.327080101501168013e+08
1.759536252956181812e+01 7.171526404235643148e+08
1.766574397968006238e+01 7.057557213581743240e+08
1.773640695559878466e+01 6.960920570489716530e+08
1.780735258342117433e+01 6.890021190488660336e+08
1.787858199375486024e+01 6.823253690653114319e+08
1.795009632172988034e+01 6.621206783626761436e+08
1.802189670701679702e+01 6.590353501926125288e+08
1.809398429384486562e+01 6.474262106048873663e+08
1.816636023102024211e+01 6.235548415552121401e+08
1.823902567194432578e+01 6.287080086377425194e+08
1.831198177463210186e+01 6.177291002145172358e+08
1.838522970173062987e+01 6.069874811855498552e+08
1.845877062053754969e+01 5.995972575803244114e+08
1.853260570301970134e+01 5.823877972403485775e+08
1.860673612583178027e+01 5.725463183439073563e+08
1.868116307033510637e+01 5.693297459141359329e+08
1.875588772261644976e+01 5.607114001760765314e+08
1.883091127350691352e+01 5.572382183179214001e+08
1.890623491860094063e+01 5.452068165566010475e+08
1.898185985827534594e+01 5.330649629252039790e+08
1.905778729770844748e+01 5.325687763466362357e+08
1.913401844689928311e+01 5.249187845597403646e+08
1.921055452068688041e+01 5.039143701583119035e+08
1.928739673876962968e+01 5.055363836399376988e+08
1.936454632572470658e+01 4.990688492969377041e+08
1.944200451102760141e+01 4.828392994326493740e+08
1.951977252907171589e+01 4.875155219156637192e+08
1.959785161918800256e+01 4.704241474914999604e+08
1.967624302566475691e+01 4.664278382497358918e+08
1.991079942767366973e+01 4.504189904543952942e+08
