# Wavelength (micrometer), Flux (W / m2 / m)
1.000553076518779783e-01 2.298738956626773522e+00
1.004555288824854897e-01 3.425365732800185799e-19
1.008573509980154326e-01 1.193327108553040419e-18
1.012607804020075053e-01 1.631316697768346619e-18
1.016658235236155422e-01 6.985725059939472789e-19
1.020724868177099870e-01 3.276874124088174596e-15
1.024807767649808382e-01 2.776872113421097942e-17
1.028906998720407612e-01 6.103122617632926835e-18
1.033022626715289355e-01 2.217371191256860763e-14
1.037154717222150413e-01 4.131427133255039830e-18
1.041303336091038839e-01 2.387523823535958832e-17
1.045468549435403099e-01 9.828777066524951773e-17
1.049650423633144702e-01 3.148065279642568871e-18
1.053849025327677214e-01 1.032827784621050614e-15
1.058064421428987906e-01 2.419642346144674847e-17
1.062296679114703990e-01 2.403994543483555141e-15
1.066545865831162732e-01 4.614005867124180908e-16
1.070812049294487533e-01 2.660789022850093483e-16
1.075095297491665408e-01 1.126846675712442133e-13
1.079395678681632220e-01 4.162322043713751925e-16
1.083713261396358624e-01 1.044371296541393286e-13
1.088048114441943909e-01 1.748244076185795440e-14
1.092400306899711654e-01 3.014417097497732376e-11
1.096769908127310511e-01 4.113858650980674724e-14
1.101156987759819850e-01 3.149716106816632105e-14
1.105561615710859147e-01 3.148972230607886364e-11
1.109983862173702651e-01 7.774331764566155263e-12
1.114423797622397516e-01 6.087061782827342686e-13
1.118881492812886930e-01 5.421929252210180575e-14
1.123357018784138517e-01 5.253559656401865075e-13
1.127850446859275102e-01 1.062923290635604611e-09
1.132361848646712132e-01 2.738426101976689750e-10
1.136891296041298988e-01 3.267845258291312881e-10
1.141438861225464035e-01 4.162455188888571584e-10
1.146004616670366072e-01 5.497990555009834191e-10
1.150588635137047705e-01 5.423912825619028893e-10
1.155190989677595953e-01 4.353799626370181137e-10
1.159811753636306314e-01 9.311894816427028658e-10
1.164451000650851553e-01 2.772893593536836419e-10
1.169108804653455069e-01 3.185407510330542341e-10
1.173785239872068981e-01 3.809291619710769231e-10
1.178480380831557206e-01 3.551958699004726779e-10
1.183194302354883543e-01 8.845813209641720066e-10
1.187927079564302935e-01 5.986641642367382676e-11
1.192678787882560099e-01 1.070204008356186503e-10
1.197449503034090645e-01 6.815671747497395650e-11
1.202239301046226783e-01 1.886569790584696643e-12
1.207048258250411760e-01 3.821485030909556962e-11
1.211876451283413342e-01 4.819009819510727250e-12
1.216723957088547137e-01 2.186758431760470142e-14
1.221590852916901310e-01 5.792939999505512391e-11
1.226477216328568792e-01 6.918634058949155348e-10
1.231383125193883099e-01 3.611035953316833924e-12
1.236308657694658586e-01 1.480889684536534305e-10
1.241253892325437369e-01 1.286828656635543948e-10
1.246218907894739159e-01 4.162594312297469596e-12
1.251203783526317892e-01 2.463132103528682364e-11
1.256208598660423226e-01 2.710989870200444891e-09
1.261233433055065078e-01 1.284018623658479986e-09
1.266278366787285392e-01 1.808266635655998497e-11
1.271343480254434610e-01 1.547809919527935168e-09
1.276428854175452321e-01 3.753585248321611036e-10
1.281534569592154005e-01 1.133935261466050993e-10
1.286660707870522780e-01 5.312554250303254476e-10
1.291807350702004475e-01 8.644413473296576836e-10
1.296974580104812425e-01 1.211603915219589156e-09
1.302162478425231973e-01 8.174883849595632798e-11
1.307371128338932764e-01 4.240346417013425851e-09
1.312600612852288795e-01 8.223095702057750059e-09
1.317851015303697915e-01 2.822630409316898708e-09
1.323122419364912705e-01 3.806150198999955219e-08
1.328414909042372472e-01 7.550066469898594230e-08
1.333728568678542170e-01 3.394402836440259852e-08
1.339063482953256612e-01 1.033593122193068583e-09
1.344419736885069383e-01 3.573757050614279794e-08
1.349797415832609815e-01 1.516202520212633771e-07
1.355196605495940232e-01 8.853835292866856805e-08
1.360617391917924301e-01 2.240816188308364581e-07
1.366059861485595939e-01 3.316328736176258310e-08
1.371524100931538481e-01 1.748463388801141065e-09
1.377010197335264696e-01 1.200290647498321938e-08
1.382518238124605670e-01 1.765722074543841015e-06
1.388048311077104136e-01 4.398477591643767307e-07
1.393600504321412248e-01 1.768887716131135092e-08
1.399174906338697677e-01 1.182976263405906691e-08
1.404771605964052761e-01 1.772015818563495582e-06
1.410390692387908651e-01 1.295775736035519073e-07
1.416032255157460562e-01 5.656898070066597103e-06
1.421696384178090522e-01 2.931249541540705579e-09
1.427383169714803168e-01 8.129755553579367878e-07
1.433092702393662099e-01 5.132808237148446431e-05
1.438825073203236771e-01 4.190915982152307250e-06
1.444580373496049674e-01 4.203115143938989577e-05
1.450358694990033503e-01 3.164181042798302053e-06
1.456160129769993872e-01 7.980334179071836250e-05
1.461984770289073976e-01 1.252502683221480648e-04
1.467832709370230082e-01 1.896154707917279287e-05
1.473704040207710897e-01 1.223976651001295940e-04
1.479598856368541382e-01 5.254418938945594464e-07
1.485517251794015725e-01 4.336968807179448517e-05
1.491459320801191979e-01 1.024177201490096312e-04
1.497425158084396690e-01 1.392238812242735332e-05
1.503414858716734248e-01 3.425081895692280395e-04
1.509428518151600951e-01 2.620398399313826884e-05
1.515466232224207677e-01 4.021280817836949092e-08
1.521528097153104220e-01 1.328564529758817904e-06
1.527614209541716672e-01 1.037171307033131952e-09
1.533724666379883694e-01 9.621181392903644091e-10
1.539859565045403056e-01 7.862184584949683110e-10
1.546019003305584838e-01 4.744448211788630148e-12
1.552203079318807133e-01 9.293308553542006448e-11
1.558411891636082569e-01 5.714543455161648599e-11
1.564645539202626778e-01 2.584346883884657337e-11
1.570904121359437411e-01 2.351692318944408098e-11
1.577187737844875093e-01 1.390143697980154925e-11
1.583496488796254653e-01 4.396436821149348455e-11
1.589830474751439959e-01 6.409123127323985908e-10
1.596189796650445414e-01 2.679109739491060541e-11
1.602574555837047166e-01 3.998299241374146283e-11
1.608984854060395708e-01 2.122660860665336361e-10
1.615420793476636807e-01 1.296662331464471509e-10
1.621882476650543525e-01 2.781865964292724849e-10
1.628370006557145755e-01 2.402307043287645368e-10
1.634883486583374457e-01 4.749179688501145212e-10
1.641423020529707844e-01 8.445496032961303015e-10
1.647988712611826723e-01 5.884260672522900240e-10
1.654580667462274002e-01 1.214880763130587679e-10
1.661198990132123077e-01 2.023909690909230682e-09
1.667843786092651215e-01 1.057925917076179896e-09
1.674515161237022098e-01 6.534579010235110295e-09
1.681213221881969755e-01 2.612496262640108589e-08
1.687938074769497754e-01 9.490701211873206049e-09
1.694689827068575905e-01 1.308489047157832648e-07
1.701468586376850278e-01 7.957336763321683241e-08
1.708274460722357391e-01 9.240811378186733002e-08
1.715107558565246715e-01 1.220273218060774330e-07
1.721967988799507909e-01 1.109768332109982677e-07
1.728855860754705820e-01 1.834691578575533351e-07
1.735771284197724640e-01 1.291722419139413115e-07
1.742714369334515678e-01 6.915027574359693536e-08
1.749685226811853456e-01 6.665983925862846446e-07
1.756683967719100681e-01 2.257812109289679755e-07
1.763710703589977391e-01 1.302597996868582909e-06
1.770765546404337309e-01 1.869706295524712703e-06
1.777848608589954471e-01 3.015167571561793275e-07
1.784960003024314568e-01 3.533634366587728925e-06
1.792099843036411844e-01 2.754348480822350549e-06
1.799268242408557650e-01 2.889438230936892770e-06
1.806465315378191772e-01 1.448584707091550046e-05
1.813691176639704306e-01 1.316803740986888304e-06
1.820945941346263086e-01 5.800706918501271667e-06
1.828229725111648329e-01 1.160032824196130191e-05
1.835542644012094771e-01 4.790966830591789430e-07
1.842884814588143239e-01 1.296563476487598401e-05
1.850256353846495561e-01 1.360295886535399154e-04
1.857657379261881403e-01 4.727844607652125159e-06
1.865088008778928996e-01 6.559485015600476738e-05
1.872548360814044743e-01 2.762285496735820267e-05
1.880038554257300876e-01 7.086712175301375239e-06
1.887558708474330049e-01 1.791401240108036834e-04
1.895108943308226879e-01 4.214228366491863236e-05
1.902689379081460019e-01 1.726137603129911571e-05
1.910300136597785636e-01 7.644776746736905645e-04
1.917941337144176972e-01 5.896569681681291842e-05
1.925613102492753359e-01 1.198050353176544633e-04
1.933315554902724498e-01 9.417181445221140283e-04
1.941048817122335568e-01 2.388780470153888547e-04
1.948813012390824828e-01 1.737043962557566169e-04
1.956608264440388156e-01 1.825135957353256431e-03
1.964434697498149418e-01 1.831557812891254947e-04
1.972292436288141937e-01 4.146110013402834666e-04
1.980181606033294406e-01 1.018463308628097738e-03
1.988102332457427346e-01 4.131965338769155553e-04
1.996054741787257336e-01 3.366536368624682696e-04
2.004038960754406518e-01 5.061514357801037743e-04
2.012055116597424309e-01 4.877230739462119660e-04
2.020103337063813842e-01 4.606765219437396175e-04
2.028183750412069219e-01 3.914856353818483821e-04
2.036296485413717494e-01 4.644129530674517663e-04
2.044441671355372303e-01 3.036478778622356376e-04
2.052619438040793887e-01 7.572322404139151652e-04
2.060829915792957157e-01 5.701116865564751814e-04
2.069073235456129201e-01 5.855783560867548190e-04
2.077349528397953449e-01 6.970205819039849765e-04
2.085658926511545219e-01 9.917388470699621712e-04
2.094001562217591150e-01 1.149976085343064249e-03
2.102377568466461677e-01 1.076664594044103368e-03
2.110787078740327671e-01 7.882754111950209149e-04
2.119230227055288740e-01 1.349750331678508265e-03
2.127707147963510126e-01 1.724722574189840136e-03
2.136217976555363773e-01 2.336526444182232889e-03
2.144762848461585492e-01 7.972424343048078099e-04
2.153341899855431840e-01 2.455864136337735683e-03
2.161955267454853669e-01 3.974076926434626060e-03
2.170603088524672986e-01 5.085726201335180781e-03
2.179285500878772042e-01 2.597482563304729600e-03
2.188002642882286852e-01 2.741874977821539931e-03
2.196754653453815986e-01 7.930281163045555318e-03
2.205541672067631020e-01 5.262275420481046968e-03
2.214363838755901703e-01 2.510727100319092020e-02
2.223221294110925284e-01 5.528593655812258714e-03
2.232114179287369160e-01 5.494155793772238089e-02
2.241042636004518529e-01 2.012982538026199947e-02
2.250006806548536520e-01 1.692861607973049354e-01
2.259006833774730438e-01 4.205967448335294623e-02
2.268042861109829667e-01 7.155127556888513096e-02
2.277115032554268836e-01 9.218590447293795176e-02
2.286223492684485714e-01 9.061359159328956359e-02
2.295368386655223802e-01 4.507429938642767420e-01
2.304549860201844658e-01 3.024041185187847577e-02
2.313768059642651864e-01 3.908819533232647525e-01
2.323023131881222503e-01 2.058550892702942781e-01
2.332315224408747223e-01 9.702019898185956226e-01
2.341644485306381973e-01 2.029755152360311676e+00
2.351011063247607502e-01 1.163990148841008015e-01
2.360415107500598020e-01 3.762505888784949626e+00
2.369856767930600405e-01 1.000637824040437052e-01
2.379336195002322851e-01 4.846872839294475099e+00
2.388853539782332114e-01 1.718472976805515806e+00
2.398408953941461863e-01 3.924545382477821676e+01
2.408002589757227141e-01 3.882135388192275371e+01
2.417634600116256582e-01 1.112005337026700902e+00
2.427305138516721306e-01 5.848073530203851078e+01
2.437014359070788505e-01 2.136734629974824529e+01
2.446762416507071713e-01 1.567117433836414762e+02
2.456549466173099938e-01 3.280617473666978157e+01
2.466375664037792625e-01 2.860245418365848735e+01
2.476241166693943785e-01 9.517092674858748325e+00
2.486146131360719436e-01 6.053224659802584062e-01
2.496090715886161993e-01 1.925891675500755795e+01
2.506075078749706586e-01 2.472966798611919970e+01
2.516099379064705155e-01 1.548236455466900807e+01
2.526163776580964138e-01 1.016794796365588560e+01
2.536268431687287994e-01 2.171079263511917645e+02
2.546413505414037437e-01 1.916127848153381592e+02
2.556599159435693491e-01 8.202132969399002604e+02
2.566825556073435988e-01 1.207858331565275876e+03
2.577092858297729827e-01 1.425373111361426709e+03
2.587401229730920682e-01 7.766893044938673256e+02
2.597750834649844576e-01 2.263006519895619931e+03
2.608141837988444123e-01 1.169135728853730598e+03
2.618574405340398092e-01 9.052618086059097550e+03
2.629048702961759298e-01 2.155193277639560256e+04
2.639564897773606367e-01 2.459141965448786868e+04
2.650123157364701054e-01 2.267221004124384854e+04
2.660723649994159445e-01 1.396917769505352953e+04
2.671366544594135917e-01 1.677091485868558811e+04
2.682052010772512096e-01 1.659209329556383818e+04
2.692780218815602478e-01 8.256713126138700318e+03
2.703551339690865030e-01 1.262269121129072846e+04
2.714365545049627904e-01 2.072150193524412771e+03
2.725223007229827243e-01 1.321429667075840143e+03
2.736123899258746106e-01 2.609238542410599621e+03
2.747068394855781692e-01 1.995870365622995678e+03
2.758056668435204806e-01 5.240067659088320397e+03
2.769088895108945403e-01 1.064038993641817797e+04
2.780165250689380918e-01 7.792211095560333888e+03
2.791285911692138466e-01 6.808250178010428499e+03
2.802451055338907038e-01 4.060405229784841140e+03
2.813660859560263017e-01 2.150499941456555462e+03
2.824915502998503469e-01 8.986197061873717757e+02
2.836215165010497197e-01 4.192063213857089750e+02
2.847560025670539119e-01 1.409716240163463681e+02
2.858950265773221866e-01 2.004577752522946525e+02
2.870386066836315142e-01 6.944914545201352212e+02
2.881867611103660631e-01 2.162467795193946586e+03
2.893395081548075787e-01 6.291442606147609695e+03
2.904968661874267610e-01 1.555315873427989391e+04
2.916588536521764197e-01 2.619908611089814076e+04
2.928254890667851273e-01 3.867225960498641507e+04
2.939967910230522619e-01 3.274463434879887427e+04
2.951727781871444911e-01 2.827848845408615671e+04
2.963534692998930908e-01 4.260618847330700373e+04
2.975388831770926501e-01 4.085189218249639089e+04
2.987290387098009981e-01 6.556264830696444551e+04
2.999239548646402409e-01 5.269320957575566717e+04
3.011236506840988536e-01 1.120264629319927335e+05
3.023281452868351593e-01 3.409824754885776201e+04
3.035374578679824742e-01 2.225533178552678437e+05
3.047516076994544187e-01 2.507595921131377690e+05
3.059706141302522830e-01 4.531432049185897340e+05
3.071944965867733357e-01 2.780410551693270449e+06
3.084232745731204095e-01 6.229108349623982795e+06
3.096569676714128194e-01 6.163504750324259512e+06
3.108955955420985018e-01 1.311718149597130530e+07
3.121391779242668751e-01 1.595044999529158883e+07
3.133877346359639215e-01 2.152457971919110790e+07
3.146412855745078230e-01 2.717186481901489943e+07
3.158998507168058190e-01 3.351949999133433774e+07
3.171634501196730627e-01 4.636790424971825629e+07
3.184321039201517545e-01 2.401934358097086474e+07
3.197058323358323295e-01 1.603774298517496325e+07
3.209846556651756444e-01 5.131918895393338054e+07
3.222685942878363852e-01 5.960561112157226354e+07
3.235576686649877520e-01 5.068901910137259960e+07
3.248518993396476984e-01 9.881508811182054877e+07
3.261513069370062801e-01 1.158754944709662199e+08
3.274559121647543369e-01 1.676457429402823746e+08
3.287657358134133401e-01 1.704426739613794684e+08
3.300807987566670154e-01 4.849842298007743806e+07
3.314011219516936890e-01 1.784836814035460055e+08
3.327267264395004642e-01 2.879282939657955170e+08
3.340576333452584534e-01 2.936797665927483439e+08
3.353938638786395088e-01 2.825635540337255597e+08
3.367354393341540630e-01 2.936430436163751483e+08
3.380823810914907468e-01 3.258355076033643484e+08
3.394347106158566718e-01 4.110599120712170601e+08
3.407924494583201014e-01 3.385943129006969929e+08
3.421556192561533982e-01 2.041614425789160430e+08
3.435242417331779707e-01 2.116236136758434400e+07
3.448983387001106626e-01 3.128592341313083097e+07
3.462779320549111417e-01 4.713384343932275474e+07
3.476630437831307319e-01 1.953754971051418409e+07
3.490536959582632992e-01 1.907163737686805800e+07
3.504499107420963600e-01 3.003016144564886093e+08
3.518517103850647421e-01 2.841724159028117657e+08
3.532591172266050239e-01 6.004084816821198463e+08
3.546721536955114717e-01 1.038281501131911874e+09
3.560908423102934761e-01 3.184001224609587193e+08
3.575152056795346533e-01 1.262522680154877901e+08
3.589452665022527800e-01 4.939823952976742983e+08
3.603810475682617254e-01 7.986184259011179209e+08
3.618225717585348278e-01 5.292518525264140368e+08
3.632698620455689364e-01 5.678247448589724302e+08
3.647229414937512293e-01 4.525665913793410063e+08
3.661818332597261971e-01 1.028559637873285413e+09
3.676465605927651259e-01 2.810837036261963844e+08
3.691171468351361895e-01 2.540173299234167337e+08
3.705936154224767076e-01 4.131779183543930948e+07
3.720759898841666247e-01 4.834472259102608077e+06
3.735642938437032656e-01 5.779233234156484716e+06
3.750585510190780902e-01 2.433829202157981321e+07
3.765587852231543908e-01 2.693458942004746199e+08
3.780650203640470441e-01 9.953718702854868174e+08
3.795772804455032068e-01 6.220621416397811174e+08
3.810955895672852312e-01 7.340675102389296293e+08
3.826199719255543585e-01 8.118180075277392566e+07
3.841504518132565771e-01 2.743515129298633933e+08
3.856870536205096456e-01 1.788240072077541053e+07
3.872298018349916715e-01 7.671362946083398163e+07
3.887787210423316320e-01 4.195221422329626232e+07
3.903338359265008939e-01 1.765832620804341435e+08
3.918951712702069545e-01 3.026490821466963887e+08
3.934627519552877928e-01 7.518615953063400984e+08
3.950366029631089404e-01 2.769455032965635777e+09
3.966167493749613859e-01 3.413305446366290569e+09
3.982032163724612550e-01 4.615536326331580162e+09
3.997960292379510450e-01 4.713946886178053856e+09
4.013952133549028578e-01 5.718295157027242661e+09
4.030007942083224659e-01 6.679755275585926056e+09
4.046127973851557647e-01 2.715045717333511353e+09
4.062312485746963908e-01 4.318888424229410172e+09
4.078561735689951728e-01 4.351044516274157524e+09
4.094875982632711353e-01 4.299139870822043419e+09
4.111255486563242245e-01 4.378976430405426979e+09
4.127700508509495880e-01 3.419338104330739975e+09
4.144211310543532978e-01 2.502709280624403954e+09
4.160788155785707931e-01 2.120618858174035311e+09
4.177431308408850463e-01 1.197065348687642097e+09
4.194141033642486138e-01 7.492150033873162270e+08
4.210917597777056320e-01 3.804645420958036780e+08
4.227761268168164221e-01 3.061561794716969132e+08
4.244672313240837602e-01 4.582834133520446420e+08
4.261651002493800910e-01 7.051589993758711815e+08
4.278697606503775730e-01 1.177890936501094103e+09
4.295812396929790666e-01 1.775962332821340084e+09
4.312995646517510107e-01 2.655291923573494434e+09
4.330247629103580187e-01 3.952167782401816368e+09
4.347568619619994745e-01 4.862715015769001961e+09
4.364958894098474596e-01 3.433751508487715244e+09
4.382418729674867897e-01 3.247852780808357239e+09
4.399948404593567730e-01 6.106542096100662231e+09
4.417548198211941890e-01 7.156669352159263611e+09
4.435218391004789873e-01 5.025485969940456390e+09
4.452959264568808750e-01 6.987675830766543388e+09
4.470771101627084021e-01 5.983472178577741623e+09
4.488654186033592119e-01 7.399554615220273018e+09
4.506608802777726241e-01 8.853380802298482895e+09
4.524635237988837710e-01 1.016845456787067795e+10
4.542733778940792333e-01 1.060607961341553879e+10
4.560904714056555065e-01 9.655315564967069626e+09
4.579148332912781894e-01 1.267636411948775101e+10
4.597464926244433370e-01 6.142139155655235291e+09
4.615854785949410899e-01 1.280668467998908997e+10
4.634318205093208576e-01 6.604985669038358688e+09
4.652855477913582227e-01 1.042683954878214455e+10
4.671466899825236219e-01 1.062752099494749641e+10
4.690152767424536906e-01 1.211011451140647507e+10
4.708913378494234969e-01 1.672866669501558113e+10
4.727749032008212171e-01 1.324268227931777763e+10
4.746660028136244769e-01 1.654770266083294296e+10
4.765646668248789131e-01 8.065946343928656578e+09
4.784709254921784560e-01 6.021777360439702034e+09
4.803848091941470555e-01 9.505782639491821289e+09
4.823063484309236815e-01 9.771012641481458664e+09
4.842355738246474361e-01 1.456426045582913399e+10
4.861725161199459966e-01 1.265933944552863693e+10
4.881172061844257226e-01 2.064736107313976288e+10
4.900696750091634302e-01 1.521654377378530884e+10
4.920299537092001074e-01 2.152128339721079254e+10
4.939980735240369625e-01 2.895149705277257156e+10
4.959740658181330253e-01 1.283700180839628029e+10
4.979579620814056362e-01 1.521337981845353317e+10
4.999497939297311566e-01 1.518717228153775787e+10
5.019495931054501758e-01 1.130684884800996971e+10
5.039573914778719965e-01 1.780105182309173584e+10
5.059732210437835054e-01 1.253332682408815575e+10
5.079971139279585435e-01 1.445570963024321365e+10
5.100291023836703852e-01 1.138722764262157440e+10
5.120692187932051054e-01 1.117140689363825417e+10
5.141174956683780550e-01 1.131961624417583847e+10
5.161739656510514473e-01 8.541340289295472145e+09
5.182386615136556074e-01 4.614806613842220306e+09
5.203116161597103329e-01 9.147206231476007462e+09
5.223928626243490303e-01 1.603804974747305489e+10
5.244824340748465152e-01 1.124141750462324524e+10
5.265803638111459239e-01 1.222788062080979538e+10
5.286866852663905103e-01 1.224508453700213814e+10
5.308014320074561088e-01 1.443119614638565826e+10
5.329246377354859288e-01 1.101199220390659714e+10
5.350563362864277916e-01 1.193873804804194450e+10
5.371965616315735881e-01 8.725179172059896469e+09
5.393453478780998456e-01 1.005491610162528992e+10
5.415027292696121819e-01 9.455737094846580505e+09
5.436687401866906466e-01 9.294990377305469513e+09
5.458434151474373941e-01 6.158733624530210495e+09
5.480267888080271321e-01 6.736708802006402016e+09
5.502188959632591247e-01 8.005913542623101234e+09
5.524197715471121928e-01 8.634787223186462402e+09
5.546294506333006025e-01 1.012918589571195602e+10
5.568479684358338400e-01 9.054355285446720123e+09
5.590753603095770519e-01 7.242394778581720352e+09
5.613116617508153716e-01 5.421450630782525063e+09
5.635569083978186899e-01 4.293173944889081955e+09
5.658111360314097560e-01 5.524778773208654404e+09
5.680743805755354980e-01 4.756720785306138039e+09
5.703466780978375672e-01 5.655992383498189926e+09
5.726280648102289872e-01 5.660227703559414864e+09
5.749185770694699160e-01 5.043910201011145592e+09
5.772182513777477375e-01 4.828419279922354698e+09
5.795271243832587071e-01 5.174640734166591644e+09
5.818452328807918184e-01 4.379777817535768509e+09
5.841726138123150003e-01 2.956819854124285698e+09
5.865093042675643131e-01 1.008620395461014628e+09
5.888553414846344758e-01 2.899539919922016189e+07
5.912107628505729462e-01 3.456439361856142282e+08
5.935756059019753339e-01 1.945764530939098597e+09
5.959499083255832552e-01 2.968397226125491619e+09
5.983337079588855190e-01 4.307458328090756416e+09
6.007270427907210886e-01 5.586832610344993591e+09
6.031299509618840426e-01 7.513941521859494209e+09
6.055424707657315331e-01 1.008493852068277550e+10
6.079646406487945187e-01 1.302937909002704430e+10
6.103964992113897203e-01 1.420484867341315651e+10
6.128380852082353503e-01 1.827251416979049683e+10
6.152894375490681744e-01 1.585255984023127174e+10
6.177505952992645710e-01 9.461574852552043915e+09
6.202215976804615893e-01 7.893818333741299629e+09
6.227024840711834486e-01 6.248978752909922600e+09
6.251932940074681477e-01 7.991996412569996834e+09
6.276940671834980723e-01 9.437148134419446945e+09
6.302048434522321552e-01 1.263178147257346535e+10
6.327256628260409244e-01 1.692994116020186615e+10
6.352565654773452142e-01 2.024694333665077591e+10
6.377975917392545435e-01 2.211293275811343002e+10
6.403487821062116003e-01 3.511427567062969208e+10
6.429101772346363930e-01 3.716899679237091827e+10
6.454818179435749537e-01 4.957748164067566681e+10
6.480637452153492628e-01 5.233551295335475159e+10
6.506560001962106154e-01 5.840403071983870697e+10
6.532586241969955410e-01 7.065703252751762390e+10
6.558716586937833881e-01 4.227912373940982819e+10
6.584951453285585732e-01 3.611262514116520691e+10
6.611291259098727169e-01 2.916543839202450562e+10
6.637736424135122215e-01 2.314341295544375610e+10
6.664287369831662922e-01 2.082585113566823959e+10
6.690944519310989547e-01 2.031545040104483032e+10
6.717708297388232941e-01 2.033338661808911133e+10
6.744579130577786907e-01 2.304600082401469803e+10
6.771557447100098326e-01 3.175695804528463745e+10
6.798643676888498355e-01 2.979253791038544464e+10
6.825838251596052508e-01 3.671948354269942474e+10
6.853141604602436265e-01 3.570345922390909576e+10
6.880554171020846210e-01 3.872423718884638977e+10
6.908076387704928933e-01 4.582285314398595428e+10
6.935708693255748791e-01 5.001439430679964447e+10
6.963451528028771209e-01 6.855574336771852112e+10
6.991305334140887062e-01 7.887158964459780884e+10
7.019270555477450380e-01 9.209701113464826965e+10
7.047347637699360456e-01 1.099413189838437958e+11
7.075537028250157290e-01 6.886800260849768066e+10
7.103839176363159202e-01 5.160190512912458801e+10
7.132254533068611568e-01 4.704116136080599976e+10
7.160783551200886610e-01 5.530604064559429932e+10
7.189426685405689854e-01 6.761521321891020203e+10
7.218184392147313222e-01 6.763536639935264587e+10
7.247057129715901436e-01 9.230019553488943481e+10
7.276045358234763949e-01 1.096031835186753693e+11
7.305149539667704639e-01 1.427136328488193665e+11
7.334370137826373703e-01 1.716396704355781250e+11
7.363707618377679509e-01 1.822357896244548035e+11
7.393162448851190449e-01 1.838613114180484314e+11
7.422735098646596752e-01 1.860455559549018555e+11
7.452426039041182282e-01 1.679511424721864624e+11
7.482235743197346300e-01 1.888635399466045532e+11
7.512164686170136330e-01 1.867833591906144104e+11
7.542213344914817652e-01 2.084075843444772949e+11
7.572382198294477229e-01 2.038498404832083740e+11
7.602671727087656484e-01 1.616740036584238892e+11
7.633082413996006288e-01 9.970923090884413147e+10
7.663614743651989691e-01 7.284697657772409439e+09
7.694269202626597970e-01 9.204600557236705780e+09
7.725046279437104424e-01 6.418723453247811890e+10
7.755946464554852593e-01 1.129419271501550598e+11
7.786970250413072225e-01 1.401988751149011230e+11
7.818118131414724115e-01 1.826159845059503784e+11
7.849390603940383793e-01 1.189086219211019287e+11
7.880788166356144098e-01 1.451631307149508972e+11
7.912311319021569922e-01 1.213486668074129333e+11
7.943960564297655180e-01 1.513168660295060120e+11
7.975736406554845281e-01 1.446856696982394714e+11
8.007639352181065151e-01 1.761992631111616821e+11
8.039669909589789443e-01 2.161082682486848450e+11
8.071828589228148276e-01 2.916168010590122681e+11
8.104115903585061842e-01 3.436236637220842285e+11
8.136532367199402760e-01 4.364522232842622070e+11
8.169078496668199518e-01 4.575823011983322144e+11
8.201754810654874328e-01 3.429369906919462891e+11
8.234561829897493190e-01 4.379785892910221558e+11
8.267500077217083687e-01 4.269391620696173706e+11
8.300570077525952772e-01 3.568077183545992432e+11
8.333772357836056743e-01 4.169710810401740112e+11
8.367107447267401188e-01 3.943007611502756958e+11
8.400575877056470908e-01 4.157383540753724365e+11
8.434178180564695371e-01 2.991344483487323608e+11
8.467914893286955236e-01 1.658609163450809631e+11
8.501786552860102208e-01 2.003397529338804626e+11
8.535793699071543283e-01 2.061067212427713318e+11
8.569936873867830540e-01 2.479976627685391541e+11
8.604216621363300899e-01 2.828351557296043091e+11
8.638633487848753623e-01 3.174399427612275391e+11
8.673188021800150027e-01 3.834559530514099121e+11
8.707880773887352044e-01 3.551191676017211914e+11
8.742712296982900755e-01 4.051577387384464111e+11
8.777683146170831563e-01 4.998614583393524780e+11
8.812793878755513788e-01 5.663951430476003418e+11
8.848045054270535781e-01 6.248929263314980469e+11
8.883437234487617795e-01 4.281587963506800537e+11
8.918970983425568155e-01 6.037109282568216553e+11
8.954646867359271623e-01 4.975362903839998169e+11
8.990465454828707736e-01 6.133113649360216064e+11
9.026427316648023558e-01 5.167867132381686401e+11
9.062533025914615292e-01 5.338897203613656616e+11
9.098783158018273198e-01 6.018753154434742432e+11
9.135178290650346478e-01 6.403072031790700684e+11
9.171719003812948134e-01 7.226492052336188965e+11
9.208405879828199803e-01 7.526970140451636963e+11
9.245239503347512100e-01 6.829760168424643555e+11
9.282220461360901620e-01 6.219186422980667725e+11
9.319349343206346781e-01 5.821623971700577393e+11
9.356626740579171431e-01 6.200310273122227783e+11
9.394053247541488405e-01 6.343048072123858643e+11
9.431629460531654185e-01 6.849168679081013184e+11
9.469355978373780180e-01 7.530932181521214600e+11
9.507233402287275092e-01 7.718532336586475830e+11
9.545262335896426142e-01 8.203085939575312500e+11
9.583443385240012491e-01 8.028440397882250977e+11
9.621777158780971950e-01 8.309517959266126709e+11
9.660264267416096562e-01 8.484896983332985840e+11
9.698905324485760371e-01 8.739521602724079590e+11
9.737700945783701600e-01 7.238919815506594238e+11
9.776651749566835914e-01 7.224658629587628174e+11
9.815758356565105203e-01 7.262555573518887939e+11
9.855021389991363012e-01 7.135916166004188232e+11
9.894441475551331022e-01 6.357848730607185059e+11
9.934019241453534432e-01 4.440718993760213623e+11
9.973755318419349480e-01 5.667570098191328125e+11
1.001365033969302543e+00 5.690913459113674316e+11
1.005370494105179757e+00 5.660347781998323975e+11
1.009391976081600362e+00 6.305628263651860352e+11
1.013429543985926884e+00 6.934569697927791748e+11
1.017483262161870350e+00 7.162973806572009277e+11
1.021553195210518128e+00 7.643062621922365723e+11
1.025639407991360219e+00 7.416115235605712891e+11
1.029741965623325539e+00 7.454049336148977051e+11
1.033860933485818867e+00 7.691685482637869873e+11
1.037996377219762012e+00 8.691417327685502930e+11
1.042148362728641198e+00 8.784320870629626465e+11
1.046316956179555557e+00 9.537593078061964111e+11
1.050502224004274066e+00 9.354884705771228027e+11
1.054704232900291139e+00 9.777613284093530273e+11
1.058923049831892227e+00 9.629276771802999268e+11
1.063158742031219628e+00 9.814112109341855469e+11
1.067411376999344741e+00 9.644977045821845703e+11
1.071681022507342096e+00 9.778900580575545654e+11
1.075967746597371377e+00 1.052816174704936523e+12
1.080271617583760779e+00 1.041173916838409668e+12
1.084592704054095913e+00 1.098831473205588745e+12
1.088931074870312044e+00 1.033101513629759155e+12
1.093286799169793433e+00 9.863972146948767090e+11
1.097659946366472461e+00 9.147984623734128418e+11
1.102050586151938294e+00 8.851669654524796143e+11
1.106458788496546219e+00 8.281912742407043457e+11
1.110884623650532532e+00 8.203397292775855713e+11
1.115328162145134749e+00 8.669997190018795166e+11
1.119789474793714934e+00 8.571348129243416748e+11
1.124268632692889902e+00 9.160231848525311279e+11
1.128765707223661430e+00 9.301569342351745605e+11
1.133280770052556230e+00 8.580406605825784912e+11
1.137813893132766374e+00 7.891256063914471436e+11
1.142365148705297484e+00 7.990899664940814209e+11
1.146934609300118479e+00 9.373063319285452881e+11
1.151522347737319096e+00 9.405621462585445557e+11
1.156128437128268516e+00 9.355796714028754883e+11
1.160752950876781542e+00 9.398309974762125244e+11
1.165395962680288999e+00 9.535383830517049561e+11
1.170057546531009907e+00 8.187728476452087402e+11
1.174737776717134086e+00 9.000330974397937012e+11
1.179436727824002773e+00 7.523601276659437256e+11
1.184154474735298557e+00 9.121839928043581543e+11
1.188891092634239977e+00 9.690783756902877197e+11
1.193646657004777012e+00 9.811891217768033447e+11
1.198421243632796118e+00 8.959938177219545898e+11
1.203214928607327261e+00 9.226869451992725830e+11
1.208027788321756724e+00 1.008708405114866089e+12
1.212859899475043468e+00 9.664554001684362793e+11
1.217711339072943710e+00 1.035588855979692017e+12
1.222582184429235275e+00 1.018829301698094238e+12
1.227472513166952384e+00 1.089421186649684448e+12
1.232382403219620226e+00 1.088651345871122925e+12
1.237311932832498407e+00 1.092567938746388916e+12
1.242261180563828615e+00 8.987223140865411377e+11
1.247230225286083849e+00 1.063593900576139282e+12
1.252219146187228072e+00 8.894645467797834473e+11
1.257228022771976983e+00 1.064727328217062378e+12
1.262256934863064783e+00 1.057486718138658203e+12
1.267305962602517155e+00 1.119045691327613525e+12
1.272375186452927354e+00 1.101756256572404785e+12
1.277464687198738957e+00 1.126554496028483643e+12
1.282574545947533950e+00 1.148139126308973145e+12
1.287704844131324133e+00 1.070229904391249756e+12
1.292855663507849417e+00 1.083129965252930420e+12
1.298027086161880783e+00 1.091414137167204834e+12
1.303219194506528344e+00 1.114198068216444580e+12
1.308432071284554521e+00 1.060637265013063721e+12
1.313665799569692760e+00 1.081972569824463867e+12
1.318920462767971591e+00 1.061441264915195435e+12
1.324196144619043336e+00 9.773923624656613770e+11
1.329492929197519491e+00 8.582924413605626221e+11
1.334810900914309650e+00 5.463478755607355957e+11
1.340150144517967101e+00 4.940509328752346191e+11
1.345510745096038852e+00 4.494463261960524292e+11
1.350892788076423212e+00 4.306587131283837891e+11
1.356296359228728932e+00 3.910698236618334351e+11
1.361721544665643879e+00 3.835070691606066895e+11
1.367168430844306393e+00 4.097157797501114502e+11
1.372637104567683730e+00 3.702492279963880005e+11
1.378127652985954299e+00 4.142173677480251465e+11
1.383640163597898098e+00 4.168291305258969116e+11
1.389174724252289828e+00 3.996969101979387207e+11
1.394731423149298877e+00 3.812683094425797119e+11
1.400310348841896202e+00 3.579901233092674561e+11
1.405911590237263642e+00 3.678565972243341064e+11
1.411535236598212784e+00 3.211905641481139526e+11
1.417181377544605603e+00 3.043987869543559570e+11
1.422850103054784210e+00 3.057051700464210205e+11
1.428541503467003038e+00 3.013193871027149658e+11
1.434255669480871243e+00 2.979304292087590332e+11
1.439992692158794885e+00 3.172244498638762817e+11
1.445752662927429988e+00 3.280439369016205444e+11
1.451535673579139596e+00 3.408143765238038940e+11
1.457341816273456159e+00 3.850953440130993652e+11
1.463171183538549913e+00 3.488822006829184570e+11
1.469023868272704147e+00 3.386488886202230225e+11
1.474899963745795128e+00 3.537426574069427490e+11
1.480799563600778246e+00 3.703757484946706543e+11
1.486722761855181485e+00 3.710695927948720703e+11
1.492669652902602007e+00 3.823427471813872070e+11
1.498640331514212276e+00 3.916439367720156250e+11
1.504634892840269300e+00 4.080920811608062744e+11
1.510653432411630304e+00 4.203004977326421509e+11
1.516696046141276843e+00 4.427704317347835693e+11
1.522762830325842032e+00 4.553163280297024536e+11
1.528853881647145307e+00 4.676916731728061523e+11
1.534969297173733649e+00 4.752878437735960083e+11
1.541109174362428780e+00 4.846899979817354126e+11
1.547273611059878373e+00 5.191922566655657959e+11
1.553462705504118135e+00 5.348507093795827026e+11
1.559676556326134556e+00 5.448764796749174805e+11
1.565915262551438980e+00 5.713152194523903809e+11
1.572178923601644795e+00 5.843497916447015381e+11
1.578467639296051495e+00 6.161269863465373535e+11
1.584781509853235626e+00 6.359283398222382812e+11
1.591120635892648405e+00 6.402351088037281494e+11
1.597485118436219098e+00 6.650821930385108643e+11
1.603875058909963958e+00 6.847321588659479980e+11
1.610290559145603595e+00 6.923563356323626709e+11
1.616731721382186127e+00 7.161227163149353027e+11
1.623198648267714761e+00 7.248736886486030273e+11
1.629691442860785600e+00 7.381220925570852051e+11
1.636210208632228769e+00 7.614685742704976807e+11
1.642755049466757766e+00 7.722753902388315430e+11
1.649326069664624805e+00 7.799106828592900391e+11
1.655923373943283039e+00 7.908334000314154053e+11
1.662547067439056336e+00 7.931870716091145020e+11
1.669197255708812611e+00 8.064634121191302490e+11
1.675874044731648027e+00 8.195546546688385010e+11
1.682577540910574321e+00 8.176532159955767822e+11
1.689307851074216771e+00 7.910040045064970703e+11
1.696065082478513508e+00 7.646822484025244141e+11
1.702849342808427480e+00 7.403356757998483887e+11
1.709660740179661298e+00 6.974842740272578125e+11
1.716499383140379864e+00 6.117981306179261475e+11
1.723365380672941427e+00 6.044292068378625488e+11
1.730258842195633306e+00 5.705358827414219971e+11
1.737179877564415831e+00 5.314222764037329712e+11
1.744128597074673603e+00 5.139329663682602539e+11
1.751105111462972097e+00 4.896901280987620239e+11
1.758109531908824241e+00 4.466972894754691162e+11
1.765141970036459451e+00 4.230210832094484863e+11
1.772202537916605314e+00 3.974546445577045898e+11
1.779291348068271716e+00 3.567267066087703247e+11
1.786408513460544745e+00 3.461365658436593018e+11
1.793554147514387020e+00 3.244705078192010498e+11
1.800728364104444257e+00 3.139241675656998901e+11
1.807931277560862249e+00 2.831697353653217163e+11
1.815163002671105641e+00 3.010361914860079346e+11
1.822423654681789795e+00 2.867206163160156250e+11
1.829713349300517100e+00 2.822954498633839722e+11
1.837032202697718830e+00 2.783638003311203003e+11
1.844380331508509885e+00 2.469759526903367615e+11
1.851757852834543527e+00 2.423305461927576294e+11
1.859164884245881888e+00 1.998499160857166138e+11
1.866601543782865358e+00 2.284324681872971497e+11
1.874067949957996859e+00 2.363027499697531433e+11
1.881564221757828781e+00 2.445605202770701904e+11
1.889090478644860127e+00 2.619909063716213684e+11
1.896646840559439662e+00 2.683421003295232239e+11
1.904233427921677269e+00 2.730400946543904419e+11
1.911850361633363971e+00 2.795114981214798584e+11
1.919497763079897279e+00 2.692566348159344482e+11
1.927175754132217200e+00 2.686277458520133057e+11
1.934884457148745796e+00 2.652264362569042969e+11
1.942623994977340729e+00 2.432780219451585999e+11
1.950394490957250149e+00 2.642245245229352112e+11
1.958196068921079336e+00 2.489554531056578064e+11
1.966028853196763793e+00 2.540810213136193848e+11
1.973892968609550991e+00 2.492475983059476318e+11
1.981788540483989447e+00 2.390354953651144104e+11
1.989715694645925126e+00 2.397618450609640503e+11
1.997674557424508723e+00 2.386342229081255493e+11
2.005665255654207169e+00 2.358251691294069824e+11
2.013687916676823786e+00 2.389340701754310913e+11
2.021742668343530891e+00 2.549093459512597961e+11
2.029829639016905052e+00 2.500422379805022278e+11
2.037948957572972564e+00 2.569789918204725342e+11
2.046100753403264694e+00 2.646635079032070007e+11
2.054285156416877811e+00 2.747352918564665527e+11
2.062502297042545507e+00 2.795385553290379639e+11
2.070752306230715600e+00 2.921042254856532593e+11
2.079035315455638244e+00 2.974890981997954102e+11
2.087351456717461140e+00 3.013331884820267334e+11
2.095700862544330967e+00 3.140950206044093018e+11
2.104083665994508134e+00 3.284721105806466064e+11
2.112500000658485977e+00 3.353154024304799805e+11
2.120950000661120161e+00 3.413797046007634277e+11
2.129433800663764753e+00 3.438720485379293213e+11
2.137951535866419839e+00 3.541693556658335571e+11
2.146503342009885351e+00 3.687201817918953247e+11
2.155089355377924676e+00 3.694965278576510010e+11
2.163709712799436691e+00 3.766488402563386230e+11
2.172364551650634468e+00 3.818600239279006958e+11
2.181054009857236853e+00 3.805636735529252930e+11
2.189778225896665376e+00 3.828510876925558472e+11
2.198537338800252705e+00 3.877582049600526123e+11
2.207331488155453325e+00 3.844770676629520264e+11
2.216160814108075083e+00 3.872916296940673218e+11
2.225025457364507631e+00 3.891180364994231567e+11
2.233925559193965515e+00 3.894542886898513184e+11
2.242861261430741493e+00 3.901000599830511475e+11
2.251832706476463830e+00 3.852659551341916504e+11
2.260840037302370042e+00 3.813822536852349243e+11
2.269883397451579299e+00 3.801103557874291992e+11
2.278962931041386142e+00 3.765260193994932861e+11
2.288078782765551100e+00 3.791340842363819580e+11
2.297231097896613505e+00 3.042769536401668091e+11
2.306420022288200311e+00 3.495988659498007812e+11
2.315645702377353121e+00 3.368290376233940430e+11
2.324908285186861878e+00 2.851916811733790894e+11
2.334207918327609654e+00 3.149570855893603516e+11
2.343544750000919663e+00 3.042122422801154175e+11
2.352918929000923143e+00 2.797331643523173828e+11
2.362330604716927240e+00 2.819744349536777954e+11
2.371779927135795329e+00 2.831095787012661133e+11
2.381267046844337987e+00 2.625269702942421570e+11
2.390792115031715070e+00 2.574249793085072937e+11
2.400355283491842240e+00 2.445014298981353149e+11
2.409956704625809465e+00 2.201101081250442200e+11
2.419596531444312859e+00 2.135633512821195984e+11
2.429274917570089620e+00 1.922959929447922668e+11
2.438992017240370291e+00 1.809788330133683777e+11
2.448747985309331465e+00 1.650634267038520508e+11
2.458542977250568917e+00 1.623584635828105164e+11
2.468377149159570738e+00 1.523925479185401917e+11
2.478250657756209563e+00 1.296425999935452576e+11
2.488163660387234355e+00 1.311566595587775269e+11
2.498116315028783063e+00 1.288334403200630188e+11
2.508108780288898387e+00 1.063205363250522461e+11
2.518141215410053757e+00 1.070874952777070465e+11
2.528213780271693967e+00 9.802678399494725037e+10
2.538326635392781139e+00 9.654647315365327454e+10
2.548479941934351789e+00 9.348385222335754395e+10
2.558673861702089436e+00 9.281640237115719604e+10
2.568908557148898097e+00 9.576317856775958252e+10
2.579184191377493551e+00 8.748576787557247925e+10
2.589500928143003478e+00 9.432739102213279724e+10
2.599858931855575594e+00 9.784999834271934509e+10
2.610258367582998229e+00 1.038385702169429321e+11
2.620699401053329769e+00 9.809221297385592651e+10
2.631182198657543214e+00 9.913344792126092529e+10
2.641706927452173392e+00 1.018803732505090027e+11
2.652273755161981938e+00 1.092835605186825867e+11
2.662882850182629824e+00 1.079367605382663116e+11
2.673534381583360542e+00 8.892093637186370850e+10
2.684228519109693956e+00 8.732026394270037842e+10
2.694965433186132575e+00 8.264720504639059448e+10
2.705745294918877164e+00 8.070427771822526550e+10
2.716568276098552559e+00 7.953563466732289124e+10
2.727434549202946812e+00 7.945966343528591919e+10
2.738344287399758326e+00 7.706443547477040100e+10
2.749297664549357201e+00 8.137263995779843140e+10
2.760294855207554576e+00 8.074092007512803650e+10
2.771336034628385292e+00 7.596885586778149414e+10
2.782421378766898545e+00 7.010518840753604126e+10
2.793551064281966312e+00 7.783712679503784180e+10
2.804725268539093985e+00 6.890671115488563538e+10
2.815944169613250558e+00 6.922229078083609009e+10
2.827207946291703244e+00 7.859263649188632202e+10
2.838516778076869862e+00 6.766440850566483307e+10
2.849870845189177437e+00 6.822188999645494843e+10
2.861270328569933685e+00 7.369847138052885437e+10
2.872715409884213589e+00 7.116808667478999329e+10
2.884206271523750420e+00 7.013540576875393677e+10
2.895743096609845413e+00 7.323623853413366699e+10
2.907326068996284985e+00 6.532649766420802307e+10
2.918955373272270393e+00 6.728761478692712402e+10
2.930631194765359826e+00 7.149876239760865784e+10
2.942353719544420709e+00 6.870790552021510315e+10
2.954123134422598440e+00 6.946201560159109497e+10
2.965939626960289122e+00 6.753930596629036713e+10
2.977803385468130504e+00 7.287711608615518188e+10
2.989714599010003138e+00 6.985648569601759338e+10
3.001673457406043077e+00 7.181151026674496460e+10
3.013680151235667015e+00 7.344088543012042236e+10
3.025734871840609408e+00 7.004457985006346130e+10
3.037837811327972037e+00 7.678187972939877319e+10
3.049989162573283785e+00 7.106812357439323425e+10
3.062189119223576395e+00 7.921999875790896606e+10
3.074437875700470890e+00 7.571238319767277527e+10
3.086735627203272880e+00 7.696333035634878540e+10
3.099082569712085622e+00 8.039947092682328796e+10
3.111478899990933744e+00 7.616766275242539978e+10
3.123924815590897186e+00 8.124582520715917969e+10
3.136420514853261121e+00 7.969161199748852539e+10
3.148966196912674320e+00 8.055178910994102478e+10
3.161562061700325277e+00 8.335564965907707214e+10
3.174208309947126327e+00 7.924962966656463623e+10
3.186905143186915090e+00 8.944987317119847107e+10
3.199652763759662566e+00 7.691530686304510498e+10
3.212451374814701222e+00 8.742446201078681946e+10
3.225301180313960625e+00 8.632125355774278259e+10
3.238202385035215958e+00 8.514571780814112854e+10
3.251155194575356955e+00 9.093464019723365784e+10
3.264159815353658622e+00 9.072849958084498596e+10
3.277216454615073271e+00 8.862033886987454224e+10
3.290325320433533207e+00 9.113165245547888184e+10
3.303486621715267635e+00 9.030223841328372192e+10
3.316700568202128441e+00 8.948784941544345093e+10
3.329967370474937294e+00 9.610025748024011230e+10
3.343287239956836743e+00 8.819669347985354614e+10
3.356660388916663962e+00 9.170766184509353638e+10
3.370087030472330714e+00 9.487406464123445129e+10
3.383567378594220187e+00 9.119475506614865112e+10
3.397101648108596716e+00 9.250798327630291748e+10
3.410690054701031482e+00 9.287151793276121521e+10
3.424332814919834878e+00 9.295214621369721985e+10
3.438030146179514634e+00 9.255371998992260742e+10
3.451782266764232610e+00 9.423132905533294678e+10
3.465589395831289998e+00 9.595751250083396912e+10
3.479451753414614767e+00 9.415812616377290344e+10
3.493369560428273068e+00 8.996400915623336792e+10
3.507343038669985980e+00 9.846398530238633728e+10
3.521372410824665788e+00 9.278886367154116821e+10
3.535457900467964709e+00 9.471810108064572144e+10
3.549599732069836477e+00 9.482640495013920593e+10
3.563798130998116154e+00 9.539885543349996948e+10
3.578053323522108364e+00 9.583713645044207764e+10
3.592365536816196858e+00 9.717664767833918762e+10
3.606734998963461614e+00 9.620450200331983948e+10
3.621161938959315041e+00 9.561970807090295410e+10
3.635646586715152839e+00 9.640303652233309937e+10
3.650189173062013293e+00 9.670010786719052124e+10
3.664789929754260545e+00 9.731407001021852112e+10
3.679449089473277645e+00 9.532941604851264954e+10
3.694166885831170699e+00 9.626609763398707581e+10
3.708943553374495661e+00 9.901839627257629395e+10
3.723779327587993571e+00 1.000222689083578186e+11
3.738674444898345328e+00 9.446597199005436707e+10
3.753629142677938901e+00 9.863936870764938354e+10
3.768643659248651190e+00 9.688246431489231873e+10
3.783718233885645432e+00 1.000690853498886261e+11
3.798853106821188153e+00 9.844839136175950623e+10
3.814048519248473657e+00 9.784863439165786743e+10
3.829304713325467180e+00 9.389474200669848633e+10
3.844621932178768908e+00 9.649175008365400696e+10
3.860000419907484215e+00 9.756750991386579895e+10
3.875440421587113882e+00 9.650363422443348694e+10
3.890942183273462529e+00 9.417969631715754700e+10
3.906505952006555926e+00 9.410367703081784058e+10
3.922131975814582727e+00 9.379107216231074524e+10
3.937820503717840648e+00 9.175392015070433044e+10
3.953571785732711508e+00 8.968089018780923462e+10
3.969386072875642490e+00 8.732714926426446533e+10
3.985263617167145167e+00 8.374032062419174194e+10
4.001204671635814059e+00 8.194775029186077881e+10
4.017209490322357190e+00 8.119095455332411194e+10
4.033278328283646630e+00 7.768764432878651428e+10
4.049411441596781458e+00 7.498724776836433411e+10
4.065609087363168506e+00 7.283958036739245605e+10
4.081871523712622185e+00 6.591500510401110077e+10
4.098199009807472315e+00 6.811081987798014832e+10
4.114591805846702144e+00 6.475116292726210785e+10
4.131050173070089038e+00 6.339570101917833710e+10
4.147574373762369149e+00 6.450123268113265991e+10
4.164164671257418959e+00 5.831839415010149384e+10
4.180821329942449260e+00 5.966345070542005920e+10
4.197544615262219558e+00 5.905995143277438354e+10
4.214334793723269357e+00 5.527854099256636810e+10
4.231192132898162761e+00 5.706660945629241943e+10
4.248116901429755288e+00 4.963049515599533081e+10
4.265109369035473996e+00 5.046648094120203400e+10
4.282169806511615384e+00 4.999577092348097992e+10
4.299298485737661935e+00 4.660804061263206482e+10
4.316495679680612874e+00 4.619205746951773834e+10
4.333761662399335357e+00 4.499759988648385620e+10
4.351096709048932532e+00 4.408957765100270844e+10
4.368501095885127583e+00 4.176386065906832123e+10
4.385975100268668214e+00 3.967062406652166748e+10
4.403519000669743555e+00 3.801059623941372681e+10
4.421133076672422391e+00 3.718115577401844788e+10
4.438817608979111817e+00 3.467867621745141602e+10
4.456572879415028332e+00 3.536935900896316528e+10
4.474399170932688463e+00 3.291350879034622955e+10
4.492296767616419828e+00 3.300934901479444504e+10
4.510265954686884626e+00 3.307291850124961472e+10
4.528307018505633330e+00 3.098651076193046951e+10
4.546420246579655711e+00 3.213720167015538025e+10
4.564605927565974497e+00 2.982427605890441132e+10
4.582864351276237258e+00 3.159449177185451508e+10
4.601195808681342925e+00 3.122940151735614395e+10
4.619600591916067422e+00 2.995663721746026611e+10
4.638078994283731937e+00 2.986385189021374130e+10
4.656631310260867629e+00 3.023481117669938660e+10
4.675257835501911430e+00 2.876082516629409409e+10
4.693958866843916944e+00 3.138266087533089447e+10
4.712734702311292878e+00 2.820158215137921143e+10
4.731585641120538810e+00 2.845303737773864746e+10
4.750511983685020923e+00 2.884006050263926315e+10
4.769514031619761063e+00 2.633201561286260223e+10
4.788592087746240011e+00 2.573093942489061356e+10
4.807746456097224730e+00 2.710065820783586884e+10
4.826977441921613377e+00 2.621627979370229340e+10
4.846285351689299858e+00 2.585907766676771164e+10
4.865670493096057925e+00 2.530105466072286224e+10
4.885133175068442135e+00 2.485983315646416092e+10
4.904673707768715474e+00 2.461941644339028168e+10
4.924292402599791174e+00 2.429370386789453506e+10
4.943989572210189642e+00 2.400059703242812347e+10
4.963765530499030021e+00 2.241050979800637817e+10
4.983620592621027079e+00 2.468569629529787445e+10
5.003555074991511198e+00 2.304990652871145248e+10
5.023569295291476777e+00 2.176283939182178116e+10
5.043663572472643075e+00 2.393360351773971176e+10
5.063838226762532813e+00 2.313704388839191818e+10
5.084093579669583640e+00 2.273734831422775269e+10
5.104429953988261381e+00 2.317958710304351807e+10
5.124847673804215020e+00 2.266154841263127518e+10
5.145347064499431688e+00 2.198619084450216293e+10
5.165928452757428957e+00 2.123125205333612823e+10
5.186592166568458673e+00 2.279354062079631805e+10
5.207338535234733001e+00 2.082104540242968369e+10
5.228167889375671784e+00 2.165564430060531235e+10
5.249080560933174766e+00 2.038350065768674469e+10
5.270076883176907145e+00 2.028310526196266556e+10
5.291157190709615321e+00 2.003549805651589966e+10
5.312321819472453299e+00 1.999208337034885788e+10
5.333571106750343738e+00 2.061484614923944092e+10
5.354905391177344320e+00 1.847720027801825714e+10
5.376325012742054099e+00 1.899726659116836929e+10
5.397830312793021612e+00 1.849554469665880203e+10
5.419421634044193858e+00 1.607485409590966797e+10
5.441099320580370602e+00 1.826760179984158325e+10
5.462863717862692425e+00 1.738186211583490372e+10
5.484715172734142996e+00 1.749656852222067642e+10
5.506654033425078865e+00 1.753544115306088638e+10
5.528680649558780580e+00 1.567195287196586037e+10
5.550795372157015350e+00 1.591423109447041321e+10
5.572998553645643227e+00 1.552412349118650055e+10
5.595290547860225949e+00 1.670676479912868690e+10
5.617671710051667766e+00 1.580167962234824371e+10
5.640142396891874021e+00 1.620828375913138390e+10
5.662702966479441713e+00 1.574267468275023079e+10
5.685353778345359821e+00 1.445494796348349953e+10
5.708095193458740724e+00 1.485548005762091255e+10
5.730927574232576482e+00 1.403254527692611885e+10
5.753851284529505783e+00 1.548598002550989151e+10
5.776866689667624399e+00 1.377516397312505531e+10
5.799974156426294769e+00 1.493431013164860153e+10
5.823174053051999977e+00 1.320475280622284317e+10
5.846466749264207508e+00 1.386755134282021141e+10
5.869852616261264977e+00 1.359151356049390411e+10
5.893332026726310069e+00 1.318914630328492546e+10
5.916905354833215114e+00 1.441576161627593803e+10
5.940572976252548543e+00 1.263192441552538300e+10
5.964335268157558545e+00 1.386702810025140762e+10
5.988192609230189589e+00 1.368881588241378021e+10
6.012145379667110490e+00 1.417882842978123474e+10
6.036193961185778889e+00 1.288912400478777122e+10
6.060338737030522616e+00 1.293384892289555359e+10
6.084580091978644134e+00 1.426090001336796188e+10
6.108918412346558746e+00 1.299648496588277626e+10
6.133354085995945226e+00 1.504800919634257507e+10
6.157887502339929320e+00 1.345405102599979210e+10
6.182519052349287669e+00 1.332656798332631874e+10
6.207249128558685491e+00 1.377098827102020836e+10
6.232078125072920471e+00 1.368377682966629410e+10
6.257006437573212843e+00 1.333005924006498718e+10
6.282034463323505236e+00 1.358559915894127655e+10
6.307162601176800720e+00 1.329337714834261131e+10
6.332391251581507063e+00 1.329813181876305008e+10
6.357720816587833390e+00 1.307654563136859322e+10
6.383151699854184180e+00 1.210351300699027061e+10
6.408684306653601226e+00 1.094997816270220757e+10
6.434319043880215361e+00 1.149916279264911652e+10
6.460056320055736379e+00 1.014738427009012604e+10
6.485896545335958052e+00 8.578303057505488396e+09
6.511840131517302233e+00 8.906705892784648895e+09
6.537887492043371829e+00 8.851180065117507935e+09
6.564039042011545533e+00 8.052243127066248894e+09
6.590295198179591196e+00 7.570200422406751633e+09
6.616656378972309405e+00 7.533062252700289726e+09
6.643123004488199257e+00 7.383919413481376648e+09
6.669695496506150789e+00 7.640002187213572502e+09
6.696374278492176479e+00 7.685135280022538185e+09
6.723159775606144528e+00 7.487242540380424500e+09
6.750052414708568094e+00 7.990524649431634903e+09
6.777052624367403411e+00 7.270777600950381279e+09
6.804160834864871887e+00 7.206951888319829941e+09
6.831377478204331055e+00 6.832066687265240669e+09
6.858702988117148180e+00 7.082123128863683701e+09
6.886137800069615622e+00 7.336835495775583267e+09
6.913682351269895499e+00 7.337152708159202576e+09
6.941337080674975013e+00 7.378866092662986755e+09
6.969102428997675069e+00 7.167127329445746422e+09
6.996978838713665994e+00 7.438661888690247536e+09
7.024966754068519670e+00 7.009636538796606064e+09
7.053066621084793653e+00 6.787125731789948463e+09
7.081278887569133929e+00 6.861453675233454704e+09
7.109604003119409654e+00 6.513320170769064903e+09
7.138042419131887861e+00 7.006990500049761772e+09
7.166594588808414379e+00 6.882273070662742615e+09
7.195260967163648047e+00 6.790618111728412628e+09
7.224042011032302923e+00 6.598196496090273857e+09
7.252938179076432235e+00 6.566984717241878510e+09
7.281949931792737196e+00 6.538268362206307411e+09
7.311077731519908696e+00 6.813817381832277298e+09
7.340322042445988515e+00 6.155823773443044662e+09
7.369683330615771411e+00 6.158145983239731789e+09
7.399162063938235612e+00 6.612704312405525208e+09
7.428758712193988423e+00 5.997940262710350037e+09
7.458473747042765112e+00 5.971891834696787834e+09
7.488307642030935796e+00 6.073456948198076248e+09
7.518260872599060285e+00 6.113640687069766045e+09
7.548333916089456253e+00 6.072789219213377953e+09
7.578527251753813587e+00 5.604155632781745911e+09
7.608841360760829176e+00 5.215877756397440910e+09
7.639276726203872769e+00 5.855954142760394096e+09
7.669833833108687493e+00 5.577944066437566757e+09
7.700513168441122325e+00 5.567179105256157875e+09
7.731315221114887670e+00 5.423265379828782082e+09
7.762240481999347352e+00 5.207419804667612076e+09
7.793289443927344351e+00 5.372243450233236313e+09
7.824462601703054077e+00 5.506730077120295525e+09
7.855760452109866065e+00 5.233601266942032814e+09
7.887183493918306532e+00 4.585959257456060410e+09
7.918732227893980458e+00 4.997061715991190910e+09
7.950407156805555431e+00 4.963541776716487885e+09
7.982208785432777454e+00 4.868070891019882202e+09
8.014137620574508958e+00 5.033406279065612793e+09
8.046194171056805899e+00 4.587413479741681099e+09
8.078378947741034821e+00 4.851285539602917671e+09
8.110692463531997021e+00 4.558125175043141365e+09
8.143135233386125549e+00 4.669757476899110794e+09
8.175707774319670662e+00 4.566302456869985580e+09
8.208410605416949224e+00 4.368312050496991158e+09
8.241244247838615422e+00 4.563366255326705933e+09
8.274209224829968790e+00 4.297963484768043518e+09
8.307306061729288871e+00 4.525318800517169952e+09
8.340535285976207192e+00 4.150044896255629063e+09
8.373897427120111203e+00 4.105530249366249084e+09
8.407393016828594412e+00 4.538882790736974716e+09
8.441022588895906509e+00 4.082378909800570011e+09
8.474786679251490540e+00 4.426473972246232986e+09
8.508685825968495209e+00 4.104926688858250618e+09
8.542720569272368891e+00 4.198087786818080902e+09
8.576891451549458978e+00 4.078931912321539402e+09
8.611199017355655627e+00 4.244783630603085518e+09
8.645643813425078150e+00 4.211954981868750095e+09
8.680226388678779159e+00 4.025794715957473755e+09
8.714947294233493125e+00 4.102558856772437096e+09
8.749807083410427566e+00 3.799068222623935699e+09
8.784806311744070229e+00 3.991134532888508320e+09
8.819945536991047774e+00 3.860846720329279423e+09
8.855225319139009343e+00 3.867261316782283783e+09
8.890646220415566958e+00 4.017027578763158321e+09
8.926208805297228821e+00 3.963189018241626263e+09
8.961913640518417878e+00 3.664014410269448280e+09
8.997761295080492161e+00 3.824258561724451065e+09
9.033752340260813085e+00 3.743858334544334888e+09
9.069887349621856387e+00 3.779107929890427589e+09
9.106166899020346150e+00 3.673949663672263622e+09
9.142591566616424359e+00 3.749936233970196247e+09
9.179161932882891506e+00 3.705583719136741638e+09
9.215878580614422333e+00 3.645199761884679317e+09
9.252742094936881045e+00 3.487032003920379162e+09
9.289753063316627646e+00 3.505477926783289909e+09
9.326912075569895322e+00 3.514301969011416912e+09
9.364219723872173162e+00 3.649335840867929935e+09
9.401676602767663482e+00 3.339502374153590679e+09
9.439283309178733816e+00 3.289901742054540634e+09
9.477040442415447075e+00 3.389931894799086094e+09
9.514948604185111236e+00 3.328747950817939281e+09
9.553008398601852136e+00 3.512039349650379181e+09
9.591220432196260859e+00 3.206343118981374741e+09
9.629585313925044687e+00 3.185227334267151356e+09
9.668103655180747324e+00 3.199454715937139511e+09
9.706776069801470896e+00 3.149373254120922089e+09
9.745603174080676112e+00 3.225778704721349716e+09
9.784585586776998412e+00 3.294560197218917370e+09
9.823723929124106746e+00 3.036825966990411282e+09
9.863018824840601440e+00 3.110507268542658806e+09
9.902470900139965337e+00 2.644504483561451435e+09
9.942080783740523842e+00 3.018106337931530952e+09
9.981849106875488431e+00 2.935575838490878582e+09
1.002177650330298952e+01 2.905198120375204563e+09
1.006186360931619994e+01 2.812282809676705837e+09
1.010211106375346723e+01 2.699331029185401440e+09
1.014251950800847979e+01 2.844761706571606636e+09
1.018308958604051284e+01 2.819899730850668430e+09
1.022382194438467451e+01 2.673043311993121624e+09
1.026471723216221399e+01 2.617985600400948048e+09
1.030577610109086173e+01 2.589842620263860226e+09
1.034699920549522467e+01 2.505314636516388893e+09
1.038838720231720458e+01 2.453757111192701340e+09
1.042994075112647501e+01 2.388239612625553131e+09
1.047166051413097954e+01 2.343013197891308784e+09
1.051354715618750468e+01 2.471154247219356060e+09
1.055560134481225454e+01 2.350926070260299683e+09
1.059782375019150358e+01 2.241305800790492535e+09
1.064021504519226902e+01 2.317988051762809277e+09
1.068277590537303823e+01 2.386515581867415428e+09
1.072550700899452991e+01 2.221834733448609829e+09
1.076840903703050856e+01 2.139001624668448210e+09
1.081148267317863088e+01 2.252917068377401829e+09
1.085472860387134553e+01 2.236667939000687122e+09
1.089814751828683015e+01 2.001312797512920618e+09
1.094174010835997635e+01 2.082612899036727905e+09
1.098550706879341909e+01 1.827355543159041166e+09
1.102944909706859100e+01 1.869579855812199831e+09
1.107356689345686540e+01 1.921645799320252895e+09
1.111786116103069233e+01 1.925564260380686998e+09
1.116233260567481622e+01 1.854635882747502089e+09
1.120698193609751492e+01 1.825602628926319361e+09
1.125180986384190440e+01 1.801263920811564684e+09
1.129681710329727373e+01 1.781407194896950722e+09
1.134200437171046083e+01 1.749672047385415316e+09
1.138737238919730466e+01 1.768769846054933786e+09
1.143292187875409383e+01 1.738159519140357018e+09
1.147865356626910938e+01 1.690281179516072512e+09
1.152456818053418530e+01 1.665688935041344881e+09
1.157066645325632237e+01 1.562686026419982433e+09
1.161694911906934635e+01 1.551740414210556269e+09
1.166341691554562487e+01 1.577061716242788315e+09
1.171007058320780736e+01 1.465455948235913038e+09
1.175691086554063958e+01 1.370971319207446337e+09
1.180393850900279951e+01 1.447534445986802578e+09
1.185115426303881137e+01 1.430640411844236851e+09
1.189855888009096674e+01 1.401017976940632105e+09
1.194615311561133097e+01 1.406861665381462097e+09
1.199393772807377623e+01 1.397811165180277348e+09
1.204191347898607134e+01 1.386942010937610388e+09
1.209008113290201614e+01 1.286994664012220860e+09
1.213844145743362368e+01 1.282894905277610302e+09
1.218699522326335938e+01 1.354242091309266329e+09
1.223574320415641381e+01 1.250047755101258278e+09
1.228468617697303777e+01 1.261478361155989885e+09
1.233382492168093059e+01 1.217358235755012989e+09
1.238316022136765504e+01 1.177744973519487381e+09
1.243269286225312520e+01 1.082621635974088907e+09
1.248242363370213859e+01 1.182014485172974825e+09
1.253235332823694748e+01 1.069496215613054633e+09
1.258248274154989410e+01 1.104600504893215179e+09
1.263281267251609385e+01 1.091067546921120405e+09
1.268334392320615756e+01 1.084786107220710516e+09
1.273407729889898299e+01 1.093867842750303030e+09
1.278501360809457665e+01 1.010699780028015137e+09
1.283615366252695544e+01 9.847646321502302885e+08
1.288749827717706253e+01 1.065390886536548853e+09
1.293904827028577031e+01 9.586865122451996803e+08
1.299080446336691352e+01 9.983950874747644663e+08
1.304276768122038099e+01 9.332184307055362463e+08
1.309493875194526424e+01 9.640138174222432375e+08
1.314731850695304693e+01 9.145341790632092953e+08
1.319990778098085649e+01 9.255449919878827333e+08
1.325270741210477965e+01 8.467560376319097281e+08
1.330571824175319939e+01 8.262041805490821600e+08
1.335894111472021173e+01 8.773316356784015894e+08
1.341237687917909227e+01 8.600928368601478338e+08
1.346602638669580898e+01 7.800825712036408186e+08
1.351989049224258999e+01 8.393978346456896067e+08
1.357397005421156067e+01 8.018610813788255453e+08
1.362826593442840917e+01 7.919607394707949162e+08
1.368277899816612297e+01 7.806847159088957310e+08
1.373751011415878942e+01 7.307013172717721462e+08
1.379246015461542463e+01 7.841086413713252544e+08
1.384762999523388416e+01 6.911671869398425817e+08
1.390302051521481808e+01 7.702429328521897793e+08
1.395863259727567751e+01 7.408328825242339373e+08
1.401446712766477987e+01 6.719425407615135908e+08
1.407052499617543972e+01 7.449542847993868589e+08
1.412680709616014063e+01 6.728976099495724440e+08
1.418331432454478147e+01 6.296402921902455091e+08
1.424004758184296193e+01 6.557457181525651217e+08
1.429700777217033369e+01 6.929380893431190252e+08
1.435419580325901379e+01 6.140116176139497757e+08
1.441161258647204946e+01 6.106819775579129457e+08
1.446925903681793812e+01 5.841870684291567802e+08
1.452713607296521126e+01 5.979206832801580429e+08
1.458524461725707155e+01 6.010210333427438736e+08
1.464358559572609764e+01 5.770617591716152430e+08
1.470215993810900557e+01 5.711141569172205925e+08
1.476096857786143879e+01 6.053605246050435305e+08
1.482001245217288599e+01 5.536417850276302099e+08
1.487929250198157760e+01 5.188060927766950130e+08
1.493880967198950316e+01 5.369159082091187239e+08
1.499856491067746056e+01 5.254194743856071830e+08
1.505855917032016933e+01 5.295328736579864025e+08
1.511879340700144958e+01 5.109921753225769401e+08
1.517926858062945605e+01 4.909715183441295028e+08
1.523998565495197433e+01 5.279200861257171631e+08
1.530094559757178274e+01 5.055977665254199505e+08
1.536214937996206764e+01 4.811814027670916915e+08
1.542359797748191674e+01 4.628559427586472034e+08
1.548529236939184450e+01 4.699517728266080618e+08
1.554723353886941339e+01 4.333483197219212055e+08
1.560942247302489072e+01 4.571214534029885530e+08
1.567186016291699069e+01 4.581259818998874426e+08
1.573454760356865556e+01 4.153125988492013216e+08
1.579748579398293096e+01 4.359421289733422399e+08
1.586067573715886247e+01 4.267461841913013458e+08
1.592411844010749888e+01 4.584911337092571855e+08
1.598781491386792730e+01 3.751361667917109728e+08
1.605176617352340074e+01 4.058733246449534297e+08
1.611597323821749228e+01 3.798651920356843472e+08
1.618043713117036120e+01 4.113972501312638521e+08
1.624515887969504391e+01 3.584191359593802691e+08
1.631013951521382310e+01 3.885171487619826794e+08
1.637538007327468037e+01 3.902510926577084064e+08
1.644088159356778078e+01 3.750351208198680878e+08
1.650664511994205341e+01 3.555480689266844392e+08
1.657267170042182158e+01 3.505978604169266224e+08
1.663896238722350418e+01 3.161064228262641430e+08
1.670551823677240222e+01 3.474899639469387531e+08
1.677234030971949608e+01 3.689995713622776270e+08
1.683942967095837062e+01 3.456550519341636896e+08
1.690678738964220429e+01 3.254190240371306539e+08
1.697441453920077237e+01 3.262310465104966164e+08
1.704231219735757108e+01 3.633547752582416534e+08
1.711048144614700561e+01 2.838046748548991680e+08
1.717892337193159236e+01 3.225247839700652361e+08
1.724763906541932101e+01 2.929403114489173889e+08
1.731662962168099895e+01 2.954302865289437771e+08
1.738589614016772344e+01 2.684266956778041720e+08
1.745543972472839300e+01 3.018992172660508156e+08
1.752526148362730751e+01 2.896822165007268786e+08
1.759536252956181812e+01 2.755658411123285294e+08
1.766574397968006238e+01 2.712387926846725941e+08
1.773640695559878466e+01 2.692834547517637610e+08
1.780735258342117433e+01 2.668389603632683456e+08
1.787858199375486024e+01 2.821535997207049727e+08
1.795009632172988034e+01 2.489902541069712341e+08
1.802189670701679702e+01 2.733789485279261470e+08
1.809398429384486562e+01 2.594127698628654778e+08
1.816636023102024211e+01 2.236821534980620444e+08
1.823902567194432578e+01 2.544084248576841652e+08
1.831198177463210186e+01 2.546427483186104000e+08
1.838522970173062987e+01 2.399662192239197791e+08
1.845877062053754969e+01 2.363158367707948089e+08
1.853260570301970134e+01 2.117246231611744165e+08
1.860673612583178027e+01 2.027654292131512463e+08
1.868116307033510637e+01 2.212542776230450571e+08
1.875588772261644976e+01 2.115256630422122777e+08
1.883091127350691352e+01 2.377439817440922260e+08
1.890623491860094063e+01 2.132001765858762264e+08
1.898185985827534594e+01 1.991083558241147399e+08
1.905778729770844748e+01 2.238407870346779227e+08
1.913401844689928311e+01 2.167621557500541508e+08
1.921055452068688041e+01 1.888337816263628602e+08
1.928739673876962968e+01 1.913804210423426032e+08
1.936454632572470658e+01 1.988690215725245774e+08
1.944200451102760141e+01 1.649987837052157223e+08
1.951977252907171589e+01 2.021365959101857543e+08
1.959785161918800256e+01 1.759723578295672536e+08
1.967624302566475691e+01 1.799896068371861279e+08
1.991079942767366973e+01 1.752126168750024736e+08
