# Wavelength (micrometer), Flux (W / m2 / m)
1.000553076518779783e-01 2.106241946007425537e+11
1.004555288824854897e-01 4.439411835242889297e-05
1.008573509980154326e-01 6.398325080921943579e-05
1.012607804020075053e-01 6.620426485683309869e-05
1.016658235236155422e-01 1.062536946611469243e-04
1.020724868177099870e-01 3.392314072402991053e-04
1.024807767649808382e-01 2.519728055261498986e-04
1.028906998720407612e-01 1.873728049512471991e-04
1.033022626715289355e-01 5.200245043224783169e-04
1.037154717222150413e-01 2.813520010010298923e-04
1.041303336091038839e-01 2.658865273526053318e-04
1.045468549435403099e-01 5.014130789453599387e-04
1.049650423633144702e-01 2.452197527927303037e-04
1.053849025327677214e-01 7.093605233973234456e-04
1.058064421428987906e-01 3.814402429442444002e-04
1.062296679114703990e-01 1.151859760466298743e-03
1.066545865831162732e-01 1.180625358920168793e-03
1.070812049294487533e-01 9.269185660253967916e-04
1.075095297491665408e-01 2.333662809678229214e-03
1.079395678681632220e-01 1.161403855449285498e-03
1.083713261396358624e-01 3.134892319211904105e-03
1.088048114441943909e-01 2.747061342297057746e-03
1.092400306899711654e-01 8.916229504140086790e-03
1.096769908127310511e-01 4.035786068139629763e-03
1.101156987759819850e-01 5.046691949847632690e-03
1.105561615710859147e-01 1.113581699288324241e-02
1.109983862173702651e-01 9.687297462409009616e-03
1.114423797622397516e-01 8.227440824538828634e-03
1.118881492812886930e-01 7.135231172510738892e-03
1.123357018784138517e-01 1.222334792816787835e-02
1.127850446859275102e-01 5.812975237207345519e-02
1.132361848646712132e-01 5.590322739884542869e-02
1.136891296041298988e-01 5.420247968877963535e-02
1.141438861225464035e-01 6.481845852505579986e-02
1.146004616670366072e-01 6.231523958299917121e-02
1.150588635137047705e-01 7.173508539191891797e-02
1.155190989677595953e-01 7.779880563150366746e-02
1.159811753636306314e-01 1.099031930086893649e-01
1.164451000650851553e-01 8.912935668255167476e-02
1.169108804653455069e-01 1.159571629520348979e-01
1.173785239872068981e-01 1.907083541010012595e-01
1.178480380831557206e-01 2.570915312110427231e-01
1.183194302354883543e-01 2.572942753611734967e-01
1.187927079564302935e-01 2.865083904141497717e-01
1.192678787882560099e-01 3.559502804136454035e-01
1.197449503034090645e-01 4.591448707551291086e-01
1.202239301046226783e-01 3.451544279163500373e-01
1.207048258250411760e-01 6.894625618310311621e-01
1.211876451283413342e-01 6.169323728817867059e-01
1.216723957088547137e-01 1.020595368789918078e+00
1.221590852916901310e-01 1.359812453813249888e+00
1.226477216328568792e-01 2.369048237635313026e+00
1.231383125193883099e-01 1.887008618199731647e+00
1.236308657694658586e-01 2.376053283399253591e+00
1.241253892325437369e-01 2.008016873940331681e+00
1.246218907894739159e-01 2.294908236520331712e+00
1.251203783526317892e-01 2.991546275164274515e+00
1.256208598660423226e-01 3.077380565142990854e+00
1.261233433055065078e-01 3.857544951989511528e+00
1.266278366787285392e-01 3.405008064633330722e+00
1.271343480254434610e-01 5.993284997597383423e+00
1.276428854175452321e-01 5.572341976686149501e+00
1.281534569592154005e-01 4.863821340900273071e+00
1.286660707870522780e-01 6.250170003498997318e+00
1.291807350702004475e-01 9.100148799331542193e+00
1.296974580104812425e-01 9.550422155593722096e+00
1.302162478425231973e-01 8.245755787998332309e+00
1.307371128338932764e-01 9.772877974166970461e+00
1.312600612852288795e-01 1.434017604760511411e+01
1.317851015303697915e-01 1.314136102687177932e+01
1.323122419364912705e-01 1.300765809308831500e+01
1.328414909042372472e-01 1.473894159814085647e+01
1.333728568678542170e-01 1.815700470717322190e+01
1.339063482953256612e-01 1.944099003478990184e+01
1.344419736885069383e-01 1.700949291712626632e+01
1.349797415832609815e-01 2.635813310148999733e+01
1.355196605495940232e-01 2.992569188806592351e+01
1.360617391917924301e-01 3.842964696635596766e+01
1.366059861485595939e-01 3.322439350810987690e+01
1.371524100931538481e-01 3.817762288671814730e+01
1.377010197335264696e-01 5.177879171465263397e+01
1.382518238124605670e-01 6.004974232253977107e+01
1.388048311077104136e-01 7.046123871611044365e+01
1.393600504321412248e-01 7.640618754385376121e+01
1.399174906338697677e-01 6.424949815678681375e+01
1.404771605964052761e-01 1.046790771947921712e+02
1.410390692387908651e-01 1.062216708930298950e+02
1.416032255157460562e-01 1.774149523622749314e+02
1.421696384178090522e-01 9.665913044208518556e+01
1.427383169714803168e-01 1.435982809041702808e+02
1.433092702393662099e-01 3.550205729413256108e+02
1.438825073203236771e-01 2.248634735198393741e+02
1.444580373496049674e-01 4.155433387387714106e+02
1.450358694990033503e-01 2.748017279286532357e+02
1.456160129769993872e-01 4.742977218488176732e+02
1.461984770289073976e-01 5.449036026271381843e+02
1.467832709370230082e-01 4.448776589208885071e+02
1.473704040207710897e-01 6.059996962319742124e+02
1.479598856368541382e-01 4.108079145427915932e+02
1.485517251794015725e-01 8.219490771487643315e+02
1.491459320801191979e-01 1.420891518659609119e+03
1.497425158084396690e-01 1.092741143798349412e+03
1.503414858716734248e-01 2.332882782522452089e+03
1.509428518151600951e-01 1.780876676410823393e+03
1.515466232224207677e-01 1.249511930075745113e+03
1.521528097153104220e-01 3.090713235258218901e+03
1.527614209541716672e-01 2.542594245769282225e+03
1.533724666379883694e-01 2.953881410390307792e+03
1.539859565045403056e-01 3.691089711050487495e+03
1.546019003305584838e-01 1.159884278648045893e+03
1.552203079318807133e-01 2.325469902468966666e+03
1.558411891636082569e-01 2.422800290132576265e+03
1.564645539202626778e-01 1.900683570307874561e+03
1.570904121359437411e-01 2.753601217433066722e+03
1.577187737844875093e-01 2.475054956514123205e+03
1.583496488796254653e-01 2.836060589703445203e+03
1.589830474751439959e-01 3.688561046620759498e+03
1.596189796650445414e-01 2.385637974679229956e+03
1.602574555837047166e-01 2.390292566795009407e+03
1.608984854060395708e-01 3.165495010182002716e+03
1.615420793476636807e-01 3.816069614976622688e+03
1.621882476650543525e-01 4.444801061067453702e+03
1.628370006557145755e-01 4.333332890425217556e+03
1.634883486583374457e-01 5.087710518766301902e+03
1.641423020529707844e-01 5.446202801142620956e+03
1.647988712611826723e-01 6.041623336002618998e+03
1.654580667462274002e-01 4.200050857116979387e+03
1.661198990132123077e-01 7.040861276310450194e+03
1.667843786092651215e-01 8.020077694418854662e+03
1.674515161237022098e-01 9.681446671979634630e+03
1.681213221881969755e-01 1.329155889417178696e+04
1.687938074769497754e-01 1.257234195637121229e+04
1.694689827068575905e-01 1.977944022939190472e+04
1.701468586376850278e-01 1.882754521800312432e+04
1.708274460722357391e-01 2.207634106121520017e+04
1.715107558565246715e-01 2.716130274001254293e+04
1.721967988799507909e-01 2.706013550061561909e+04
1.728855860754705820e-01 3.661468305736896582e+04
1.735771284197724640e-01 3.434101032090860099e+04
1.742714369334515678e-01 3.940133205524994264e+04
1.749685226811853456e-01 5.691740473662495788e+04
1.756683967719100681e-01 4.646208142255138955e+04
1.763710703589977391e-01 6.994056102036128868e+04
1.770765546404337309e-01 7.792498508727615990e+04
1.777848608589954471e-01 6.448440472661864624e+04
1.784960003024314568e-01 1.031955583134757471e+05
1.792099843036411844e-01 9.282509373768274963e+04
1.799268242408557650e-01 1.009756146573114384e+05
1.806465315378191772e-01 1.475880244825442787e+05
1.813691176639704306e-01 9.962572312826132111e+04
1.820945941346263086e-01 1.475086855694074475e+05
1.828229725111648329e-01 2.135200916272053146e+05
1.835542644012094771e-01 1.300739682089209673e+05
1.842884814588143239e-01 2.117808866924368194e+05
1.850256353846495561e-01 2.932306333143414813e+05
1.857657379261881403e-01 2.117193944577152433e+05
1.865088008778928996e-01 3.471385943580011954e+05
1.872548360814044743e-01 3.798002874023058102e+05
1.880038554257300876e-01 3.106864632847002358e+05
1.887558708474330049e-01 4.987180798824848607e+05
1.895108943308226879e-01 4.957665695260579814e+05
1.902689379081460019e-01 4.614326643936202745e+05
1.910300136597785636e-01 7.523349112109147245e+05
1.917941337144176972e-01 7.189486711821593344e+05
1.925613102492753359e-01 7.337743061715399381e+05
1.933315554902724498e-01 1.058975962368831737e+06
1.941048817122335568e-01 1.053144345452806214e+06
1.948813012390824828e-01 1.116161214770262828e+06
1.956608264440388156e-01 1.596702685059638228e+06
1.964434697498149418e-01 1.447445725770404562e+06
1.972292436288141937e-01 1.572174937991959043e+06
1.980181606033294406e-01 2.226584242115769070e+06
1.988102332457427346e-01 2.156046590334937442e+06
1.996054741787257336e-01 2.148654469815212302e+06
2.004038960754406518e-01 2.690807719838918652e+06
2.012055116597424309e-01 2.992625693677634932e+06
2.020103337063813842e-01 3.129543537154561374e+06
2.028183750412069219e-01 3.710679071053124964e+06
2.036296485413717494e-01 3.676663129253374413e+06
2.044441671355372303e-01 3.726899022084323689e+06
2.052619438040793887e-01 4.394240586598432623e+06
2.060829915792957157e-01 4.484107119590823539e+06
2.069073235456129201e-01 4.557207847637839615e+06
2.077349528397953449e-01 5.047646485494348221e+06
2.085658926511545219e-01 5.492977822184255347e+06
2.094001562217591150e-01 5.489676824835563079e+06
2.102377568466461677e-01 5.717251954873110168e+06
2.110787078740327671e-01 5.560627037304816768e+06
2.119230227055288740e-01 6.126732211419555359e+06
2.127707147963510126e-01 6.582141702710801736e+06
2.136217976555363773e-01 7.077644389910050668e+06
2.144762848461585492e-01 6.189885007721043192e+06
2.153341899855431840e-01 7.108818628072371706e+06
2.161955267454853669e-01 7.948168134520072490e+06
2.170603088524672986e-01 8.543870660012144595e+06
2.179285500878772042e-01 7.770776123062712140e+06
2.188002642882286852e-01 8.292655927700250410e+06
2.196754653453815986e-01 1.024359571775314212e+07
2.205541672067631020e-01 1.010196551186730526e+07
2.214363838755901703e-01 1.241104261533505656e+07
2.223221294110925284e-01 9.677673843504060060e+06
2.232114179287369160e-01 1.597923645081098564e+07
2.241042636004518529e-01 1.427623539492556080e+07
2.250006806548536520e-01 2.108736973973292485e+07
2.259006833774730438e-01 1.508899028326244280e+07
2.268042861109829667e-01 2.008838438709012419e+07
2.277115032554268836e-01 2.438084550714088231e+07
2.286223492684485714e-01 2.801304217257871479e+07
2.295368386655223802e-01 3.694541685960644484e+07
2.304549860201844658e-01 2.076941495510029420e+07
2.313768059642651864e-01 3.625456769949706644e+07
2.323023131881222503e-01 4.035314761750542372e+07
2.332315224408747223e-01 5.186549605114873499e+07
2.341644485306381973e-01 4.975157024472828209e+07
2.351011063247607502e-01 3.155539465360381082e+07
2.360415107500598020e-01 5.357467673066362739e+07
2.369856767930600405e-01 3.773172828050418198e+07
2.379336195002322851e-01 6.346605218316397071e+07
2.388853539782332114e-01 6.335782084280496091e+07
2.398408953941461863e-01 8.912743200335296988e+07
2.408002589757227141e-01 1.063179416550582945e+08
2.417634600116256582e-01 6.364495949277631193e+07
2.427305138516721306e-01 1.171595604159458131e+08
2.437014359070788505e-01 1.309540684271311909e+08
2.446762416507071713e-01 1.884269280214616656e+08
2.456549466173099938e-01 1.612528669534756839e+08
2.466375664037792625e-01 1.795536768918201923e+08
2.476241166693943785e-01 2.174449161666710377e+08
2.486146131360719436e-01 1.204253672490224391e+08
2.496090715886161993e-01 1.846109924150236845e+08
2.506075078749706586e-01 1.951145216049861610e+08
2.516099379064705155e-01 2.315118712277354002e+08
2.526163776580964138e-01 3.240265672309243083e+08
2.536268431687287994e-01 4.871742495586104393e+08
2.546413505414037437e-01 5.815896244292355776e+08
2.556599159435693491e-01 4.303763868970888853e+08
2.566825556073435988e-01 3.515570770796356201e+08
2.577092858297729827e-01 4.164360041288827062e+08
2.587401229730920682e-01 3.802914930393418074e+08
2.597750834649844576e-01 4.910996234373126626e+08
2.608141837988444123e-01 5.386249486251263618e+08
2.618574405340398092e-01 7.076320508163456917e+08
2.629048702961759298e-01 9.932920801089278460e+08
2.639564897773606367e-01 1.012113961108404994e+09
2.650123157364701054e-01 1.009999689791468263e+09
2.660723649994159445e-01 1.002991114845364094e+09
2.671366544594135917e-01 9.858555831549354792e+08
2.682052010772512096e-01 1.172539054881607533e+09
2.692780218815602478e-01 1.083124112739211082e+09
2.703551339690865030e-01 1.402514153461059332e+09
2.714365545049627904e-01 1.439674793742260456e+09
2.725223007229827243e-01 1.504709115005287409e+09
2.736123899258746106e-01 1.698213399171947002e+09
2.747068394855781692e-01 2.013487498671417952e+09
2.758056668435204806e-01 2.172607504999480247e+09
2.769088895108945403e-01 3.067927167238973141e+09
2.780165250689380918e-01 2.854210831170780659e+09
2.791285911692138466e-01 3.448012961388309479e+09
2.802451055338907038e-01 3.423023446978899956e+09
2.813660859560263017e-01 3.474930922406195641e+09
2.824915502998503469e-01 3.512872355079643726e+09
2.836215165010497197e-01 3.566354524602962494e+09
2.847560025670539119e-01 2.440983441917857170e+09
2.858950265773221866e-01 3.271765078400209427e+09
2.870386066836315142e-01 4.633577528605908394e+09
2.881867611103660631e-01 6.149024854767978668e+09
2.893395081548075787e-01 7.879106856314042091e+09
2.904968661874267610e-01 8.833032106482940674e+09
2.916588536521764197e-01 1.046627055779354095e+10
2.928254890667851273e-01 1.004621601240045357e+10
2.939967910230522619e-01 1.085922294641113091e+10
2.951727781871444911e-01 1.008668371220306015e+10
2.963534692998930908e-01 1.133467704266035271e+10
2.975388831770926501e-01 1.180182170415390205e+10
2.987290387098009981e-01 1.487183195690825272e+10
2.999239548646402409e-01 1.267846453652718735e+10
3.011236506840988536e-01 2.040733785461644363e+10
3.023281452868351593e-01 1.301066192835094452e+10
3.035374578679824742e-01 2.638852898235301208e+10
3.047516076994544187e-01 2.479330728731713104e+10
3.059706141302522830e-01 2.798615287958273315e+10
3.071944965867733357e-01 3.722591886839434052e+10
3.084232745731204095e-01 4.476775819288016510e+10
3.096569676714128194e-01 4.101376427771349335e+10
3.108955955420985018e-01 5.478976937392735291e+10
3.121391779242668751e-01 5.946845989352480316e+10
3.133877346359639215e-01 6.939015495064445496e+10
3.146412855745078230e-01 8.410261778648985291e+10
3.158998507168058190e-01 8.120643808769125366e+10
3.171634501196730627e-01 1.181066224654380493e+11
3.184321039201517545e-01 9.812312599120814514e+10
3.197058323358323295e-01 9.541860391846136475e+10
3.209846556651756444e-01 1.181225171393545380e+11
3.222685942878363852e-01 1.347846885771788635e+11
3.235576686649877520e-01 1.338870386113017578e+11
3.248518993396476984e-01 1.647497613221357422e+11
3.261513069370062801e-01 1.827747081782277527e+11
3.274559121647543369e-01 2.060551499525633240e+11
3.287657358134133401e-01 2.194585903137860718e+11
3.300807987566670154e-01 2.479578426569124146e+11
3.314011219516936890e-01 2.909161577063236694e+11
3.327267264395004642e-01 2.933551768698149414e+11
3.340576333452584534e-01 3.358000401780086060e+11
3.353938638786395088e-01 3.199469801185662842e+11
3.367354393341540630e-01 3.091753902774147949e+11
3.380823810914907468e-01 3.321634426286730347e+11
3.394347106158566718e-01 3.828133627095281982e+11
3.407924494583201014e-01 3.788769800594971924e+11
3.421556192561533982e-01 3.708839822225025024e+11
3.435242417331779707e-01 2.770322824882777100e+11
3.448983387001106626e-01 3.164944153655226440e+11
3.462779320549111417e-01 3.657447521459724731e+11
3.476630437831307319e-01 3.172973846091907959e+11
3.490536959582632992e-01 3.449680442348034058e+11
3.504499107420963600e-01 5.498082324901918945e+11
3.518517103850647421e-01 4.854068116654881592e+11
3.532591172266050239e-01 5.846107102987030029e+11
3.546721536955114717e-01 6.951767178326217041e+11
3.560908423102934761e-01 4.121738643788035278e+11
3.575152056795346533e-01 2.997959383274465942e+11
3.589452665022527800e-01 4.766580796646486206e+11
3.603810475682617254e-01 6.015820835867928467e+11
3.618225717585348278e-01 5.123544862711350098e+11
3.632698620455689364e-01 5.466784440769941406e+11
3.647229414937512293e-01 4.889198565110382690e+11
3.661818332597261971e-01 8.733158289245675049e+11
3.676465605927651259e-01 6.794246158772215576e+11
3.691171468351361895e-01 7.564184303460070801e+11
3.705936154224767076e-01 5.053231705472435913e+11
3.720759898841666247e-01 2.832494175553132935e+11
3.735642938437032656e-01 2.674429528889359741e+11
3.750585510190780902e-01 2.977570041227550049e+11
3.765587852231543908e-01 5.662909061375346680e+11
3.780650203640470441e-01 1.042767390610328491e+12
3.795772804455032068e-01 7.033488170730458984e+11
3.810955895672852312e-01 7.817320486504645996e+11
3.826199719255543585e-01 3.520629308431464233e+11
3.841504518132565771e-01 5.568982878510270996e+11
3.856870536205096456e-01 4.117597704401342163e+11
3.872298018349916715e-01 6.530784277436948242e+11
3.887787210423316320e-01 6.256456248258051758e+11
3.903338359265008939e-01 7.287608202946676025e+11
3.918951712702069545e-01 7.123393746682253418e+11
3.934627519552877928e-01 3.736212883430154419e+11
3.950366029631089404e-01 8.743863000667088623e+11
3.966167493749613859e-01 6.052866952480494385e+11
3.982032163724612550e-01 1.154618889566644287e+12
3.997960292379510450e-01 1.369787723866789795e+12
4.013952133549028578e-01 1.632799688380637695e+12
4.030007942083224659e-01 1.882282194484233643e+12
4.046127973851557647e-01 1.577883865336163574e+12
4.062312485746963908e-01 1.596123150629124512e+12
4.078561735689951728e-01 1.788160918105911133e+12
4.094875982632711353e-01 2.014162376423131104e+12
4.111255486563242245e-01 2.236210073830663574e+12
4.127700508509495880e-01 2.053537705330831543e+12
4.144211310543532978e-01 1.973038408832773193e+12
4.160788155785707931e-01 2.261325252036023438e+12
4.177431308408850463e-01 1.992664717890015381e+12
4.194141033642486138e-01 1.597297739431646484e+12
4.210917597777056320e-01 1.063378450490334961e+12
4.227761268168164221e-01 3.579957619174492188e+11
4.244672313240837602e-01 1.060870943893878906e+12
4.261651002493800910e-01 1.665219391830799561e+12
4.278697606503775730e-01 1.812363034900336670e+12
4.295812396929790666e-01 1.404661231820870361e+12
4.312995646517510107e-01 1.835132489608479004e+12
4.330247629103580187e-01 2.249472261438684570e+12
4.347568619619994745e-01 2.686351833497313965e+12
4.364958894098474596e-01 2.580353078317741211e+12
4.382418729674867897e-01 1.961401519730928223e+12
4.399948404593567730e-01 2.418988631339173828e+12
4.417548198211941890e-01 2.522369751913066406e+12
4.435218391004789873e-01 2.188567106746857666e+12
4.452959264568808750e-01 2.267263738113874023e+12
4.470771101627084021e-01 2.813373175981111816e+12
4.488654186033592119e-01 2.796116828910181641e+12
4.506608802777726241e-01 3.090703719862504883e+12
4.524635237988837710e-01 2.599826276379168457e+12
4.542733778940792333e-01 2.787282779291695312e+12
4.560904714056555065e-01 3.099417716359353516e+12
4.579148332912781894e-01 3.024578535358225586e+12
4.597464926244433370e-01 3.024731467936996582e+12
4.615854785949410899e-01 3.296490116553621094e+12
4.634318205093208576e-01 3.034289613174662109e+12
4.652855477913582227e-01 3.192615090400206055e+12
4.671466899825236219e-01 3.164532124819661133e+12
4.690152767424536906e-01 3.161212318595442383e+12
4.708913378494234969e-01 3.422858053384432129e+12
4.727749032008212171e-01 3.356093305516520996e+12
4.746660028136244769e-01 3.476601042049517090e+12
4.765646668248789131e-01 2.957352842720772949e+12
4.784709254921784560e-01 2.474055426184189941e+12
4.803848091941470555e-01 2.911918027444109863e+12
4.823063484309236815e-01 2.999289083912901855e+12
4.842355738246474361e-01 3.225097127448247070e+12
4.861725161199459966e-01 3.466434304769379883e+12
4.881172061844257226e-01 3.618733860160246582e+12
4.900696750091634302e-01 3.575763599836854004e+12
4.920299537092001074e-01 3.751613685306756348e+12
4.939980735240369625e-01 4.092093014757056641e+12
4.959740658181330253e-01 3.472645432801780762e+12
4.979579620814056362e-01 3.532116206670287109e+12
4.999497939297311566e-01 3.152779562184720703e+12
5.019495931054501758e-01 3.054007889182805664e+12
5.039573914778719965e-01 3.335271365768541016e+12
5.059732210437835054e-01 3.233290455800242188e+12
5.079971139279585435e-01 3.305185457745104492e+12
5.100291023836703852e-01 3.057537310004483398e+12
5.120692187932051054e-01 2.994820194284274414e+12
5.141174956683780550e-01 2.953158539213553223e+12
5.161739656510514473e-01 2.512240453072371582e+12
5.182386615136556074e-01 1.990032673527464355e+12
5.203116161597103329e-01 2.927240619731703125e+12
5.223928626243490303e-01 3.845915889092260254e+12
5.244824340748465152e-01 4.082264349845152832e+12
5.265803638111459239e-01 3.352432466675298340e+12
5.286866852663905103e-01 4.159182478004443359e+12
5.308014320074561088e-01 4.247766078518892578e+12
5.329246377354859288e-01 3.709928275674093262e+12
5.350563362864277916e-01 4.316485626836205566e+12
5.371965616315735881e-01 3.958162429391895996e+12
5.393453478780998456e-01 4.084820851750950195e+12
5.415027292696121819e-01 4.162760553831882324e+12
5.436687401866906466e-01 3.677611491652999512e+12
5.458434151474373941e-01 3.592627800821724609e+12
5.480267888080271321e-01 3.956280081230378906e+12
5.502188959632591247e-01 3.837918722941288086e+12
5.524197715471121928e-01 4.051259274936662109e+12
5.546294506333006025e-01 4.248343765819257324e+12
5.568479684358338400e-01 4.255506467449182129e+12
5.590753603095770519e-01 3.797672094451049805e+12
5.613116617508153716e-01 3.874803080048496582e+12
5.635569083978186899e-01 3.830354025337182617e+12
5.658111360314097560e-01 4.099870112447603516e+12
5.680743805755354980e-01 3.972125268473266602e+12
5.703466780978375672e-01 4.262813480580451172e+12
5.726280648102289872e-01 4.358418557863937500e+12
5.749185770694699160e-01 4.580194166314497070e+12
5.772182513777477375e-01 4.450455276795829102e+12
5.795271243832587071e-01 4.723213495287933594e+12
5.818452328807918184e-01 4.727145403266185547e+12
5.841726138123150003e-01 4.702043275264987305e+12
5.865093042675643131e-01 4.082212443228190918e+12
5.888553414846344758e-01 2.437928938645289062e+12
5.912107628505729462e-01 3.259171476374967773e+12
5.935756059019753339e-01 3.668951567312152344e+12
5.959499083255832552e-01 3.639076726779666016e+12
5.983337079588855190e-01 3.913786143575437988e+12
6.007270427907210886e-01 4.158296980088433594e+12
6.031299509618840426e-01 4.477642076441046875e+12
6.055424707657315331e-01 4.820996199796419922e+12
6.079646406487945187e-01 5.107067365328418945e+12
6.103964992113897203e-01 5.231553410670469727e+12
6.128380852082353503e-01 5.235261626748666016e+12
6.152894375490681744e-01 4.800551576341804688e+12
6.177505952992645710e-01 4.152846458980055664e+12
6.202215976804615893e-01 3.884219939855626465e+12
6.227024840711834486e-01 3.349104253954039062e+12
6.251932940074681477e-01 3.771078239340016113e+12
6.276940671834980723e-01 4.100946923234969238e+12
6.302048434522321552e-01 4.520365556820129883e+12
6.327256628260409244e-01 4.925032085097152344e+12
6.352565654773452142e-01 4.953255362605514648e+12
6.377975917392545435e-01 4.397316760153107422e+12
6.403487821062116003e-01 5.092682170283220703e+12
6.429101772346363930e-01 5.527395951061267578e+12
6.454818179435749537e-01 5.659509924250481445e+12
6.480637452153492628e-01 5.935466112260617188e+12
6.506560001962106154e-01 5.908673952873187500e+12
6.532586241969955410e-01 6.329479272876962891e+12
6.558716586937833881e-01 6.012381472341068359e+12
6.584951453285585732e-01 5.910725332528000000e+12
6.611291259098727169e-01 5.819588616439633789e+12
6.637736424135122215e-01 5.557397258569580078e+12
6.664287369831662922e-01 5.262009586830297852e+12
6.690944519310989547e-01 5.012285887573364258e+12
6.717708297388232941e-01 4.901765410269922852e+12
6.744579130577786907e-01 4.887242967818308594e+12
6.771557447100098326e-01 5.061517394643476562e+12
6.798643676888498355e-01 4.675663464295747070e+12
6.825838251596052508e-01 4.636173413052829102e+12
6.853141604602436265e-01 4.410715501071648438e+12
6.880554171020846210e-01 4.165465254588490234e+12
6.908076387704928933e-01 4.290721910659270996e+12
6.935708693255748791e-01 5.134720486462679688e+12
6.963451528028771209e-01 5.583081345668637695e+12
6.991305334140887062e-01 5.805676937107781250e+12
7.019270555477450380e-01 6.079694041861256836e+12
7.047347637699360456e-01 6.869988018354969727e+12
7.075537028250157290e-01 6.442763601017073242e+12
7.103839176363159202e-01 5.901997133866220703e+12
7.132254533068611568e-01 5.560247579983646484e+12
7.160783551200886610e-01 5.741523461996372070e+12
7.189426685405689854e-01 6.013294938097291992e+12
7.218184392147313222e-01 6.056721789243974609e+12
7.247057129715901436e-01 6.421795513561837891e+12
7.276045358234763949e-01 6.741069890744044922e+12
7.305149539667704639e-01 7.033974966203059570e+12
7.334370137826373703e-01 7.191621784735695312e+12
7.363707618377679509e-01 7.297737645549623047e+12
7.393162448851190449e-01 7.428075638993009766e+12
7.422735098646596752e-01 7.431826947121187500e+12
7.452426039041182282e-01 7.485220004309291016e+12
7.482235743197346300e-01 7.554611847209157227e+12
7.512164686170136330e-01 7.582513104354632812e+12
7.542213344914817652e-01 7.629603933971244141e+12
7.572382198294477229e-01 7.647491744363478516e+12
7.602671727087656484e-01 7.415411043152689453e+12
7.633082413996006288e-01 7.390240821657563477e+12
7.663614743651989691e-01 6.999620791578705078e+12
7.694269202626597970e-01 6.914303635931486328e+12
7.725046279437104424e-01 7.045536929286273438e+12
7.755946464554852593e-01 6.944442257749011719e+12
7.786970250413072225e-01 7.021939336293954102e+12
7.818118131414724115e-01 7.134981768884142578e+12
7.849390603940383793e-01 7.069762646599083984e+12
7.880788166356144098e-01 7.240708917089134766e+12
7.912311319021569922e-01 7.248051688220889648e+12
7.943960564297655180e-01 7.344176662156533203e+12
7.975736406554845281e-01 7.461356818092128906e+12
8.007639352181065151e-01 7.547865769206944336e+12
8.039669909589789443e-01 7.578233963320829102e+12
8.071828589228148276e-01 7.631302454090544922e+12
8.104115903585061842e-01 7.691160590253714844e+12
8.136532367199402760e-01 7.746827332584901367e+12
8.169078496668199518e-01 7.708260352889701172e+12
8.201754810654874328e-01 7.265352059600127930e+12
8.234561829897493190e-01 7.640492831348044922e+12
8.267500077217083687e-01 7.655002043811308594e+12
8.300570077525952772e-01 7.536454213028834961e+12
8.333772357836056743e-01 7.518124363903836914e+12
8.367107447267401188e-01 7.405374072568552734e+12
8.400575877056470908e-01 7.414292579262015625e+12
8.434178180564695371e-01 7.221528346618172852e+12
8.467914893286955236e-01 7.116110570031913086e+12
8.501786552860102208e-01 7.041669761138628906e+12
8.535793699071543283e-01 6.862990450458310547e+12
8.569936873867830540e-01 7.352822463279374023e+12
8.604216621363300899e-01 7.443848362389082031e+12
8.638633487848753623e-01 7.412868705674968750e+12
8.673188021800150027e-01 6.929297698856421875e+12
8.707880773887352044e-01 7.283670388983114258e+12
8.742712296982900755e-01 7.337919146967867188e+12
8.777683146170831563e-01 7.456103849560148438e+12
8.812793878755513788e-01 7.376606300887558594e+12
8.848045054270535781e-01 7.484191587199882812e+12
8.883437234487617795e-01 7.049186975016976562e+12
8.918970983425568155e-01 7.244704306058441406e+12
8.954646867359271623e-01 7.158210195878310547e+12
8.990465454828707736e-01 7.243753139952668945e+12
9.026427316648023558e-01 7.161235530350654297e+12
9.062533025914615292e-01 7.129290164079894531e+12
9.098783158018273198e-01 7.240871560507749023e+12
9.135178290650346478e-01 7.293886137997915039e+12
9.171719003812948134e-01 7.352507747596060547e+12
9.208405879828199803e-01 7.398552375407021484e+12
9.245239503347512100e-01 7.387714933159914062e+12
9.282220461360901620e-01 7.355822100004906250e+12
9.319349343206346781e-01 7.297304907615858398e+12
9.356626740579171431e-01 7.270617120799771484e+12
9.394053247541488405e-01 7.157207363026266602e+12
9.431629460531654185e-01 7.241554155447953125e+12
9.469355978373780180e-01 7.265724105091820312e+12
9.507233402287275092e-01 7.280031055420495117e+12
9.545262335896426142e-01 7.246653151736890625e+12
9.583443385240012491e-01 7.194114505818594727e+12
9.621777158780971950e-01 7.164902655223320312e+12
9.660264267416096562e-01 7.103461929111731445e+12
9.698905324485760371e-01 7.143912960697364258e+12
9.737700945783701600e-01 7.015064986234996094e+12
9.776651749566835914e-01 6.949845548586947266e+12
9.815758356565105203e-01 7.049839651486010742e+12
9.855021389991363012e-01 6.988080240223972656e+12
9.894441475551331022e-01 6.797996392402099609e+12
9.934019241453534432e-01 6.389851156682784180e+12
9.973755318419349480e-01 6.567151760900972656e+12
1.001365033969302543e+00 6.645490236425529297e+12
1.005370494105179757e+00 6.553841322152087891e+12
1.009391976081600362e+00 6.650861065799439453e+12
1.013429543985926884e+00 6.664399318429715820e+12
1.017483262161870350e+00 6.647142510387699219e+12
1.021553195210518128e+00 6.667545567859267578e+12
1.025639407991360219e+00 6.504825537025375000e+12
1.029741965623325539e+00 6.450280872590393555e+12
1.033860933485818867e+00 6.460972452696960938e+12
1.037996377219762012e+00 6.568354951561715820e+12
1.042148362728641198e+00 6.512187170640687500e+12
1.046316956179555557e+00 6.587726092393175781e+12
1.050502224004274066e+00 6.557016688310088867e+12
1.054704232900291139e+00 6.597475969300413086e+12
1.058923049831892227e+00 6.528767760521042969e+12
1.063158742031219628e+00 6.529131777351743164e+12
1.067411376999344741e+00 6.424417220215627930e+12
1.071681022507342096e+00 6.421537779562087891e+12
1.075967746597371377e+00 6.457727634090046875e+12
1.080271617583760779e+00 6.415794246621594727e+12
1.084592704054095913e+00 6.436623799584333984e+12
1.088931074870312044e+00 6.419390234969460938e+12
1.093286799169793433e+00 6.396627604215923828e+12
1.097659946366472461e+00 6.345661864101923828e+12
1.102050586151938294e+00 6.337154063321998047e+12
1.106458788496546219e+00 6.309255913180267578e+12
1.110884623650532532e+00 6.247775675857290039e+12
1.115328162145134749e+00 6.287902517790796875e+12
1.119789474793714934e+00 6.243823680831244141e+12
1.124268632692889902e+00 6.246521452352552734e+12
1.128765707223661430e+00 6.208853377051158203e+12
1.133280770052556230e+00 6.202986705761787109e+12
1.137813893132766374e+00 6.057781567453038086e+12
1.142365148705297484e+00 5.997641050117167969e+12
1.146934609300118479e+00 6.115774555698541992e+12
1.151522347737319096e+00 6.146376935269506836e+12
1.156128437128268516e+00 6.074588983681574219e+12
1.160752950876781542e+00 5.992117865424944336e+12
1.165395962680288999e+00 6.024233633258866211e+12
1.170057546531009907e+00 5.980700410509155273e+12
1.174737776717134086e+00 5.975065822030721680e+12
1.179436727824002773e+00 5.901069486740073242e+12
1.184154474735298557e+00 5.806388591566417969e+12
1.188891092634239977e+00 5.838706954061136719e+12
1.193646657004777012e+00 5.854138651520299805e+12
1.198421243632796118e+00 5.682424087014710938e+12
1.203214928607327261e+00 5.747889967118920898e+12
1.208027788321756724e+00 5.735188929516810547e+12
1.212859899475043468e+00 5.721298308872243164e+12
1.217711339072943710e+00 5.727795611318299805e+12
1.222582184429235275e+00 5.677261092634648438e+12
1.227472513166952384e+00 5.690884949495968750e+12
1.232382403219620226e+00 5.643932691118594727e+12
1.237311932832498407e+00 5.610122005525009766e+12
1.242261180563828615e+00 5.471104882672277344e+12
1.247230225286083849e+00 5.515844200565965820e+12
1.252219146187228072e+00 5.468788264648089844e+12
1.257228022771976983e+00 5.468537688172303711e+12
1.262256934863064783e+00 5.436339544134958008e+12
1.267305962602517155e+00 5.444939824447780273e+12
1.272375186452927354e+00 5.402238054599322266e+12
1.277464687198738957e+00 5.379691799528082031e+12
1.282574545947533950e+00 5.314490762582681641e+12
1.287704844131324133e+00 5.275553332956738281e+12
1.292855663507849417e+00 5.237757468083556641e+12
1.298027086161880783e+00 5.252818869868072266e+12
1.303219194506528344e+00 5.232594519190040039e+12
1.308432071284554521e+00 5.188628676639556641e+12
1.313665799569692760e+00 5.190704540378873047e+12
1.318920462767971591e+00 5.168827616838100586e+12
1.324196144619043336e+00 5.111655967208456055e+12
1.329492929197519491e+00 5.051444881468761719e+12
1.334810900914309650e+00 4.924134446259245117e+12
1.340150144517967101e+00 4.887585490100527344e+12
1.345510745096038852e+00 4.865272551471963867e+12
1.350892788076423212e+00 4.853459349624911133e+12
1.356296359228728932e+00 4.823567783663193359e+12
1.361721544665643879e+00 4.813758901642526367e+12
1.367168430844306393e+00 4.800703535174561523e+12
1.372637104567683730e+00 4.799796457464660156e+12
1.378127652985954299e+00 4.772466276667122070e+12
1.383640163597898098e+00 4.749440074523284180e+12
1.389174724252289828e+00 4.691562977914351562e+12
1.394731423149298877e+00 4.652788455336415039e+12
1.400310348841896202e+00 4.620817308407748047e+12
1.405911590237263642e+00 4.599456181486958008e+12
1.411535236598212784e+00 4.548630612758429688e+12
1.417181377544605603e+00 4.512215966957206055e+12
1.422850103054784210e+00 4.498684279912041016e+12
1.428541503467003038e+00 4.430134691237475586e+12
1.434255669480871243e+00 4.458894878726041016e+12
1.439992692158794885e+00 4.434717615028112305e+12
1.445752662927429988e+00 4.425097547704246094e+12
1.451535673579139596e+00 4.390548806603734863e+12
1.457341816273456159e+00 4.371451151953805664e+12
1.463171183538549913e+00 4.342219381939975586e+12
1.469023868272704147e+00 4.305483036853513672e+12
1.474899963745795128e+00 4.300054348478014648e+12
1.480799563600778246e+00 4.279695485987943359e+12
1.486722761855181485e+00 4.207251797896195801e+12
1.492669652902602007e+00 4.252177730623022949e+12
1.498640331514212276e+00 4.227621620219205078e+12
1.504634892840269300e+00 3.998264927582016602e+12
1.510653432411630304e+00 4.210132764058048340e+12
1.516696046141276843e+00 4.204614352869923828e+12
1.522762830325842032e+00 4.197889610029059570e+12
1.528853881647145307e+00 4.184428038798253906e+12
1.534969297173733649e+00 4.157532686584198730e+12
1.541109174362428780e+00 4.149943572500707031e+12
1.547273611059878373e+00 4.141928632679833496e+12
1.553462705504118135e+00 4.127125632651640625e+12
1.559676556326134556e+00 4.108705679062442871e+12
1.565915262551438980e+00 4.109679845476483398e+12
1.572178923601644795e+00 4.059331374714240723e+12
1.578467639296051495e+00 4.055975169538307129e+12
1.584781509853235626e+00 4.086876020006569824e+12
1.591120635892648405e+00 4.059423030245337891e+12
1.597485118436219098e+00 4.085997240632549316e+12
1.603875058909963958e+00 4.067114940373669922e+12
1.610290559145603595e+00 4.056126972740166016e+12
1.616731721382186127e+00 3.867131920726715332e+12
1.623198648267714761e+00 4.004252922745377441e+12
1.629691442860785600e+00 4.027515446956866699e+12
1.636210208632228769e+00 4.022211847298982422e+12
1.642755049466757766e+00 3.976803686559835938e+12
1.649326069664624805e+00 3.951662565183797363e+12
1.655923373943283039e+00 3.927985470948821289e+12
1.662547067439056336e+00 3.886740896684241699e+12
1.669197255708812611e+00 3.860849129434697754e+12
1.675874044731648027e+00 3.827108301175381348e+12
1.682577540910574321e+00 3.781972109275634277e+12
1.689307851074216771e+00 3.739313404253604980e+12
1.696065082478513508e+00 3.694381348040813965e+12
1.702849342808427480e+00 3.643824404080470215e+12
1.709660740179661298e+00 3.483492864825975586e+12
1.716499383140379864e+00 3.515238355036369141e+12
1.723365380672941427e+00 3.477819199015530762e+12
1.730258842195633306e+00 3.430209039168101562e+12
1.737179877564415831e+00 3.354739343112715332e+12
1.744128597074673603e+00 3.308677170650179688e+12
1.751105111462972097e+00 3.248913694494871582e+12
1.758109531908824241e+00 3.172381042217307129e+12
1.765141970036459451e+00 3.128738771682583008e+12
1.772202537916605314e+00 3.065861284234993652e+12
1.779291348068271716e+00 2.994427453585351074e+12
1.786408513460544745e+00 2.949493902648494629e+12
1.793554147514387020e+00 2.892389400050739258e+12
1.800728364104444257e+00 2.858539551408304199e+12
1.807931277560862249e+00 2.797203818510691895e+12
1.815163002671105641e+00 2.787625588307746094e+12
1.822423654681789795e+00 2.745363274114809082e+12
1.829713349300517100e+00 2.701865360829483887e+12
1.837032202697718830e+00 2.679820936357860352e+12
1.844380331508509885e+00 2.594213060189887207e+12
1.851757852834543527e+00 2.562635595958255371e+12
1.859164884245881888e+00 2.462009699228531250e+12
1.866601543782865358e+00 2.518381460021248535e+12
1.874067949957996859e+00 2.458035160105634766e+12
1.881564221757828781e+00 2.462166182545276855e+12
1.889090478644860127e+00 2.437171521712513672e+12
1.896646840559439662e+00 2.426565652174363281e+12
1.904233427921677269e+00 2.404849453011435547e+12
1.911850361633363971e+00 2.396818281290175781e+12
1.919497763079897279e+00 2.354194818198780273e+12
1.927175754132217200e+00 2.274065595096305176e+12
1.934884457148745796e+00 2.287495360774350586e+12
1.942623994977340729e+00 2.149161656708664551e+12
1.950394490957250149e+00 2.175969505714544678e+12
1.958196068921079336e+00 2.233653670053807617e+12
1.966028853196763793e+00 2.222798796163382812e+12
1.973892968609550991e+00 2.075979192632986572e+12
1.981788540483989447e+00 2.033007073367371338e+12
1.989715694645925126e+00 2.015218690497346436e+12
1.997674557424508723e+00 2.076027479925336182e+12
2.005665255654207169e+00 2.061927913060320801e+12
2.013687916676823786e+00 2.030603956270598389e+12
2.021742668343530891e+00 2.011863749349512207e+12
2.029829639016905052e+00 1.980109635594015625e+12
2.037948957572972564e+00 1.957182147152927490e+12
2.046100753403264694e+00 1.931762051098150146e+12
2.054285156416877811e+00 1.925458037755432617e+12
2.062502297042545507e+00 1.885941641940470703e+12
2.070752306230715600e+00 1.878380838105320068e+12
2.079035315455638244e+00 1.858614318967858643e+12
2.087351456717461140e+00 1.834126968891798096e+12
2.095700862544330967e+00 1.814724968880627197e+12
2.104083665994508134e+00 1.808528838337492920e+12
2.112500000658485977e+00 1.793570053741382812e+12
2.120950000661120161e+00 1.778431752531687256e+12
2.129433800663764753e+00 1.752328317050479736e+12
2.137951535866419839e+00 1.741991573510815186e+12
2.146503342009885351e+00 1.737857719092535156e+12
2.155089355377924676e+00 1.720964491210770020e+12
2.163709712799436691e+00 1.711301908115340332e+12
2.172364551650634468e+00 1.695030175281191406e+12
2.181054009857236853e+00 1.674602443042353027e+12
2.189778225896665376e+00 1.663936515149383057e+12
2.198537338800252705e+00 1.654581288600494873e+12
2.207331488155453325e+00 1.618388113383507812e+12
2.216160814108075083e+00 1.630969473612671387e+12
2.225025457364507631e+00 1.602535761063034180e+12
2.233925559193965515e+00 1.597557530616579102e+12
2.242861261430741493e+00 1.587889690415073975e+12
2.251832706476463830e+00 1.573158426153828613e+12
2.260840037302370042e+00 1.540107728332364014e+12
2.269883397451579299e+00 1.541070683650939941e+12
2.278962931041386142e+00 1.518241517275244629e+12
2.288078782765551100e+00 1.509515223518538086e+12
2.297231097896613505e+00 1.403492009284370850e+12
2.306420022288200311e+00 1.436065051525723877e+12
2.315645702377353121e+00 1.422464229542872803e+12
2.324908285186861878e+00 1.330205938796818604e+12
2.334207918327609654e+00 1.353252231068014160e+12
2.343544750000919663e+00 1.349249950699702148e+12
2.352918929000923143e+00 1.276691170634502686e+12
2.362330604716927240e+00 1.281637257506491455e+12
2.371779927135795329e+00 1.287182674784877441e+12
2.381267046844337987e+00 1.224772688074961182e+12
2.390792115031715070e+00 1.203598804640319824e+12
2.400355283491842240e+00 1.200138970867237549e+12
2.409956704625809465e+00 1.160411618006324463e+12
2.419596531444312859e+00 1.121361309635050537e+12
2.429274917570089620e+00 1.118669789361809082e+12
2.438992017240370291e+00 1.098617074200517944e+12
2.448747985309331465e+00 1.047738825104658325e+12
2.458542977250568917e+00 1.036621666994157593e+12
2.468377149159570738e+00 1.030891798279280518e+12
2.478250657756209563e+00 9.776876677872340088e+11
2.488163660387234355e+00 9.738309767896223145e+11
2.498116315028783063e+00 9.631963643631920166e+11
2.508108780288898387e+00 9.287494562547073975e+11
2.518141215410053757e+00 9.172807000461020508e+11
2.528213780271693967e+00 8.951396919185816650e+11
2.538326635392781139e+00 8.818724493614476318e+11
2.548479941934351789e+00 8.735098768067204590e+11
2.558673861702089436e+00 8.611672212910137939e+11
2.568908557148898097e+00 8.610540063280378418e+11
2.579184191377493551e+00 8.366691867263673096e+11
2.589500928143003478e+00 8.427670304649549561e+11
2.599858931855575594e+00 8.390338101314614258e+11
2.610258367582998229e+00 8.373212770015886230e+11
2.620699401053329769e+00 8.257130498023698730e+11
2.631182198657543214e+00 8.217393415587338867e+11
2.641706927452173392e+00 8.171615039429995117e+11
2.652273755161981938e+00 8.188830602330190430e+11
2.662882850182629824e+00 8.143495257946788330e+11
2.673534381583360542e+00 7.893564435079289551e+11
2.684228519109693956e+00 7.820453772698776855e+11
2.694965433186132575e+00 7.580772149293304443e+11
2.705745294918877164e+00 7.528931368651617432e+11
2.716568276098552559e+00 7.331714022427000732e+11
2.727434549202946812e+00 7.107539260809124756e+11
2.738344287399758326e+00 6.983606998590017090e+11
2.749297664549357201e+00 6.901910792943526611e+11
2.760294855207554576e+00 6.844013854223500977e+11
2.771336034628385292e+00 6.673668398791209717e+11
2.782421378766898545e+00 6.562686630428839111e+11
2.793551064281966312e+00 6.527662184503128662e+11
2.804725268539093985e+00 6.326641200687368164e+11
2.815944169613250558e+00 6.178870000392670898e+11
2.827207946291703244e+00 6.257500650309437256e+11
2.838516778076869862e+00 6.043192465564910889e+11
2.849870845189177437e+00 5.943116521346285400e+11
2.861270328569933685e+00 6.003917663799288330e+11
2.872715409884213589e+00 5.827942989739600830e+11
2.884206271523750420e+00 5.790357604484490967e+11
2.895743096609845413e+00 5.777535754548781738e+11
2.907326068996284985e+00 5.541688346111130371e+11
2.918955373272270393e+00 5.560220536205080566e+11
2.930631194765359826e+00 5.460419130546318359e+11
2.942353719544420709e+00 5.297790054927640381e+11
2.954123134422598440e+00 5.332742491884118652e+11
2.965939626960289122e+00 5.195101017141287231e+11
2.977803385468130504e+00 5.208463056511425781e+11
2.989714599010003138e+00 5.067460654978054199e+11
3.001673457406043077e+00 5.038914327131820068e+11
3.013680151235667015e+00 4.992475351925806885e+11
3.025734871840609408e+00 4.807238312564924927e+11
3.037837811327972037e+00 4.925234671078456421e+11
3.049989162573283785e+00 4.736755841032156982e+11
3.062189119223576395e+00 4.779866385935222778e+11
3.074437875700470890e+00 4.663470174075653687e+11
3.086735627203272880e+00 4.596100781381923828e+11
3.099082569712085622e+00 4.599072670271530151e+11
3.111478899990933744e+00 4.479982520981786499e+11
3.123924815590897186e+00 4.488783653684915161e+11
3.136420514853261121e+00 4.412103005736418457e+11
3.148966196912674320e+00 4.369483766441268921e+11
3.161562061700325277e+00 4.340751684526030884e+11
3.174208309947126327e+00 4.250618019127538452e+11
3.186905143186915090e+00 4.284327747287584839e+11
3.199652763759662566e+00 4.131115071026353149e+11
3.212451374814701222e+00 4.221900826224320679e+11
3.225301180313960625e+00 4.120539241924276123e+11
3.238202385035215958e+00 4.088210583477875366e+11
3.251155194575356955e+00 4.061621005052402954e+11
3.264159815353658622e+00 4.020548664180811157e+11
3.277216454615073271e+00 3.977407875267423706e+11
3.290325320433533207e+00 3.938303078189851685e+11
3.303486621715267635e+00 3.925369280919714355e+11
3.316700568202128441e+00 3.856372811384544067e+11
3.329967370474937294e+00 3.873339318647856445e+11
3.343287239956836743e+00 3.784682277416881104e+11
3.356660388916663962e+00 3.775488813514133301e+11
3.370087030472330714e+00 3.745420524544877930e+11
3.383567378594220187e+00 3.695513931127879028e+11
3.397101648108596716e+00 3.676531840544172974e+11
3.410690054701031482e+00 3.618538730283946533e+11
3.424332814919834878e+00 3.606795835273116455e+11
3.438030146179514634e+00 3.562072223391519775e+11
3.451782266764232610e+00 3.534165331590634155e+11
3.465589395831289998e+00 3.502664759596454468e+11
3.479451753414614767e+00 3.462031053016600952e+11
3.493369560428273068e+00 3.410842489142930298e+11
3.507343038669985980e+00 3.408639836370759888e+11
3.521372410824665788e+00 3.338163083937635498e+11
3.535457900467964709e+00 3.319120222509696045e+11
3.549599732069836477e+00 3.284175821124154663e+11
3.563798130998116154e+00 3.244266450222144775e+11
3.578053323522108364e+00 3.211490640844861450e+11
3.592365536816196858e+00 3.179331845368244019e+11
3.606734998963461614e+00 3.141928829899492798e+11
3.621161938959315041e+00 3.102366877641958618e+11
3.635646586715152839e+00 3.067489076135108032e+11
3.650189173062013293e+00 3.034778381202185059e+11
3.664789929754260545e+00 3.000711761674517212e+11
3.679449089473277645e+00 2.958390661585012817e+11
3.694166885831170699e+00 2.927365128134351196e+11
3.708943553374495661e+00 2.901539442307666016e+11
3.723779327587993571e+00 2.865494364148544922e+11
3.738674444898345328e+00 2.823656409602781982e+11
3.753629142677938901e+00 2.804887686703383179e+11
3.768643659248651190e+00 2.759575418865565796e+11
3.783718233885645432e+00 2.738127074216499634e+11
3.798853106821188153e+00 2.699125654536266785e+11
3.814048519248473657e+00 2.668730662724751282e+11
3.829304713325467180e+00 2.620282985289523010e+11
3.844621932178768908e+00 2.597660760594673462e+11
3.860000419907484215e+00 2.569608346185892029e+11
3.875440421587113882e+00 2.528639457001435242e+11
3.890942183273462529e+00 2.493948878003377686e+11
3.906505952006555926e+00 2.463368920419097900e+11
3.922131975814582727e+00 2.430853803650163879e+11
3.937820503717840648e+00 2.395143621051323242e+11
3.953571785732711508e+00 2.351162617602200928e+11
3.969386072875642490e+00 2.324427404505268555e+11
3.985263617167145167e+00 2.277802797266315613e+11
4.001204671635814059e+00 2.249560722407756348e+11
4.017209490322357190e+00 2.221737616735110168e+11
4.033278328283646630e+00 2.180652376451391296e+11
4.049411441596781458e+00 2.132203241245581055e+11
4.065609087363168506e+00 2.112813585379509277e+11
4.081871523712622185e+00 2.059922443400811462e+11
4.098199009807472315e+00 2.043883415111098938e+11
4.114591805846702144e+00 2.013209574991436768e+11
4.131050173070089038e+00 1.970281498639204712e+11
4.147574373762369149e+00 1.961204473456115417e+11
4.164164671257418959e+00 1.915014476603154602e+11
4.180821329942449260e+00 1.896860249719694824e+11
4.197544615262219558e+00 1.871159593137278137e+11
4.214334793723269357e+00 1.832379443894320374e+11
4.231192132898162761e+00 1.825993633962084045e+11
4.248116901429755288e+00 1.778882917626916199e+11
4.265109369035473996e+00 1.756441815067300415e+11
4.282169806511615384e+00 1.740743446023887024e+11
4.299298485737661935e+00 1.633618751643643188e+11
4.316495679680612874e+00 1.631069702070630188e+11
4.333761662399335357e+00 1.604334715757640381e+11
4.351096709048932532e+00 1.544290274933207092e+11
4.368501095885127583e+00 1.510716271442402039e+11
4.385975100268668214e+00 1.485361585597815552e+11
4.403519000669743555e+00 1.443745292944623108e+11
4.421133076672422391e+00 1.413694129714987183e+11
4.438817608979111817e+00 1.390622930738183289e+11
4.456572879415028332e+00 1.369329461066287842e+11
4.474399170932688463e+00 1.320134123567279358e+11
4.492296767616419828e+00 1.316797268008881989e+11
4.510265954686884626e+00 1.304499446786621552e+11
4.528307018505633330e+00 1.261997674412728271e+11
4.546420246579655711e+00 1.254027010637650146e+11
4.564605927565974497e+00 1.230231157773781433e+11
4.582864351276237258e+00 1.220622433360916138e+11
4.601195808681342925e+00 1.195731747445446014e+11
4.619600591916067422e+00 1.192459407284524078e+11
4.638078994283731937e+00 1.172834934470027313e+11
4.656631310260867629e+00 1.169380076468063965e+11
4.675257835501911430e+00 1.144544760488218384e+11
4.693958866843916944e+00 1.133504665846191101e+11
4.712734702311292878e+00 1.114878175701413269e+11
4.731585641120538810e+00 1.106702019228301697e+11
4.750511983685020923e+00 1.091673723715151062e+11
4.769514031619761063e+00 1.067349417557922821e+11
4.788592087746240011e+00 1.052046857138536377e+11
4.807746456097224730e+00 1.041054570311509705e+11
4.826977441921613377e+00 1.030497643395299225e+11
4.846285351689299858e+00 1.016432163038661957e+11
4.865670493096057925e+00 9.987601976069776917e+10
4.885133175068442135e+00 9.798847746437379456e+10
4.904673707768715474e+00 9.630528288159742737e+10
4.924292402599791174e+00 9.549460055409895325e+10
4.943989572210189642e+00 9.356540708182759094e+10
4.963765530499030021e+00 9.140753335685047913e+10
4.983620592621027079e+00 9.160840333380485535e+10
5.003555074991511198e+00 8.922299602993576050e+10
5.023569295291476777e+00 8.709868789876123047e+10
5.043663572472643075e+00 8.766842145200334167e+10
5.063838226762532813e+00 8.564269481128793335e+10
5.084093579669583640e+00 8.358376201143061829e+10
5.104429953988261381e+00 8.322450939408149719e+10
5.124847673804215020e+00 8.173438075088835144e+10
5.145347064499431688e+00 8.147341504787965393e+10
5.165928452757428957e+00 7.872459584687100220e+10
5.186592166568458673e+00 7.927185230231617737e+10
5.207338535234733001e+00 7.671534649784934998e+10
5.228167889375671784e+00 7.686603211404948425e+10
5.249080560933174766e+00 7.463978202793064880e+10
5.270076883176907145e+00 7.473133206601347351e+10
5.291157190709615321e+00 7.273511622872248840e+10
5.312321819472453299e+00 7.257653965170649719e+10
5.333571106750343738e+00 7.132135808608580017e+10
5.354905391177344320e+00 7.030882939295437622e+10
5.376325012742054099e+00 6.946780955440065002e+10
5.397830312793021612e+00 6.901785843053961182e+10
5.419421634044193858e+00 6.683328628240858459e+10
5.441099320580370602e+00 6.710847422827605438e+10
5.462863717862692425e+00 6.548493478816192627e+10
5.484715172734142996e+00 6.504714373373686981e+10
5.506654033425078865e+00 6.428581073804315186e+10
5.528680649558780580e+00 6.337427187034463501e+10
5.550795372157015350e+00 6.222562590433592987e+10
5.572998553645643227e+00 6.141575851617581177e+10
5.595290547860225949e+00 6.127548668156121063e+10
5.617671710051667766e+00 5.996763677376221466e+10
5.640142396891874021e+00 5.945356604951477814e+10
5.662702966479441713e+00 5.868660395352649689e+10
5.685353778345359821e+00 5.718586625254050446e+10
5.708095193458740724e+00 5.695752972172949219e+10
5.730927574232576482e+00 5.577394956400649261e+10
5.753851284529505783e+00 5.593604538401489258e+10
5.776866689667624399e+00 5.473455451029019165e+10
5.799974156426294769e+00 5.433837595026253510e+10
5.823174053051999977e+00 5.293275316014414978e+10
5.846466749264207508e+00 5.223729754794954681e+10
5.869852616261264977e+00 5.204299333344110870e+10
5.893332026726310069e+00 5.107364201685820007e+10
5.916905354833215114e+00 5.080467149115083313e+10
5.940572976252548543e+00 4.979361784507659149e+10
5.964335268157558545e+00 4.919364494278832245e+10
5.988192609230189589e+00 4.843372094621002197e+10
6.012145379667110490e+00 4.817143568171013641e+10
6.036193961185778889e+00 4.677468219941584778e+10
6.060338737030522616e+00 4.668049606350629425e+10
6.084580091978644134e+00 4.638451972251969910e+10
6.108918412346558746e+00 4.507390334429656219e+10
6.133354085995945226e+00 4.515974876580667114e+10
6.157887502339929320e+00 4.442925726477072144e+10
6.182519052349287669e+00 4.347220662036818695e+10
6.207249128558685491e+00 4.306878497477050781e+10
6.232078125072920471e+00 4.258147121185814667e+10
6.257006437573212843e+00 4.168507475990384674e+10
6.282034463323505236e+00 4.115036423882767487e+10
6.307162601176800720e+00 4.055186725152537537e+10
6.332391251581507063e+00 3.997115562362574768e+10
6.357720816587833390e+00 3.919523020897098541e+10
6.383151699854184180e+00 3.842017827175248718e+10
6.408684306653601226e+00 3.765767103024752045e+10
6.434319043880215361e+00 3.709700137181505585e+10
6.460056320055736379e+00 3.576445891266115570e+10
6.485896545335958052e+00 3.453351106521105194e+10
6.511840131517302233e+00 3.424584391860231400e+10
6.537887492043371829e+00 3.330839851753562164e+10
6.564039042011545533e+00 3.253076383663362503e+10
6.590295198179591196e+00 3.172935426078184891e+10
6.616656378972309405e+00 3.138920945127217484e+10
6.643123004488199257e+00 3.054089150612896347e+10
6.669695496506150789e+00 3.021245769051211166e+10
6.696374278492176479e+00 2.958616585557654190e+10
6.723159775606144528e+00 2.955290183845691299e+10
6.750052414708568094e+00 2.900111997288181305e+10
6.777052624367403411e+00 2.803737425928382874e+10
6.804160834864871887e+00 2.798887776322334671e+10
6.831377478204331055e+00 2.740923324390422821e+10
6.858702988117148180e+00 2.739870992970396805e+10
6.886137800069615622e+00 2.681496464033192444e+10
6.913682351269895499e+00 2.625413060923574829e+10
6.941337080674975013e+00 2.602064208244508362e+10
6.969102428997675069e+00 2.567313666807723236e+10
6.996978838713665994e+00 2.538846328956298065e+10
7.024966754068519670e+00 2.508923030559925842e+10
7.053066621084793653e+00 2.468299445632567978e+10
7.081278887569133929e+00 2.428289452090551758e+10
7.109604003119409654e+00 2.367215803375440598e+10
7.138042419131887861e+00 2.368117287449670410e+10
7.166594588808414379e+00 2.336503105233991623e+10
7.195260967163648047e+00 2.291192200372525406e+10
7.224042011032302923e+00 2.255950844550882339e+10
7.252938179076432235e+00 2.224465603251465607e+10
7.281949931792737196e+00 2.206298946525169754e+10
7.311077731519908696e+00 2.167879891811749268e+10
7.340322042445988515e+00 2.133593196184715652e+10
7.369683330615771411e+00 2.097987356956414795e+10
7.399162063938235612e+00 2.099099991444558334e+10
7.428758712193988423e+00 2.031659836927305222e+10
7.458473747042765112e+00 2.033430059815436554e+10
7.488307642030935796e+00 1.998592179771172333e+10
7.518260872599060285e+00 1.954321908286443329e+10
7.548333916089456253e+00 1.952719992888085556e+10
7.578527251753813587e+00 1.897832140895683289e+10
7.608841360760829176e+00 1.850468921114291382e+10
7.639276726203872769e+00 1.849288756748309708e+10
7.669833833108687493e+00 1.810120761658946609e+10
7.700513168441122325e+00 1.796437046519987869e+10
7.731315221114887670e+00 1.757993506884526062e+10
7.762240481999347352e+00 1.726672240491217804e+10
7.793289443927344351e+00 1.712320721905700874e+10
7.824462601703054077e+00 1.698388296556620216e+10
7.855760452109866065e+00 1.662186601628170776e+10
7.887183493918306532e+00 1.617170006468134689e+10
7.918732227893980458e+00 1.607737730202015114e+10
7.950407156805555431e+00 1.583512127003498459e+10
7.982208785432777454e+00 1.539711175513875389e+10
8.014137620574508958e+00 1.540715684467882919e+10
8.046194171056805899e+00 1.500056773480311394e+10
8.078378947741034821e+00 1.481281104375429344e+10
8.110692463531997021e+00 1.451742459056929207e+10
8.143135233386125549e+00 1.441640914567422295e+10
8.175707774319670662e+00 1.426341602927659607e+10
8.208410605416949224e+00 1.385683192875417328e+10
8.241244247838615422e+00 1.383078548991068649e+10
8.274209224829968790e+00 1.343671659011111832e+10
8.307306061729288871e+00 1.337845036227807426e+10
8.340535285976207192e+00 1.308681664124372292e+10
8.373897427120111203e+00 1.280300133912965584e+10
8.407393016828594412e+00 1.280865534169841576e+10
8.441022588895906509e+00 1.248983568467488670e+10
8.474786679251490540e+00 1.244188346688493156e+10
8.508685825968495209e+00 1.211900056563720894e+10
8.542720569272368891e+00 1.202847883797820282e+10
8.576891451549458978e+00 1.177519030313478851e+10
8.611199017355655627e+00 1.170004720634368706e+10
8.645643813425078150e+00 1.157082928307606888e+10
8.680226388678779159e+00 1.133509216447891617e+10
8.714947294233493125e+00 1.122199399912739372e+10
8.749807083410427566e+00 1.088574763523892212e+10
8.784806311744070229e+00 1.087041423810303307e+10
8.819945536991047774e+00 1.069577070358828163e+10
8.855225319139009343e+00 1.052159076211267471e+10
8.890646220415566958e+00 1.046749228105166626e+10
8.926208805297228821e+00 1.032620292066947365e+10
8.961913640518417878e+00 1.005784534043753624e+10
8.997761295080492161e+00 9.996965228097074509e+09
9.033752340260813085e+00 9.888871814651517868e+09
9.069887349621856387e+00 9.745104476976785660e+09
9.106166899020346150e+00 9.559916331516624451e+09
9.142591566616424359e+00 9.459500292225149155e+09
9.179161932882891506e+00 9.329986498289312363e+09
9.215878580614422333e+00 9.156610262964738846e+09
9.252742094936881045e+00 8.980016531819040298e+09
9.289753063316627646e+00 8.929300428899404526e+09
9.326912075569895322e+00 8.712291830458709717e+09
9.364219723872173162e+00 8.721340774974620819e+09
9.401676602767663482e+00 8.475401863536754608e+09
9.439283309178733816e+00 8.354582113993525505e+09
9.477040442415447075e+00 8.281028531031971931e+09
9.514948604185111236e+00 8.141003728649416924e+09
9.553008398601852136e+00 8.078062278392453194e+09
9.591220432196260859e+00 7.877147766914364815e+09
9.629585313925044687e+00 7.758726447231012344e+09
9.668103655180747324e+00 7.634187818440586090e+09
9.706776069801470896e+00 7.549564775351282120e+09
9.745603174080676112e+00 7.457816788082919121e+09
9.784585586776998412e+00 7.353198868685646057e+09
9.823723929124106746e+00 7.216514071629920959e+09
9.863018824840601440e+00 7.101617757895653725e+09
9.902470900139965337e+00 6.878207578743413925e+09
9.942080783740523842e+00 6.885857118218717575e+09
9.981849106875488431e+00 6.744808737620882988e+09
1.002177650330298952e+01 6.674143197139945030e+09
1.006186360931619994e+01 6.536037612817025185e+09
1.010211106375346723e+01 6.417275537535799980e+09
1.014251950800847979e+01 6.336435176291702271e+09
1.018308958604051284e+01 6.274312970347311020e+09
1.022382194438467451e+01 6.146890690142711639e+09
1.026471723216221399e+01 6.046682442397652626e+09
1.030577610109086173e+01 5.928117678438721657e+09
1.034699920549522467e+01 5.826478483961134911e+09
1.038838720231720458e+01 5.764053682295449257e+09
1.042994075112647501e+01 5.669272501301670074e+09
1.047166051413097954e+01 5.582328643526333809e+09
1.051354715618750468e+01 5.469937607803068161e+09
1.055560134481225454e+01 5.383057679543606758e+09
1.059782375019150358e+01 5.295251366624074936e+09
1.064021504519226902e+01 5.252970752499576569e+09
1.068277590537303823e+01 5.177062812500068665e+09
1.072550700899452991e+01 5.021558980515798569e+09
1.076840903703050856e+01 4.961748683991866112e+09
1.081148267317863088e+01 4.899704801873159409e+09
1.085472860387134553e+01 4.904604870325732231e+09
1.089814751828683015e+01 4.704123372603030205e+09
1.094174010835997635e+01 4.675779599887589455e+09
1.098550706879341909e+01 4.553861176575507164e+09
1.102944909706859100e+01 4.502504322585481644e+09
1.107356689345686540e+01 4.455958910739753723e+09
1.111786116103069233e+01 4.368508955248138428e+09
1.116233260567481622e+01 4.321920690681397438e+09
1.120698193609751492e+01 4.203977662001207829e+09
1.125180986384190440e+01 4.180355665847757816e+09
1.129681710329727373e+01 4.099824541666128159e+09
1.134200437171046083e+01 4.055820059995588779e+09
1.138737238919730466e+01 3.993178027258968353e+09
1.143292187875409383e+01 3.895084000462730885e+09
1.147865356626910938e+01 3.860217209380405903e+09
1.152456818053418530e+01 3.775508360932752609e+09
1.157066645325632237e+01 3.720077240345211983e+09
1.161694911906934635e+01 3.652700948586399078e+09
1.166341691554562487e+01 3.628228423966921329e+09
1.171007058320780736e+01 3.559054272413486481e+09
1.175691086554063958e+01 3.466147075605987549e+09
1.180393850900279951e+01 3.453560122481239319e+09
1.185115426303881137e+01 3.371412931548389435e+09
1.189855888009096674e+01 3.358363595806652069e+09
1.194615311561133097e+01 3.302344038575026035e+09
1.199393772807377623e+01 3.246243638127865791e+09
1.204191347898607134e+01 3.199190691652738094e+09
1.209008113290201614e+01 3.153209513727286339e+09
1.213844145743362368e+01 3.092802684675655365e+09
1.218699522326335938e+01 3.060236896141992092e+09
1.223574320415641381e+01 3.002815146344947338e+09
1.228468617697303777e+01 2.985664573527577400e+09
1.233382492168093059e+01 2.898075828303111553e+09
1.238316022136765504e+01 2.868367606552383423e+09
1.243269286225312520e+01 2.779048501346351147e+09
1.248242363370213859e+01 2.799305155754435539e+09
1.253235332823694748e+01 2.727918462906760216e+09
1.258248274154989410e+01 2.703304719676376343e+09
1.263281267251609385e+01 2.668384182445624352e+09
1.268334392320615756e+01 2.601150698523191452e+09
1.273407729889898299e+01 2.610339574214503288e+09
1.278501360809457665e+01 2.516189630709712982e+09
1.283615366252695544e+01 2.476199358122133255e+09
1.288749827717706253e+01 2.477146147911485195e+09
1.293904827028577031e+01 2.397204859036195278e+09
1.299080446336691352e+01 2.395090133113957405e+09
1.304276768122038099e+01 2.342426719923157692e+09
1.309493875194526424e+01 2.314207304870982170e+09
1.314731850695304693e+01 2.265930924392806530e+09
1.319990778098085649e+01 2.233204932807973385e+09
1.325270741210477965e+01 2.200423088652348995e+09
1.330571824175319939e+01 2.160877321118187904e+09
1.335894111472021173e+01 2.124962048724415779e+09
1.341237687917909227e+01 2.113958213165128469e+09
1.346602638669580898e+01 2.056011145325392246e+09
1.351989049224258999e+01 2.051759247023926497e+09
1.357397005421156067e+01 2.000909830191998005e+09
1.362826593442840917e+01 1.975963521518422365e+09
1.368277899816612297e+01 1.952473895650210857e+09
1.373751011415878942e+01 1.898728272341979027e+09
1.379246015461542463e+01 1.897579655112452745e+09
1.384762999523388416e+01 1.850531689996817350e+09
1.390302051521481808e+01 1.850084163168816566e+09
1.395863259727567751e+01 1.807797555476138592e+09
1.401446712766477987e+01 1.772909926649176598e+09
1.407052499617543972e+01 1.769771263058936119e+09
1.412680709616014063e+01 1.706528180404565573e+09
1.418331432454478147e+01 1.672368912596731424e+09
1.424004758184296193e+01 1.672763072214738607e+09
1.429700777217033369e+01 1.661114560878766060e+09
1.435419580325901379e+01 1.607954730405598879e+09
1.441161258647204946e+01 1.601980347968661070e+09
1.446925903681793812e+01 1.551148244275894642e+09
1.452713607296521126e+01 1.554343193467575550e+09
1.458524461725707155e+01 1.524721836645440102e+09
1.464358559572609764e+01 1.483023714480174541e+09
1.470215993810900557e+01 1.460077503100346327e+09
1.476096857786143879e+01 1.464744023116801023e+09
1.482001245217288599e+01 1.437143963907922745e+09
1.487929250198157760e+01 1.408154348111770391e+09
1.493880967198950316e+01 1.384916539718413353e+09
1.499856491067746056e+01 1.362135336698778629e+09
1.505855917032016933e+01 1.351504355898504496e+09
1.511879340700144958e+01 1.325071071162395716e+09
1.517926858062945605e+01 1.301292096330190897e+09
1.523998565495197433e+01 1.290342802244365931e+09
1.530094559757178274e+01 1.259167397013297558e+09
1.536214937996206764e+01 1.238593864355418921e+09
1.542359797748191674e+01 1.221703059228518963e+09
1.548529236939184450e+01 1.210479233688832760e+09
1.554723353886941339e+01 1.180873309233946323e+09
1.560942247302489072e+01 1.177079828970532656e+09
1.567186016291699069e+01 1.152670466996376514e+09
1.573454760356865556e+01 1.127556002016614199e+09
1.579748579398293096e+01 1.123068900740104198e+09
1.586067573715886247e+01 1.100489554421783924e+09
1.592411844010749888e+01 1.090857528537080288e+09
1.598781491386792730e+01 1.053666061048273206e+09
1.605176617352340074e+01 1.051277041212060809e+09
1.611597323821749228e+01 1.028994877517690778e+09
1.618043713117036120e+01 1.010649653297291517e+09
1.624515887969504391e+01 9.943994133927339315e+08
1.631013951521382310e+01 9.927891341633530855e+08
1.637538007327468037e+01 9.797314378113049269e+08
1.644088159356778078e+01 9.635455520231040716e+08
1.650664511994205341e+01 9.393850001778843403e+08
1.657267170042182158e+01 9.211613215221498013e+08
1.663896238722350418e+01 9.057372012372741699e+08
1.670551823677240222e+01 9.010327880561923981e+08
1.677234030971949608e+01 8.928573520668289661e+08
1.683942967095837062e+01 8.718260619654499292e+08
1.690678738964220429e+01 8.596169397125263214e+08
1.697441453920077237e+01 8.492967269237872362e+08
1.704231219735757108e+01 8.457686520647523403e+08
1.711048144614700561e+01 8.109424647751275301e+08
1.717892337193159236e+01 8.095665090758112669e+08
1.724763906541932101e+01 7.864816194398751259e+08
1.731662962168099895e+01 7.785874595340362787e+08
1.738589614016772344e+01 7.698187468434523344e+08
1.745543972472839300e+01 7.651429617497234344e+08
1.752526148362730751e+01 7.494098819498902559e+08
1.759536252956181812e+01 7.328222044201176167e+08
1.766574397968006238e+01 7.214466596378645897e+08
1.773640695559878466e+01 7.132672617556431293e+08
1.780735258342117433e+01 7.064720119857798815e+08
1.787858199375486024e+01 6.989575172834752798e+08
1.795009632172988034e+01 6.800698199912855625e+08
1.802189670701679702e+01 6.752986890369967222e+08
1.809398429384486562e+01 6.634297100154349804e+08
1.816636023102024211e+01 6.380557673537728786e+08
1.823902567194432578e+01 6.463430548774465322e+08
1.831198177463210186e+01 6.352408360498828888e+08
1.838522970173062987e+01 6.233378785809701681e+08
1.845877062053754969e+01 6.168409929087779522e+08
1.853260570301970134e+01 5.966272660030629635e+08
1.860673612583178027e+01 5.859559336684446335e+08
1.868116307033510637e+01 5.831917435114084482e+08
1.875588772261644976e+01 5.733119882806210518e+08
1.883091127350691352e+01 5.713022474111284018e+08
1.890623491860094063e+01 5.586037276002120972e+08
1.898185985827534594e+01 5.471802629009157419e+08
1.905778729770844748e+01 5.486040008224393129e+08
1.913401844689928311e+01 5.412743492064080238e+08
1.921055452068688041e+01 5.172950276657967567e+08
1.928739673876962968e+01 5.195907377801901102e+08
1.936454632572470658e+01 5.130087427156102657e+08
1.944200451102760141e+01 4.957840407493580580e+08
1.951977252907171589e+01 5.012780808912709355e+08
1.959785161918800256e+01 4.819570218429360390e+08
1.967624302566475691e+01 4.790000063752487302e+08
1.991079942767366973e+01 4.593631713113689423e+08
