# Wavelength (micrometer), Flux (W / m2 / m)
1.000553076518779783e-01 6.796845913026677445e+05
1.004555288824854897e-01 2.108862006021231357e-12
1.008573509980154326e-01 3.059914882550407718e-12
1.012607804020075053e-01 3.223758343604167857e-12
1.016658235236155422e-01 3.858569453984994978e-12
1.020724868177099870e-01 1.813554051155829868e-09
1.024807767649808382e-01 2.586086209164237370e-10
1.028906998720407612e-01 1.386799887774857298e-11
1.033022626715289355e-01 3.718604022814396090e-09
1.037154717222150413e-01 1.213887868846805549e-11
1.041303336091038839e-01 1.595557666207390934e-11
1.045468549435403099e-01 1.337370918037852332e-10
1.049650423633144702e-01 2.646816195261597696e-12
1.053849025327677214e-01 4.551695999602583841e-10
1.058064421428987906e-01 9.808563671739905169e-12
1.062296679114703990e-01 7.569693010192315888e-10
1.066545865831162732e-01 2.864397808345681084e-10
1.070812049294487533e-01 9.679947446416569080e-11
1.075095297491665408e-01 1.519668104029095641e-08
1.079395678681632220e-01 1.378093215128094342e-10
1.083713261396358624e-01 6.999255160817582453e-09
1.088048114441943909e-01 2.327929705349817238e-09
1.092400306899711654e-01 9.358688815431763872e-07
1.096769908127310511e-01 4.241658038161778411e-09
1.101156987759819850e-01 5.605749312164133643e-09
1.105561615710859147e-01 4.820243939633971409e-07
1.109983862173702651e-01 1.193416417000746158e-07
1.114423797622397516e-01 2.239531957886895226e-08
1.118881492812886930e-01 4.698889364864084773e-09
1.123357018784138517e-01 2.441642435589151831e-08
1.127850446859275102e-01 2.055081721085173842e-05
1.132361848646712132e-01 8.147255843002099715e-06
1.136891296041298988e-01 6.074067468322951793e-06
1.141438861225464035e-01 7.403637746135687118e-06
1.146004616670366072e-01 5.440308687321222942e-06
1.150588635137047705e-01 5.203372083772897737e-06
1.155190989677595953e-01 3.099097791011980260e-06
1.159811753636306314e-01 9.488973683744594953e-06
1.164451000650851553e-01 1.865025737526579220e-06
1.169108804653455069e-01 2.044249896773899697e-06
1.173785239872068981e-01 6.334265082910403540e-06
1.178480380831557206e-01 1.170395360500528827e-05
1.183194302354883543e-01 9.440770869604331314e-06
1.187927079564302935e-01 7.680716576673950438e-07
1.192678787882560099e-01 1.288053658891106008e-06
1.197449503034090645e-01 8.523413647392491618e-07
1.202239301046226783e-01 3.675441128426493348e-08
1.207048258250411760e-01 3.695539870458767677e-07
1.211876451283413342e-01 1.647360240109311534e-07
1.216723957088547137e-01 2.860974376137151291e-08
1.221590852916901310e-01 7.061001042745862272e-07
1.226477216328568792e-01 2.169384854879226810e-06
1.231383125193883099e-01 3.213718527047054517e-08
1.236308657694658586e-01 5.089508585755299332e-07
1.241253892325437369e-01 3.311099068869647090e-07
1.246218907894739159e-01 2.027503033307574254e-08
1.251203783526317892e-01 2.443410449560197284e-07
1.256208598660423226e-01 3.140664219660724416e-06
1.261233433055065078e-01 1.281582886596021197e-06
1.266278366787285392e-01 3.391382679774587280e-08
1.271343480254434610e-01 3.290580392029304284e-06
1.276428854175452321e-01 1.077711564007465208e-06
1.281534569592154005e-01 1.995487779190398210e-07
1.286660707870522780e-01 1.752047486318932053e-06
1.291807350702004475e-01 3.743341271576377240e-06
1.296974580104812425e-01 4.417088112140209889e-06
1.302162478425231973e-01 1.443015527734055912e-08
1.307371128338932764e-01 1.160750792071261493e-06
1.312600612852288795e-01 1.950034682156592876e-05
1.317851015303697915e-01 4.783904595917187493e-07
1.323122419364912705e-01 6.389581504455044332e-06
1.328414909042372472e-01 1.329912120485654991e-05
1.333728568678542170e-01 4.586565019879118243e-06
1.339063482953256612e-01 7.556789145197302899e-08
1.344419736885069383e-01 5.399253025590030742e-06
1.349797415832609815e-01 1.011250359915427115e-05
1.355196605495940232e-01 6.449037286820391588e-06
1.360617391917924301e-01 1.080789776625946572e-05
1.366059861485595939e-01 1.897631028736794312e-06
1.371524100931538481e-01 7.550687607552977167e-08
1.377010197335264696e-01 5.633484589183501470e-07
1.382518238124605670e-01 9.075977007586231982e-05
1.388048311077104136e-01 1.913424251522454660e-05
1.393600504321412248e-01 6.909891746909514998e-07
1.399174906338697677e-01 4.294307183392004965e-07
1.404771605964052761e-01 4.333036558805663380e-05
1.410390692387908651e-01 4.347082762559686549e-06
1.416032255157460562e-01 1.420201374256501771e-04
1.421696384178090522e-01 7.730533800537496495e-08
1.427383169714803168e-01 2.133399981874633278e-05
1.433092702393662099e-01 1.711373020169708326e-03
1.438825073203236771e-01 9.910215538952358270e-05
1.444580373496049674e-01 9.444690876819466369e-04
1.450358694990033503e-01 6.602218175372937556e-05
1.456160129769993872e-01 2.212840149749983019e-03
1.461984770289073976e-01 6.074960073349253663e-03
1.467832709370230082e-01 3.793053500096414698e-04
1.473704040207710897e-01 2.320434450956385640e-03
1.479598856368541382e-01 1.224852428995941901e-05
1.485517251794015725e-01 7.579376919024410257e-04
1.491459320801191979e-01 2.153828780886457919e-03
1.497425158084396690e-01 2.960028772368965299e-04
1.503414858716734248e-01 1.558935025496358158e-02
1.509428518151600951e-01 7.713461760801699867e-04
1.515466232224207677e-01 4.196983924728063284e-06
1.521528097153104220e-01 5.759503125193711400e-05
1.527614209541716672e-01 4.008793003884480413e-08
1.533724666379883694e-01 4.424269296019003970e-08
1.539859565045403056e-01 1.018372770353408743e-08
1.546019003305584838e-01 5.344894349870028706e-11
1.552203079318807133e-01 4.558489655831339735e-10
1.558411891636082569e-01 3.421639466631183086e-10
1.564645539202626778e-01 2.333148171254654906e-10
1.570904121359437411e-01 6.762743470416160673e-10
1.577187737844875093e-01 2.299038238181839820e-10
1.583496488796254653e-01 9.251655421164687826e-10
1.589830474751439959e-01 2.847481705302637489e-09
1.596189796650445414e-01 7.084678658725615366e-10
1.602574555837047166e-01 1.022522920540852334e-09
1.608984854060395708e-01 2.132214570213654870e-09
1.615420793476636807e-01 1.882681155051836341e-09
1.621882476650543525e-01 2.563978339521072475e-09
1.628370006557145755e-01 2.713259217473489766e-09
1.634883486583374457e-01 3.990300775481133742e-09
1.641423020529707844e-01 5.863171665373088238e-09
1.647988712611826723e-01 6.539183389395920504e-09
1.654580667462274002e-01 3.689403977639401114e-09
1.661198990132123077e-01 1.196783282338411600e-08
1.667843786092651215e-01 1.371391705469987690e-08
1.674515161237022098e-01 2.835053623225750406e-08
1.681213221881969755e-01 1.030126201753623382e-07
1.687938074769497754e-01 4.365613821351643396e-08
1.694689827068575905e-01 8.741047453141812283e-07
1.701468586376850278e-01 3.744816610670845253e-07
1.708274460722357391e-01 4.769724299064457296e-07
1.715107558565246715e-01 6.550248713793747141e-07
1.721967988799507909e-01 5.096296738224640384e-07
1.728855860754705820e-01 1.153368615198084388e-06
1.735771284197724640e-01 5.143153310946340344e-07
1.742714369334515678e-01 3.026812985468358992e-07
1.749685226811853456e-01 4.911405535933435774e-06
1.756683967719100681e-01 9.059114772671773804e-07
1.763710703589977391e-01 1.291178979948442125e-05
1.770765546404337309e-01 2.255779860919923885e-05
1.777848608589954471e-01 1.211817459793534454e-06
1.784960003024314568e-01 4.252666426366910038e-05
1.792099843036411844e-01 2.342155598716519010e-05
1.799268242408557650e-01 2.198223302497741052e-05
1.806465315378191772e-01 2.426851343383883662e-04
1.813691176639704306e-01 5.717001974207161628e-06
1.820945941346263086e-01 5.232426387578214866e-05
1.828229725111648329e-01 5.454383287000824296e-04
1.835542644012094771e-01 2.797037449472085206e-06
1.842884814588143239e-01 1.376510565738564128e-04
1.850256353846495561e-01 2.482525159087076161e-03
1.857657379261881403e-01 2.203637972591489689e-05
1.865088008778928996e-01 1.742684750400107273e-03
1.872548360814044743e-01 3.637792112589807963e-04
1.880038554257300876e-01 3.106505708894778781e-05
1.887558708474330049e-01 3.087520687871800167e-03
1.895108943308226879e-01 3.869058772211789936e-04
1.902689379081460019e-01 8.218219201613037920e-05
1.910300136597785636e-01 1.035557983634703347e-02
1.917941337144176972e-01 4.602851210196016226e-04
1.925613102492753359e-01 1.504040712263943463e-03
1.933315554902724498e-01 1.612755192851065070e-02
1.941048817122335568e-01 3.276900145569640668e-03
1.948813012390824828e-01 2.195778200533152810e-03
1.956608264440388156e-01 3.897193191486361674e-02
1.964434697498149418e-01 1.467983290169219777e-03
1.972292436288141937e-01 6.110327899956710315e-03
1.980181606033294406e-01 1.592958761841374582e-02
1.988102332457427346e-01 3.810090800165233035e-03
1.996054741787257336e-01 2.747580095562541288e-03
2.004038960754406518e-01 3.555822092353519513e-03
2.012055116597424309e-01 3.268287811075770710e-03
2.020103337063813842e-01 3.815046080280120547e-03
2.028183750412069219e-01 5.079005710200011799e-03
2.036296485413717494e-01 2.415133296817470639e-03
2.044441671355372303e-01 1.460628393225478928e-03
2.052619438040793887e-01 4.372652149157611051e-03
2.060829915792957157e-01 2.712790228646773470e-03
2.069073235456129201e-01 2.692620186882258970e-03
2.077349528397953449e-01 3.255655799943578486e-03
2.085658926511545219e-01 4.944659305665554186e-03
2.094001562217591150e-01 5.604387870302382849e-03
2.102377568466461677e-01 5.086231833496532295e-03
2.110787078740327671e-01 3.548615129643109805e-03
2.119230227055288740e-01 6.106954845876064013e-03
2.127707147963510126e-01 7.970923531907170637e-03
2.136217976555363773e-01 1.086028395349878349e-02
2.144762848461585492e-01 4.099574834584242787e-03
2.153341899855431840e-01 1.117837527228525245e-02
2.161955267454853669e-01 1.960309039978554158e-02
2.170603088524672986e-01 2.603827668349064164e-02
2.179285500878772042e-01 1.176204252788775814e-02
2.188002642882286852e-01 1.266101361825042355e-02
2.196754653453815986e-01 3.914510728529555644e-02
2.205541672067631020e-01 2.400915339529568343e-02
2.214363838755901703e-01 1.859313088188688790e-01
2.223221294110925284e-01 2.542453066689428012e-02
2.232114179287369160e-01 5.170814358479478567e-01
2.241042636004518529e-01 1.131790415839426661e-01
2.250006806548536520e-01 1.670062084822153237e+00
2.259006833774730438e-01 2.986588403967776473e-01
2.268042861109829667e-01 6.395100540796649913e-01
2.277115032554268836e-01 9.119577912644007966e-01
2.286223492684485714e-01 7.446843742569977387e-01
2.295368386655223802e-01 8.210807167514186489e+00
2.304549860201844658e-01 1.459144750526621959e-01
2.313768059642651864e-01 3.623819971513202454e+00
2.323023131881222503e-01 1.808605113959224742e+00
2.332315224408747223e-01 8.275760910228159517e+00
2.341644485306381973e-01 1.720506632350150511e+01
2.351011063247607502e-01 6.439519558331370241e-01
2.360415107500598020e-01 3.216492377114136758e+01
2.369856767930600405e-01 4.858274196651586330e-01
2.379336195002322851e-01 3.954058379451440430e+01
2.388853539782332114e-01 1.617868004678175708e+01
2.398408953941461863e-01 3.239460427028959089e+02
2.408002589757227141e-01 3.268124074900270557e+02
2.417634600116256582e-01 1.033793870564499251e+01
2.427305138516721306e-01 5.510295552973586837e+02
2.437014359070788505e-01 1.989840556881725888e+02
2.446762416507071713e-01 2.265904077578585657e+03
2.456549466173099938e-01 3.734990086221062597e+02
2.466375664037792625e-01 9.681213045110843041e+02
2.476241166693943785e-01 5.067698219588909865e+02
2.486146131360719436e-01 2.529082952837677478e+00
2.496090715886161993e-01 1.031822420328479666e+03
2.506075078749706586e-01 4.559560356736146787e+02
2.516099379064705155e-01 9.088382766204872496e+02
2.526163776580964138e-01 4.216570379096392571e+02
2.536268431687287994e-01 3.093198877834260202e+04
2.546413505414037437e-01 2.430959185648343919e+04
2.556599159435693491e-01 1.574938306548908986e+04
2.566825556073435988e-01 1.355164173952264173e+04
2.577092858297729827e-01 1.478047712832132493e+04
2.587401229730920682e-01 7.177399578039861808e+03
2.597750834649844576e-01 2.030466599649106502e+04
2.608141837988444123e-01 1.199170068363359314e+04
2.618574405340398092e-01 1.193509468199271359e+05
2.629048702961759298e-01 4.166500192331084399e+05
2.639564897773606367e-01 4.109637097342286143e+05
2.650123157364701054e-01 4.041167618940095999e+05
2.660723649994159445e-01 2.070153147965978715e+05
2.671366544594135917e-01 3.055212599347139476e+05
2.682052010772512096e-01 3.066134802413044963e+05
2.692780218815602478e-01 1.562349989454129827e+05
2.703551339690865030e-01 5.139371856365770218e+05
2.714365545049627904e-01 2.232191178412742447e+05
2.725223007229827243e-01 1.593898941725568729e+05
2.736123899258746106e-01 3.059264237043779576e+05
2.747068394855781692e-01 2.611175367589315283e+05
2.758056668435204806e-01 9.118370665505806683e+05
2.769088895108945403e-01 2.906427288353447802e+06
2.780165250689380918e-01 2.098997090186822694e+06
2.791285911692138466e-01 2.657992966801922768e+06
2.802451055338907038e-01 1.761406587059484795e+06
2.813660859560263017e-01 1.090068450239890255e+06
2.824915502998503469e-01 4.751647646452173358e+05
2.836215165010497197e-01 1.440878053495257045e+05
2.847560025670539119e-01 7.704124139938149710e+03
2.858950265773221866e-01 2.322544692561064221e+04
2.870386066836315142e-01 3.114687682481792872e+05
2.881867611103660631e-01 1.988899930692197289e+06
2.893395081548075787e-01 5.524475438764885999e+06
2.904968661874267610e-01 9.544688261731239036e+06
2.916588536521764197e-01 1.392017838870167173e+07
2.928254890667851273e-01 1.372447195894872397e+07
2.939967910230522619e-01 1.070278578041429445e+07
2.951727781871444911e-01 6.757931877538537607e+06
2.963534692998930908e-01 9.101762673215143383e+06
2.975388831770926501e-01 9.529317516113642603e+06
2.987290387098009981e-01 1.761444732457649335e+07
2.999239548646402409e-01 1.295009638593782485e+07
3.011236506840988536e-01 3.596881057834182680e+07
3.023281452868351593e-01 7.574608193396721967e+06
3.035374578679824742e-01 5.732077049279872328e+07
3.047516076994544187e-01 5.124165927227179706e+07
3.059706141302522830e-01 7.614409444064541161e+07
3.071944965867733357e-01 1.973651309347638786e+08
3.084232745731204095e-01 2.960021092447072864e+08
3.096569676714128194e-01 2.694706846813054681e+08
3.108955955420985018e-01 4.211654819260051250e+08
3.121391779242668751e-01 4.929397941097124815e+08
3.133877346359639215e-01 6.477819804722713232e+08
3.146412855745078230e-01 8.747234960597012043e+08
3.158998507168058190e-01 8.550820548860542774e+08
3.171634501196730627e-01 1.463693471027582884e+09
3.184321039201517545e-01 1.038427256736422896e+09
3.197058323358323295e-01 8.100760344701541662e+08
3.209846556651756444e-01 1.494395022457892656e+09
3.222685942878363852e-01 1.856085156764471292e+09
3.235576686649877520e-01 1.694831796230310202e+09
3.248518993396476984e-01 2.424607114103529453e+09
3.261513069370062801e-01 2.724428573198573112e+09
3.274559121647543369e-01 3.236138351638078213e+09
3.287657358134133401e-01 3.653256049228269100e+09
3.300807987566670154e-01 2.336216140475193977e+09
3.314011219516936890e-01 5.187362801839757919e+09
3.327267264395004642e-01 5.540091634145855904e+09
3.340576333452584534e-01 7.118957275987275124e+09
3.353938638786395088e-01 6.811910373451074600e+09
3.367354393341540630e-01 7.664662170361999512e+09
3.380823810914907468e-01 8.380045055465373993e+09
3.394347106158566718e-01 8.599332939399972916e+09
3.407924494583201014e-01 8.919920277981367111e+09
3.421556192561533982e-01 7.554899219317179680e+09
3.435242417331779707e-01 3.283734251801698685e+09
3.448983387001106626e-01 4.067822961706339836e+09
3.462779320549111417e-01 5.207255676597840309e+09
3.476630437831307319e-01 3.692497217944842339e+09
3.490536959582632992e-01 3.965841260574089050e+09
3.504499107420963600e-01 1.215513303281827545e+10
3.518517103850647421e-01 1.053497274631354713e+10
3.532591172266050239e-01 1.601057213204504013e+10
3.546721536955114717e-01 2.170004792317296600e+10
3.560908423102934761e-01 9.970276758428287506e+09
3.575152056795346533e-01 5.643501937498608589e+09
3.589452665022527800e-01 1.251999220037903023e+10
3.603810475682617254e-01 1.851551071991476440e+10
3.618225717585348278e-01 1.456962924434920311e+10
3.632698620455689364e-01 1.639911699840971565e+10
3.647229414937512293e-01 1.661292844412499809e+10
3.661818332597261971e-01 3.156989361806125641e+10
3.676465605927651259e-01 1.620525940206990623e+10
3.691171468351361895e-01 1.844568603863344574e+10
3.705936154224767076e-01 7.086639967912235260e+09
3.720759898841666247e-01 1.696214288112478971e+09
3.735642938437032656e-01 1.730490963358650684e+09
3.750585510190780902e-01 3.533041844007147312e+09
3.765587852231543908e-01 1.364358420844380569e+10
3.780650203640470441e-01 3.468818265905390167e+10
3.795772804455032068e-01 2.074357694162841034e+10
3.810955895672852312e-01 2.527169752294814301e+10
3.826199719255543585e-01 6.701949026245039940e+09
3.841504518132565771e-01 1.655216326364405823e+10
3.856870536205096456e-01 3.777480734953088284e+09
3.872298018349916715e-01 1.102359876415270996e+10
3.887787210423316320e-01 8.286575609564077377e+09
3.903338359265008939e-01 1.488394701001353836e+10
3.918951712702069545e-01 1.941575844688011551e+10
3.934627519552877928e-01 2.290646161836542892e+10
3.950366029631089404e-01 5.285171591426438904e+10
3.966167493749613859e-01 4.877951226835192871e+10
3.982032163724612550e-01 7.005768871376051331e+10
3.997960292379510450e-01 7.603425375336611938e+10
4.013952133549028578e-01 7.908492448449699402e+10
4.030007942083224659e-01 8.886858870945243835e+10
4.046127973851557647e-01 5.070069166218080139e+10
4.062312485746963908e-01 5.891040371769026947e+10
4.078561735689951728e-01 6.541677100845182037e+10
4.094875982632711353e-01 6.447208619697521973e+10
4.111255486563242245e-01 7.228616337105459595e+10
4.127700508509495880e-01 5.963939724104475403e+10
4.144211310543532978e-01 4.577514777361914062e+10
4.160788155785707931e-01 4.941277196320890808e+10
4.177431308408850463e-01 2.951312316824882507e+10
4.194141033642486138e-01 2.060887809317490005e+10
4.210917597777056320e-01 6.656373484085706711e+09
4.227761268168164221e-01 8.207085846421680450e+08
4.244672313240837602e-01 8.318640074906023026e+09
4.261651002493800910e-01 1.869923061238212204e+10
4.278697606503775730e-01 2.787812310799098206e+10
4.295812396929790666e-01 3.579389338204083252e+10
4.312995646517510107e-01 3.641107529038844299e+10
4.330247629103580187e-01 4.805096050143930054e+10
4.347568619619994745e-01 4.837468170679926300e+10
4.364958894098474596e-01 4.633751738661212158e+10
4.382418729674867897e-01 4.476979088576131439e+10
4.399948404593567730e-01 4.792373457664824677e+10
4.417548198211941890e-01 5.642902364355049896e+10
4.435218391004789873e-01 4.011044324249827576e+10
4.452959264568808750e-01 4.648061261404728699e+10
4.470771101627084021e-01 4.273065999907091522e+10
4.488654186033592119e-01 4.766452703401015472e+10
4.506608802777726241e-01 5.288615011676298523e+10
4.524635237988837710e-01 5.981870385816526031e+10
4.542733778940792333e-01 5.746140853084014130e+10
4.560904714056555065e-01 5.265452270577262878e+10
4.579148332912781894e-01 6.800108291533218384e+10
4.597464926244433370e-01 3.664439751540080261e+10
4.615854785949410899e-01 6.518563779855927277e+10
4.634318205093208576e-01 3.781562859882048035e+10
4.652855477913582227e-01 5.319109343197784424e+10
4.671466899825236219e-01 5.759456955593321991e+10
4.690152767424536906e-01 6.165017829376318359e+10
4.708913378494234969e-01 8.134935977202600098e+10
4.727749032008212171e-01 6.437431877725124359e+10
4.746660028136244769e-01 7.698940178385513306e+10
4.765646668248789131e-01 4.627298290552407837e+10
4.784709254921784560e-01 4.098452158070190430e+10
4.803848091941470555e-01 6.773471976362831116e+10
4.823063484309236815e-01 6.455170235810019684e+10
4.842355738246474361e-01 8.235189371644085693e+10
4.861725161199459966e-01 6.768504720643983459e+10
4.881172061844257226e-01 9.904070132431089783e+10
4.900696750091634302e-01 9.202842125694923401e+10
4.920299537092001074e-01 1.149491907339289093e+11
4.939980735240369625e-01 1.395707282602570496e+11
4.959740658181330253e-01 7.407853409981800842e+10
4.979579620814056362e-01 1.012378006250659180e+11
4.999497939297311566e-01 9.404242618752603149e+10
5.019495931054501758e-01 7.166850198842442322e+10
5.039573914778719965e-01 1.011457158235171051e+11
5.059732210437835054e-01 7.404270603763539124e+10
5.079971139279585435e-01 8.353226258483241272e+10
5.100291023836703852e-01 6.850782772448357391e+10
5.120692187932051054e-01 6.455197619526647186e+10
5.141174956683780550e-01 6.434410669940169525e+10
5.161739656510514473e-01 5.377190611304433441e+10
5.182386615136556074e-01 3.804487525001788330e+10
5.203116161597103329e-01 5.808432101084079742e+10
5.223928626243490303e-01 8.069401104990902710e+10
5.244824340748465152e-01 5.876107451927301788e+10
5.265803638111459239e-01 6.654861616193819427e+10
5.286866852663905103e-01 5.677076990380892944e+10
5.308014320074561088e-01 6.926413666926791382e+10
5.329246377354859288e-01 5.470392361856372833e+10
5.350563362864277916e-01 5.406410824728115845e+10
5.371965616315735881e-01 3.914048684496086884e+10
5.393453478780998456e-01 4.407572209172753143e+10
5.415027292696121819e-01 4.143537801889396667e+10
5.436687401866906466e-01 4.229042434142341614e+10
5.458434151474373941e-01 2.991138804754759598e+10
5.480267888080271321e-01 3.522110185456671906e+10
5.502188959632591247e-01 3.831516783283504486e+10
5.524197715471121928e-01 4.275437968499417114e+10
5.546294506333006025e-01 4.937177433615737915e+10
5.568479684358338400e-01 4.377369808099906921e+10
5.590753603095770519e-01 3.582678852874691010e+10
5.613116617508153716e-01 2.656741859284553146e+10
5.635569083978186899e-01 1.904404036069519806e+10
5.658111360314097560e-01 2.542703603655133820e+10
5.680743805755354980e-01 2.170373596419004440e+10
5.703466780978375672e-01 2.716230819832096100e+10
5.726280648102289872e-01 2.944277906069717026e+10
5.749185770694699160e-01 3.400744356161703110e+10
5.772182513777477375e-01 3.165742145251540756e+10
5.795271243832587071e-01 4.312657656874888611e+10
5.818452328807918184e-01 4.415698471204540253e+10
5.841726138123150003e-01 3.928135550492318726e+10
5.865093042675643131e-01 2.671390474725250244e+10
5.888553414846344758e-01 7.535469189919363022e+09
5.912107628505729462e-01 1.553710500118559837e+10
5.935756059019753339e-01 2.032999762179370499e+10
5.959499083255832552e-01 1.958385183002688599e+10
5.983337079588855190e-01 2.399440227050829315e+10
6.007270427907210886e-01 2.712191322217264938e+10
6.031299509618840426e-01 3.382250408529938507e+10
6.055424707657315331e-01 4.319293420949803162e+10
6.079646406487945187e-01 5.474763332219705963e+10
6.103964992113897203e-01 6.424704843528328705e+10
6.128380852082353503e-01 7.723975922062911987e+10
6.152894375490681744e-01 6.651464975930979919e+10
6.177505952992645710e-01 4.259885550173518372e+10
6.202215976804615893e-01 3.346780822181013870e+10
6.227024840711834486e-01 2.407825075886765671e+10
6.251932940074681477e-01 2.888711098445383453e+10
6.276940671834980723e-01 3.204724969951698303e+10
6.302048434522321552e-01 4.141780636534414673e+10
6.327256628260409244e-01 5.541725077259931183e+10
6.352565654773452142e-01 6.772159487542927551e+10
6.377975917392545435e-01 8.386381379791406250e+10
6.403487821062116003e-01 1.218988690300640259e+11
6.429101772346363930e-01 1.305330590629222870e+11
6.454818179435749537e-01 1.618477953583646851e+11
6.480637452153492628e-01 1.709279398791649170e+11
6.506560001962106154e-01 1.863168422906025391e+11
6.532586241969955410e-01 2.180673522669225159e+11
6.558716586937833881e-01 1.350775197062842865e+11
6.584951453285585732e-01 1.170611145532220154e+11
6.611291259098727169e-01 8.949350259421427917e+10
6.637736424135122215e-01 6.956050967925068665e+10
6.664287369831662922e-01 6.438823891606083679e+10
6.690944519310989547e-01 6.163418896386048889e+10
6.717708297388232941e-01 6.325607605570281982e+10
6.744579130577786907e-01 6.981699731257514954e+10
6.771557447100098326e-01 9.136981944356520081e+10
6.798643676888498355e-01 9.240106791572045898e+10
6.825838251596052508e-01 1.122681023611987457e+11
6.853141604602436265e-01 1.141063915005439606e+11
6.880554171020846210e-01 1.052203933238820038e+11
6.908076387704928933e-01 1.283177117732340088e+11
6.935708693255748791e-01 1.654015722030398254e+11
6.963451528028771209e-01 2.311142619131345825e+11
6.991305334140887062e-01 2.599370207734509888e+11
7.019270555477450380e-01 2.879326105428310547e+11
7.047347637699360456e-01 3.222943436369426880e+11
7.075537028250157290e-01 2.511589802102303772e+11
7.103839176363159202e-01 2.089380680615038757e+11
7.132254533068611568e-01 1.805204607784547729e+11
7.160783551200886610e-01 2.006578829526655273e+11
7.189426685405689854e-01 2.177603948066569824e+11
7.218184392147313222e-01 2.101201906042160645e+11
7.247057129715901436e-01 2.617040928649576416e+11
7.276045358234763949e-01 2.991919972586215820e+11
7.305149539667704639e-01 3.761278639218887939e+11
7.334370137826373703e-01 4.453801640705573730e+11
7.363707618377679509e-01 4.842260736969953003e+11
7.393162448851190449e-01 4.933519732892017212e+11
7.422735098646596752e-01 5.155245938075781250e+11
7.452426039041182282e-01 4.916932058631064453e+11
7.482235743197346300e-01 5.596160392599910889e+11
7.512164686170136330e-01 5.631759335097520752e+11
7.542213344914817652e-01 6.420173313968654785e+11
7.572382198294477229e-01 6.554834013883737793e+11
7.602671727087656484e-01 6.107664910915721436e+11
7.633082413996006288e-01 5.666311269810917969e+11
7.663614743651989691e-01 2.426468795049960022e+11
7.694269202626597970e-01 2.774444670149197998e+11
7.725046279437104424e-01 4.519760263580665283e+11
7.755946464554852593e-01 4.586607840580977783e+11
7.786970250413072225e-01 4.516950465753450317e+11
7.818118131414724115e-01 5.301414459815250244e+11
7.849390603940383793e-01 3.483673667635447388e+11
7.880788166356144098e-01 4.326454653771838989e+11
7.912311319021569922e-01 3.498064032129688721e+11
7.943960564297655180e-01 3.963894360915950317e+11
7.975736406554845281e-01 3.714682202825289307e+11
8.007639352181065151e-01 4.297446052634074097e+11
8.039669909589789443e-01 5.198950155724698486e+11
8.071828589228148276e-01 6.663869259385222168e+11
8.104115903585061842e-01 7.800707331369373779e+11
8.136532367199402760e-01 9.848288638270133057e+11
8.169078496668199518e-01 1.067482626876692627e+12
8.201754810654874328e-01 9.188278737610501709e+11
8.234561829897493190e-01 1.003684249184455933e+12
8.267500077217083687e-01 9.835660951722537842e+11
8.300570077525952772e-01 8.462759503750592041e+11
8.333772357836056743e-01 9.495289166859439697e+11
8.367107447267401188e-01 9.129848952864865723e+11
8.400575877056470908e-01 9.497830991962471924e+11
8.434178180564695371e-01 7.035384583718981934e+11
8.467914893286955236e-01 4.501356548310217896e+11
8.501786552860102208e-01 4.962163301441359863e+11
8.535793699071543283e-01 4.940850451260000000e+11
8.569936873867830540e-01 5.599584650085255127e+11
8.604216621363300899e-01 6.386291216874539795e+11
8.638633487848753623e-01 7.519811316027510986e+11
8.673188021800150027e-01 8.284142490499628906e+11
8.707880773887352044e-01 9.016694552364953613e+11
8.742712296982900755e-01 1.001781452395170776e+12
8.777683146170831563e-01 1.180620884502993164e+12
8.812793878755513788e-01 1.315172962167835205e+12
8.848045054270535781e-01 1.428118185026375488e+12
8.883437234487617795e-01 1.126583227194658203e+12
8.918970983425568155e-01 1.421349988278816895e+12
8.954646867359271623e-01 1.174239276030760986e+12
8.990465454828707736e-01 1.374451278271286377e+12
9.026427316648023558e-01 1.312694983447680664e+12
9.062533025914615292e-01 1.386918015297602783e+12
9.098783158018273198e-01 1.490932133945072266e+12
9.135178290650346478e-01 1.546422979514623291e+12
9.171719003812948134e-01 1.653028608045878662e+12
9.208405879828199803e-01 1.630024699279584961e+12
9.245239503347512100e-01 1.494912014404991211e+12
9.282220461360901620e-01 1.486734711615337891e+12
9.319349343206346781e-01 1.384906907756851074e+12
9.356626740579171431e-01 1.431643901502427490e+12
9.394053247541488405e-01 1.494355843796858643e+12
9.431629460531654185e-01 1.504981361806499268e+12
9.469355978373780180e-01 1.633400930963822754e+12
9.507233402287275092e-01 1.662262152304630859e+12
9.545262335896426142e-01 1.730702223395086182e+12
9.583443385240012491e-01 1.745820275840889160e+12
9.621777158780971950e-01 1.768548218519259521e+12
9.660264267416096562e-01 1.810062371874620605e+12
9.698905324485760371e-01 1.854384484892385010e+12
9.737700945783701600e-01 1.611810952167806152e+12
9.776651749566835914e-01 1.629078683445284912e+12
9.815758356565105203e-01 1.565132325916333252e+12
9.855021389991363012e-01 1.562895034260816406e+12
9.894441475551331022e-01 1.569188724210898926e+12
9.934019241453534432e-01 1.292658138308622070e+12
9.973755318419349480e-01 1.448091663750914307e+12
1.001365033969302543e+00 1.455454518593673584e+12
1.005370494105179757e+00 1.460018472606690918e+12
1.009391976081600362e+00 1.537816818423541504e+12
1.013429543985926884e+00 1.647722569863129150e+12
1.017483262161870350e+00 1.635242501800819092e+12
1.021553195210518128e+00 1.717315025356933105e+12
1.025639407991360219e+00 1.689348689702412598e+12
1.029741965623325539e+00 1.698673687780299316e+12
1.033860933485818867e+00 1.786815596191262207e+12
1.037996377219762012e+00 1.886719403853705322e+12
1.042148362728641198e+00 1.923245161281090820e+12
1.046316956179555557e+00 2.000348462937280273e+12
1.050502224004274066e+00 1.973232671394007324e+12
1.054704232900291139e+00 2.001126159571691895e+12
1.058923049831892227e+00 1.964129370589068115e+12
1.063158742031219628e+00 2.015684439588094482e+12
1.067411376999344741e+00 2.004994230764502197e+12
1.071681022507342096e+00 2.017863094740472900e+12
1.075967746597371377e+00 2.094085852789515381e+12
1.080271617583760779e+00 2.040585170270176758e+12
1.084592704054095913e+00 2.128029894856286865e+12
1.088931074870312044e+00 2.035786974657997070e+12
1.093286799169793433e+00 2.006806564808940186e+12
1.097659946366472461e+00 1.887039036512751953e+12
1.102050586151938294e+00 1.864990391689410400e+12
1.106458788496546219e+00 1.782314751819415039e+12
1.110884623650532532e+00 1.776440821111394043e+12
1.115328162145134749e+00 1.841948451629698486e+12
1.119789474793714934e+00 1.815874626313270752e+12
1.124268632692889902e+00 1.887077007550595459e+12
1.128765707223661430e+00 1.898578787597494873e+12
1.133280770052556230e+00 1.851255919101011719e+12
1.137813893132766374e+00 1.749663820026396240e+12
1.142365148705297484e+00 1.745075340293168213e+12
1.146934609300118479e+00 1.910098737852188477e+12
1.151522347737319096e+00 1.945889421257462646e+12
1.156128437128268516e+00 1.928421824292688232e+12
1.160752950876781542e+00 1.943572323307884521e+12
1.165395962680288999e+00 1.978915191744424561e+12
1.170057546531009907e+00 1.883561639910086182e+12
1.174737776717134086e+00 1.951640976543431641e+12
1.179436727824002773e+00 1.786635028797388672e+12
1.184154474735298557e+00 1.912138352229290039e+12
1.188891092634239977e+00 1.957210429698110596e+12
1.193646657004777012e+00 1.957428497456200928e+12
1.198421243632796118e+00 1.861636724726136230e+12
1.203214928607327261e+00 1.890356989790874023e+12
1.208027788321756724e+00 1.967554306210596680e+12
1.212859899475043468e+00 1.929318790643318848e+12
1.217711339072943710e+00 1.996350277023834473e+12
1.222582184429235275e+00 1.977422624395811279e+12
1.227472513166952384e+00 2.037343764202914795e+12
1.232382403219620226e+00 2.036217545272606689e+12
1.237311932832498407e+00 2.037659293330779541e+12
1.242261180563828615e+00 1.864949473811175293e+12
1.247230225286083849e+00 1.949714750062094727e+12
1.252219146187228072e+00 1.885559793127681396e+12
1.257228022771976983e+00 1.921043767315200928e+12
1.262256934863064783e+00 1.906441612364246094e+12
1.267305962602517155e+00 1.994591536329001465e+12
1.272375186452927354e+00 1.963744593657448486e+12
1.277464687198738957e+00 1.991427022779789062e+12
1.282574545947533950e+00 2.023833780552431152e+12
1.287704844131324133e+00 1.937667243447944092e+12
1.292855663507849417e+00 1.952817408261663330e+12
1.298027086161880783e+00 1.972820284177816162e+12
1.303219194506528344e+00 1.985237996587164795e+12
1.308432071284554521e+00 1.932631081984313721e+12
1.313665799569692760e+00 1.959713439226397705e+12
1.318920462767971591e+00 1.943260113485330566e+12
1.324196144619043336e+00 1.855391883764880615e+12
1.329492929197519491e+00 1.717833350297385986e+12
1.334810900914309650e+00 1.329941660958495605e+12
1.340150144517967101e+00 1.282434078696208008e+12
1.345510745096038852e+00 1.224774778332518555e+12
1.350892788076423212e+00 1.200902370006555420e+12
1.356296359228728932e+00 1.140198305824125977e+12
1.361721544665643879e+00 1.090549129497203369e+12
1.367168430844306393e+00 1.120188686678119385e+12
1.372637104567683730e+00 1.063112491464593506e+12
1.378127652985954299e+00 1.118143693086106201e+12
1.383640163597898098e+00 1.117627425469837646e+12
1.389174724252289828e+00 1.065508250104763672e+12
1.394731423149298877e+00 1.036485539799712524e+12
1.400310348841896202e+00 9.967795123109334717e+11
1.405911590237263642e+00 1.010357445273840210e+12
1.411535236598212784e+00 9.313150346422860107e+11
1.417181377544605603e+00 8.846987010169827881e+11
1.422850103054784210e+00 8.981906713029285889e+11
1.428541503467003038e+00 8.827137966574410400e+11
1.434255669480871243e+00 8.802196218409067383e+11
1.439992692158794885e+00 9.022359387004586182e+11
1.445752662927429988e+00 9.172685307013350830e+11
1.451535673579139596e+00 9.182489064002600098e+11
1.457341816273456159e+00 9.653423284968812256e+11
1.463171183538549913e+00 9.061376818423621826e+11
1.469023868272704147e+00 8.879651721158364258e+11
1.474899963745795128e+00 9.056361431659184570e+11
1.480799563600778246e+00 9.173603030402456055e+11
1.486722761855181485e+00 9.169378435944152832e+11
1.492669652902602007e+00 9.270675761537386475e+11
1.498640331514212276e+00 9.371464794318909912e+11
1.504634892840269300e+00 9.585719029668306885e+11
1.510653432411630304e+00 9.665301269840028076e+11
1.516696046141276843e+00 9.892825142721119385e+11
1.522762830325842032e+00 9.997238019614433594e+11
1.528853881647145307e+00 1.006397344761703369e+12
1.534969297173733649e+00 1.010118572149675781e+12
1.541109174362428780e+00 1.009733237050644531e+12
1.547273611059878373e+00 1.042406602408253418e+12
1.553462705504118135e+00 1.057668800161966919e+12
1.559676556326134556e+00 1.057295572728513062e+12
1.565915262551438980e+00 1.085602011974421143e+12
1.572178923601644795e+00 1.094400153819346802e+12
1.578467639296051495e+00 1.131621508819330811e+12
1.584781509853235626e+00 1.142842861275154785e+12
1.591120635892648405e+00 1.144244887876222900e+12
1.597485118436219098e+00 1.169273344286025391e+12
1.603875058909963958e+00 1.186596555906903564e+12
1.610290559145603595e+00 1.189927460510259033e+12
1.616731721382186127e+00 1.211009207714640869e+12
1.623198648267714761e+00 1.219343357277038574e+12
1.629691442860785600e+00 1.233920525632192871e+12
1.636210208632228769e+00 1.258668387889736572e+12
1.642755049466757766e+00 1.272871385826342285e+12
1.649326069664624805e+00 1.280085972888889404e+12
1.655923373943283039e+00 1.296039165810759277e+12
1.662547067439056336e+00 1.300685375395309082e+12
1.669197255708812611e+00 1.311876037372957031e+12
1.675874044731648027e+00 1.325234508812820312e+12
1.682577540910574321e+00 1.318779783866461182e+12
1.689307851074216771e+00 1.288415559630628174e+12
1.696065082478513508e+00 1.262023902590032715e+12
1.702849342808427480e+00 1.234913211127329834e+12
1.709660740179661298e+00 1.187538702595313965e+12
1.716499383140379864e+00 1.092861393999464600e+12
1.723365380672941427e+00 1.084786901891038330e+12
1.730258842195633306e+00 1.059916551121200073e+12
1.737179877564415831e+00 1.000853693298124512e+12
1.744128597074673603e+00 9.946409347813950195e+11
1.751105111462972097e+00 9.566414455668114014e+11
1.758109531908824241e+00 8.975794748613182373e+11
1.765141970036459451e+00 8.738937576646418457e+11
1.772202537916605314e+00 8.359897066744377441e+11
1.779291348068271716e+00 7.836558313619475098e+11
1.786408513460544745e+00 7.721480592606080322e+11
1.793554147514387020e+00 7.444452600808032227e+11
1.800728364104444257e+00 7.252002751594194336e+11
1.807931277560862249e+00 6.811115755579754639e+11
1.815163002671105641e+00 7.004664961859145508e+11
1.822423654681789795e+00 6.792565116507091064e+11
1.829713349300517100e+00 6.714637826800963135e+11
1.837032202697718830e+00 6.597734275678543701e+11
1.844380331508509885e+00 6.049175428219727783e+11
1.851757852834543527e+00 5.995385094430913086e+11
1.859164884245881888e+00 5.335285784941133423e+11
1.866601543782865358e+00 5.771092897595930176e+11
1.874067949957996859e+00 5.771277586415953369e+11
1.881564221757828781e+00 5.837885579832155762e+11
1.889090478644860127e+00 6.039494335403984375e+11
1.896646840559439662e+00 6.014621126462637939e+11
1.904233427921677269e+00 6.103008896797670898e+11
1.911850361633363971e+00 6.059381945466401367e+11
1.919497763079897279e+00 5.955315751585107422e+11
1.927175754132217200e+00 5.928031698054788818e+11
1.934884457148745796e+00 5.981760653445731201e+11
1.942623994977340729e+00 5.791409551707209473e+11
1.950394490957250149e+00 5.967462900737321777e+11
1.958196068921079336e+00 5.923436277751652832e+11
1.966028853196763793e+00 5.893490509638489990e+11
1.973892968609550991e+00 5.783217052366308594e+11
1.981788540483989447e+00 5.605348887464796143e+11
1.989715694645925126e+00 5.557845034444918213e+11
1.997674557424508723e+00 5.445820494081764526e+11
2.005665255654207169e+00 5.348299036585723267e+11
2.013687916676823786e+00 5.347401404231807251e+11
2.021742668343530891e+00 5.426007832313222046e+11
2.029829639016905052e+00 5.318184676218453369e+11
2.037948957572972564e+00 5.310718954389000854e+11
2.046100753403264694e+00 5.358383743855857544e+11
2.054285156416877811e+00 5.426366228725007935e+11
2.062502297042545507e+00 5.410669510855665283e+11
2.070752306230715600e+00 5.488785332825366211e+11
2.079035315455638244e+00 5.507423680698465576e+11
2.087351456717461140e+00 5.488956567406676025e+11
2.095700862544330967e+00 5.596083671585056152e+11
2.104083665994508134e+00 5.707176718955963135e+11
2.112500000658485977e+00 5.749445575670177002e+11
2.120950000661120161e+00 5.799553794019255371e+11
2.129433800663764753e+00 5.763527025133753662e+11
2.137951535866419839e+00 5.844876632872475586e+11
2.146503342009885351e+00 5.998607849897869873e+11
2.155089355377924676e+00 5.993268695448494873e+11
2.163709712799436691e+00 6.089052174618773193e+11
2.172364551650634468e+00 6.121919191121456299e+11
2.181054009857236853e+00 6.117056583255406494e+11
2.189778225896665376e+00 6.155715745379530029e+11
2.198537338800252705e+00 6.229764663802772217e+11
2.207331488155453325e+00 6.197486950823764648e+11
2.216160814108075083e+00 6.261160123811112061e+11
2.225025457364507631e+00 6.300381118098815918e+11
2.233925559193965515e+00 6.303363781851328125e+11
2.242861261430741493e+00 6.355399619282401123e+11
2.251832706476463830e+00 6.313406169370434570e+11
2.260840037302370042e+00 6.257081927912677002e+11
2.269883397451579299e+00 6.291748176120668945e+11
2.278962931041386142e+00 6.245937949879501953e+11
2.288078782765551100e+00 6.286000406217022705e+11
2.297231097896613505e+00 5.440727770439802246e+11
2.306420022288200311e+00 5.957724212574132080e+11
2.315645702377353121e+00 5.755654696212017822e+11
2.324908285186861878e+00 5.139462713858791504e+11
2.334207918327609654e+00 5.471267338612717285e+11
2.343544750000919663e+00 5.348902066328682251e+11
2.352918929000923143e+00 4.793745051090690308e+11
2.362330604716927240e+00 5.001524628079182739e+11
2.371779927135795329e+00 5.042067392353204956e+11
2.381267046844337987e+00 4.678017901224431763e+11
2.390792115031715070e+00 4.573227475989783936e+11
2.400355283491842240e+00 4.473426520815643311e+11
2.409956704625809465e+00 4.137711939858473511e+11
2.419596531444312859e+00 4.099023079698598022e+11
2.429274917570089620e+00 3.810776249807404175e+11
2.438992017240370291e+00 3.675247610107353516e+11
2.448747985309331465e+00 3.487224582523395386e+11
2.458542977250568917e+00 3.355977136530921631e+11
2.468377149159570738e+00 3.283369315322298584e+11
2.478250657756209563e+00 2.974850287818520508e+11
2.488163660387234355e+00 2.978945239320317993e+11
2.498116315028783063e+00 2.942937789488493042e+11
2.508108780288898387e+00 2.666688729343040466e+11
2.518141215410053757e+00 2.663828281710790405e+11
2.528213780271693967e+00 2.545366498984772644e+11
2.538326635392781139e+00 2.514026474145640259e+11
2.548479941934351789e+00 2.473584390087261047e+11
2.558673861702089436e+00 2.404337153113320007e+11
2.568908557148898097e+00 2.430868085304929199e+11
2.579184191377493551e+00 2.278829079007531128e+11
2.589500928143003478e+00 2.391481746588976746e+11
2.599858931855575594e+00 2.420525548639675598e+11
2.610258367582998229e+00 2.448208782025975952e+11
2.620699401053329769e+00 2.341263483746683350e+11
2.631182198657543214e+00 2.363926711065228882e+11
2.641706927452173392e+00 2.328715153024980469e+11
2.652273755161981938e+00 2.436478045456681824e+11
2.662882850182629824e+00 2.451127242249218445e+11
2.673534381583360542e+00 2.272462396990137939e+11
2.684228519109693956e+00 2.304873043312527466e+11
2.694965433186132575e+00 2.178042406910035706e+11
2.705745294918877164e+00 2.175681466351841125e+11
2.716568276098552559e+00 2.122864961956679077e+11
2.727434549202946812e+00 2.025149723000848694e+11
2.738344287399758326e+00 1.990150789980594788e+11
2.749297664549357201e+00 1.961704570004876099e+11
2.760294855207554576e+00 1.969431443475599365e+11
2.771336034628385292e+00 1.898220905682181702e+11
2.782421378766898545e+00 1.806469163139516296e+11
2.793551064281966312e+00 1.845223047785784302e+11
2.804725268539093985e+00 1.757928799139430237e+11
2.815944169613250558e+00 1.694540118147757263e+11
2.827207946291703244e+00 1.791819961068182373e+11
2.838516778076869862e+00 1.689340578147935791e+11
2.849870845189177437e+00 1.682267534661470337e+11
2.861270328569933685e+00 1.715418516712377625e+11
2.872715409884213589e+00 1.693268803776637573e+11
2.884206271523750420e+00 1.669084332770186462e+11
2.895743096609845413e+00 1.704560161442482605e+11
2.907326068996284985e+00 1.551563995475766296e+11
2.918955373272270393e+00 1.572200178991820984e+11
2.930631194765359826e+00 1.621213455270430908e+11
2.942353719544420709e+00 1.549106300831331482e+11
2.954123134422598440e+00 1.563299947452494507e+11
2.965939626960289122e+00 1.523265368600289612e+11
2.977803385468130504e+00 1.586692975885240784e+11
2.989714599010003138e+00 1.515862656961396179e+11
3.001673457406043077e+00 1.534961552493722839e+11
3.013680151235667015e+00 1.528570995467568359e+11
3.025734871840609408e+00 1.479209050269383850e+11
3.037837811327972037e+00 1.561779741818711853e+11
3.049989162573283785e+00 1.479580656914924011e+11
3.062189119223576395e+00 1.563191044079143677e+11
3.074437875700470890e+00 1.498031598613283997e+11
3.086735627203272880e+00 1.511236468338610535e+11
3.099082569712085622e+00 1.528113867028524170e+11
3.111478899990933744e+00 1.474858525528478394e+11
3.123924815590897186e+00 1.518362761996269226e+11
3.136420514853261121e+00 1.495501933547694397e+11
3.148966196912674320e+00 1.494053430754232483e+11
3.161562061700325277e+00 1.520256911833220215e+11
3.174208309947126327e+00 1.466453615952025146e+11
3.186905143186915090e+00 1.559900136826239929e+11
3.199652763759662566e+00 1.425674104177870483e+11
3.212451374814701222e+00 1.538883058348932190e+11
3.225301180313960625e+00 1.504140507969313965e+11
3.238202385035215958e+00 1.494805754396990051e+11
3.251155194575356955e+00 1.536681952161180725e+11
3.264159815353658622e+00 1.533193852961814270e+11
3.277216454615073271e+00 1.510481165693334656e+11
3.290325320433533207e+00 1.515276311911671448e+11
3.303486621715267635e+00 1.524145560665921936e+11
3.316700568202128441e+00 1.491878312146942139e+11
3.329967370474937294e+00 1.555670654514996338e+11
3.343287239956836743e+00 1.477557998815137634e+11
3.356660388916663962e+00 1.509332148373209534e+11
3.370087030472330714e+00 1.523632454086430969e+11
3.383567378594220187e+00 1.487794649626112976e+11
3.397101648108596716e+00 1.493482840672015381e+11
3.410690054701031482e+00 1.493293786490337524e+11
3.424332814919834878e+00 1.494231618826348267e+11
3.438030146179514634e+00 1.475558492912241516e+11
3.451782266764232610e+00 1.498276550908671265e+11
3.465589395831289998e+00 1.497870471983604126e+11
3.479451753414614767e+00 1.479994122106825562e+11
3.493369560428273068e+00 1.436162556407860718e+11
3.507343038669985980e+00 1.498073169809818115e+11
3.521372410824665788e+00 1.440230182760952148e+11
3.535457900467964709e+00 1.453762736469573059e+11
3.549599732069836477e+00 1.448393967588577271e+11
3.563798130998116154e+00 1.445666443459176331e+11
3.578053323522108364e+00 1.445615931907757263e+11
3.592365536816196858e+00 1.442023989547348633e+11
3.606734998963461614e+00 1.431549966937671814e+11
3.621161938959315041e+00 1.416227775807374878e+11
3.635646586715152839e+00 1.418026426928519287e+11
3.650189173062013293e+00 1.413313522344687500e+11
3.664789929754260545e+00 1.413894757459233398e+11
3.679449089473277645e+00 1.392859742647477417e+11
3.694166885831170699e+00 1.390584782744202881e+11
3.708943553374495661e+00 1.408274244001865234e+11
3.723779327587993571e+00 1.407518628979689331e+11
3.738674444898345328e+00 1.365264476467689972e+11
3.753629142677938901e+00 1.391103748490580444e+11
3.768643659248651190e+00 1.370905958437480164e+11
3.783718233885645432e+00 1.389576141666390686e+11
3.798853106821188153e+00 1.367937562611918640e+11
3.814048519248473657e+00 1.366646335458504333e+11
3.829304713325467180e+00 1.321615249739904480e+11
3.844621932178768908e+00 1.337810925094779510e+11
3.860000419907484215e+00 1.340388532846223297e+11
3.875440421587113882e+00 1.322981848685837860e+11
3.890942183273462529e+00 1.302367116152275085e+11
3.906505952006555926e+00 1.292145406844157867e+11
3.922131975814582727e+00 1.281960677650523987e+11
3.937820503717840648e+00 1.263243437297645721e+11
3.953571785732711508e+00 1.232062050001927338e+11
3.969386072875642490e+00 1.214730945864072876e+11
3.985263617167145167e+00 1.174436448522853699e+11
4.001204671635814059e+00 1.158587727719137878e+11
4.017209490322357190e+00 1.150124551483433990e+11
4.033278328283646630e+00 1.113981722564389801e+11
4.049411441596781458e+00 1.069903973012167969e+11
4.065609087363168506e+00 1.064191392942601776e+11
4.081871523712622185e+00 1.005012180214924774e+11
4.098199009807472315e+00 1.019093839819000549e+11
4.114591805846702144e+00 9.903491195376039124e+10
4.131050173070089038e+00 9.754586224074275208e+10
4.147574373762369149e+00 9.778751581154609680e+10
4.164164671257418959e+00 9.237584697370974731e+10
4.180821329942449260e+00 9.269559483013381958e+10
4.197544615262219558e+00 9.013069899905862427e+10
4.214334793723269357e+00 8.446082938836100769e+10
4.231192132898162761e+00 8.200704004236540222e+10
4.248116901429755288e+00 7.423887994998883057e+10
4.265109369035473996e+00 7.295924173835459900e+10
4.282169806511615384e+00 7.204282959515559387e+10
4.299298485737661935e+00 6.931614308885052490e+10
4.316495679680612874e+00 6.930131141195306396e+10
4.333761662399335357e+00 6.718871253135877228e+10
4.351096709048932532e+00 6.563743555355734253e+10
4.368501095885127583e+00 6.413054578359523010e+10
4.385975100268668214e+00 6.295605030412162781e+10
4.403519000669743555e+00 6.087806995039035797e+10
4.421133076672422391e+00 5.996136971915613556e+10
4.438817608979111817e+00 5.792375732402646637e+10
4.456572879415028332e+00 5.823127212716922760e+10
4.474399170932688463e+00 5.616865820320025635e+10
4.492296767616419828e+00 5.592413671446267700e+10
4.510265954686884626e+00 5.661052533491477966e+10
4.528307018505633330e+00 5.458426155794179535e+10
4.546420246579655711e+00 5.565398193048731232e+10
4.564605927565974497e+00 5.346418672591190338e+10
4.582864351276237258e+00 5.560209464852198792e+10
4.601195808681342925e+00 5.332013586124945068e+10
4.619600591916067422e+00 5.324362593179676819e+10
4.638078994283731937e+00 5.264409630669561005e+10
4.656631310260867629e+00 5.252503539220756531e+10
4.675257835501911430e+00 5.057080624508060455e+10
4.693958866843916944e+00 5.209717599245645142e+10
4.712734702311292878e+00 5.033836018823262024e+10
4.731585641120538810e+00 5.000588589599480438e+10
4.750511983685020923e+00 4.994639966546607208e+10
4.769514031619761063e+00 4.829261950403353882e+10
4.788592087746240011e+00 4.737448391405632782e+10
4.807746456097224730e+00 4.754913127939920807e+10
4.826977441921613377e+00 4.768108955196242523e+10
4.846285351689299858e+00 4.644245841969628143e+10
4.865670493096057925e+00 4.631078808656358337e+10
4.885133175068442135e+00 4.509969985273592377e+10
4.904673707768715474e+00 4.544836986197848511e+10
4.924292402599791174e+00 4.400167030958577728e+10
4.943989572210189642e+00 4.363669666989673615e+10
4.963765530499030021e+00 4.230201304010829926e+10
4.983620592621027079e+00 4.327587325501766968e+10
5.003555074991511198e+00 4.227078953627220154e+10
5.023569295291476777e+00 4.060776627454145050e+10
5.043663572472643075e+00 4.271768274783942413e+10
5.063838226762532813e+00 4.042052135348056030e+10
5.084093579669583640e+00 4.005111870604121399e+10
5.104429953988261381e+00 3.974889541578965759e+10
5.124847673804215020e+00 3.936689864602556610e+10
5.145347064499431688e+00 3.861296342964988708e+10
5.165928452757428957e+00 3.743166748071127319e+10
5.186592166568458673e+00 3.798740703977338409e+10
5.207338535234733001e+00 3.682012734099755859e+10
5.228167889375671784e+00 3.695330326886296082e+10
5.249080560933174766e+00 3.521171832620918274e+10
5.270076883176907145e+00 3.517145164335392761e+10
5.291157190709615321e+00 3.492876617328209686e+10
5.312321819472453299e+00 3.446095325025131989e+10
5.333571106750343738e+00 3.438656492515453339e+10
5.354905391177344320e+00 3.267374453250252533e+10
5.376325012742054099e+00 3.348859061759262848e+10
5.397830312793021612e+00 3.212147515508347321e+10
5.419421634044193858e+00 3.052068471231753159e+10
5.441099320580370602e+00 3.150747062261541367e+10
5.462863717862692425e+00 3.067268045331950378e+10
5.484715172734142996e+00 3.050182606956745529e+10
5.506654033425078865e+00 3.094491409825568008e+10
5.528680649558780580e+00 2.847656375216215134e+10
5.550795372157015350e+00 2.864429187436316681e+10
5.572998553645643227e+00 2.820796591597443390e+10
5.595290547860225949e+00 2.894431053255624390e+10
5.617671710051667766e+00 2.776280106951068115e+10
5.640142396891874021e+00 2.803933743212229919e+10
5.662702966479441713e+00 2.753325266078384781e+10
5.685353778345359821e+00 2.631209649028545761e+10
5.708095193458740724e+00 2.679267421242945099e+10
5.730927574232576482e+00 2.548199307834652328e+10
5.753851284529505783e+00 2.675061705276054382e+10
5.776866689667624399e+00 2.520229843212244415e+10
5.799974156426294769e+00 2.591542715700402832e+10
5.823174053051999977e+00 2.466164661511727524e+10
5.846466749264207508e+00 2.454375806935616684e+10
5.869852616261264977e+00 2.469370370001741409e+10
5.893332026726310069e+00 2.411270729805381012e+10
5.916905354833215114e+00 2.448913602254719543e+10
5.940572976252548543e+00 2.338573036199965668e+10
5.964335268157558545e+00 2.376813228245560455e+10
5.988192609230189589e+00 2.336323372796973801e+10
6.012145379667110490e+00 2.363849921468339920e+10
6.036193961185778889e+00 2.231981669441259766e+10
6.060338737030522616e+00 2.254686125825375748e+10
6.084580091978644134e+00 2.329562421450182343e+10
6.108918412346558746e+00 2.205889976645975113e+10
6.133354085995945226e+00 2.314909015931919479e+10
6.157887502339929320e+00 2.231135119520726395e+10
6.182519052349287669e+00 2.175787074051920700e+10
6.207249128558685491e+00 2.199115289251126099e+10
6.232078125072920471e+00 2.174445849357796860e+10
6.257006437573212843e+00 2.118604789185721207e+10
6.282034463323505236e+00 2.099292622131029892e+10
6.307162601176800720e+00 2.081196009528834534e+10
6.332391251581507063e+00 2.059977644049364471e+10
6.357720816587833390e+00 2.017262488132509995e+10
6.383151699854184180e+00 1.953813671039126205e+10
6.408684306653601226e+00 1.875526124954194260e+10
6.434319043880215361e+00 1.873605144162396622e+10
6.460056320055736379e+00 1.754243514201878357e+10
6.485896545335958052e+00 1.602705916099048042e+10
6.511840131517302233e+00 1.647362814242660332e+10
6.537887492043371829e+00 1.569226778819095612e+10
6.564039042011545533e+00 1.502886643128976822e+10
6.590295198179591196e+00 1.430607215008801651e+10
6.616656378972309405e+00 1.411741260769945717e+10
6.643123004488199257e+00 1.344770512491109467e+10
6.669695496506150789e+00 1.362890922302806091e+10
6.696374278492176479e+00 1.350430859812109756e+10
6.723159775606144528e+00 1.384442434955949974e+10
6.750052414708568094e+00 1.346663458922640800e+10
6.777052624367403411e+00 1.282093840614942169e+10
6.804160834864871887e+00 1.302860114434504128e+10
6.831377478204331055e+00 1.254752934516433907e+10
6.858702988117148180e+00 1.281293347245152855e+10
6.886137800069615622e+00 1.258905844324484825e+10
6.913682351269895499e+00 1.242440593169496918e+10
6.941337080674975013e+00 1.247393548094378090e+10
6.969102428997675069e+00 1.233779688981878471e+10
6.996978838713665994e+00 1.229145517723988724e+10
7.024966754068519670e+00 1.215843431462254333e+10
7.053066621084793653e+00 1.183326518103130150e+10
7.081278887569133929e+00 1.163093116167418861e+10
7.109604003119409654e+00 1.114718178448663330e+10
7.138042419131887861e+00 1.155792573023448181e+10
7.166594588808414379e+00 1.151294703005288315e+10
7.195260967163648047e+00 1.125559916062473869e+10
7.224042011032302923e+00 1.109458874896948242e+10
7.252938179076432235e+00 1.093847156363736725e+10
7.281949931792737196e+00 1.094081558400964546e+10
7.311077731519908696e+00 1.079481392565813828e+10
7.340322042445988515e+00 1.045803971398311996e+10
7.369683330615771411e+00 1.031333879338795280e+10
7.399162063938235612e+00 1.064879599795858955e+10
7.428758712193988423e+00 9.964596483787015915e+09
7.458473747042765112e+00 1.019214416850279236e+10
7.488307642030935796e+00 1.004302266547129250e+10
7.518260872599060285e+00 9.729695874648788452e+09
7.548333916089456253e+00 1.001601653183797073e+10
7.578527251753813587e+00 9.500144710926784515e+09
7.608841360760829176e+00 8.980606135100776672e+09
7.639276726203872769e+00 9.428960096603744507e+09
7.669833833108687493e+00 8.991782317297067642e+09
7.700513168441122325e+00 9.092789359110578537e+09
7.731315221114887670e+00 8.934363718071264267e+09
7.762240481999347352e+00 8.640147181000341415e+09
7.793289443927344351e+00 8.768839971289813995e+09
7.824462601703054077e+00 8.796338164848747253e+09
7.855760452109866065e+00 8.509739589246143341e+09
7.887183493918306532e+00 7.980237158347355843e+09
7.918732227893980458e+00 8.147771894291999817e+09
7.950407156805555431e+00 8.079172325384009361e+09
7.982208785432777454e+00 7.757320697375127792e+09
8.014137620574508958e+00 7.992020028166316986e+09
8.046194171056805899e+00 7.606296112829298019e+09
8.078378947741034821e+00 7.617039636127083778e+09
8.110692463531997021e+00 7.373578157052509308e+09
8.143135233386125549e+00 7.442003345068374634e+09
8.175707774319670662e+00 7.359765250789469719e+09
8.208410605416949224e+00 7.002201993267668724e+09
8.241244247838615422e+00 7.194170972540480614e+09
8.274209224829968790e+00 6.789188524336361885e+09
8.307306061729288871e+00 6.982652948091073990e+09
8.340535285976207192e+00 6.640624768586278915e+09
8.373897427120111203e+00 6.502758149500416756e+09
8.407393016828594412e+00 6.700761787845419884e+09
8.441022588895906509e+00 6.388618604590526581e+09
8.474786679251490540e+00 6.607657843068630219e+09
8.508685825968495209e+00 6.339049885337683678e+09
8.542720569272368891e+00 6.322465264759067535e+09
8.576891451549458978e+00 6.142137899797208786e+09
8.611199017355655627e+00 6.241256294297225952e+09
8.645643813425078150e+00 6.203323927276283264e+09
8.680226388678779159e+00 6.022336162786922455e+09
8.714947294233493125e+00 6.006273777937706947e+09
8.749807083410427566e+00 5.696568906752552032e+09
8.784806311744070229e+00 5.864461859224374771e+09
8.819945536991047774e+00 5.751632806446906090e+09
8.855225319139009343e+00 5.693243814468605995e+09
8.890646220415566958e+00 5.760478907320293427e+09
8.926208805297228821e+00 5.715266945028573990e+09
8.961913640518417878e+00 5.420243479394901276e+09
8.997761295080492161e+00 5.543495378224701881e+09
9.033752340260813085e+00 5.497973782962684631e+09
9.069887349621856387e+00 5.435474922887811661e+09
9.106166899020346150e+00 5.332753756626909256e+09
9.142591566616424359e+00 5.301324491969337463e+09
9.179161932882891506e+00 5.274647518141633987e+09
9.215878580614422333e+00 5.141671271108150482e+09
9.252742094936881045e+00 4.995757952341160774e+09
9.289753063316627646e+00 5.016595477778573036e+09
9.326912075569895322e+00 4.943425331864299774e+09
9.364219723872173162e+00 5.040179739282528877e+09
9.401676602767663482e+00 4.797906889970067978e+09
9.439283309178733816e+00 4.764511595904232979e+09
9.477040442415447075e+00 4.791730076585416794e+09
9.514948604185111236e+00 4.673103954256190300e+09
9.553008398601852136e+00 4.768240175692143440e+09
9.591220432196260859e+00 4.531201499430270195e+09
9.629585313925044687e+00 4.457170300959401131e+09
9.668103655180747324e+00 4.450717180896920204e+09
9.706776069801470896e+00 4.351150792254606247e+09
9.745603174080676112e+00 4.393752298994485855e+09
9.784585586776998412e+00 4.360397220477394104e+09
9.823723929124106746e+00 4.222622864205143452e+09
9.863018824840601440e+00 4.179744299271038055e+09
9.902470900139965337e+00 3.914733243287150383e+09
9.942080783740523842e+00 4.101687580430806160e+09
9.981849106875488431e+00 3.984681769400494576e+09
1.002177650330298952e+01 3.957174765016826153e+09
1.006186360931619994e+01 3.858988041887890816e+09
1.010211106375346723e+01 3.748342463110935211e+09
1.014251950800847979e+01 3.798904690698405743e+09
1.018308958604051284e+01 3.783764788587655067e+09
1.022382194438467451e+01 3.641011285095551968e+09
1.026471723216221399e+01 3.613073690637927532e+09
1.030577610109086173e+01 3.538981742999626160e+09
1.034699920549522467e+01 3.467035244867434978e+09
1.038838720231720458e+01 3.450604244901111126e+09
1.042994075112647501e+01 3.363449409829744816e+09
1.047166051413097954e+01 3.310520569373477459e+09
1.051354715618750468e+01 3.307557944758341789e+09
1.055560134481225454e+01 3.217782291684974194e+09
1.059782375019150358e+01 3.112722894077219009e+09
1.064021504519226902e+01 3.158491095878242970e+09
1.068277590537303823e+01 3.148820142749042511e+09
1.072550700899452991e+01 3.011493508281847477e+09
1.076840903703050856e+01 2.927294806552714348e+09
1.081148267317863088e+01 2.957488148876985073e+09
1.085472860387134553e+01 2.984201299968603134e+09
1.089814751828683015e+01 2.795018039733978271e+09
1.094174010835997635e+01 2.814120612433771133e+09
1.098550706879341909e+01 2.672711576612190247e+09
1.102944909706859100e+01 2.667280529694665909e+09
1.107356689345686540e+01 2.663011717031652451e+09
1.111786116103069233e+01 2.615085935764586926e+09
1.116233260567481622e+01 2.568490025045394897e+09
1.120698193609751492e+01 2.498805887806357861e+09
1.125180986384190440e+01 2.481084267671922207e+09
1.129681710329727373e+01 2.435482539682324409e+09
1.134200437171046083e+01 2.420870878349219322e+09
1.138737238919730466e+01 2.377430783639352798e+09
1.143292187875409383e+01 2.328874057142355919e+09
1.147865356626910938e+01 2.315638227649267673e+09
1.152456818053418530e+01 2.267976224047412395e+09
1.157066645325632237e+01 2.193149656870868683e+09
1.161694911906934635e+01 2.171931411513450623e+09
1.166341691554562487e+01 2.158430440054477692e+09
1.171007058320780736e+01 2.100663412558699846e+09
1.175691086554063958e+01 2.011672813330532312e+09
1.180393850900279951e+01 2.027826673757554770e+09
1.185115426303881137e+01 1.987777342300439835e+09
1.189855888009096674e+01 1.983778790947266817e+09
1.194615311561133097e+01 1.951074784287767887e+09
1.199393772807377623e+01 1.930769713396149635e+09
1.204191347898607134e+01 1.905336439694469213e+09
1.209008113290201614e+01 1.866560434277984142e+09
1.213844145743362368e+01 1.816113457660644531e+09
1.218699522326335938e+01 1.837343131740676403e+09
1.223574320415641381e+01 1.768764767865950108e+09
1.228468617697303777e+01 1.780273515335490704e+09
1.233382492168093059e+01 1.721717203421127081e+09
1.238316022136765504e+01 1.705116999083500385e+09
1.243269286225312520e+01 1.597410205134848356e+09
1.248242363370213859e+01 1.656781205001346350e+09
1.253235332823694748e+01 1.575692378429549694e+09
1.258248274154989410e+01 1.600091915840192080e+09
1.263281267251609385e+01 1.566140825378993273e+09
1.268334392320615756e+01 1.529047043905446053e+09
1.273407729889898299e+01 1.548877567780201674e+09
1.278501360809457665e+01 1.461075592224528551e+09
1.283615366252695544e+01 1.430244301435466051e+09
1.288749827717706253e+01 1.483367462423049450e+09
1.293904827028577031e+01 1.389241167003622532e+09
1.299080446336691352e+01 1.425102729169178486e+09
1.304276768122038099e+01 1.363289943369825602e+09
1.309493875194526424e+01 1.374697910907128096e+09
1.314731850695304693e+01 1.334061663619771957e+09
1.319990778098085649e+01 1.299697494316447973e+09
1.325270741210477965e+01 1.268874097863801479e+09
1.330571824175319939e+01 1.253912828488268137e+09
1.335894111472021173e+01 1.252480608817648172e+09
1.341237687917909227e+01 1.247427787867144346e+09
1.346602638669580898e+01 1.181507940369934082e+09
1.351989049224258999e+01 1.211621920017402172e+09
1.357397005421156067e+01 1.160053283006238461e+09
1.362826593442840917e+01 1.152785032290502310e+09
1.368277899816612297e+01 1.146009840944816351e+09
1.373751011415878942e+01 1.086532144434918880e+09
1.379246015461542463e+01 1.124077111823583603e+09
1.384762999523388416e+01 1.056922696452928543e+09
1.390302051521481808e+01 1.098436863394583225e+09
1.395863259727567751e+01 1.058916976042637944e+09
1.401446712766477987e+01 1.015254983816726804e+09
1.407052499617543972e+01 1.049728725763121009e+09
1.412680709616014063e+01 9.803126412054194212e+08
1.418331432454478147e+01 9.514912371232396364e+08
1.424004758184296193e+01 9.710065442088748217e+08
1.429700777217033369e+01 9.846910078256422281e+08
1.435419580325901379e+01 9.242421450073977709e+08
1.441161258647204946e+01 9.303676378656772375e+08
1.446925903681793812e+01 8.888493092054557800e+08
1.452713607296521126e+01 9.039753082099004984e+08
1.458524461725707155e+01 8.834162647017867565e+08
1.464358559572609764e+01 8.447056502186623812e+08
1.470215993810900557e+01 8.397195411370469332e+08
1.476096857786143879e+01 8.644681456124866009e+08
1.482001245217288599e+01 8.342253793211356401e+08
1.487929250198157760e+01 8.021258669303889275e+08
1.493880967198950316e+01 7.834313386844094992e+08
1.499856491067746056e+01 7.926096826712503433e+08
1.505855917032016933e+01 7.876454963713468313e+08
1.511879340700144958e+01 7.639643209729344845e+08
1.517926858062945605e+01 7.377152707798078060e+08
1.523998565495197433e+01 7.610054206621401310e+08
1.530094559757178274e+01 7.256074790396388769e+08
1.536214937996206764e+01 7.198093247661917210e+08
1.542359797748191674e+01 7.062104588892019987e+08
1.548529236939184450e+01 7.039115057431215048e+08
1.554723353886941339e+01 6.705856051046975851e+08
1.560942247302489072e+01 6.956421025977846384e+08
1.567186016291699069e+01 6.763563648333210945e+08
1.573454760356865556e+01 6.502901067962541580e+08
1.579748579398293096e+01 6.578803569138151407e+08
1.586067573715886247e+01 6.367995247763550282e+08
1.592411844010749888e+01 6.490687750374810696e+08
1.598781491386792730e+01 5.956615122800059319e+08
1.605176617352340074e+01 6.105292677024639845e+08
1.611597323821749228e+01 5.825300723774662018e+08
1.618043713117036120e+01 5.950323133324029446e+08
1.624515887969504391e+01 5.576729307371311188e+08
1.631013951521382310e+01 5.862266870557337999e+08
1.637538007327468037e+01 5.782795739447573423e+08
1.644088159356778078e+01 5.672846563178805113e+08
1.650664511994205341e+01 5.438925122043740749e+08
1.657267170042182158e+01 5.313940694709037542e+08
1.663896238722350418e+01 5.044208799058467746e+08
1.670551823677240222e+01 5.253975322343065143e+08
1.677234030971949608e+01 5.329051981506587267e+08
1.683942967095837062e+01 5.103613971812783480e+08
1.690678738964220429e+01 4.971580998399462700e+08
1.697441453920077237e+01 5.031733977244617343e+08
1.704231219735757108e+01 5.199265409387206435e+08
1.711048144614700561e+01 4.573725811641442180e+08
1.717892337193159236e+01 4.743582831818838716e+08
1.724763906541932101e+01 4.501215734887860417e+08
1.731662962168099895e+01 4.494168327264147997e+08
1.738589614016772344e+01 4.361173669074743986e+08
1.745543972472839300e+01 4.507295980528054833e+08
1.752526148362730751e+01 4.367848001123646498e+08
1.759536252956181812e+01 4.211179546364471912e+08
1.766574397968006238e+01 4.169334663756710291e+08
1.773640695559878466e+01 4.136909719344987869e+08
1.780735258342117433e+01 4.135573506145735979e+08
1.787858199375486024e+01 4.147240296275008917e+08
1.795009632172988034e+01 3.909153316774007082e+08
1.802189670701679702e+01 3.995762587976826429e+08
1.809398429384486562e+01 3.906276700636029243e+08
1.816636023102024211e+01 3.553326314245805144e+08
1.823902567194432578e+01 3.845751564641672969e+08
1.831198177463210186e+01 3.782811412528486848e+08
1.838522970173062987e+01 3.691761183814974427e+08
1.845877062053754969e+01 3.632157618141241074e+08
1.853260570301970134e+01 3.368944761061509252e+08
1.860673612583178027e+01 3.248383456756473780e+08
1.868116307033510637e+01 3.380166727065538764e+08
1.875588772261644976e+01 3.304889139919676185e+08
1.883091127350691352e+01 3.453451161236804128e+08
1.890623491860094063e+01 3.247007538914499283e+08
1.898185985827534594e+01 3.155269798198720217e+08
1.905778729770844748e+01 3.308186302395805717e+08
1.913401844689928311e+01 3.253546660424048901e+08
1.921055452068688041e+01 2.933577642857627869e+08
1.928739673876962968e+01 3.030711511087387204e+08
1.936454632572470658e+01 3.031444247870528698e+08
1.944200451102760141e+01 2.715722080671492815e+08
1.951977252907171589e+01 3.023677655863562822e+08
1.959785161918800256e+01 2.770143666318526864e+08
1.967624302566475691e+01 2.784278631477307081e+08
1.991079942767366973e+01 2.695463559067380428e+08
