# Wavelength (micrometer), Flux (W / m2 / m)
1.000553076518779783e-01 2.514642534207836070e+04
1.004555288824854897e-01 3.081620058800120868e-14
1.008573509980154326e-01 5.735532178084549578e-14
1.012607804020075053e-01 5.870952658058793794e-14
1.016658235236155422e-01 5.493292493606530650e-14
1.020724868177099870e-01 4.698506842410699042e-11
1.024807767649808382e-01 9.601075067929265480e-13
1.028906998720407612e-01 2.417049900253831385e-13
1.033022626715289355e-01 1.428724762798522114e-10
1.037154717222150413e-01 1.861582370626345911e-13
1.041303336091038839e-01 3.607418891570314522e-13
1.045468549435403099e-01 4.111631688853259086e-12
1.049650423633144702e-01 3.093952988850830159e-14
1.053849025327677214e-01 1.673890290762975418e-11
1.058064421428987906e-01 1.399451048798042209e-13
1.062296679114703990e-01 3.149747105047499563e-11
1.066545865831162732e-01 1.046995968388777514e-11
1.070812049294487533e-01 2.574557558994560120e-12
1.075095297491665408e-01 5.885102741378855363e-10
1.079395678681632220e-01 3.744612721015415345e-12
1.083713261396358624e-01 2.798188000422178008e-10
1.088048114441943909e-01 1.242067722418744622e-10
1.092400306899711654e-01 9.416322397791657997e-08
1.096769908127310511e-01 2.311238613996648483e-10
1.101156987759819850e-01 2.793213411888876654e-10
1.105561615710859147e-01 5.694715942859314712e-08
1.109983862173702651e-01 8.297911970845045881e-09
1.114423797622397516e-01 1.189788788220575136e-09
1.118881492812886930e-01 3.060568936016764020e-10
1.123357018784138517e-01 1.300814900301399478e-09
1.127850446859275102e-01 2.128101417607893480e-06
1.132361848646712132e-01 7.567705532457348596e-07
1.136891296041298988e-01 6.833214474014084521e-07
1.141438861225464035e-01 8.215395991969384005e-07
1.146004616670366072e-01 7.728234350444123999e-07
1.150588635137047705e-01 7.382847572976327284e-07
1.155190989677595953e-01 4.293709900355233217e-07
1.159811753636306314e-01 1.341528809419551714e-06
1.164451000650851553e-01 2.022027045538555071e-07
1.169108804653455069e-01 2.233481087858586567e-07
1.173785239872068981e-01 9.878083725126630646e-07
1.178480380831557206e-01 1.681579244646677055e-06
1.183194302354883543e-01 1.607536496518019200e-06
1.187927079564302935e-01 9.987506487089831879e-08
1.192678787882560099e-01 2.204682109373066020e-07
1.197449503034090645e-01 1.455408009189754873e-07
1.202239301046226783e-01 1.628524670879046695e-09
1.207048258250411760e-01 4.457188152105278285e-08
1.211876451283413342e-01 6.839503533885835213e-09
1.216723957088547137e-01 1.191171790518911447e-11
1.221590852916901310e-01 4.590565050243147129e-08
1.226477216328568792e-01 2.057958611414703285e-07
1.231383125193883099e-01 3.164039906608322478e-09
1.236308657694658586e-01 8.751672180095488018e-08
1.241253892325437369e-01 4.191831917682537813e-08
1.246218907894739159e-01 1.208161395344780463e-09
1.251203783526317892e-01 1.604756616977987270e-08
1.256208598660423226e-01 5.730779782590675857e-07
1.261233433055065078e-01 2.629370175080461557e-07
1.266278366787285392e-01 3.028855666746217818e-09
1.271343480254434610e-01 4.008740303104400863e-07
1.276428854175452321e-01 1.229022253502926656e-07
1.281534569592154005e-01 2.089403534939574675e-08
1.286660707870522780e-01 2.209801528841751365e-07
1.291807350702004475e-01 3.648572615868724055e-07
1.296974580104812425e-01 4.482894968211177865e-07
1.302162478425231973e-01 2.690102413752685411e-09
1.307371128338932764e-01 3.143726435663281152e-07
1.312600612852288795e-01 2.353792093067917886e-06
1.317851015303697915e-01 1.309362860002161858e-07
1.323122419364912705e-01 1.900368734625019606e-06
1.328414909042372472e-01 3.696208938281937346e-06
1.333728568678542170e-01 1.434492597240842939e-06
1.339063482953256612e-01 1.822823856004529652e-08
1.344419736885069383e-01 1.638929286879846821e-06
1.349797415832609815e-01 3.698804941872783686e-06
1.355196605495940232e-01 2.304274539733720877e-06
1.360617391917924301e-01 4.160831938396062083e-06
1.366059861485595939e-01 6.708873703841407007e-07
1.371524100931538481e-01 1.785344468557793622e-08
1.377010197335264696e-01 1.618854862452783078e-07
1.382518238124605670e-01 3.110813608617328280e-05
1.388048311077104136e-01 7.094806845417993373e-06
1.393600504321412248e-01 1.928489887271583478e-07
1.399174906338697677e-01 1.113839351322840363e-07
1.404771605964052761e-01 1.928386662462073050e-05
1.410390692387908651e-01 1.503418805774454934e-06
1.416032255157460562e-01 6.261873062095123363e-05
1.421696384178090522e-01 1.992600545447899621e-08
1.427383169714803168e-01 8.530937151819775968e-06
1.433092702393662099e-01 1.004699892754609561e-03
1.438825073203236771e-01 4.287270893275670888e-05
1.444580373496049674e-01 4.713314255122216670e-04
1.450358694990033503e-01 2.775316130479451004e-05
1.456160129769993872e-01 1.203188752575140444e-03
1.461984770289073976e-01 3.026750472962244816e-03
1.467832709370230082e-01 1.662672813338245353e-04
1.473704040207710897e-01 1.269703637506815414e-03
1.479598856368541382e-01 3.765331311956223487e-06
1.485517251794015725e-01 3.494779879123115825e-04
1.491459320801191979e-01 1.103736820181083116e-03
1.497425158084396690e-01 1.298367357227684423e-04
1.503414858716734248e-01 1.211054479984943755e-02
1.509428518151600951e-01 3.873297049541511022e-04
1.515466232224207677e-01 1.714357671221424076e-06
1.521528097153104220e-01 2.356985611644092036e-05
1.527614209541716672e-01 9.912547338296388234e-09
1.533724666379883694e-01 3.249701291830293499e-08
1.539859565045403056e-01 8.826376029340951469e-09
1.546019003305584838e-01 1.490771253214906712e-11
1.552203079318807133e-01 2.262516450291801987e-10
1.558411891636082569e-01 1.311053282343106356e-10
1.564645539202626778e-01 6.042756222455077219e-11
1.570904121359437411e-01 1.040634155797634475e-10
1.577187737844875093e-01 3.041345444209533642e-11
1.583496488796254653e-01 1.703223714538091896e-10
1.589830474751439959e-01 1.582498287007453998e-09
1.596189796650445414e-01 6.338111895371660634e-11
1.602574555837047166e-01 1.115693274763774133e-10
1.608984854060395708e-01 5.604387286355262975e-10
1.615420793476636807e-01 2.942314960897956373e-10
1.621882476650543525e-01 5.475997860729210056e-10
1.628370006557145755e-01 4.912436752533196003e-10
1.634883486583374457e-01 9.305282044766203456e-10
1.641423020529707844e-01 1.601028545728956258e-09
1.647988712611826723e-01 1.324587155878598693e-09
1.654580667462274002e-01 1.536477657647301594e-10
1.661198990132123077e-01 3.993357960816513666e-09
1.667843786092651215e-01 2.805167126669821289e-09
1.674515161237022098e-01 1.371067916792042852e-08
1.681213221881969755e-01 7.044598794718223200e-08
1.687938074769497754e-01 1.927558905481711497e-08
1.694689827068575905e-01 8.689315386604697120e-07
1.701468586376850278e-01 2.876369853290774040e-07
1.708274460722357391e-01 3.437498381487817464e-07
1.715107558565246715e-01 4.806515009892354269e-07
1.721967988799507909e-01 3.580365962887695546e-07
1.728855860754705820e-01 7.963894492439457661e-07
1.735771284197724640e-01 3.443170351184216580e-07
1.742714369334515678e-01 1.486355906632883697e-07
1.749685226811853456e-01 4.490910595838663479e-06
1.756683967719100681e-01 5.936607392886651400e-07
1.763710703589977391e-01 1.259413118093536013e-05
1.770765546404337309e-01 2.186537628088483290e-05
1.777848608589954471e-01 7.268879445739331923e-07
1.784960003024314568e-01 4.336609404005707067e-05
1.792099843036411844e-01 2.422032664469960908e-05
1.799268242408557650e-01 2.228832042026256208e-05
1.806465315378191772e-01 2.136394146333565989e-04
1.813691176639704306e-01 3.942063041293911112e-06
1.820945941346263086e-01 5.083978706541051858e-05
1.828229725111648329e-01 1.315678978788308246e-04
1.835542644012094771e-01 9.579204409421759218e-07
1.842884814588143239e-01 1.366054524414405790e-04
1.850256353846495561e-01 1.654068690002171793e-03
1.857657379261881403e-01 1.576439178444663798e-05
1.865088008778928996e-01 9.800075241085833260e-04
1.872548360814044743e-01 3.134543201831250332e-04
1.880038554257300876e-01 2.121070502939434422e-05
1.887558708474330049e-01 2.281587427778769724e-03
1.895108943308226879e-01 3.958224642130832760e-04
1.902689379081460019e-01 6.189830684649136761e-05
1.910300136597785636e-01 8.180132322762148286e-03
1.917941337144176972e-01 4.451323668039273941e-04
1.925613102492753359e-01 1.426458755918420980e-03
1.933315554902724498e-01 1.101735625814855880e-02
1.941048817122335568e-01 2.868699712597280391e-03
1.948813012390824828e-01 1.853783493264724328e-03
1.956608264440388156e-01 2.350049169025934456e-02
1.964434697498149418e-01 1.359710125700675431e-03
1.972292436288141937e-01 5.258359413382078344e-03
1.980181606033294406e-01 1.284429570997268517e-02
1.988102332457427346e-01 3.438619393464438945e-03
1.996054741787257336e-01 2.411649734827888292e-03
2.004038960754406518e-01 3.130360823099925024e-03
2.012055116597424309e-01 2.697190937333145046e-03
2.020103337063813842e-01 2.308497084290938011e-03
2.028183750412069219e-01 1.398490856713158377e-03
2.036296485413717494e-01 1.714470192969173683e-03
2.044441671355372303e-01 8.948064055985734426e-04
2.052619438040793887e-01 3.560030196031873078e-03
2.060829915792957157e-01 1.859408977864132661e-03
2.069073235456129201e-01 1.761769321035924676e-03
2.077349528397953449e-01 2.180195048184352998e-03
2.085658926511545219e-01 3.613710319277966491e-03
2.094001562217591150e-01 4.086624181140588279e-03
2.102377568466461677e-01 3.494294459462803093e-03
2.110787078740327671e-01 2.021765660770878138e-03
2.119230227055288740e-01 3.928533048936305207e-03
2.127707147963510126e-01 5.378580316401843087e-03
2.136217976555363773e-01 7.773342530307841836e-03
2.144762848461585492e-01 1.682500215147026031e-03
2.153341899855431840e-01 7.266511166122173980e-03
2.161955267454853669e-01 1.485160798638625324e-02
2.170603088524672986e-01 2.030135506885593147e-02
2.179285500878772042e-01 6.545857147466093567e-03
2.188002642882286852e-01 6.673682435665664360e-03
2.196754653453815986e-01 2.992411239985316024e-02
2.205541672067631020e-01 1.446311759892859004e-02
2.214363838755901703e-01 1.769954154625675846e-01
2.223221294110925284e-01 1.392099083513516529e-02
2.232114179287369160e-01 4.677175657969400713e-01
2.241042636004518529e-01 9.337748572036115580e-02
2.250006806548536520e-01 1.418308381974278554e+00
2.259006833774730438e-01 2.739941731515188050e-01
2.268042861109829667e-01 5.618478837917575408e-01
2.277115032554268836e-01 7.755175156443482321e-01
2.286223492684485714e-01 6.496524544791921763e-01
2.295368386655223802e-01 3.842337459843811587e+00
2.304549860201844658e-01 9.162418511524486608e-02
2.313768059642651864e-01 3.084671773253216287e+00
2.323023131881222503e-01 1.574775104681474414e+00
2.332315224408747223e-01 6.900359806278897778e+00
2.341644485306381973e-01 1.376598474972690589e+01
2.351011063247607502e-01 5.274518778713358502e-01
2.360415107500598020e-01 2.476269882721794602e+01
2.369856767930600405e-01 3.296916716641807299e-01
2.379336195002322851e-01 3.020176602618860073e+01
2.388853539782332114e-01 1.336706389222719515e+01
2.398408953941461863e-01 2.086329923427338429e+02
2.408002589757227141e-01 2.416229530110712460e+02
2.417634600116256582e-01 8.932983650300988288e+00
2.427305138516721306e-01 4.063906459906438045e+02
2.437014359070788505e-01 1.425891108556656945e+02
2.446762416507071713e-01 1.287914489247637221e+03
2.456549466173099938e-01 2.138597556694810464e+02
2.466375664037792625e-01 2.037284671023039095e+02
2.476241166693943785e-01 7.671054866251449766e+01
2.486146131360719436e-01 7.557492098239016798e+00
2.496090715886161993e-01 1.428398023506608467e+02
2.506075078749706586e-01 1.669460340690996816e+02
2.516099379064705155e-01 1.226876513243232125e+02
2.526163776580964138e-01 1.270518483423702634e+02
2.536268431687287994e-01 1.562854584035300604e+03
2.546413505414037437e-01 1.751762203124508460e+03
2.556599159435693491e-01 7.588978794727950117e+03
2.566825556073435988e-01 9.221349540631801574e+03
2.577092858297729827e-01 1.045490690079173874e+04
2.587401229730920682e-01 5.298288741924534406e+03
2.597750834649844576e-01 1.522260972453937393e+04
2.608141837988444123e-01 8.503967688128353984e+03
2.618574405340398092e-01 7.131998912615685549e+04
2.629048702961759298e-01 1.989139439885448664e+05
2.639564897773606367e-01 2.156986355373751430e+05
2.650123157364701054e-01 2.083485039597340510e+05
2.660723649994159445e-01 1.187781009282831074e+05
2.671366544594135917e-01 1.500286578352615470e+05
2.682052010772512096e-01 1.453538190505790699e+05
2.692780218815602478e-01 7.079559156032541068e+04
2.703551339690865030e-01 1.325518723321081779e+05
2.714365545049627904e-01 1.511290585330589965e+04
2.725223007229827243e-01 9.929471018256152092e+03
2.736123899258746106e-01 1.708851125987720297e+04
2.747068394855781692e-01 1.794177347684002962e+04
2.758056668435204806e-01 4.627694404233069508e+04
2.769088895108945403e-01 1.279316891939619964e+05
2.780165250689380918e-01 8.743213211373909144e+04
2.791285911692138466e-01 6.940964668497542152e+04
2.802451055338907038e-01 3.557144850435133412e+04
2.813660859560263017e-01 1.765713094183108115e+04
2.824915502998503469e-01 7.108496946410405144e+03
2.836215165010497197e-01 2.435986453943288780e+03
2.847560025670539119e-01 5.066349707994814366e+02
2.858950265773221866e-01 7.862566557952904986e+02
2.870386066836315142e-01 4.377263240280091850e+03
2.881867611103660631e-01 1.677043908921445836e+04
2.893395081548075787e-01 5.340087329290781054e+04
2.904968661874267610e-01 1.354224099212976289e+05
2.916588536521764197e-01 2.440602071670075820e+05
2.928254890667851273e-01 3.784249073728070944e+05
2.939967910230522619e-01 2.828533601078464417e+05
2.951727781871444911e-01 2.360139989412741561e+05
2.963534692998930908e-01 4.000609048816648428e+05
2.975388831770926501e-01 3.613312793264533393e+05
2.987290387098009981e-01 6.491160594750433229e+05
2.999239548646402409e-01 4.587594275343761547e+05
3.011236506840988536e-01 1.163042043295606505e+06
3.023281452868351593e-01 3.132415018689908902e+05
3.035374578679824742e-01 2.321755015134670772e+06
3.047516076994544187e-01 2.674970553054237738e+06
3.059706141302522830e-01 4.913376904257616960e+06
3.071944965867733357e-01 2.439353873842623085e+07
3.084232745731204095e-01 5.393096400820136815e+07
3.096569676714128194e-01 4.768163505828090012e+07
3.108955955420985018e-01 1.047406242878845632e+08
3.121391779242668751e-01 1.227705579914669394e+08
3.133877346359639215e-01 1.628100186214001775e+08
3.146412855745078230e-01 2.052584319331018925e+08
3.158998507168058190e-01 2.391847129739321768e+08
3.171634501196730627e-01 3.336243900725497603e+08
3.184321039201517545e-01 1.804026987534323931e+08
3.197058323358323295e-01 1.202903280879885256e+08
3.209846556651756444e-01 3.325001324440072179e+08
3.222685942878363852e-01 3.893273889707471728e+08
3.235576686649877520e-01 3.427798118769892454e+08
3.248518993396476984e-01 6.159757705377614498e+08
3.261513069370062801e-01 7.246564289533674717e+08
3.274559121647543369e-01 1.007712231171533346e+09
3.287657358134133401e-01 1.035634322254978299e+09
3.300807987566670154e-01 3.712340600849525332e+08
3.314011219516936890e-01 1.130912100510818958e+09
3.327267264395004642e-01 1.641671475839236975e+09
3.340576333452584534e-01 1.537382863323604822e+09
3.353938638786395088e-01 1.411218340774907112e+09
3.367354393341540630e-01 1.435827939526808977e+09
3.380823810914907468e-01 1.596476180157969475e+09
3.394347106158566718e-01 2.186854639050457478e+09
3.407924494583201014e-01 1.869712170599357367e+09
3.421556192561533982e-01 1.283515588145124435e+09
3.435242417331779707e-01 1.849997665685637593e+08
3.448983387001106626e-01 2.562682675076440871e+08
3.462779320549111417e-01 3.689101899253152013e+08
3.476630437831307319e-01 1.653010650700310469e+08
3.490536959582632992e-01 1.648552690247485042e+08
3.504499107420963600e-01 1.773030330719546318e+09
3.518517103850647421e-01 1.497930676620521069e+09
3.532591172266050239e-01 3.070056721980257511e+09
3.546721536955114717e-01 4.780951803145254135e+09
3.560908423102934761e-01 1.400457887036919355e+09
3.575152056795346533e-01 5.741577311507374048e+08
3.589452665022527800e-01 2.163863314314121246e+09
3.603810475682617254e-01 3.428767596877251148e+09
3.618225717585348278e-01 2.229458125454529285e+09
3.632698620455689364e-01 2.313901695496598721e+09
3.647229414937512293e-01 1.819526092860777855e+09
3.661818332597261971e-01 4.761035164277498245e+09
3.676465605927651259e-01 1.668506563409395456e+09
3.691171468351361895e-01 1.607453330979195595e+09
3.705936154224767076e-01 3.180596855045219660e+08
3.720759898841666247e-01 3.413891256551316381e+07
3.735642938437032656e-01 3.932945514246967435e+07
3.750585510190780902e-01 1.594523913803779185e+08
3.765587852231543908e-01 1.375383529292061806e+09
3.780650203640470441e-01 4.855987121489297867e+09
3.795772804455032068e-01 2.759117845287872314e+09
3.810955895672852312e-01 3.420625435951349258e+09
3.826199719255543585e-01 4.648976170476930141e+08
3.841504518132565771e-01 1.515388368293905497e+09
3.856870536205096456e-01 1.242286137716956288e+08
3.872298018349916715e-01 5.427879758653070927e+08
3.887787210423316320e-01 3.082052313071499467e+08
3.903338359265008939e-01 1.080074408103864193e+09
3.918951712702069545e-01 1.718558314235448122e+09
3.934627519552877928e-01 3.705872187038205624e+09
3.950366029631089404e-01 1.044630479094015312e+10
3.966167493749613859e-01 1.199497935250571823e+10
3.982032163724612550e-01 1.655919887500547600e+10
3.997960292379510450e-01 1.666405258127063942e+10
4.013952133549028578e-01 2.154407660542719269e+10
4.030007942083224659e-01 2.501461200684201431e+10
4.046127973851557647e-01 1.079178951661752319e+10
4.062312485746963908e-01 1.607400912681030846e+10
4.078561735689951728e-01 1.655397264494617844e+10
4.094875982632711353e-01 1.789559114129684830e+10
4.111255486563242245e-01 1.804151920695261383e+10
4.127700508509495880e-01 1.377487925681953430e+10
4.144211310543532978e-01 1.012749286662165451e+10
4.160788155785707931e-01 8.444425934017191887e+09
4.177431308408850463e-01 4.279605294306279182e+09
4.194141033642486138e-01 1.893116885095340729e+09
4.210917597777056320e-01 4.385966795000742078e+08
4.227761268168164221e-01 1.246542653093852848e+08
4.244672313240837602e-01 5.818329431842093468e+08
4.261651002493800910e-01 1.790450852448868036e+09
4.278697606503775730e-01 4.008153608499070644e+09
4.295812396929790666e-01 6.378076289292686462e+09
4.312995646517510107e-01 9.987811732624053955e+09
4.330247629103580187e-01 1.488301247171394539e+10
4.347568619619994745e-01 1.936378462251754379e+10
4.364958894098474596e-01 1.399143268855672646e+10
4.382418729674867897e-01 1.183647739687739372e+10
4.399948404593567730e-01 2.213253120073171234e+10
4.417548198211941890e-01 2.661935817040311050e+10
4.435218391004789873e-01 1.896304112115366364e+10
4.452959264568808750e-01 2.404598281058517075e+10
4.470771101627084021e-01 2.438218955928131104e+10
4.488654186033592119e-01 2.860482266201773071e+10
4.506608802777726241e-01 3.434852524432388687e+10
4.524635237988837710e-01 3.582316784477354431e+10
4.542733778940792333e-01 3.722079314909020996e+10
4.560904714056555065e-01 3.764744124075949097e+10
4.579148332912781894e-01 4.608626199495771790e+10
4.597464926244433370e-01 2.502055759069961929e+10
4.615854785949410899e-01 4.733617500424117279e+10
4.634318205093208576e-01 2.665670585811445618e+10
4.652855477913582227e-01 3.939057757945924377e+10
4.671466899825236219e-01 3.880837501986682129e+10
4.690152767424536906e-01 4.485716388715546417e+10
4.708913378494234969e-01 5.872720628319720459e+10
4.727749032008212171e-01 4.978181653642787170e+10
4.746660028136244769e-01 5.942318936750972748e+10
4.765646668248789131e-01 3.008801462015415955e+10
4.784709254921784560e-01 2.114889554977621460e+10
4.803848091941470555e-01 2.916008119102412033e+10
4.823063484309236815e-01 3.347521735199039841e+10
4.842355738246474361e-01 4.704234875100778961e+10
4.861725161199459966e-01 4.731621813507973480e+10
4.881172061844257226e-01 7.081676325714886475e+10
4.900696750091634302e-01 4.766150734491552734e+10
4.920299537092001074e-01 6.967099698546064758e+10
4.939980735240369625e-01 9.666302961924612427e+10
4.959740658181330253e-01 4.689012442975237274e+10
4.979579620814056362e-01 5.539438936814849854e+10
4.999497939297311566e-01 5.021243661934836578e+10
5.019495931054501758e-01 4.174931010082459259e+10
5.039573914778719965e-01 6.108244837654792786e+10
5.059732210437835054e-01 4.229313728622550201e+10
5.079971139279585435e-01 4.722496648243802643e+10
5.100291023836703852e-01 3.651324782985932159e+10
5.120692187932051054e-01 3.877165461099299622e+10
5.141174956683780550e-01 3.693780284024848175e+10
5.161739656510514473e-01 2.894490655976764297e+10
5.182386615136556074e-01 1.546277855810702896e+10
5.203116161597103329e-01 2.793184907833072281e+10
5.223928626243490303e-01 6.204922933280461121e+10
5.244824340748465152e-01 4.893172476212081909e+10
5.265803638111459239e-01 4.423253496602737427e+10
5.286866852663905103e-01 5.158278324627534485e+10
5.308014320074561088e-01 5.560971361742632294e+10
5.329246377354859288e-01 4.290722667294760895e+10
5.350563362864277916e-01 4.738774059716725159e+10
5.371965616315735881e-01 3.517358649680403900e+10
5.393453478780998456e-01 3.965720210731532288e+10
5.415027292696121819e-01 3.822576657789401245e+10
5.436687401866906466e-01 3.524338296912146759e+10
5.458434151474373941e-01 2.397741803261954880e+10
5.480267888080271321e-01 2.967401454628155136e+10
5.502188959632591247e-01 3.063092393856420517e+10
5.524197715471121928e-01 3.397871187951299286e+10
5.546294506333006025e-01 3.878362493562875366e+10
5.568479684358338400e-01 3.498062085875835419e+10
5.590753603095770519e-01 2.875894867683060837e+10
5.613116617508153716e-01 2.181256632102526855e+10
5.635569083978186899e-01 1.757534135718883514e+10
5.658111360314097560e-01 2.222309485019148254e+10
5.680743805755354980e-01 1.943450113576013184e+10
5.703466780978375672e-01 2.305288509294528961e+10
5.726280648102289872e-01 2.353115731869449234e+10
5.749185770694699160e-01 2.325582686746978760e+10
5.772182513777477375e-01 2.156648226886380768e+10
5.795271243832587071e-01 2.459494187361966705e+10
5.818452328807918184e-01 2.243528835181800461e+10
5.841726138123150003e-01 1.707962411114843178e+10
5.865093042675643131e-01 7.922296101308816910e+09
5.888553414846344758e-01 6.194211496229996681e+08
5.912107628505729462e-01 3.708275485494377613e+09
5.935756059019753339e-01 1.179997318826366997e+10
5.959499083255832552e-01 1.490434903240511322e+10
5.983337079588855190e-01 1.932346664478049469e+10
6.007270427907210886e-01 2.319896987412171173e+10
6.031299509618840426e-01 2.917075740278804016e+10
6.055424707657315331e-01 3.716246449094646454e+10
6.079646406487945187e-01 4.635694896563598633e+10
6.103964992113897203e-01 5.261602801271483612e+10
6.128380852082353503e-01 6.454579917319785309e+10
6.152894375490681744e-01 5.561614702798017883e+10
6.177505952992645710e-01 3.261487411601316452e+10
6.202215976804615893e-01 2.758073693743839264e+10
6.227024840711834486e-01 2.167539945343674850e+10
6.251932940074681477e-01 2.757806097876899719e+10
6.276940671834980723e-01 3.215082079155313110e+10
6.302048434522321552e-01 4.119364333252904510e+10
6.327256628260409244e-01 5.374515586069633484e+10
6.352565654773452142e-01 6.050432837440986633e+10
6.377975917392545435e-01 5.043137959810093689e+10
6.403487821062116003e-01 8.850348829542720032e+10
6.429101772346363930e-01 1.107862336122482910e+11
6.454818179435749537e-01 1.427229878253358154e+11
6.480637452153492628e-01 1.517965270427356873e+11
6.506560001962106154e-01 1.679982131661428528e+11
6.532586241969955410e-01 2.031282773279704285e+11
6.558716586937833881e-01 1.264799825646467133e+11
6.584951453285585732e-01 1.099318178523166656e+11
6.611291259098727169e-01 8.983201562612522888e+10
6.637736424135122215e-01 7.136424887422084045e+10
6.664287369831662922e-01 6.398279955176446533e+10
6.690944519310989547e-01 6.095386687274504852e+10
6.717708297388232941e-01 6.104301319958576202e+10
6.744579130577786907e-01 6.751078343217462921e+10
6.771557447100098326e-01 8.991888584221701050e+10
6.798643676888498355e-01 8.283144541399012756e+10
6.825838251596052508e-01 8.747127671755517578e+10
6.853141604602436265e-01 7.598076942384471130e+10
6.880554171020846210e-01 7.798371776516586304e+10
6.908076387704928933e-01 7.801401179725779724e+10
6.935708693255748791e-01 1.070769872566766052e+11
6.963451528028771209e-01 1.464787111787011719e+11
6.991305334140887062e-01 1.759288163396210327e+11
7.019270555477450380e-01 2.151116354606332703e+11
7.047347637699360456e-01 3.189133335951573486e+11
7.075537028250157290e-01 2.030428815387282410e+11
7.103839176363159202e-01 1.515690329369843445e+11
7.132254533068611568e-01 1.344198142690926514e+11
7.160783551200886610e-01 1.532547542634731445e+11
7.189426685405689854e-01 1.885411942091675720e+11
7.218184392147313222e-01 1.835860954042249451e+11
7.247057129715901436e-01 2.480697904093987427e+11
7.276045358234763949e-01 2.904889403359507446e+11
7.305149539667704639e-01 3.754300993431341553e+11
7.334370137826373703e-01 4.563265722314846802e+11
7.363707618377679509e-01 5.009469986574419556e+11
7.393162448851190449e-01 5.252168463656837769e+11
7.422735098646596752e-01 5.187872661144179077e+11
7.452426039041182282e-01 4.886590159123419800e+11
7.482235743197346300e-01 5.236317445540639038e+11
7.512164686170136330e-01 5.121244008353873291e+11
7.542213344914817652e-01 5.508828365185128174e+11
7.572382198294477229e-01 5.395192231350012817e+11
7.602671727087656484e-01 4.302015132214967041e+11
7.633082413996006288e-01 2.948253512598063354e+11
7.663614743651989691e-01 4.027864291625238800e+10
7.694269202626597970e-01 4.945205467304810333e+10
7.725046279437104424e-01 1.979919817715433960e+11
7.755946464554852593e-01 2.986893630377384033e+11
7.786970250413072225e-01 3.533527837576343994e+11
7.818118131414724115e-01 4.401203132976316528e+11
7.849390603940383793e-01 3.178385417530627441e+11
7.880788166356144098e-01 3.882133848877230835e+11
7.912311319021569922e-01 3.449410108247642822e+11
7.943960564297655180e-01 4.178812100799758911e+11
7.975736406554845281e-01 4.304343382637449341e+11
8.007639352181065151e-01 5.106841865553835449e+11
8.039669909589789443e-01 5.903438347952209473e+11
8.071828589228148276e-01 7.179791495548842773e+11
8.104115903585061842e-01 8.107319510396645508e+11
8.136532367199402760e-01 9.519810762068050537e+11
8.169078496668199518e-01 9.168010395754359131e+11
8.201754810654874328e-01 6.442748152662811279e+11
8.234561829897493190e-01 9.125940681998413086e+11
8.267500077217083687e-01 9.017757988461380615e+11
8.300570077525952772e-01 7.728898825070921631e+11
8.333772357836056743e-01 8.784758339844038086e+11
8.367107447267401188e-01 8.284573419152877197e+11
8.400575877056470908e-01 8.661767128677591553e+11
8.434178180564695371e-01 6.517075408827833252e+11
8.467914893286955236e-01 3.979554361687008667e+11
8.501786552860102208e-01 4.724144230505466309e+11
8.535793699071543283e-01 4.891006429201386108e+11
8.569936873867830540e-01 5.821454112127746582e+11
8.604216621363300899e-01 6.724267449755100098e+11
8.638633487848753623e-01 7.248059147085366211e+11
8.673188021800150027e-01 8.688564294337731934e+11
8.707880773887352044e-01 7.757886603983144531e+11
8.742712296982900755e-01 8.573287050843229980e+11
8.777683146170831563e-01 1.008072156164688843e+12
8.812793878755513788e-01 1.101006598026954346e+12
8.848045054270535781e-01 1.198131574934863037e+12
8.883437234487617795e-01 8.195286178228398438e+11
8.918970983425568155e-01 1.125583087832062012e+12
8.954646867359271623e-01 9.393883624261102295e+11
8.990465454828707736e-01 1.123864440385292969e+12
9.026427316648023558e-01 9.698180844721998291e+11
9.062533025914615292e-01 9.839730313340686035e+11
9.098783158018273198e-01 1.118456994699001465e+12
9.135178290650346478e-01 1.198716880302394775e+12
9.171719003812948134e-01 1.331243697798499268e+12
9.208405879828199803e-01 1.393651516313632568e+12
9.245239503347512100e-01 1.325432952876142578e+12
9.282220461360901620e-01 1.337204449680609619e+12
9.319349343206346781e-01 1.251368885347880371e+12
9.356626740579171431e-01 1.291195063107571045e+12
9.394053247541488405e-01 1.231422908395255859e+12
9.431629460531654185e-01 1.364386412365067627e+12
9.469355978373780180e-01 1.474952514149580811e+12
9.507233402287275092e-01 1.525278586648722168e+12
9.545262335896426142e-01 1.580807164817629150e+12
9.583443385240012491e-01 1.527866643794481689e+12
9.621777158780971950e-01 1.586233836205578613e+12
9.660264267416096562e-01 1.593328289032205078e+12
9.698905324485760371e-01 1.665305162654499023e+12
9.737700945783701600e-01 1.396205251032993652e+12
9.776651749566835914e-01 1.375419842821489014e+12
9.815758356565105203e-01 1.389605473218055420e+12
9.855021389991363012e-01 1.342328537235773438e+12
9.894441475551331022e-01 1.203613962992900879e+12
9.934019241453534432e-01 8.391717369779863281e+11
9.973755318419349480e-01 1.041199972650216064e+12
1.001365033969302543e+00 1.044965157127344849e+12
1.005370494105179757e+00 1.021231748873656738e+12
1.009391976081600362e+00 1.131245886819530762e+12
1.013429543985926884e+00 1.220230654071738770e+12
1.017483262161870350e+00 1.254636531440020508e+12
1.021553195210518128e+00 1.317028511120765625e+12
1.025639407991360219e+00 1.267099795912338623e+12
1.029741965623325539e+00 1.248308582855713867e+12
1.033860933485818867e+00 1.271635823861463379e+12
1.037996377219762012e+00 1.426699344937310791e+12
1.042148362728641198e+00 1.432840394857036621e+12
1.046316956179555557e+00 1.554319247894689941e+12
1.050502224004274066e+00 1.536253253412983398e+12
1.054704232900291139e+00 1.620595891060016846e+12
1.058923049831892227e+00 1.598502433822588135e+12
1.063158742031219628e+00 1.602374057958657959e+12
1.067411376999344741e+00 1.540514663325530273e+12
1.071681022507342096e+00 1.558686673076260498e+12
1.075967746597371377e+00 1.670215330103033936e+12
1.080271617583760779e+00 1.661415335302022461e+12
1.084592704054095913e+00 1.739775589280343262e+12
1.088931074870312044e+00 1.689078422372782959e+12
1.093286799169793433e+00 1.746646540172559570e+12
1.097659946366472461e+00 1.674057040518962646e+12
1.102050586151938294e+00 1.668608725855111572e+12
1.106458788496546219e+00 1.581710964029850342e+12
1.110884623650532532e+00 1.582397498321907715e+12
1.115328162145134749e+00 1.697693189981031250e+12
1.119789474793714934e+00 1.678903225611226318e+12
1.124268632692889902e+00 1.757774973125373047e+12
1.128765707223661430e+00 1.766569266215050781e+12
1.133280770052556230e+00 1.728180376882466309e+12
1.137813893132766374e+00 1.423372455443860596e+12
1.142365148705297484e+00 1.482299718568035889e+12
1.146934609300118479e+00 1.811416475669697754e+12
1.151522347737319096e+00 1.879285172342164551e+12
1.156128437128268516e+00 1.858903488291565430e+12
1.160752950876781542e+00 1.851237947748260010e+12
1.165395962680288999e+00 1.877234023796973389e+12
1.170057546531009907e+00 1.545946087354621826e+12
1.174737776717134086e+00 1.641983486303101318e+12
1.179436727824002773e+00 1.407001841403810059e+12
1.184154474735298557e+00 1.748090612545763184e+12
1.188891092634239977e+00 1.840532888581647461e+12
1.193646657004777012e+00 1.854879607919599854e+12
1.198421243632796118e+00 1.662123283518074463e+12
1.203214928607327261e+00 1.705277400901784424e+12
1.208027788321756724e+00 1.825733576791686035e+12
1.212859899475043468e+00 1.750384120781318115e+12
1.217711339072943710e+00 1.840698626166643799e+12
1.222582184429235275e+00 1.788321283627923584e+12
1.227472513166952384e+00 1.895047259796885498e+12
1.232382403219620226e+00 1.871290075383322266e+12
1.237311932832498407e+00 1.845147180858367188e+12
1.242261180563828615e+00 1.405848597746195068e+12
1.247230225286083849e+00 1.755339995063093750e+12
1.252219146187228072e+00 1.377274919499763672e+12
1.257228022771976983e+00 1.743245976948607178e+12
1.262256934863064783e+00 1.744589986158279053e+12
1.267305962602517155e+00 1.826627359118461670e+12
1.272375186452927354e+00 1.814114393794027588e+12
1.277464687198738957e+00 1.831742443887136230e+12
1.282574545947533950e+00 1.851311523086418945e+12
1.287704844131324133e+00 1.702523885982940430e+12
1.292855663507849417e+00 1.708031615420621094e+12
1.298027086161880783e+00 1.751138848389631348e+12
1.303219194506528344e+00 1.778900247848176758e+12
1.308432071284554521e+00 1.754677658373371338e+12
1.313665799569692760e+00 1.809251008832462158e+12
1.318920462767971591e+00 1.807358368276315430e+12
1.324196144619043336e+00 1.724129041626723877e+12
1.329492929197519491e+00 1.641503926194539795e+12
1.334810900914309650e+00 1.353370128552536865e+12
1.340150144517967101e+00 1.305053010099173828e+12
1.345510745096038852e+00 1.283341464808681641e+12
1.350892788076423212e+00 1.284061744774209717e+12
1.356296359228728932e+00 1.236141805128628662e+12
1.361721544665643879e+00 1.272283108981113037e+12
1.367168430844306393e+00 1.309862811685550537e+12
1.372637104567683730e+00 1.313668106557583252e+12
1.378127652985954299e+00 1.348046855893565430e+12
1.383640163597898098e+00 1.334737710498453613e+12
1.389174724252289828e+00 1.296626974762206055e+12
1.394731423149298877e+00 1.257696564657333252e+12
1.400310348841896202e+00 1.221120304800849854e+12
1.405911590237263642e+00 1.236544119342768311e+12
1.411535236598212784e+00 1.159333241290813965e+12
1.417181377544605603e+00 1.129703284979400391e+12
1.422850103054784210e+00 1.137950106972728271e+12
1.428541503467003038e+00 1.119418599563545410e+12
1.434255669480871243e+00 1.123238105423255615e+12
1.439992692158794885e+00 1.140784493956008545e+12
1.445752662927429988e+00 1.162552619074489502e+12
1.451535673579139596e+00 1.165187048207332031e+12
1.457341816273456159e+00 1.206778104307642578e+12
1.463171183538549913e+00 1.167211769365657715e+12
1.469023868272704147e+00 1.144949117400523926e+12
1.474899963745795128e+00 1.169814220156947021e+12
1.480799563600778246e+00 1.180881178789236572e+12
1.486722761855181485e+00 1.178799858118121826e+12
1.492669652902602007e+00 1.193416338207150635e+12
1.498640331514212276e+00 1.201574531331765381e+12
1.504634892840269300e+00 1.220092974564517822e+12
1.510653432411630304e+00 1.226144594866143555e+12
1.516696046141276843e+00 1.211271834460708984e+12
1.522762830325842032e+00 1.268444818038626221e+12
1.528853881647145307e+00 1.280477336560275879e+12
1.534969297173733649e+00 1.277183885704707520e+12
1.541109174362428780e+00 1.280765815963563232e+12
1.547273611059878373e+00 1.309412018996729248e+12
1.553462705504118135e+00 1.319194732537585449e+12
1.559676556326134556e+00 1.316290765837122070e+12
1.565915262551438980e+00 1.343999920915686035e+12
1.572178923601644795e+00 1.350092169035597900e+12
1.578467639296051495e+00 1.373823090214688232e+12
1.584781509853235626e+00 1.388092915212240479e+12
1.591120635892648405e+00 1.392087018814744385e+12
1.597485118436219098e+00 1.402007875452690186e+12
1.603875058909963958e+00 1.404241922228219971e+12
1.610290559145603595e+00 1.411404903789041992e+12
1.616731721382186127e+00 1.408527482728021484e+12
1.623198648267714761e+00 1.418919275852044189e+12
1.629691442860785600e+00 1.437626059363156982e+12
1.636210208632228769e+00 1.453700363932672363e+12
1.642755049466757766e+00 1.447387807082867432e+12
1.649326069664624805e+00 1.457351676236309326e+12
1.655923373943283039e+00 1.461243175845702393e+12
1.662547067439056336e+00 1.453845892137198730e+12
1.669197255708812611e+00 1.461155983553978027e+12
1.675874044731648027e+00 1.460641505270952637e+12
1.682577540910574321e+00 1.451088467590142822e+12
1.689307851074216771e+00 1.429366640840266357e+12
1.696065082478513508e+00 1.402953001875186279e+12
1.702849342808427480e+00 1.376137233521940918e+12
1.709660740179661298e+00 1.325767867600825684e+12
1.716499383140379864e+00 1.249159684024020264e+12
1.723365380672941427e+00 1.234610208612238037e+12
1.730258842195633306e+00 1.194754911426800293e+12
1.737179877564415831e+00 1.136893116571269287e+12
1.744128597074673603e+00 1.099784925480965088e+12
1.751105111462972097e+00 1.068547027662671265e+12
1.758109531908824241e+00 1.001986888769165405e+12
1.765141970036459451e+00 9.699470449022585449e+11
1.772202537916605314e+00 9.349582127930341797e+11
1.779291348068271716e+00 8.717312214416795654e+11
1.786408513460544745e+00 8.542493844136750488e+11
1.793554147514387020e+00 8.162520431004465332e+11
1.800728364104444257e+00 8.063716302061906738e+11
1.807931277560862249e+00 7.589216837450665283e+11
1.815163002671105641e+00 7.830613225516878662e+11
1.822423654681789795e+00 7.685100590623514404e+11
1.829713349300517100e+00 7.438970968524538574e+11
1.837032202697718830e+00 7.477547157445213623e+11
1.844380331508509885e+00 6.888020713462318115e+11
1.851757852834543527e+00 6.743402324750539551e+11
1.859164884245881888e+00 5.968067382144906006e+11
1.866601543782865358e+00 6.575973080231970215e+11
1.874067949957996859e+00 6.491859676483771973e+11
1.881564221757828781e+00 6.705238115891289062e+11
1.889090478644860127e+00 6.873038149878398438e+11
1.896646840559439662e+00 7.003320343688353271e+11
1.904233427921677269e+00 7.020442450770258789e+11
1.911850361633363971e+00 7.168737855971280518e+11
1.919497763079897279e+00 6.943781268157198486e+11
1.927175754132217200e+00 6.817336975351157227e+11
1.934884457148745796e+00 6.813583003732468262e+11
1.942623994977340729e+00 6.153760784214129639e+11
1.950394490957250149e+00 6.483378254184136963e+11
1.958196068921079336e+00 6.500197698832131348e+11
1.966028853196763793e+00 6.529527486520445557e+11
1.973892968609550991e+00 6.090474457982644043e+11
1.981788540483989447e+00 5.963872488563640137e+11
1.989715694645925126e+00 5.971319407448511963e+11
1.997674557424508723e+00 6.069233291017187500e+11
2.005665255654207169e+00 6.059287845785351562e+11
2.013687916676823786e+00 5.978472233043199463e+11
2.021742668343530891e+00 6.160306460705648193e+11
2.029829639016905052e+00 6.047957412997318115e+11
2.037948957572972564e+00 6.116714100444687500e+11
2.046100753403264694e+00 6.129576617791264648e+11
2.054285156416877811e+00 6.316625133662625732e+11
2.062502297042545507e+00 6.256508468563786621e+11
2.070752306230715600e+00 6.390297366451475830e+11
2.079035315455638244e+00 6.445076904172897949e+11
2.087351456717461140e+00 6.434920062776732178e+11
2.095700862544330967e+00 6.542861483555225830e+11
2.104083665994508134e+00 6.678575153338870850e+11
2.112500000658485977e+00 6.734486055330053711e+11
2.120950000661120161e+00 6.779904005808575439e+11
2.129433800663764753e+00 6.746030276679395752e+11
2.137951535866419839e+00 6.830353408124895020e+11
2.146503342009885351e+00 6.975586239284042969e+11
2.155089355377924676e+00 6.968008242293460693e+11
2.163709712799436691e+00 7.025211110380087891e+11
2.172364551650634468e+00 7.039143743625869141e+11
2.181054009857236853e+00 7.006794089494422607e+11
2.189778225896665376e+00 7.013820503200012207e+11
2.198537338800252705e+00 7.043174697913630371e+11
2.207331488155453325e+00 6.672476851234161377e+11
2.216160814108075083e+00 7.003342625579488525e+11
2.225025457364507631e+00 6.982143631241026611e+11
2.233925559193965515e+00 6.963528823322136230e+11
2.242861261430741493e+00 6.953829435051699219e+11
2.251832706476463830e+00 6.883550312963991699e+11
2.260840037302370042e+00 6.800179399537502441e+11
2.269883397451579299e+00 6.792587085285604248e+11
2.278962931041386142e+00 6.720919533488996582e+11
2.288078782765551100e+00 6.709985932550633545e+11
2.297231097896613505e+00 5.316522447342647705e+11
2.306420022288200311e+00 5.805905509080289307e+11
2.315645702377353121e+00 5.688561718479699707e+11
2.324908285186861878e+00 4.942038881675615845e+11
2.334207918327609654e+00 5.215722864947792358e+11
2.343544750000919663e+00 5.147083762522130737e+11
2.352918929000923143e+00 4.760420283423333130e+11
2.362330604716927240e+00 4.741285935597966309e+11
2.371779927135795329e+00 4.805441775494681396e+11
2.381267046844337987e+00 4.480149238746101074e+11
2.390792115031715070e+00 4.334836301118249512e+11
2.400355283491842240e+00 4.375708530618604126e+11
2.409956704625809465e+00 4.113409978696867065e+11
2.419596531444312859e+00 3.951996865140113525e+11
2.429274917570089620e+00 3.892518177257431030e+11
2.438992017240370291e+00 3.733112034448038330e+11
2.448747985309331465e+00 3.481126674398751831e+11
2.458542977250568917e+00 3.420159934255509033e+11
2.468377149159570738e+00 3.343337137584868774e+11
2.478250657756209563e+00 2.987436509519163818e+11
2.488163660387234355e+00 3.002888323809457397e+11
2.498116315028783063e+00 2.969529780904471436e+11
2.508108780288898387e+00 2.653081404667021179e+11
2.518141215410053757e+00 2.653624917781436157e+11
2.528213780271693967e+00 2.486983759801472473e+11
2.538326635392781139e+00 2.449153565763489685e+11
2.548479941934351789e+00 2.433969134842188721e+11
2.558673861702089436e+00 2.394690303548982849e+11
2.568908557148898097e+00 2.450194485459790344e+11
2.579184191377493551e+00 2.292012369350961914e+11
2.589500928143003478e+00 2.419035259875017395e+11
2.599858931855575594e+00 2.459075671095137634e+11
2.610258367582998229e+00 2.539523398811688538e+11
2.620699401053329769e+00 2.464845889800176697e+11
2.631182198657543214e+00 2.474133987494492493e+11
2.641706927452173392e+00 2.519360021506480713e+11
2.652273755161981938e+00 2.629084213161784668e+11
2.662882850182629824e+00 2.629997883189017639e+11
2.673534381583360542e+00 2.331796245226341858e+11
2.684228519109693956e+00 2.293599615430966187e+11
2.694965433186132575e+00 2.148838923871173096e+11
2.705745294918877164e+00 2.126196072812446594e+11
2.716568276098552559e+00 2.056248635620581665e+11
2.727434549202946812e+00 1.996328773959389038e+11
2.738344287399758326e+00 1.951096389802673645e+11
2.749297664549357201e+00 2.005768588987084656e+11
2.760294855207554576e+00 1.998254028289236755e+11
2.771336034628385292e+00 1.907205324602880249e+11
2.782421378766898545e+00 1.828780121353864746e+11
2.793551064281966312e+00 1.932579853379347229e+11
2.804725268539093985e+00 1.761750273541981506e+11
2.815944169613250558e+00 1.743197477535954590e+11
2.827207946291703244e+00 1.902206311543283997e+11
2.838516778076869862e+00 1.711662349479848328e+11
2.849870845189177437e+00 1.713653897960741272e+11
2.861270328569933685e+00 1.798754279903959961e+11
2.872715409884213589e+00 1.720317207619303284e+11
2.884206271523750420e+00 1.721144149066203613e+11
2.895743096609845413e+00 1.758991384582543640e+11
2.907326068996284985e+00 1.621604935838386536e+11
2.918955373272270393e+00 1.659772767007023315e+11
2.930631194765359826e+00 1.681096842104504700e+11
2.942353719544420709e+00 1.610590468713087463e+11
2.954123134422598440e+00 1.645892908146635132e+11
2.965939626960289122e+00 1.600095354621334839e+11
2.977803385468130504e+00 1.659716621502432556e+11
2.989714599010003138e+00 1.604460371076754761e+11
3.001673457406043077e+00 1.620391444226240234e+11
3.013680151235667015e+00 1.646666850081859741e+11
3.025734871840609408e+00 1.538922480688595276e+11
3.037837811327972037e+00 1.682105600961816406e+11
3.049989162573283785e+00 1.558679449885932617e+11
3.062189119223576395e+00 1.662843416027294922e+11
3.074437875700470890e+00 1.605468535984455872e+11
3.086735627203272880e+00 1.602981696200706177e+11
3.099082569712085622e+00 1.653309478520847168e+11
3.111478899990933744e+00 1.583834815065617981e+11
3.123924815590897186e+00 1.643917734716275024e+11
3.136420514853261121e+00 1.621897273788570251e+11
3.148966196912674320e+00 1.628246363250385742e+11
3.161562061700325277e+00 1.642931974677622681e+11
3.174208309947126327e+00 1.590875151883345642e+11
3.186905143186915090e+00 1.699918582340577087e+11
3.199652763759662566e+00 1.553506323364958496e+11
3.212451374814701222e+00 1.692859344052235413e+11
3.225301180313960625e+00 1.654661240869179382e+11
3.238202385035215958e+00 1.639867899195451050e+11
3.251155194575356955e+00 1.687902492979455566e+11
3.264159815353658622e+00 1.678409632675548096e+11
3.277216454615073271e+00 1.659164249078053589e+11
3.290325320433533207e+00 1.675122419739104614e+11
3.303486621715267635e+00 1.680320260048155212e+11
3.316700568202128441e+00 1.656391264445094604e+11
3.329967370474937294e+00 1.729165279480422363e+11
3.343287239956836743e+00 1.629006331589248047e+11
3.356660388916663962e+00 1.669973828527677612e+11
3.370087030472330714e+00 1.686441003454479980e+11
3.383567378594220187e+00 1.646751766174909363e+11
3.397101648108596716e+00 1.667293705076172180e+11
3.410690054701031482e+00 1.643090901441354065e+11
3.424332814919834878e+00 1.651641627200367432e+11
3.438030146179514634e+00 1.649261656562672729e+11
3.451782266764232610e+00 1.643371507558488464e+11
3.465589395831289998e+00 1.654879377625612183e+11
3.479451753414614767e+00 1.639420154808326111e+11
3.493369560428273068e+00 1.586695568804227600e+11
3.507343038669985980e+00 1.666231444585114136e+11
3.521372410824665788e+00 1.594906244217271118e+11
3.535457900467964709e+00 1.613510670585519104e+11
3.549599732069836477e+00 1.608583907966451721e+11
3.563798130998116154e+00 1.596067951896640625e+11
3.578053323522108364e+00 1.595054302776975403e+11
3.592365536816196858e+00 1.602337541645309753e+11
3.606734998963461614e+00 1.587709482891274109e+11
3.621161938959315041e+00 1.570800776155342407e+11
3.635646586715152839e+00 1.569432100295197144e+11
3.650189173062013293e+00 1.565521602146176453e+11
3.664789929754260545e+00 1.559018998206628418e+11
3.679449089473277645e+00 1.536480916137512207e+11
3.694166885831170699e+00 1.535560070392873230e+11
3.708943553374495661e+00 1.552145524656641846e+11
3.723779327587993571e+00 1.546782780073400574e+11
3.738674444898345328e+00 1.495647481799605408e+11
3.753629142677938901e+00 1.533624996022583923e+11
3.768643659248651190e+00 1.501251389946990051e+11
3.783718233885645432e+00 1.520887109873628845e+11
3.798853106821188153e+00 1.499527073557115479e+11
3.814048519248473657e+00 1.487431734526720581e+11
3.829304713325467180e+00 1.444905411950300293e+11
3.844621932178768908e+00 1.459407411097209167e+11
3.860000419907484215e+00 1.461091502441047058e+11
3.875440421587113882e+00 1.435057400772671204e+11
3.890942183273462529e+00 1.414193285230385132e+11
3.906505952006555926e+00 1.404690254041048279e+11
3.922131975814582727e+00 1.392940731696723938e+11
3.937820503717840648e+00 1.367903211875139160e+11
3.953571785732711508e+00 1.339605071648183899e+11
3.969386072875642490e+00 1.314812121658942566e+11
3.985263617167145167e+00 1.270623159907829590e+11
4.001204671635814059e+00 1.239840426276059113e+11
4.017209490322357190e+00 1.221657542710305634e+11
4.033278328283646630e+00 1.196074754840262299e+11
4.049411441596781458e+00 1.118039147250701904e+11
4.065609087363168506e+00 1.134285095161560364e+11
4.081871523712622185e+00 1.045792407915254822e+11
4.098199009807472315e+00 1.067567402890556641e+11
4.114591805846702144e+00 1.045925162313553619e+11
4.131050173070089038e+00 9.983898984506483459e+10
4.147574373762369149e+00 1.023797476644278107e+11
4.164164671257418959e+00 9.599608451386119080e+10
4.180821329942449260e+00 9.673941475403686523e+10
4.197544615262219558e+00 9.597276380307528687e+10
4.214334793723269357e+00 9.111892731968966675e+10
4.231192132898162761e+00 9.263293832894775391e+10
4.248116901429755288e+00 8.498361858226728821e+10
4.265109369035473996e+00 8.500657338291470337e+10
4.282169806511615384e+00 8.504770356716094971e+10
4.299298485737661935e+00 7.698983377134523010e+10
4.316495679680612874e+00 7.410701283226089478e+10
4.333761662399335357e+00 7.071328958168572998e+10
4.351096709048932532e+00 6.695675276115724182e+10
4.368501095885127583e+00 6.336369839509616089e+10
4.385975100268668214e+00 6.033007715935343933e+10
4.403519000669743555e+00 5.766103314099325562e+10
4.421133076672422391e+00 5.609793630669183350e+10
4.438817608979111817e+00 5.273361697353581238e+10
4.456572879415028332e+00 5.156945488737978363e+10
4.474399170932688463e+00 4.868291040767095184e+10
4.492296767616419828e+00 4.823942689231906128e+10
4.510265954686884626e+00 4.741411872292631531e+10
4.528307018505633330e+00 4.576794939155079651e+10
4.546420246579655711e+00 4.562122263282202911e+10
4.564605927565974497e+00 4.328779767603244781e+10
4.582864351276237258e+00 4.465118595764522552e+10
4.601195808681342925e+00 4.504550223855124664e+10
4.619600591916067422e+00 4.467020093628096008e+10
4.638078994283731937e+00 4.390688540932488251e+10
4.656631310260867629e+00 4.645794952110594940e+10
4.675257835501911430e+00 4.438012144972964478e+10
4.693958866843916944e+00 4.536924164926789093e+10
4.712734702311292878e+00 4.394831989399021912e+10
4.731585641120538810e+00 4.425961905678869629e+10
4.750511983685020923e+00 4.242784679297697449e+10
4.769514031619761063e+00 4.141080028538852692e+10
4.788592087746240011e+00 4.088967477737273407e+10
4.807746456097224730e+00 4.117806555903401184e+10
4.826977441921613377e+00 4.125513411065244293e+10
4.846285351689299858e+00 4.005927121543202209e+10
4.865670493096057925e+00 4.021198223541680908e+10
4.885133175068442135e+00 3.870214919594998932e+10
4.904673707768715474e+00 3.838224788828169250e+10
4.924292402599791174e+00 3.683947571430170441e+10
4.943989572210189642e+00 3.703341632283409119e+10
4.963765530499030021e+00 3.508862177160852814e+10
4.983620592621027079e+00 3.846172268207270813e+10
5.003555074991511198e+00 3.522778950673056793e+10
5.023569295291476777e+00 3.369667098235066223e+10
5.043663572472643075e+00 3.623633868249790955e+10
5.063838226762532813e+00 3.533871109081468964e+10
5.084093579669583640e+00 3.391029774177064896e+10
5.104429953988261381e+00 3.433695051686696243e+10
5.124847673804215020e+00 3.407148391621273804e+10
5.145347064499431688e+00 3.393725048804450226e+10
5.165928452757428957e+00 3.191904118585231781e+10
5.186592166568458673e+00 3.400430692428788757e+10
5.207338535234733001e+00 3.157864846248839188e+10
5.228167889375671784e+00 3.316975696013939285e+10
5.249080560933174766e+00 3.171083492485919571e+10
5.270076883176907145e+00 3.207291800251963425e+10
5.291157190709615321e+00 3.126010489309466553e+10
5.312321819472453299e+00 3.239409913645363617e+10
5.333571106750343738e+00 3.182511881002431488e+10
5.354905391177344320e+00 3.100886216098094940e+10
5.376325012742054099e+00 3.124476755781280518e+10
5.397830312793021612e+00 3.096188168424430847e+10
5.419421634044193858e+00 2.835183092916844559e+10
5.441099320580370602e+00 3.072302000686057281e+10
5.462863717862692425e+00 2.935837601963714218e+10
5.484715172734142996e+00 2.939767426031811142e+10
5.506654033425078865e+00 2.941715980245156860e+10
5.528680649558780580e+00 2.767611223377891922e+10
5.550795372157015350e+00 2.757905502196234894e+10
5.572998553645643227e+00 2.706658516862722778e+10
5.595290547860225949e+00 2.843959700121156311e+10
5.617671710051667766e+00 2.707703145273068237e+10
5.640142396891874021e+00 2.754736463511669922e+10
5.662702966479441713e+00 2.680737292054203033e+10
5.685353778345359821e+00 2.531277466307024384e+10
5.708095193458740724e+00 2.574088583712582779e+10
5.730927574232576482e+00 2.450840588058346176e+10
5.753851284529505783e+00 2.630554677765553284e+10
5.776866689667624399e+00 2.431097191455834198e+10
5.799974156426294769e+00 2.539883269993575287e+10
5.823174053051999977e+00 2.337315194256844330e+10
5.846466749264207508e+00 2.372489482340725708e+10
5.869852616261264977e+00 2.371538511234904099e+10
5.893332026726310069e+00 2.320291411299930573e+10
5.916905354833215114e+00 2.431153706014411163e+10
5.940572976252548543e+00 2.234116526676029205e+10
5.964335268157558545e+00 2.329146797284649658e+10
5.988192609230189589e+00 2.307945325183260345e+10
6.012145379667110490e+00 2.355676389427185059e+10
6.036193961185778889e+00 2.178860728441951752e+10
6.060338737030522616e+00 2.220410469326155853e+10
6.084580091978644134e+00 2.329025908155792236e+10
6.108918412346558746e+00 2.164616202047417068e+10
6.133354085995945226e+00 2.378696055086670303e+10
6.157887502339929320e+00 2.223641669654655838e+10
6.182519052349287669e+00 2.172515119542417145e+10
6.207249128558685491e+00 2.207966481963776398e+10
6.232078125072920471e+00 2.193246842561280060e+10
6.257006437573212843e+00 2.132269053159463120e+10
6.282034463323505236e+00 2.144762252056540298e+10
6.307162601176800720e+00 2.101694081018778610e+10
6.332391251581507063e+00 2.098480396536012268e+10
6.357720816587833390e+00 2.049328818897934341e+10
6.383151699854184180e+00 1.946128760939221954e+10
6.408684306653601226e+00 1.820322426634566498e+10
6.434319043880215361e+00 1.867113586151461792e+10
6.460056320055736379e+00 1.671735315259492874e+10
6.485896545335958052e+00 1.489088317966074371e+10
6.511840131517302233e+00 1.520393008726012802e+10
6.537887492043371829e+00 1.481329975414502144e+10
6.564039042011545533e+00 1.386338695018766212e+10
6.590295198179591196e+00 1.315330734494145966e+10
6.616656378972309405e+00 1.315300061717719841e+10
6.643123004488199257e+00 1.283195826158759117e+10
6.669695496506150789e+00 1.292293982769904518e+10
6.696374278492176479e+00 1.280397013713805199e+10
6.723159775606144528e+00 1.269344580687500191e+10
6.750052414708568094e+00 1.310625850510622215e+10
6.777052624367403411e+00 1.209084237115608978e+10
6.804160834864871887e+00 1.209527767159948349e+10
6.831377478204331055e+00 1.155439204146213913e+10
6.858702988117148180e+00 1.202185065735642242e+10
6.886137800069615622e+00 1.203120808770939064e+10
6.913682351269895499e+00 1.184151295301688385e+10
6.941337080674975013e+00 1.181390806068619919e+10
6.969102428997675069e+00 1.170305100529186821e+10
6.996978838713665994e+00 1.184760167474402428e+10
7.024966754068519670e+00 1.135773147281987953e+10
7.053066621084793653e+00 1.115011746526562119e+10
7.081278887569133929e+00 1.106780347458544922e+10
7.109604003119409654e+00 1.061173297034387016e+10
7.138042419131887861e+00 1.113819351352155495e+10
7.166594588808414379e+00 1.099705459589884949e+10
7.195260967163648047e+00 1.079257716799390411e+10
7.224042011032302923e+00 1.048894687759911156e+10
7.252938179076432235e+00 1.038558471633569717e+10
7.281949931792737196e+00 1.040874419551572037e+10
7.311077731519908696e+00 1.055283009532357979e+10
7.340322042445988515e+00 9.843946355324905396e+09
7.369683330615771411e+00 9.791512286015117645e+09
7.399162063938235612e+00 1.024980670908031464e+10
7.428758712193988423e+00 9.452738361478446960e+09
7.458473747042765112e+00 9.573697230371076584e+09
7.488307642030935796e+00 9.587755517065513611e+09
7.518260872599060285e+00 9.452799612715213776e+09
7.548333916089456253e+00 9.514282183446060181e+09
7.578527251753813587e+00 8.878959161229076385e+09
7.608841360760829176e+00 8.425623638382169724e+09
7.639276726203872769e+00 8.986669360434324265e+09
7.669833833108687493e+00 8.592544884305969238e+09
7.700513168441122325e+00 8.655114590608825684e+09
7.731315221114887670e+00 8.404723227522922516e+09
7.762240481999347352e+00 8.154358972189529419e+09
7.793289443927344351e+00 8.208475819494330406e+09
7.824462601703054077e+00 8.329822280266145706e+09
7.855760452109866065e+00 8.012214929759551048e+09
7.887183493918306532e+00 7.309289847103579521e+09
7.918732227893980458e+00 7.665463350755773544e+09
7.950407156805555431e+00 7.528329411920579910e+09
7.982208785432777454e+00 7.296382546926445961e+09
8.014137620574508958e+00 7.475403067078007698e+09
8.046194171056805899e+00 7.001299622017459869e+09
8.078378947741034821e+00 7.172305377971920967e+09
8.110692463531997021e+00 6.845873930834527016e+09
8.143135233386125549e+00 6.954729391224390984e+09
8.175707774319670662e+00 6.823005587793633461e+09
8.208410605416949224e+00 6.561545752212527275e+09
8.241244247838615422e+00 6.746854287369453430e+09
8.274209224829968790e+00 6.388592664551935196e+09
8.307306061729288871e+00 6.570932345681818962e+09
8.340535285976207192e+00 6.227633499842158318e+09
8.373897427120111203e+00 6.089823709179829597e+09
8.407393016828594412e+00 6.491919455863294601e+09
8.441022588895906509e+00 6.047509256749079704e+09
8.474786679251490540e+00 6.326816437682571411e+09
8.508685825968495209e+00 5.994973075454808235e+09
8.542720569272368891e+00 6.089535683962633133e+09
8.576891451549458978e+00 5.925820690421987534e+09
8.611199017355655627e+00 6.060983422974924088e+09
8.645643813425078150e+00 6.003102810008491516e+09
8.680226388678779159e+00 5.832025217023591995e+09
8.714947294233493125e+00 5.848828025082875252e+09
8.749807083410427566e+00 5.534951662923621178e+09
8.784806311744070229e+00 5.721952147262154579e+09
8.819945536991047774e+00 5.559677247629931450e+09
8.855225319139009343e+00 5.505009755520179749e+09
8.890646220415566958e+00 5.672948881074534416e+09
8.926208805297228821e+00 5.608396643897152901e+09
8.961913640518417878e+00 5.297165942490320206e+09
8.997761295080492161e+00 5.424065532220870018e+09
9.033752340260813085e+00 5.346868036799842834e+09
9.069887349621856387e+00 5.349167256637284279e+09
9.106166899020346150e+00 5.200398470168096542e+09
9.142591566616424359e+00 5.248464571461063385e+09
9.179161932882891506e+00 5.187741834498397827e+09
9.215878580614422333e+00 5.116051278585989952e+09
9.252742094936881045e+00 4.921612996915537834e+09
9.289753063316627646e+00 4.950893010129162788e+09
9.326912075569895322e+00 4.908433361992676735e+09
9.364219723872173162e+00 5.052154833323895454e+09
9.401676602767663482e+00 4.716764589380107880e+09
9.439283309178733816e+00 4.649675145486490250e+09
9.477040442415447075e+00 4.722974599529681206e+09
9.514948604185111236e+00 4.650233052571138382e+09
9.553008398601852136e+00 4.781250724833683014e+09
9.591220432196260859e+00 4.484744946564534187e+09
9.629585313925044687e+00 4.438991990924421310e+09
9.668103655180747324e+00 4.425543035501308441e+09
9.706776069801470896e+00 4.361663986014163017e+09
9.745603174080676112e+00 4.421139048957118988e+09
9.784585586776998412e+00 4.439337559358891487e+09
9.823723929124106746e+00 4.220772357463256836e+09
9.863018824840601440e+00 4.233041104468312740e+09
9.902470900139965337e+00 3.762230589521325588e+09
9.942080783740523842e+00 4.108793218142010212e+09
9.981849106875488431e+00 3.993012425554137707e+09
1.002177650330298952e+01 3.979689454660009861e+09
1.006186360931619994e+01 3.840668164701386929e+09
1.010211106375346723e+01 3.695593067192108154e+09
1.014251950800847979e+01 3.838724333191272259e+09
1.018308958604051284e+01 3.784432135022225857e+09
1.022382194438467451e+01 3.633034814831361771e+09
1.026471723216221399e+01 3.563765180188422680e+09
1.030577610109086173e+01 3.524803725505616665e+09
1.034699920549522467e+01 3.441474155150487900e+09
1.038838720231720458e+01 3.362085403295869350e+09
1.042994075112647501e+01 3.289710573445817947e+09
1.047166051413097954e+01 3.213799420478423595e+09
1.051354715618750468e+01 3.300519725001780987e+09
1.055560134481225454e+01 3.175785689729889393e+09
1.059782375019150358e+01 3.068231473509467125e+09
1.064021504519226902e+01 3.134946471953764915e+09
1.068277590537303823e+01 3.141972157884129524e+09
1.072550700899452991e+01 2.960413925329673767e+09
1.076840903703050856e+01 2.904421345833834171e+09
1.081148267317863088e+01 2.957772986671398163e+09
1.085472860387134553e+01 3.001079881276558876e+09
1.089814751828683015e+01 2.692751887515840530e+09
1.094174010835997635e+01 2.790251728366739750e+09
1.098550706879341909e+01 2.541187468325819492e+09
1.102944909706859100e+01 2.574848529943308353e+09
1.107356689345686540e+01 2.589222553366225719e+09
1.111786116103069233e+01 2.561082181212357044e+09
1.116233260567481622e+01 2.501465161952975273e+09
1.120698193609751492e+01 2.439764803708749294e+09
1.125180986384190440e+01 2.435837823273808479e+09
1.129681710329727373e+01 2.380468345610571384e+09
1.134200437171046083e+01 2.346903955117024422e+09
1.138737238919730466e+01 2.350416526234724998e+09
1.143292187875409383e+01 2.288570906616573334e+09
1.147865356626910938e+01 2.261550834925072193e+09
1.152456818053418530e+01 2.198234444385159492e+09
1.157066645325632237e+01 2.111593718479898453e+09
1.161694911906934635e+01 2.081653557044535160e+09
1.166341691554562487e+01 2.122238531061643600e+09
1.171007058320780736e+01 2.006983898911927462e+09
1.175691086554063958e+01 1.883240234095892191e+09
1.180393850900279951e+01 1.948630967003200054e+09
1.185115426303881137e+01 1.907218420243591547e+09
1.189855888009096674e+01 1.896959188639207125e+09
1.194615311561133097e+01 1.886541996477808714e+09
1.199393772807377623e+01 1.865089756757106304e+09
1.204191347898607134e+01 1.846377206329064846e+09
1.209008113290201614e+01 1.744922040986276388e+09
1.213844145743362368e+01 1.720136308437536716e+09
1.218699522326335938e+01 1.785736344622335911e+09
1.223574320415641381e+01 1.680404054680291891e+09
1.228468617697303777e+01 1.721689366199484587e+09
1.233382492168093059e+01 1.622838186406576633e+09
1.238316022136765504e+01 1.615767265444514036e+09
1.243269286225312520e+01 1.481348863192792416e+09
1.248242363370213859e+01 1.590304083864927292e+09
1.253235332823694748e+01 1.467954069524789810e+09
1.258248274154989410e+01 1.510231459455788851e+09
1.263281267251609385e+01 1.477750009059210300e+09
1.268334392320615756e+01 1.457166520200128317e+09
1.273407729889898299e+01 1.486431429677032948e+09
1.278501360809457665e+01 1.366865413997184753e+09
1.283615366252695544e+01 1.338326057107993126e+09
1.288749827717706253e+01 1.423812448901088715e+09
1.293904827028577031e+01 1.296166997097219229e+09
1.299080446336691352e+01 1.341434122572943926e+09
1.304276768122038099e+01 1.266694626173162222e+09
1.309493875194526424e+01 1.294270362145449877e+09
1.314731850695304693e+01 1.250541707237164021e+09
1.319990778098085649e+01 1.241242491813896894e+09
1.325270741210477965e+01 1.163473910128484488e+09
1.330571824175319939e+01 1.145977299226909876e+09
1.335894111472021173e+01 1.171608237878386736e+09
1.341237687917909227e+01 1.174147751671402931e+09
1.346602638669580898e+01 1.086069662422414303e+09
1.351989049224258999e+01 1.139444420442936182e+09
1.357397005421156067e+01 1.087316790662047386e+09
1.362826593442840917e+01 1.075608078886167526e+09
1.368277899816612297e+01 1.062949489058057785e+09
1.373751011415878942e+01 9.995184100886991024e+08
1.379246015461542463e+01 1.058401422007852435e+09
1.384762999523388416e+01 9.553632627465527058e+08
1.390302051521481808e+01 1.042298971314671516e+09
1.395863259727567751e+01 1.002370379137050986e+09
1.401446712766477987e+01 9.333938613626438379e+08
1.407052499617543972e+01 1.008130512804216146e+09
1.412680709616014063e+01 9.101757260431225300e+08
1.418331432454478147e+01 8.703832973526843786e+08
1.424004758184296193e+01 8.989055701697435379e+08
1.429700777217033369e+01 9.259148988118107319e+08
1.435419580325901379e+01 8.500292282345029116e+08
1.441161258647204946e+01 8.498896591801562309e+08
1.446925903681793812e+01 8.052405569690730572e+08
1.452713607296521126e+01 8.352256051477148533e+08
1.458524461725707155e+01 8.203896249423973560e+08
1.464358559572609764e+01 7.859740802120292187e+08
1.470215993810900557e+01 7.772723301765046120e+08
1.476096857786143879e+01 8.227015684266320467e+08
1.482001245217288599e+01 7.650861841386187077e+08
1.487929250198157760e+01 7.265417278053623438e+08
1.493880967198950316e+01 7.438817033577810526e+08
1.499856491067746056e+01 7.251818093763316870e+08
1.505855917032016933e+01 7.225595830473721027e+08
1.511879340700144958e+01 6.983013281611719131e+08
1.517926858062945605e+01 6.814202385060771704e+08
1.523998565495197433e+01 7.102435724265408516e+08
1.530094559757178274e+01 6.862735935989099741e+08
1.536214937996206764e+01 6.587870481972699165e+08
1.542359797748191674e+01 6.390881751574506760e+08
1.548529236939184450e+01 6.447932326549458504e+08
1.554723353886941339e+01 6.043476153860048056e+08
1.560942247302489072e+01 6.307141239462862015e+08
1.567186016291699069e+01 6.214639542639409304e+08
1.573454760356865556e+01 5.851201199304503202e+08
1.579748579398293096e+01 6.025297648062502146e+08
1.586067573715886247e+01 5.835301977563977242e+08
1.592411844010749888e+01 6.105043449995638132e+08
1.598781491386792730e+01 5.296127013140844703e+08
1.605176617352340074e+01 5.532156213600397110e+08
1.611597323821749228e+01 5.279608510188325644e+08
1.618043713117036120e+01 5.549833429032462835e+08
1.624515887969504391e+01 5.015026987476497293e+08
1.631013951521382310e+01 5.365477376975801587e+08
1.637538007327468037e+01 5.349023067844234705e+08
1.644088159356778078e+01 5.176998271003438830e+08
1.650664511994205341e+01 4.889601097068672776e+08
1.657267170042182158e+01 4.825689584252524376e+08
1.663896238722350418e+01 4.458695643017967939e+08
1.670551823677240222e+01 4.816800568594703674e+08
1.677234030971949608e+01 4.986134190320977569e+08
1.683942967095837062e+01 4.706891120407689214e+08
1.690678738964220429e+01 4.512692933605194092e+08
1.697441453920077237e+01 4.494763819580155015e+08
1.704231219735757108e+01 4.872882765138924122e+08
1.711048144614700561e+01 4.019691803560000062e+08
1.717892337193159236e+01 4.409157688086851835e+08
1.724763906541932101e+01 4.045800812874364853e+08
1.731662962168099895e+01 4.047294180556355119e+08
1.738589614016772344e+01 3.837815550020506382e+08
1.745543972472839300e+01 4.143386256477084160e+08
1.752526148362730751e+01 3.990039497534763217e+08
1.759536252956181812e+01 3.803372088347772956e+08
1.766574397968006238e+01 3.723980439832324982e+08
1.773640695559878466e+01 3.714710954089837074e+08
1.780735258342117433e+01 3.707579133452478647e+08
1.787858199375486024e+01 3.852027864753311276e+08
1.795009632172988034e+01 3.460432983772426844e+08
1.802189670701679702e+01 3.717625040730049014e+08
1.809398429384486562e+01 3.553546246329705119e+08
1.816636023102024211e+01 3.141719502475150824e+08
1.823902567194432578e+01 3.490206262858386040e+08
1.831198177463210186e+01 3.481047910268042684e+08
1.838522970173062987e+01 3.307623583088827133e+08
1.845877062053754969e+01 3.249820622047612667e+08
1.853260570301970134e+01 2.960302437696952820e+08
1.860673612583178027e+01 2.846585663407239318e+08
1.868116307033510637e+01 3.058082070789739490e+08
1.875588772261644976e+01 2.956939314861225486e+08
1.883091127350691352e+01 3.186187596047861576e+08
1.890623491860094063e+01 2.931225187696234584e+08
1.898185985827534594e+01 2.785626877517879009e+08
1.905778729770844748e+01 3.022211260567944050e+08
1.913401844689928311e+01 2.954639981119719148e+08
1.921055452068688041e+01 2.613476482236052454e+08
1.928739673876962968e+01 2.685006509249493480e+08
1.936454632572470658e+01 2.762199050966153741e+08
1.944200451102760141e+01 2.368911363087489009e+08
1.951977252907171589e+01 2.792050532033393979e+08
1.959785161918800256e+01 2.459860834616452157e+08
1.967624302566475691e+01 2.492675926310531199e+08
1.991079942767366973e+01 2.414726836035951376e+08
