# Wavelength (micrometer), Flux (W / m2 / m)
1.000553076518779783e-01 6.237945200402679443e+10
1.004555288824854897e-01 3.069492281859003681e-10
1.008573509980154326e-01 5.439288680577487308e-10
1.012607804020075053e-01 4.509817530251573027e-10
1.016658235236155422e-01 7.565568948470670681e-10
1.020724868177099870e-01 2.559149123721558871e-07
1.024807767649808382e-01 3.744338525529270628e-08
1.028906998720407612e-01 2.434873541699405284e-09
1.033022626715289355e-01 4.167175804758806838e-07
1.037154717222150413e-01 2.142514075098294217e-09
1.041303336091038839e-01 1.826274688223005679e-09
1.045468549435403099e-01 2.238431436846570595e-08
1.049650423633144702e-01 4.440394596238776383e-10
1.053849025327677214e-01 5.546491356109058165e-08
1.058064421428987906e-01 1.153368298081363870e-09
1.062296679114703990e-01 7.465008250845574951e-08
1.066545865831162732e-01 4.010453833805084173e-08
1.070812049294487533e-01 8.859331301675113379e-09
1.075095297491665408e-01 1.089195170426583515e-06
1.079395678681632220e-01 1.122229593430121250e-08
1.083713261396358624e-01 4.903579879959256247e-07
1.088048114441943909e-01 1.890165089844666566e-07
1.092400306899711654e-01 4.886647731376159761e-05
1.096769908127310511e-01 3.261032120937549468e-07
1.101156987759819850e-01 4.468425045223805450e-07
1.105561615710859147e-01 2.524034823279903416e-05
1.109983862173702651e-01 5.560332364206275419e-06
1.114423797622397516e-01 1.308151131742495209e-06
1.118881492812886930e-01 2.934442835016765824e-07
1.123357018784138517e-01 1.696639962894846579e-06
1.127850446859275102e-01 8.608387483092826489e-04
1.132361848646712132e-01 4.938549631732372987e-04
1.136891296041298988e-01 2.912999540473260214e-04
1.141438861225464035e-01 3.430169577555101240e-04
1.146004616670366072e-01 2.137211555673319613e-04
1.150588635137047705e-01 2.212807726022599690e-04
1.155190989677595953e-01 1.181554258388363302e-04
1.159811753636306314e-01 3.800681503041338383e-04
1.164451000650851553e-01 7.495678934634370525e-05
1.169108804653455069e-01 8.052477150292901005e-05
1.173785239872068981e-01 4.138457477841983654e-04
1.178480380831557206e-01 1.349086963341356330e-03
1.183194302354883543e-01 6.545910515792453723e-04
1.187927079564302935e-01 1.431968639773925070e-04
1.192678787882560099e-01 3.106872852328357521e-04
1.197449503034090645e-01 3.392137412518708576e-04
1.202239301046226783e-01 1.404007404545401752e-05
1.207048258250411760e-01 9.007823436973430022e-05
1.211876451283413342e-01 2.857845811435574912e-05
1.216723957088547137e-01 1.327120083768302583e-05
1.221590852916901310e-01 5.441416129135842047e-05
1.226477216328568792e-01 9.838934309770678969e-05
1.231383125193883099e-01 2.979567215083813318e-05
1.236308657694658586e-01 1.177096986098091427e-04
1.241253892325437369e-01 5.429461352692680517e-05
1.246218907894739159e-01 7.348331728586989087e-06
1.251203783526317892e-01 1.144060710817628126e-05
1.256208598660423226e-01 2.759784428302106173e-04
1.261233433055065078e-01 2.317193106151075232e-04
1.266278366787285392e-01 7.144454505599046672e-06
1.271343480254434610e-01 1.248056087752994533e-04
1.276428854175452321e-01 6.537712804055582688e-05
1.281534569592154005e-01 1.818884416136956283e-05
1.286660707870522780e-01 8.905136740478248561e-05
1.291807350702004475e-01 1.483509203509869102e-04
1.296974580104812425e-01 1.498179398185465593e-04
1.302162478425231973e-01 1.085460779803985028e-05
1.307371128338932764e-01 1.765157924843846471e-04
1.312600612852288795e-01 6.053569468387385265e-04
1.317851015303697915e-01 1.115739397941460659e-04
1.323122419364912705e-01 7.619293657940756420e-04
1.328414909042372472e-01 1.048498749325378360e-03
1.333728568678542170e-01 4.752863397850186464e-04
1.339063482953256612e-01 2.822174350065522760e-05
1.344419736885069383e-01 5.162980859721855295e-04
1.349797415832609815e-01 9.602114054349504633e-04
1.355196605495940232e-01 7.467455582653735385e-04
1.360617391917924301e-01 1.223935559889645494e-03
1.366059861485595939e-01 2.989937585328403279e-04
1.371524100931538481e-01 2.939951644032036971e-05
1.377010197335264696e-01 1.476240790418478365e-04
1.382518238124605670e-01 5.697114859166275969e-03
1.388048311077104136e-01 1.879490801104130668e-03
1.393600504321412248e-01 1.767297045999084563e-04
1.399174906338697677e-01 1.124644207689637652e-04
1.404771605964052761e-01 3.510874892561623769e-03
1.410390692387908651e-01 6.935973868645635030e-04
1.416032255157460562e-01 1.020495123870472295e-02
1.421696384178090522e-01 3.708059839720672892e-05
1.427383169714803168e-01 2.443272622862603747e-03
1.433092702393662099e-01 9.800970761642377460e-02
1.438825073203236771e-01 9.297910251769021805e-03
1.444580373496049674e-01 5.604725630314996709e-02
1.450358694990033503e-01 6.986358210512405922e-03
1.456160129769993872e-01 1.278438769567092903e-01
1.461984770289073976e-01 2.814435379927262004e-01
1.467832709370230082e-01 2.933731559053254570e-02
1.473704040207710897e-01 1.203781672554060794e-01
1.479598856368541382e-01 2.064490581175176549e-03
1.485517251794015725e-01 5.359300930126770918e-02
1.491459320801191979e-01 1.408819408988403465e-01
1.497425158084396690e-01 2.919366339784141076e-02
1.503414858716734248e-01 7.273968298226813900e-01
1.509428518151600951e-01 6.456117327545089768e-02
1.515466232224207677e-01 1.868364066267067750e-03
1.521528097153104220e-01 8.900813160703641841e-03
1.527614209541716672e-01 4.526704914126139170e-05
1.533724666379883694e-01 7.838371842641186492e-05
1.539859565045403056e-01 2.395305668251153467e-05
1.546019003305584838e-01 6.270969891278833669e-09
1.552203079318807133e-01 1.174615844910753678e-07
1.558411891636082569e-01 4.872133123808204182e-08
1.564645539202626778e-01 2.072117809867812196e-08
1.570904121359437411e-01 1.802408384674468320e-07
1.577187737844875093e-01 6.408942079272475377e-09
1.583496488796254653e-01 1.057150681264914394e-07
1.589830474751439959e-01 3.758737471768021698e-07
1.596189796650445414e-01 3.677116075246839923e-08
1.602574555837047166e-01 6.075558841884203553e-08
1.608984854060395708e-01 1.291259003441119744e-07
1.615420793476636807e-01 6.188710437775214073e-08
1.621882476650543525e-01 6.723322752794497547e-08
1.628370006557145755e-01 7.232526726238457206e-08
1.634883486583374457e-01 1.182772677567973329e-07
1.641423020529707844e-01 1.765109076123521112e-07
1.647988712611826723e-01 2.153550874684831595e-07
1.654580667462274002e-01 8.243966055557659942e-08
1.661198990132123077e-01 4.961921495058668283e-07
1.667843786092651215e-01 6.112771551599059583e-07
1.674515161237022098e-01 1.497423534106521043e-06
1.681213221881969755e-01 9.645653674305568106e-06
1.687938074769497754e-01 2.160179496900585582e-06
1.694689827068575905e-01 1.225639604628539015e-04
1.701468586376850278e-01 4.216866125340083116e-05
1.708274460722357391e-01 5.741516461820773547e-05
1.715107558565246715e-01 7.656451562729279668e-05
1.721967988799507909e-01 5.540732908240131657e-05
1.728855860754705820e-01 1.523494497460663719e-04
1.735771284197724640e-01 3.828354087915971065e-05
1.742714369334515678e-01 1.499472990339019286e-05
1.749685226811853456e-01 6.519916121853446120e-04
1.756683967719100681e-01 6.750331219435812768e-05
1.763710703589977391e-01 1.806789725631141813e-03
1.770765546404337309e-01 3.071502982316123235e-03
1.777848608589954471e-01 8.004666392238908362e-05
1.784960003024314568e-01 4.931412747003985179e-03
1.792099843036411844e-01 2.680406915429498025e-03
1.799268242408557650e-01 2.731618984293048436e-03
1.806465315378191772e-01 2.418451894767425017e-02
1.813691176639704306e-01 4.096697696736208822e-04
1.820945941346263086e-01 6.411342084308481633e-03
1.828229725111648329e-01 5.078568619243016558e-02
1.835542644012094771e-01 8.437852114732383342e-05
1.842884814588143239e-01 1.468257937250406348e-02
1.850256353846495561e-01 1.846790043126373126e-01
1.857657379261881403e-01 1.582433001139505000e-03
1.865088008778928996e-01 1.501142539592544844e-01
1.872548360814044743e-01 4.258820668432455187e-02
1.880038554257300876e-01 2.044929530402202645e-03
1.887558708474330049e-01 2.302799637686085144e-01
1.895108943308226879e-01 3.747718361814640631e-02
1.902689379081460019e-01 5.760243448205173457e-03
1.910300136597785636e-01 6.236444650947886581e-01
1.917941337144176972e-01 4.630949975053444412e-02
1.925613102492753359e-01 1.369887170418467581e-01
1.933315554902724498e-01 1.074431892531030552e+00
1.941048817122335568e-01 2.846472268008152229e-01
1.948813012390824828e-01 2.233714806330148461e-01
1.956608264440388156e-01 2.657230917035568574e+00
1.964434697498149418e-01 1.443276888655254664e-01
1.972292436288141937e-01 6.567994175832264636e-01
1.980181606033294406e-01 1.468071773832475335e+00
1.988102332457427346e-01 4.132167990750287845e-01
1.996054741787257336e-01 3.043343737670087257e-01
2.004038960754406518e-01 3.276776997244452150e-01
2.012055116597424309e-01 2.794108510401289158e-01
2.020103337063813842e-01 3.759671019574878370e-01
2.028183750412069219e-01 4.257459154503687171e-01
2.036296485413717494e-01 1.480302138327665995e-01
2.044441671355372303e-01 8.495132560034794611e-02
2.052619438040793887e-01 2.995210563122442382e-01
2.060829915792957157e-01 1.429161778271050010e-01
2.069073235456129201e-01 1.232235381985026107e-01
2.077349528397953449e-01 1.497232340692060681e-01
2.085658926511545219e-01 2.600406759764321563e-01
2.094001562217591150e-01 2.683579416446309485e-01
2.102377568466461677e-01 2.164392265276718907e-01
2.110787078740327671e-01 1.082168232260481006e-01
2.119230227055288740e-01 2.157598679393509522e-01
2.127707147963510126e-01 2.964565588294361675e-01
2.136217976555363773e-01 3.962701420246422246e-01
2.144762848461585492e-01 7.467729207137904779e-02
2.153341899855431840e-01 3.531733016270297565e-01
2.161955267454853669e-01 7.528928761609430254e-01
2.170603088524672986e-01 1.059018924669292261e+00
2.179285500878772042e-01 2.924741209959182409e-01
2.188002642882286852e-01 2.972828342003379642e-01
2.196754653453815986e-01 1.406543641142120604e+00
2.205541672067631020e-01 6.457181363011416098e-01
2.214363838755901703e-01 7.646883985394281602e+00
2.223221294110925284e-01 5.667429289970052908e-01
2.232114179287369160e-01 2.300843473004611539e+01
2.241042636004518529e-01 4.721087961799292465e+00
2.250006806548536520e-01 6.108756484079698623e+01
2.259006833774730438e-01 1.252830183550110910e+01
2.268042861109829667e-01 2.887548819009877121e+01
2.277115032554268836e-01 4.261710833363621731e+01
2.286223492684485714e-01 3.498669877903811454e+01
2.295368386655223802e-01 2.809166409310274162e+02
2.304549860201844658e-01 4.548194900208716973e+00
2.313768059642651864e-01 1.289096721092719520e+02
2.323023131881222503e-01 7.735012778644221498e+01
2.332315224408747223e-01 2.555272262531818228e+02
2.341644485306381973e-01 4.948090690300946903e+02
2.351011063247607502e-01 2.117417493727923627e+01
2.360415107500598020e-01 7.906193043077297489e+02
2.369856767930600405e-01 1.266847849034790308e+01
2.379336195002322851e-01 9.399010732273436588e+02
2.388853539782332114e-01 4.821581284914677212e+02
2.398408953941461863e-01 5.163790796896673783e+03
2.408002589757227141e-01 5.451490155334381598e+03
2.417634600116256582e-01 3.587151827302305946e+02
2.427305138516721306e-01 9.457322470075740057e+03
2.437014359070788505e-01 4.233950132246114663e+03
2.446762416507071713e-01 3.037451161831329955e+04
2.456549466173099938e-01 6.968659401341510602e+03
2.466375664037792625e-01 1.720220156102062901e+04
2.476241166693943785e-01 1.876861951971914095e+04
2.486146131360719436e-01 7.913495093352214838e+01
2.496090715886161993e-01 2.304478318493990446e+04
2.506075078749706586e-01 9.320869923613845458e+03
2.516099379064705155e-01 2.315746932617088896e+04
2.526163776580964138e-01 1.661666817746720699e+04
2.536268431687287994e-01 4.724413444294405053e+05
2.546413505414037437e-01 5.941353681124296272e+05
2.556599159435693491e-01 1.696823340184617846e+05
2.566825556073435988e-01 1.367179683089980099e+05
2.577092858297729827e-01 1.515759005639474490e+05
2.587401229730920682e-01 8.027325409474621119e+04
2.597750834649844576e-01 1.946685878003863327e+05
2.608141837988444123e-01 1.420864712385600724e+05
2.618574405340398092e-01 8.565076290410483489e+05
2.629048702961759298e-01 2.650089876613061409e+06
2.639564897773606367e-01 2.612210685984334443e+06
2.650123157364701054e-01 2.551876309004088864e+06
2.660723649994159445e-01 1.525076453964733751e+06
2.671366544594135917e-01 1.953410824628521688e+06
2.682052010772512096e-01 2.128078317492340226e+06
2.692780218815602478e-01 1.188954865542110289e+06
2.703551339690865030e-01 3.353475643596967217e+06
2.714365545049627904e-01 2.120332988169588149e+06
2.725223007229827243e-01 1.955815524304268183e+06
2.736123899258746106e-01 3.045711786842155270e+06
2.747068394855781692e-01 4.445920272199396044e+06
2.758056668435204806e-01 7.462925089994912967e+06
2.769088895108945403e-01 2.047879718896145746e+07
2.780165250689380918e-01 1.558424854135517776e+07
2.791285911692138466e-01 2.222125965691057593e+07
2.802451055338907038e-01 1.782249754286741093e+07
2.813660859560263017e-01 1.458495754273794591e+07
2.824915502998503469e-01 9.462868850760636851e+06
2.836215165010497197e-01 6.217793558660170063e+06
2.847560025670539119e-01 4.670285607302974095e+05
2.858950265773221866e-01 1.468693440250106854e+06
2.870386066836315142e-01 1.225627221165295877e+07
2.881867611103660631e-01 3.951860399934252352e+07
2.893395081548075787e-01 7.511294205795963109e+07
2.904968661874267610e-01 1.034246754937938005e+08
2.916588536521764197e-01 1.241881992783413678e+08
2.928254890667851273e-01 1.158064966855193526e+08
2.939967910230522619e-01 1.118460264725699425e+08
2.951727781871444911e-01 8.936457137772469223e+07
2.963534692998930908e-01 1.050515674246769547e+08
2.975388831770926501e-01 1.182052587701239139e+08
2.987290387098009981e-01 1.886347550419566035e+08
2.999239548646402409e-01 1.172387723023003787e+08
3.011236506840988536e-01 3.522612819000344872e+08
3.023281452868351593e-01 1.145053241428871304e+08
3.035374578679824742e-01 5.553770522090381384e+08
3.047516076994544187e-01 4.596272932568449378e+08
3.059706141302522830e-01 5.841240890847201347e+08
3.071944965867733357e-01 9.090542387512462139e+08
3.084232745731204095e-01 1.227064024488570213e+09
3.096569676714128194e-01 1.142303064821592569e+09
3.108955955420985018e-01 1.602973590230533361e+09
3.121391779242668751e-01 1.834652110846134901e+09
3.133877346359639215e-01 2.344972855785758972e+09
3.146412855745078230e-01 3.107117372380233288e+09
3.158998507168058190e-01 2.977107258058039665e+09
3.171634501196730627e-01 5.085420061389595032e+09
3.184321039201517545e-01 3.932253106670160294e+09
3.197058323358323295e-01 4.453908989538114548e+09
3.209846556651756444e-01 5.248783680933908463e+09
3.222685942878363852e-01 6.452651795402568817e+09
3.235576686649877520e-01 6.578105470272418976e+09
3.248518993396476984e-01 8.012532035387420654e+09
3.261513069370062801e-01 8.864431595912084579e+09
3.274559121647543369e-01 1.015842919381520844e+10
3.287657358134133401e-01 1.157258885879960442e+10
3.300807987566670154e-01 1.129602944440191841e+10
3.314011219516936890e-01 1.651773271075134468e+10
3.327267264395004642e-01 1.704325404594898605e+10
3.340576333452584534e-01 2.243471489404001617e+10
3.353938638786395088e-01 2.139944822741310120e+10
3.367354393341540630e-01 2.468283454864673996e+10
3.380823810914907468e-01 2.705230831640486145e+10
3.394347106158566718e-01 2.691813401299869156e+10
3.407924494583201014e-01 2.975073681423469543e+10
3.421556192561533982e-01 2.799988702687137222e+10
3.435242417331779707e-01 1.632719171737979698e+10
3.448983387001106626e-01 2.086112248674817657e+10
3.462779320549111417e-01 2.424909578118391037e+10
3.476630437831307319e-01 2.050894723458780289e+10
3.490536959582632992e-01 2.269871079397137070e+10
3.504499107420963600e-01 4.487047018193814850e+10
3.518517103850647421e-01 4.071261021104103088e+10
3.532591172266050239e-01 5.208413520982219696e+10
3.546721536955114717e-01 7.165305400090773010e+10
3.560908423102934761e-01 3.848138188626384735e+10
3.575152056795346533e-01 2.613491203013202667e+10
3.589452665022527800e-01 4.536041093725133514e+10
3.603810475682617254e-01 6.333621387645664978e+10
3.618225717585348278e-01 5.412621637006882477e+10
3.632698620455689364e-01 6.024677011042775726e+10
3.647229414937512293e-01 6.365261090651227570e+10
3.661818332597261971e-01 1.125186563942752991e+11
3.676465605927651259e-01 6.936820723275856018e+10
3.691171468351361895e-01 8.053660804594340515e+10
3.705936154224767076e-01 4.331633382651464081e+10
3.720759898841666247e-01 1.633342060022462654e+10
3.735642938437032656e-01 1.580165143738748741e+10
3.750585510190780902e-01 2.234775156840221024e+10
3.765587852231543908e-01 6.103062541231021881e+10
3.780650203640470441e-01 1.331121589784311981e+11
3.795772804455032068e-01 8.335792923913504028e+10
3.810955895672852312e-01 9.948769444535989380e+10
3.826199719255543585e-01 3.506629236422964478e+10
3.841504518132565771e-01 7.112317943145753479e+10
3.856870536205096456e-01 2.886023706487162781e+10
3.872298018349916715e-01 6.256879485808974457e+10
3.887787210423316320e-01 5.421152315422214508e+10
3.903338359265008939e-01 7.664062678618829346e+10
3.918951712702069545e-01 9.328263720347544861e+10
3.934627519552877928e-01 8.384150083983944702e+10
3.950366029631089404e-01 1.935911171545939331e+11
3.966167493749613859e-01 1.421150268433224487e+11
3.982032163724612550e-01 2.322128687942395630e+11
3.997960292379510450e-01 2.504347456618944397e+11
4.013952133549028578e-01 2.572469352340077820e+11
4.030007942083224659e-01 2.842967554339577026e+11
4.046127973851557647e-01 1.941573859578736267e+11
4.062312485746963908e-01 1.984411557269657593e+11
4.078561735689951728e-01 2.223407986825245667e+11
4.094875982632711353e-01 2.240539771333078003e+11
4.111255486563242245e-01 2.508705974488799133e+11
4.127700508509495880e-01 2.122759453919211426e+11
4.144211310543532978e-01 1.755928253355388489e+11
4.160788155785707931e-01 1.998563750974643860e+11
4.177431308408850463e-01 1.348966228090996094e+11
4.194141033642486138e-01 1.044493777957295685e+11
4.210917597777056320e-01 4.595231567785931396e+10
4.227761268168164221e-01 7.070927645430931091e+09
4.244672313240837602e-01 5.587176088671232605e+10
4.261651002493800910e-01 9.454879117974859619e+10
4.278697606503775730e-01 1.227535384483670959e+11
4.295812396929790666e-01 1.364203897185330658e+11
4.312995646517510107e-01 1.355754432971730042e+11
4.330247629103580187e-01 1.670685445154836731e+11
4.347568619619994745e-01 1.641368003693608704e+11
4.364958894098474596e-01 1.582051755524064941e+11
4.382418729674867897e-01 1.580846318373843384e+11
4.399948404593567730e-01 1.564450204318950195e+11
4.417548198211941890e-01 1.773404508973367310e+11
4.435218391004789873e-01 1.334187442128729401e+11
4.452959264568808750e-01 1.494760020980926208e+11
4.470771101627084021e-01 1.383131347724148865e+11
4.488654186033592119e-01 1.502292535883042603e+11
4.506608802777726241e-01 1.601370681544826050e+11
4.524635237988837710e-01 1.786258626426681824e+11
4.542733778940792333e-01 1.739337479096412354e+11
4.560904714056555065e-01 1.610186246969325256e+11
4.579148332912781894e-01 1.966402643500386047e+11
4.597464926244433370e-01 1.166743622215587921e+11
4.615854785949410899e-01 1.890849387339470520e+11
4.634318205093208576e-01 1.199864828042801971e+11
4.652855477913582227e-01 1.579512387505656128e+11
4.671466899825236219e-01 1.683299011520307617e+11
4.690152767424536906e-01 1.799053562357580872e+11
4.708913378494234969e-01 2.212556659795590820e+11
4.727749032008212171e-01 1.890917262361687927e+11
4.746660028136244769e-01 2.205247986509977417e+11
4.765646668248789131e-01 1.435144262946838684e+11
4.784709254921784560e-01 1.384970693662731934e+11
4.803848091941470555e-01 1.994802032489112854e+11
4.823063484309236815e-01 1.905904995530582275e+11
4.842355738246474361e-01 2.302178721924618835e+11
4.861725161199459966e-01 1.947553856881671143e+11
4.881172061844257226e-01 2.704849870957873230e+11
4.900696750091634302e-01 2.556542217076838379e+11
4.920299537092001074e-01 3.182853439845295410e+11
4.939980735240369625e-01 3.774591974639848633e+11
4.959740658181330253e-01 2.198716692394344177e+11
4.979579620814056362e-01 2.976339183352734375e+11
4.999497939297311566e-01 2.713860557587639465e+11
5.019495931054501758e-01 2.258888332665557556e+11
5.039573914778719965e-01 2.923839112315957031e+11
5.059732210437835054e-01 2.296903357755544128e+11
5.079971139279585435e-01 2.531768800101313782e+11
5.100291023836703852e-01 2.176475275416101685e+11
5.120692187932051054e-01 2.102005660630422974e+11
5.141174956683780550e-01 2.198419523451916809e+11
5.161739656510514473e-01 1.856955842537226257e+11
5.182386615136556074e-01 1.387341329715657349e+11
5.203116161597103329e-01 2.060851471238981934e+11
5.223928626243490303e-01 2.632995132504530334e+11
5.244824340748465152e-01 2.019084924244329529e+11
5.265803638111459239e-01 2.147568129412159424e+11
5.286866852663905103e-01 1.971840647538624268e+11
5.308014320074561088e-01 2.215728796318652649e+11
5.329246377354859288e-01 1.865245073508079834e+11
5.350563362864277916e-01 1.886236712269201660e+11
5.371965616315735881e-01 1.470266622963841248e+11
5.393453478780998456e-01 1.613517003468316650e+11
5.415027292696121819e-01 1.542132433414827881e+11
5.436687401866906466e-01 1.548698321912932434e+11
5.458434151474373941e-01 1.092810258919304810e+11
5.480267888080271321e-01 1.328136948141321869e+11
5.502188959632591247e-01 1.328827567611032715e+11
5.524197715471121928e-01 1.468822553412536621e+11
5.546294506333006025e-01 1.652037741763944397e+11
5.568479684358338400e-01 1.519946470036567993e+11
5.590753603095770519e-01 1.284640134119098206e+11
5.613116617508153716e-01 9.667636994686828613e+10
5.635569083978186899e-01 7.177279630901618958e+10
5.658111360314097560e-01 9.305860191361735535e+10
5.680743805755354980e-01 8.023301180681956482e+10
5.703466780978375672e-01 9.955917919880868530e+10
5.726280648102289872e-01 1.066058448484927826e+11
5.749185770694699160e-01 1.253187069530616455e+11
5.772182513777477375e-01 1.144267077069380493e+11
5.795271243832587071e-01 1.498146390992377319e+11
5.818452328807918184e-01 1.533880480202924805e+11
5.841726138123150003e-01 1.416648735119251404e+11
5.865093042675643131e-01 9.789575061985949707e+10
5.888553414846344758e-01 3.865699482358122253e+10
5.912107628505729462e-01 5.473994108422373962e+10
5.935756059019753339e-01 6.747892881078953552e+10
5.959499083255832552e-01 6.416928779576569366e+10
5.983337079588855190e-01 8.029760657369345093e+10
6.007270427907210886e-01 9.297821158667405701e+10
6.031299509618840426e-01 1.154802442897829895e+11
6.055424707657315331e-01 1.459211242494041748e+11
6.079646406487945187e-01 1.800995427106462402e+11
6.103964992113897203e-01 2.114461684161363831e+11
6.128380852082353503e-01 2.457204857578664551e+11
6.152894375490681744e-01 2.075793425926468506e+11
6.177505952992645710e-01 1.287383423485913086e+11
6.202215976804615893e-01 9.940159521130564880e+10
6.227024840711834486e-01 6.535496468942193604e+10
6.251932940074681477e-01 8.484656585447351074e+10
6.276940671834980723e-01 9.948515758593295288e+10
6.302048434522321552e-01 1.307394695718264313e+11
6.327256628260409244e-01 1.746494194644571228e+11
6.352565654773452142e-01 2.093366249191848145e+11
6.377975917392545435e-01 2.561048723849297180e+11
6.403487821062116003e-01 3.408936238931015015e+11
6.429101772346363930e-01 3.507905594570487061e+11
6.454818179435749537e-01 4.178001871610192871e+11
6.480637452153492628e-01 4.384282068210123901e+11
6.506560001962106154e-01 4.710189599934503784e+11
6.532586241969955410e-01 5.414276649802136841e+11
6.558716586937833881e-01 3.717590056691295776e+11
6.584951453285585732e-01 3.273917938219538574e+11
6.611291259098727169e-01 2.655974279788937683e+11
6.637736424135122215e-01 2.124385670659512024e+11
6.664287369831662922e-01 1.942650511715810852e+11
6.690944519310989547e-01 1.818925655903990784e+11
6.717708297388232941e-01 1.847463043183614197e+11
6.744579130577786907e-01 2.006880296336500244e+11
6.771557447100098326e-01 2.552387010049491882e+11
6.798643676888498355e-01 2.525599227346599426e+11
6.825838251596052508e-01 3.021462459902163086e+11
6.853141604602436265e-01 3.096208246025002441e+11
6.880554171020846210e-01 2.962806905018736572e+11
6.908076387704928933e-01 3.497057283245147095e+11
6.935708693255748791e-01 4.618044414758089600e+11
6.963451528028771209e-01 6.066595285682166748e+11
6.991305334140887062e-01 6.820407321841108398e+11
7.019270555477450380e-01 7.413699620576235352e+11
7.047347637699360456e-01 7.940822589302586670e+11
7.075537028250157290e-01 6.442352646497038574e+11
7.103839176363159202e-01 5.377031050219075317e+11
7.132254533068611568e-01 4.654116365402493286e+11
7.160783551200886610e-01 5.062806876289389038e+11
7.189426685405689854e-01 5.428722388913447876e+11
7.218184392147313222e-01 5.209868582099924927e+11
7.247057129715901436e-01 6.285054016349332275e+11
7.276045358234763949e-01 7.102210387110075684e+11
7.305149539667704639e-01 8.573243831445631104e+11
7.334370137826373703e-01 1.009453905396989990e+12
7.363707618377679509e-01 1.098149760044439819e+12
7.393162448851190449e-01 1.156292153880889648e+12
7.422735098646596752e-01 1.188678764652640381e+12
7.452426039041182282e-01 1.174989537541306885e+12
7.482235743197346300e-01 1.280150582478494141e+12
7.512164686170136330e-01 1.289079442453293701e+12
7.542213344914817652e-01 1.407093256617603516e+12
7.572382198294477229e-01 1.423947950023807617e+12
7.602671727087656484e-01 1.308291567879129883e+12
7.633082413996006288e-01 1.228937121762186523e+12
7.663614743651989691e-01 8.521035715523242188e+11
7.694269202626597970e-01 9.419017506760843506e+11
7.725046279437104424e-01 1.002287315039854492e+12
7.755946464554852593e-01 9.769753391001708984e+11
7.786970250413072225e-01 9.680611583731501465e+11
7.818118131414724115e-01 1.095844562462650269e+12
7.849390603940383793e-01 8.170501231324074707e+11
7.880788166356144098e-01 9.637451361157431641e+11
7.912311319021569922e-01 8.533067615655947266e+11
7.943960564297655180e-01 9.573587234863933105e+11
7.975736406554845281e-01 9.353452250822797852e+11
8.007639352181065151e-01 1.035430214284498657e+12
8.039669909589789443e-01 1.178018294786086914e+12
8.071828589228148276e-01 1.405637942765911377e+12
8.104115903585061842e-01 1.571739461834635254e+12
8.136532367199402760e-01 1.861840713130142578e+12
8.169078496668199518e-01 1.988819388100791260e+12
8.201754810654874328e-01 1.760606739730875488e+12
8.234561829897493190e-01 1.843269814613861572e+12
8.267500077217083687e-01 1.811632105001093750e+12
8.300570077525952772e-01 1.598447910011315674e+12
8.333772357836056743e-01 1.751104363919224854e+12
8.367107447267401188e-01 1.680543444484272461e+12
8.400575877056470908e-01 1.741553977211015381e+12
8.434178180564695371e-01 1.370371668132934570e+12
8.467914893286955236e-01 9.632899368126982422e+11
8.501786552860102208e-01 1.048486066096270264e+12
8.535793699071543283e-01 1.061873001272935913e+12
8.569936873867830540e-01 1.186773480428954346e+12
8.604216621363300899e-01 1.320079032705919922e+12
8.638633487848753623e-01 1.516847583040399902e+12
8.673188021800150027e-01 1.630396466347313477e+12
8.707880773887352044e-01 1.768074365045235352e+12
8.742712296982900755e-01 1.907452933245210693e+12
8.777683146170831563e-01 2.136406268421512207e+12
8.812793878755513788e-01 2.303772669265221680e+12
8.848045054270535781e-01 2.423882787940073242e+12
8.883437234487617795e-01 1.948600586857691895e+12
8.918970983425568155e-01 2.350355940077517578e+12
8.954646867359271623e-01 1.980424206928819580e+12
8.990465454828707736e-01 2.258640444096466797e+12
9.026427316648023558e-01 2.209966067149791016e+12
9.062533025914615292e-01 2.355770065759039062e+12
9.098783158018273198e-01 2.502038459549564941e+12
9.135178290650346478e-01 2.584826984997719727e+12
9.171719003812948134e-01 2.716203762957479004e+12
9.208405879828199803e-01 2.690071356389684570e+12
9.245239503347512100e-01 2.569916823466751465e+12
9.282220461360901620e-01 2.515867560909245117e+12
9.319349343206346781e-01 2.405500079624032227e+12
9.356626740579171431e-01 2.460972028830687988e+12
9.394053247541488405e-01 2.528952059532431152e+12
9.431629460531654185e-01 2.530315511598504883e+12
9.469355978373780180e-01 2.679017313266538574e+12
9.507233402287275092e-01 2.708268681769428223e+12
9.545262335896426142e-01 2.774142637304585449e+12
9.583443385240012491e-01 2.805890720667727539e+12
9.621777158780971950e-01 2.819279816340418457e+12
9.660264267416096562e-01 2.862679131730865723e+12
9.698905324485760371e-01 2.909162830522655273e+12
9.737700945783701600e-01 2.595166925038545898e+12
9.776651749566835914e-01 2.625455658054894043e+12
9.815758356565105203e-01 2.513924606395250977e+12
9.855021389991363012e-01 2.491893635887005371e+12
9.894441475551331022e-01 2.521963405625632324e+12
9.934019241453534432e-01 2.153982738831603516e+12
9.973755318419349480e-01 2.357220569085847168e+12
1.001365033969302543e+00 2.391665469323740723e+12
1.005370494105179757e+00 2.372114372555006836e+12
1.009391976081600362e+00 2.499592673853456055e+12
1.013429543985926884e+00 2.607596678874156738e+12
1.017483262161870350e+00 2.598435151326172852e+12
1.021553195210518128e+00 2.683421238657409668e+12
1.025639407991360219e+00 2.621715069413521973e+12
1.029741965623325539e+00 2.633671091363560547e+12
1.033860933485818867e+00 2.741098877920051270e+12
1.037996377219762012e+00 2.856030513416571289e+12
1.042148362728641198e+00 2.898887445520362793e+12
1.046316956179555557e+00 3.006458613664164551e+12
1.050502224004274066e+00 2.980684954841283203e+12
1.054704232900291139e+00 3.011113838608379883e+12
1.058923049831892227e+00 2.966794931101558594e+12
1.063158742031219628e+00 3.019852689440634766e+12
1.067411376999344741e+00 3.002941669196244629e+12
1.071681022507342096e+00 3.017840935875819336e+12
1.075967746597371377e+00 3.092405934497387695e+12
1.080271617583760779e+00 3.028670462025012207e+12
1.084592704054095913e+00 3.108253215707123535e+12
1.088931074870312044e+00 3.004281311048670410e+12
1.093286799169793433e+00 2.945240686787249512e+12
1.097659946366472461e+00 2.799044992191430664e+12
1.102050586151938294e+00 2.765739543917928711e+12
1.106458788496546219e+00 2.671870202319408203e+12
1.110884623650532532e+00 2.649247915296893066e+12
1.115328162145134749e+00 2.714023621671702148e+12
1.119789474793714934e+00 2.679315865853317383e+12
1.124268632692889902e+00 2.751743880907741211e+12
1.128765707223661430e+00 2.754309428018861328e+12
1.133280770052556230e+00 2.687171531452379883e+12
1.137813893132766374e+00 2.599545305555703613e+12
1.142365148705297484e+00 2.589305493754129395e+12
1.146934609300118479e+00 2.730783324051060059e+12
1.151522347737319096e+00 2.754689897545249023e+12
1.156128437128268516e+00 2.734909871374859863e+12
1.160752950876781542e+00 2.739588238473699219e+12
1.165395962680288999e+00 2.780245834534419434e+12
1.170057546531009907e+00 2.729129478427305664e+12
1.174737776717134086e+00 2.747726227712715332e+12
1.179436727824002773e+00 2.649121026251391113e+12
1.184154474735298557e+00 2.718701730881664062e+12
1.188891092634239977e+00 2.720850806034692871e+12
1.193646657004777012e+00 2.729609354361916504e+12
1.198421243632796118e+00 2.629859308592410156e+12
1.203214928607327261e+00 2.661933094640593262e+12
1.208027788321756724e+00 2.738251747188070801e+12
1.212859899475043468e+00 2.700217207849373535e+12
1.217711339072943710e+00 2.763597657030215332e+12
1.222582184429235275e+00 2.740104048762943359e+12
1.227472513166952384e+00 2.794173636489340332e+12
1.232382403219620226e+00 2.782077455353166504e+12
1.237311932832498407e+00 2.782012530860371582e+12
1.242261180563828615e+00 2.621544647445281738e+12
1.247230225286083849e+00 2.694825270841675781e+12
1.252219146187228072e+00 2.686431850223761230e+12
1.257228022771976983e+00 2.662382957747625977e+12
1.262256934863064783e+00 2.634415160308410156e+12
1.267305962602517155e+00 2.721913177727973633e+12
1.272375186452927354e+00 2.684366334645375000e+12
1.277464687198738957e+00 2.706547697324452148e+12
1.282574545947533950e+00 2.734253069580611328e+12
1.287704844131324133e+00 2.652238392424657715e+12
1.292855663507849417e+00 2.659576498336889648e+12
1.298027086161880783e+00 2.682601252508386230e+12
1.303219194506528344e+00 2.689227409436834473e+12
1.308432071284554521e+00 2.614486536672819336e+12
1.313665799569692760e+00 2.637854444965053711e+12
1.318920462767971591e+00 2.618563738052964844e+12
1.324196144619043336e+00 2.519972548872944824e+12
1.329492929197519491e+00 2.357279572332029785e+12
1.334810900914309650e+00 1.853750586981102783e+12
1.340150144517967101e+00 1.795958202808220947e+12
1.345510745096038852e+00 1.726975832326405518e+12
1.350892788076423212e+00 1.696951437380486816e+12
1.356296359228728932e+00 1.623253402649314941e+12
1.361721544665643879e+00 1.550970519963925781e+12
1.367168430844306393e+00 1.582576698569735840e+12
1.372637104567683730e+00 1.523055205548244385e+12
1.378127652985954299e+00 1.579920481063950928e+12
1.383640163597898098e+00 1.571789700294767578e+12
1.389174724252289828e+00 1.489813484292015625e+12
1.394731423149298877e+00 1.452503227657524902e+12
1.400310348841896202e+00 1.404516249990247803e+12
1.405911590237263642e+00 1.418900837949947266e+12
1.411535236598212784e+00 1.320505856302697998e+12
1.417181377544605603e+00 1.261181138319578369e+12
1.422850103054784210e+00 1.278016641427791992e+12
1.428541503467003038e+00 1.258125165132039795e+12
1.434255669480871243e+00 1.254255562748638916e+12
1.439992692158794885e+00 1.272993616953947021e+12
1.445752662927429988e+00 1.288402645660076172e+12
1.451535673579139596e+00 1.280000102110603516e+12
1.457341816273456159e+00 1.323375105840713867e+12
1.463171183538549913e+00 1.253496774440641846e+12
1.469023868272704147e+00 1.229178029102519287e+12
1.474899963745795128e+00 1.247249205504420410e+12
1.480799563600778246e+00 1.254505465540431885e+12
1.486722761855181485e+00 1.253434480309510254e+12
1.492669652902602007e+00 1.262112254218379395e+12
1.498640331514212276e+00 1.270254092445927734e+12
1.504634892840269300e+00 1.292476345188026611e+12
1.510653432411630304e+00 1.297774283305474609e+12
1.516696046141276843e+00 1.318674044905724365e+12
1.522762830325842032e+00 1.327393931069205811e+12
1.528853881647145307e+00 1.331281502506065186e+12
1.534969297173733649e+00 1.330834709522347900e+12
1.541109174362428780e+00 1.323404630962738770e+12
1.547273611059878373e+00 1.354405996960054199e+12
1.553462705504118135e+00 1.369702930133904541e+12
1.559676556326134556e+00 1.362267927190670410e+12
1.565915262551438980e+00 1.392281302814075928e+12
1.572178923601644795e+00 1.398155503310197266e+12
1.578467639296051495e+00 1.439385818344230713e+12
1.584781509853235626e+00 1.447089122484212158e+12
1.591120635892648405e+00 1.445413963339797363e+12
1.597485118436219098e+00 1.471031452385041748e+12
1.603875058909963958e+00 1.487654667385474121e+12
1.610290559145603595e+00 1.489302213768124512e+12
1.616731721382186127e+00 1.508642755240491943e+12
1.623198648267714761e+00 1.517358693297394775e+12
1.629691442860785600e+00 1.533387974881718994e+12
1.636210208632228769e+00 1.560922778573825195e+12
1.642755049466757766e+00 1.577969023297826416e+12
1.649326069664624805e+00 1.585118120526233887e+12
1.655923373943283039e+00 1.604782771706297363e+12
1.662547067439056336e+00 1.610838713565949707e+12
1.669197255708812611e+00 1.621363590074437256e+12
1.675874044731648027e+00 1.635739778020300049e+12
1.682577540910574321e+00 1.626339309835022217e+12
1.689307851074216771e+00 1.589376175372369629e+12
1.696065082478513508e+00 1.560523471803438477e+12
1.702849342808427480e+00 1.528124983360259033e+12
1.709660740179661298e+00 1.473712932465704834e+12
1.716499383140379864e+00 1.367977163759866943e+12
1.723365380672941427e+00 1.358387653385058105e+12
1.730258842195633306e+00 1.334388960571752441e+12
1.737179877564415831e+00 1.261731889715700439e+12
1.744128597074673603e+00 1.254507307594261963e+12
1.751105111462972097e+00 1.206795531190415771e+12
1.758109531908824241e+00 1.136779449023126953e+12
1.765141970036459451e+00 1.112123236123401367e+12
1.772202537916605314e+00 1.066293824581459595e+12
1.779291348068271716e+00 1.006565699410244751e+12
1.786408513460544745e+00 9.919322740483245850e+11
1.793554147514387020e+00 9.602895071133884277e+11
1.800728364104444257e+00 9.366624433662197266e+11
1.807931277560862249e+00 8.874455592796551514e+11
1.815163002671105641e+00 9.074106935575495605e+11
1.822423654681789795e+00 8.816063243759981689e+11
1.829713349300517100e+00 8.710372387916888428e+11
1.837032202697718830e+00 8.576445510110225830e+11
1.844380331508509885e+00 7.948997211877282715e+11
1.851757852834543527e+00 7.861030379713364258e+11
1.859164884245881888e+00 7.116149845733227539e+11
1.866601543782865358e+00 7.601297924680728760e+11
1.874067949957996859e+00 7.547014634629765625e+11
1.881564221757828781e+00 7.632139995354187012e+11
1.889090478644860127e+00 7.820186138504064941e+11
1.896646840559439662e+00 7.784564069842503662e+11
1.904233427921677269e+00 7.840334883099614258e+11
1.911850361633363971e+00 7.787375464951732178e+11
1.919497763079897279e+00 7.649312017865328369e+11
1.927175754132217200e+00 7.605038183977589111e+11
1.934884457148745796e+00 7.673241972866270752e+11
1.942623994977340729e+00 7.491652326774591064e+11
1.950394490957250149e+00 7.667453111869871826e+11
1.958196068921079336e+00 7.624861579815180664e+11
1.966028853196763793e+00 7.591053342668334961e+11
1.973892968609550991e+00 7.449856955582484131e+11
1.981788540483989447e+00 7.232133881229633789e+11
1.989715694645925126e+00 7.165048542041795654e+11
1.997674557424508723e+00 7.025866137350843506e+11
2.005665255654207169e+00 6.894115335148530273e+11
2.013687916676823786e+00 6.871153171952005615e+11
2.021742668343530891e+00 6.910172754043850098e+11
2.029829639016905052e+00 6.779271389744871826e+11
2.037948957572972564e+00 6.742967978975454102e+11
2.046100753403264694e+00 6.758743931814013672e+11
2.054285156416877811e+00 6.808579928268808594e+11
2.062502297042545507e+00 6.755941942195660400e+11
2.070752306230715600e+00 6.808250501421829834e+11
2.079035315455638244e+00 6.799722755827551270e+11
2.087351456717461140e+00 6.751071709396188965e+11
2.095700862544330967e+00 6.842874278322890625e+11
2.104083665994508134e+00 6.939269784121593018e+11
2.112500000658485977e+00 6.960630033368840332e+11
2.120950000661120161e+00 6.994839028820316162e+11
2.129433800663764753e+00 6.927764078028415527e+11
2.137951535866419839e+00 7.002427106478872070e+11
2.146503342009885351e+00 7.153957460550522461e+11
2.155089355377924676e+00 7.138503725921726074e+11
2.163709712799436691e+00 7.240747106961790771e+11
2.172364551650634468e+00 7.257505543459128418e+11
2.181054009857236853e+00 7.253481405661257324e+11
2.189778225896665376e+00 7.293108495821705322e+11
2.198537338800252705e+00 7.369868020785015869e+11
2.207331488155453325e+00 7.352856111050852051e+11
2.216160814108075083e+00 7.417799425351102295e+11
2.225025457364507631e+00 7.462677135219786377e+11
2.233925559193965515e+00 7.462888781010983887e+11
2.242861261430741493e+00 7.530883850985877686e+11
2.251832706476463830e+00 7.491714212516958008e+11
2.260840037302370042e+00 7.424735097593281250e+11
2.269883397451579299e+00 7.474334027828786621e+11
2.278962931041386142e+00 7.427720238322926025e+11
2.288078782765551100e+00 7.468251322309975586e+11
2.297231097896613505e+00 6.738229598128944092e+11
2.306420022288200311e+00 7.143275513551574707e+11
2.315645702377353121e+00 6.888463764386549072e+11
2.324908285186861878e+00 6.416924447598737793e+11
2.334207918327609654e+00 6.654743988576369629e+11
2.343544750000919663e+00 6.474351287312670898e+11
2.352918929000923143e+00 6.076901991684333496e+11
2.362330604716927240e+00 6.169927272368880615e+11
2.371779927135795329e+00 6.119995113679195557e+11
2.381267046844337987e+00 5.804954383247476807e+11
2.390792115031715070e+00 5.607745916675765381e+11
2.400355283491842240e+00 5.432840160594192505e+11
2.409956704625809465e+00 5.055374003968364258e+11
2.419596531444312859e+00 5.022786266732733765e+11
2.429274917570089620e+00 4.683748879561033936e+11
2.438992017240370291e+00 4.518049308583472290e+11
2.448747985309331465e+00 4.316297747229271851e+11
2.458542977250568917e+00 4.144291120838193359e+11
2.468377149159570738e+00 4.066254798850125122e+11
2.478250657756209563e+00 3.738882497004686890e+11
2.488163660387234355e+00 3.734492384755789185e+11
2.498116315028783063e+00 3.686441266076217041e+11
2.508108780288898387e+00 3.396548295739564209e+11
2.518141215410053757e+00 3.386652059411063843e+11
2.528213780271693967e+00 3.257392672964204712e+11
2.538326635392781139e+00 3.207030490186511230e+11
2.548479941934351789e+00 3.165686429321198730e+11
2.558673861702089436e+00 3.075514658932328491e+11
2.568908557148898097e+00 3.104390217993775024e+11
2.579184191377493551e+00 2.934349884833239746e+11
2.589500928143003478e+00 3.051893045478898315e+11
2.599858931855575594e+00 3.070106424836905518e+11
2.610258367582998229e+00 3.095161618409979248e+11
2.620699401053329769e+00 2.990078065000895996e+11
2.631182198657543214e+00 3.008621413292543335e+11
2.641706927452173392e+00 2.954989664540676880e+11
2.652273755161981938e+00 3.065445726302087402e+11
2.662882850182629824e+00 3.082478084555875854e+11
2.673534381583360542e+00 2.897851939871586304e+11
2.684228519109693956e+00 2.939078356446484985e+11
2.694965433186132575e+00 2.786713297025657349e+11
2.705745294918877164e+00 2.796475688342120361e+11
2.716568276098552559e+00 2.724840541500887146e+11
2.727434549202946812e+00 2.596198254911262817e+11
2.738344287399758326e+00 2.553988799005510254e+11
2.749297664549357201e+00 2.509151991618515015e+11
2.760294855207554576e+00 2.514486083922471008e+11
2.771336034628385292e+00 2.433557047924366150e+11
2.782421378766898545e+00 2.332384229198180542e+11
2.793551064281966312e+00 2.357429450807581177e+11
2.804725268539093985e+00 2.270437861317496033e+11
2.815944169613250558e+00 2.186042885025735474e+11
2.827207946291703244e+00 2.280067633635781860e+11
2.838516778076869862e+00 2.173683597351277771e+11
2.849870845189177437e+00 2.153354393875014954e+11
2.861270328569933685e+00 2.184385465418954773e+11
2.872715409884213589e+00 2.156819816983909607e+11
2.884206271523750420e+00 2.127219218657870789e+11
2.895743096609845413e+00 2.163274851309445190e+11
2.907326068996284985e+00 1.994590373195869751e+11
2.918955373272270393e+00 2.014083202870267029e+11
2.930631194765359826e+00 2.050084746048445435e+11
2.942353719544420709e+00 1.966287904000053406e+11
2.954123134422598440e+00 1.986459825135335388e+11
2.965939626960289122e+00 1.937672962140786743e+11
2.977803385468130504e+00 1.991949475779128113e+11
2.989714599010003138e+00 1.910993949435101929e+11
3.001673457406043077e+00 1.926895928716435852e+11
3.013680151235667015e+00 1.917147824700966187e+11
3.025734871840609408e+00 1.847679158220887146e+11
3.037837811327972037e+00 1.941698815095381775e+11
3.049989162573283785e+00 1.847695521327531738e+11
3.062189119223576395e+00 1.924070042602015381e+11
3.074437875700470890e+00 1.854995047403995056e+11
3.086735627203272880e+00 1.856062191611594238e+11
3.099082569712085622e+00 1.873456711819335327e+11
3.111478899990933744e+00 1.814016942651242371e+11
3.123924815590897186e+00 1.852990891495983582e+11
3.136420514853261121e+00 1.826195384319249878e+11
3.148966196912674320e+00 1.819160222923142090e+11
3.161562061700325277e+00 1.840307228316532898e+11
3.174208309947126327e+00 1.783737520221656189e+11
3.186905143186915090e+00 1.868697557164292603e+11
3.199652763759662566e+00 1.734203976487859192e+11
3.212451374814701222e+00 1.847369529275480957e+11
3.225301180313960625e+00 1.801520911571874084e+11
3.238202385035215958e+00 1.790930689300834351e+11
3.251155194575356955e+00 1.824709027606949768e+11
3.264159815353658622e+00 1.817728672304149475e+11
3.277216454615073271e+00 1.792166791606918640e+11
3.290325320433533207e+00 1.791163052506591492e+11
3.303486621715267635e+00 1.801750749434410095e+11
3.316700568202128441e+00 1.762681270608496399e+11
3.329967370474937294e+00 1.821984754057781982e+11
3.343287239956836743e+00 1.742872561728254700e+11
3.356660388916663962e+00 1.770206115052484131e+11
3.370087030472330714e+00 1.780013165338688049e+11
3.383567378594220187e+00 1.744092042615866699e+11
3.397101648108596716e+00 1.748370478746596985e+11
3.410690054701031482e+00 1.741239992101539001e+11
3.424332814919834878e+00 1.742947008544666443e+11
3.438030146179514634e+00 1.720033339232661133e+11
3.451782266764232610e+00 1.739949512392826233e+11
3.465589395831289998e+00 1.735083104020279846e+11
3.479451753414614767e+00 1.715764142988453979e+11
3.493369560428273068e+00 1.671290693913632507e+11
3.507343038669985980e+00 1.727656619656950684e+11
3.521372410824665788e+00 1.666797003587029419e+11
3.535457900467964709e+00 1.678420333048764648e+11
3.549599732069836477e+00 1.670083639096226807e+11
3.563798130998116154e+00 1.663975835616308289e+11
3.578053323522108364e+00 1.660815637746926270e+11
3.592365536816196858e+00 1.653577910125542603e+11
3.606734998963461614e+00 1.640712575406871948e+11
3.621161938959315041e+00 1.622437149509409790e+11
3.635646586715152839e+00 1.620797015330004272e+11
3.650189173062013293e+00 1.614006270561301880e+11
3.664789929754260545e+00 1.612205076824905701e+11
3.679449089473277645e+00 1.591053229411316528e+11
3.694166885831170699e+00 1.584143542820446472e+11
3.708943553374495661e+00 1.597413060071474609e+11
3.723779327587993571e+00 1.593291513856341858e+11
3.738674444898345328e+00 1.554798628745666809e+11
3.753629142677938901e+00 1.576745221270948181e+11
3.768643659248651190e+00 1.553015701741786804e+11
3.783718233885645432e+00 1.569415262950744019e+11
3.798853106821188153e+00 1.545730910605043945e+11
3.814048519248473657e+00 1.545609110991059875e+11
3.829304713325467180e+00 1.496511738621406860e+11
3.844621932178768908e+00 1.511000361030648193e+11
3.860000419907484215e+00 1.511541886769039307e+11
3.875440421587113882e+00 1.489773764728722229e+11
3.890942183273462529e+00 1.469205289903872986e+11
3.906505952006555926e+00 1.456072303113619690e+11
3.922131975814582727e+00 1.443919390510812073e+11
3.937820503717840648e+00 1.424312099354246216e+11
3.953571785732711508e+00 1.387447295617836609e+11
3.969386072875642490e+00 1.371413154107455139e+11
3.985263617167145167e+00 1.326164132646287231e+11
4.001204671635814059e+00 1.312426613680331421e+11
4.017209490322357190e+00 1.303021767566347809e+11
4.033278328283646630e+00 1.264050535451736755e+11
4.049411441596781458e+00 1.239361537536185455e+11
4.065609087363168506e+00 1.209836457321707153e+11
4.081871523712622185e+00 1.151167467459450684e+11
4.098199009807472315e+00 1.163903897502880707e+11
4.114591805846702144e+00 1.132055418128464813e+11
4.131050173070089038e+00 1.120284410454748230e+11
4.147574373762369149e+00 1.116199946273686218e+11
4.164164671257418959e+00 1.062055812793207092e+11
4.180821329942449260e+00 1.062500706477665710e+11
4.197544615262219558e+00 1.039884652350325470e+11
4.214334793723269357e+00 9.867022647617318726e+10
4.231192132898162761e+00 9.598768718135169983e+10
4.248116901429755288e+00 8.831821063418731689e+10
4.265109369035473996e+00 8.668401650062808228e+10
4.282169806511615384e+00 8.565373784695542908e+10
4.299298485737661935e+00 8.333429013438630676e+10
4.316495679680612874e+00 8.285064129106486511e+10
4.333761662399335357e+00 8.055542174062524414e+10
4.351096709048932532e+00 7.934530940279847717e+10
4.368501095885127583e+00 7.789446420704458618e+10
4.385975100268668214e+00 7.712978872211375427e+10
4.403519000669743555e+00 7.526828603378602600e+10
4.421133076672422391e+00 7.402430721043931580e+10
4.438817608979111817e+00 7.250011210675181580e+10
4.456572879415028332e+00 7.291427796536691284e+10
4.474399170932688463e+00 7.027166474816438293e+10
4.492296767616419828e+00 7.000626718605099487e+10
4.510265954686884626e+00 7.077320777961044312e+10
4.528307018505633330e+00 6.787244455421743011e+10
4.546420246579655711e+00 6.818910287525933838e+10
4.564605927565974497e+00 6.660950809296397400e+10
4.582864351276237258e+00 6.784227504181625366e+10
4.601195808681342925e+00 6.500667182524309540e+10
4.619600591916067422e+00 6.621357214534491730e+10
4.638078994283731937e+00 6.503280509302310944e+10
4.656631310260867629e+00 6.477433948508867645e+10
4.675257835501911430e+00 6.310623261823740387e+10
4.693958866843916944e+00 6.344592781971473694e+10
4.712734702311292878e+00 6.274658401381184387e+10
4.731585641120538810e+00 6.234546739748902893e+10
4.750511983685020923e+00 6.208507159112624359e+10
4.769514031619761063e+00 6.081757863767780304e+10
4.788592087746240011e+00 6.008277135267990112e+10
4.807746456097224730e+00 6.006251643673656464e+10
4.826977441921613377e+00 5.907028896046182251e+10
4.846285351689299858e+00 5.900675240855892181e+10
4.865670493096057925e+00 5.731279412289922333e+10
4.885133175068442135e+00 5.696706146520697021e+10
4.904673707768715474e+00 5.589121136773485565e+10
4.924292402599791174e+00 5.577377234530820465e+10
4.943989572210189642e+00 5.381523499848764038e+10
4.963765530499030021e+00 5.243799831099379730e+10
4.983620592621027079e+00 5.326261286734820557e+10
5.003555074991511198e+00 5.139849306113589478e+10
5.023569295291476777e+00 4.927434171014791107e+10
5.043663572472643075e+00 5.070103272820249939e+10
5.063838226762532813e+00 4.822208627419103241e+10
5.084093579669583640e+00 4.795436652736344910e+10
5.104429953988261381e+00 4.700051715060992432e+10
5.124847673804215020e+00 4.717317100487300110e+10
5.145347064499431688e+00 4.553073347133090210e+10
5.165928452757428957e+00 4.421434959793745422e+10
5.186592166568458673e+00 4.448488065479645538e+10
5.207338535234733001e+00 4.358133760553299713e+10
5.228167889375671784e+00 4.328102705058103943e+10
5.249080560933174766e+00 4.147640426319829559e+10
5.270076883176907145e+00 4.121390616736280060e+10
5.291157190709615321e+00 4.107820228620992279e+10
5.312321819472453299e+00 4.023638677165166473e+10
5.333571106750343738e+00 4.016736395243448639e+10
5.354905391177344320e+00 3.830061420009094238e+10
5.376325012742054099e+00 3.907612569505810547e+10
5.397830312793021612e+00 3.750897324782454681e+10
5.419421634044193858e+00 3.598884475761102295e+10
5.441099320580370602e+00 3.671593871355329132e+10
5.462863717862692425e+00 3.593854780078601074e+10
5.484715172734142996e+00 3.565008478170333099e+10
5.506654033425078865e+00 3.606483604517610168e+10
5.528680649558780580e+00 3.342946770310210800e+10
5.550795372157015350e+00 3.356090571941156387e+10
5.572998553645643227e+00 3.309465960535812378e+10
5.595290547860225949e+00 3.374802282539884949e+10
5.617671710051667766e+00 3.233432216196200943e+10
5.640142396891874021e+00 3.264565553628252792e+10
5.662702966479441713e+00 3.201696761941758728e+10
5.685353778345359821e+00 3.084171476039854431e+10
5.708095193458740724e+00 3.124919049944706726e+10
5.730927574232576482e+00 2.984113407575941086e+10
5.753851284529505783e+00 3.100174447712144852e+10
5.776866689667624399e+00 2.948121236509175110e+10
5.799974156426294769e+00 3.003369315929880524e+10
5.823174053051999977e+00 2.891098258695879364e+10
5.846466749264207508e+00 2.857465487621340561e+10
5.869852616261264977e+00 2.878630495397151184e+10
5.893332026726310069e+00 2.812297309608449936e+10
5.916905354833215114e+00 2.830571136973697662e+10
5.940572976252548543e+00 2.735475395259320450e+10
5.964335268157558545e+00 2.750303470586878204e+10
5.988192609230189589e+00 2.692898363854670334e+10
6.012145379667110490e+00 2.716616059422588730e+10
6.036193961185778889e+00 2.588895267329418182e+10
6.060338737030522616e+00 2.604484748470180130e+10
6.084580091978644134e+00 2.667004755861988831e+10
6.108918412346558746e+00 2.538686187599386978e+10
6.133354085995945226e+00 2.628056098531776810e+10
6.157887502339929320e+00 2.550695754873051834e+10
6.182519052349287669e+00 2.485608036815055084e+10
6.207249128558685491e+00 2.501077371959836960e+10
6.232078125072920471e+00 2.476777471748770523e+10
6.257006437573212843e+00 2.406018065909796143e+10
6.282034463323505236e+00 2.383805736708134842e+10
6.307162601176800720e+00 2.364380349770552444e+10
6.332391251581507063e+00 2.337405665907795715e+10
6.357720816587833390e+00 2.287620169708702850e+10
6.383151699854184180e+00 2.224016638310521698e+10
6.408684306653601226e+00 2.153511824929693604e+10
6.434319043880215361e+00 2.136522481718493271e+10
6.460056320055736379e+00 2.029483822958866119e+10
6.485896545335958052e+00 1.876714511697350311e+10
6.511840131517302233e+00 1.919753665461065674e+10
6.537887492043371829e+00 1.831180893563243103e+10
6.564039042011545533e+00 1.763614779175997543e+10
6.590295198179591196e+00 1.689017934555518341e+10
6.616656378972309405e+00 1.671953369731917572e+10
6.643123004488199257e+00 1.588999514775279808e+10
6.669695496506150789e+00 1.597557403094089508e+10
6.696374278492176479e+00 1.575370306775265694e+10
6.723159775606144528e+00 1.618904069610281944e+10
6.750052414708568094e+00 1.566048700381566620e+10
6.777052624367403411e+00 1.498972359488138199e+10
6.804160834864871887e+00 1.516982897433950615e+10
6.831377478204331055e+00 1.474186801587116623e+10
6.858702988117148180e+00 1.489658136496038246e+10
6.886137800069615622e+00 1.456635011735013390e+10
6.913682351269895499e+00 1.435996854504803276e+10
6.941337080674975013e+00 1.439219687966902351e+10
6.969102428997675069e+00 1.423808586697927475e+10
6.996978838713665994e+00 1.411057666345961952e+10
7.024966754068519670e+00 1.404333717248299980e+10
7.053066621084793653e+00 1.365936760284181023e+10
7.081278887569133929e+00 1.341086331763262367e+10
7.109604003119409654e+00 1.287024616347924805e+10
7.138042419131887861e+00 1.323961528372383308e+10
7.166594588808414379e+00 1.316600226610822678e+10
7.195260967163648047e+00 1.292314700225222778e+10
7.224042011032302923e+00 1.275960536428075600e+10
7.252938179076432235e+00 1.254586884869629097e+10
7.281949931792737196e+00 1.253992348166724586e+10
7.311077731519908696e+00 1.232908955059922791e+10
7.340322042445988515e+00 1.201675140799807167e+10
7.369683330615771411e+00 1.185964116146797562e+10
7.399162063938235612e+00 1.211120884967111588e+10
7.428758712193988423e+00 1.145824238753981018e+10
7.458473747042765112e+00 1.168557769586237144e+10
7.488307642030935796e+00 1.145477480428952026e+10
7.518260872599060285e+00 1.109362265177157402e+10
7.548333916089456253e+00 1.139663808291839027e+10
7.578527251753813587e+00 1.089802497362636948e+10
7.608841360760829176e+00 1.038805082498511314e+10
7.639276726203872769e+00 1.072560480149954224e+10
7.669833833108687493e+00 1.030119205685530472e+10
7.700513168441122325e+00 1.035669187432036209e+10
7.731315221114887670e+00 1.021546922451200676e+10
7.762240481999347352e+00 9.909477776198892593e+09
7.793289443927344351e+00 9.993189450462032318e+09
7.824462601703054077e+00 9.991646316861925125e+09
7.855760452109866065e+00 9.708588180632759094e+09
7.887183493918306532e+00 9.228611699130191803e+09
7.918732227893980458e+00 9.347991011708576202e+09
7.950407156805555431e+00 9.255928975579154968e+09
7.982208785432777454e+00 8.869931783762744904e+09
8.014137620574508958e+00 9.096014137518014908e+09
8.046194171056805899e+00 8.732261250833250046e+09
8.078378947741034821e+00 8.673032310077232361e+09
8.110692463531997021e+00 8.446647995882774353e+09
8.143135233386125549e+00 8.482915728302046776e+09
8.175707774319670662e+00 8.390978578262518883e+09
8.208410605416949224e+00 8.027560881109606743e+09
8.241244247838615422e+00 8.164113390655306816e+09
8.274209224829968790e+00 7.791734577290103912e+09
8.307306061729288871e+00 7.936952118593260765e+09
8.340535285976207192e+00 7.577528385797546387e+09
8.373897427120111203e+00 7.429535157972700119e+09
8.407393016828594412e+00 7.571452478595849037e+09
8.441022588895906509e+00 7.280055623623378754e+09
8.474786679251490540e+00 7.449456540802715302e+09
8.508685825968495209e+00 7.186291224687599182e+09
8.542720569272368891e+00 7.136318575493435860e+09
8.576891451549458978e+00 6.947501745106622696e+09
8.611199017355655627e+00 7.020044374356690407e+09
8.645643813425078150e+00 6.977175639325966835e+09
8.680226388678779159e+00 6.773751335976507187e+09
8.714947294233493125e+00 6.726547842463046074e+09
8.749807083410427566e+00 6.431086451991504669e+09
8.784806311744070229e+00 6.567250109227468491e+09
8.819945536991047774e+00 6.463879845112483978e+09
8.855225319139009343e+00 6.384342562193888664e+09
8.890646220415566958e+00 6.420170862762565613e+09
8.926208805297228821e+00 6.360102319865569115e+09
8.961913640518417878e+00 6.075850775856631279e+09
8.997761295080492161e+00 6.177603653842274666e+09
9.033752340260813085e+00 6.122814049106804848e+09
9.069887349621856387e+00 6.042469971212841034e+09
9.106166899020346150e+00 5.943029255658979416e+09
9.142591566616424359e+00 5.886524876082711220e+09
9.179161932882891506e+00 5.852676319027598381e+09
9.215878580614422333e+00 5.709582200986685753e+09
9.252742094936881045e+00 5.557941618535126686e+09
9.289753063316627646e+00 5.570393889756820679e+09
9.326912075569895322e+00 5.479439871009559631e+09
9.364219723872173162e+00 5.558447841894952774e+09
9.401676602767663482e+00 5.329483177946426392e+09
9.439283309178733816e+00 5.287402832047103882e+09
9.477040442415447075e+00 5.290501733441520691e+09
9.514948604185111236e+00 5.180893599288371086e+09
9.553008398601852136e+00 5.238477613561648369e+09
9.591220432196260859e+00 5.024232230477138519e+09
9.629585313925044687e+00 4.918738007770509720e+09
9.668103655180747324e+00 4.911996773015069008e+09
9.706776069801470896e+00 4.805764408141895294e+09
9.745603174080676112e+00 4.827012145475767136e+09
9.784585586776998412e+00 4.777755835563619614e+09
9.823723929124106746e+00 4.643130147976010323e+09
9.863018824840601440e+00 4.590866434370359421e+09
9.902470900139965337e+00 4.352129330422019958e+09
9.942080783740523842e+00 4.493825340873315811e+09
9.981849106875488431e+00 4.366720436153233528e+09
1.002177650330298952e+01 4.347963024775715828e+09
1.006186360931619994e+01 4.245587438370361328e+09
1.010211106375346723e+01 4.128581963824856758e+09
1.014251950800847979e+01 4.156587129589074612e+09
1.018308958604051284e+01 4.146494496075506687e+09
1.022382194438467451e+01 4.000942817020738125e+09
1.026471723216221399e+01 3.973684581641847134e+09
1.030577610109086173e+01 3.881083828450918198e+09
1.034699920549522467e+01 3.797252291006061077e+09
1.038838720231720458e+01 3.803882355681979179e+09
1.042994075112647501e+01 3.705722918485054493e+09
1.047166051413097954e+01 3.650114622610910416e+09
1.051354715618750468e+01 3.617495963618779659e+09
1.055560134481225454e+01 3.536279861057108879e+09
1.059782375019150358e+01 3.424734333795642376e+09
1.064021504519226902e+01 3.459214276005800247e+09
1.068277590537303823e+01 3.434432807544446468e+09
1.072550700899452991e+01 3.308032170292836189e+09
1.076840903703050856e+01 3.222980983244330883e+09
1.081148267317863088e+01 3.228142522710855484e+09
1.085472860387134553e+01 3.256294623835650444e+09
1.089814751828683015e+01 3.085507582834618092e+09
1.094174010835997635e+01 3.079731691151904106e+09
1.098550706879341909e+01 2.965503829099775314e+09
1.102944909706859100e+01 2.944188768627487183e+09
1.107356689345686540e+01 2.933994314319386005e+09
1.111786116103069233e+01 2.868683614617180824e+09
1.116233260567481622e+01 2.823913009197283268e+09
1.120698193609751492e+01 2.748914046723496437e+09
1.125180986384190440e+01 2.730150325380494118e+09
1.129681710329727373e+01 2.678436309360615253e+09
1.134200437171046083e+01 2.668466281675439835e+09
1.138737238919730466e+01 2.614303443691195965e+09
1.143292187875409383e+01 2.554923425556098461e+09
1.147865356626910938e+01 2.545468858658812523e+09
1.152456818053418530e+01 2.488047518839984417e+09
1.157066645325632237e+01 2.426329121774257660e+09
1.161694911906934635e+01 2.396176869309251308e+09
1.166341691554562487e+01 2.374193951867472172e+09
1.171007058320780736e+01 2.321029772097595215e+09
1.175691086554063958e+01 2.244489240580547333e+09
1.180393850900279951e+01 2.244732326543621540e+09
1.185115426303881137e+01 2.200535295899284363e+09
1.189855888009096674e+01 2.195973788236625671e+09
1.194615311561133097e+01 2.157310322196123600e+09
1.199393772807377623e+01 2.132454157231816769e+09
1.204191347898607134e+01 2.095683003421002150e+09
1.209008113290201614e+01 2.070231633303264618e+09
1.213844145743362368e+01 2.009676316440365791e+09
1.218699522326335938e+01 2.017015483991361141e+09
1.223574320415641381e+01 1.957117616642569304e+09
1.228468617697303777e+01 1.966210306648307323e+09
1.233382492168093059e+01 1.900197972291207790e+09
1.238316022136765504e+01 1.890547095033037901e+09
1.243269286225312520e+01 1.787633105587064743e+09
1.248242363370213859e+01 1.830760334555034399e+09
1.253235332823694748e+01 1.761651604699497700e+09
1.258248274154989410e+01 1.772495438411061049e+09
1.263281267251609385e+01 1.741672222010180712e+09
1.268334392320615756e+01 1.695552289122207165e+09
1.273407729889898299e+01 1.717561576462114334e+09
1.278501360809457665e+01 1.623174998208026886e+09
1.283615366252695544e+01 1.598417717908914089e+09
1.288749827717706253e+01 1.639187123465808868e+09
1.293904827028577031e+01 1.547540622539726496e+09
1.299080446336691352e+01 1.576378235805094719e+09
1.304276768122038099e+01 1.522692989611971617e+09
1.309493875194526424e+01 1.528575733119750500e+09
1.314731850695304693e+01 1.481838319195395470e+09
1.319990778098085649e+01 1.441578768267718315e+09
1.325270741210477965e+01 1.423124613663020134e+09
1.330571824175319939e+01 1.405241705686308861e+09
1.335894111472021173e+01 1.396773907397259712e+09
1.341237687917909227e+01 1.384937039857968569e+09
1.346602638669580898e+01 1.325277440772453308e+09
1.351989049224258999e+01 1.344444993033085108e+09
1.357397005421156067e+01 1.295437791824987888e+09
1.362826593442840917e+01 1.289704455734889746e+09
1.368277899816612297e+01 1.277580459530171394e+09
1.373751011415878942e+01 1.226013454957234383e+09
1.379246015461542463e+01 1.249933885605850220e+09
1.384762999523388416e+01 1.197706586239198446e+09
1.390302051521481808e+01 1.223299472377985001e+09
1.395863259727567751e+01 1.181377281011055946e+09
1.401446712766477987e+01 1.145794880984985828e+09
1.407052499617543972e+01 1.162678442120577335e+09
1.412680709616014063e+01 1.096027708271435499e+09
1.418331432454478147e+01 1.075203599246208668e+09
1.424004758184296193e+01 1.089654237487824440e+09
1.429700777217033369e+01 1.091964263677788258e+09
1.435419580325901379e+01 1.043431387124485850e+09
1.441161258647204946e+01 1.049071842554502726e+09
1.446925903681793812e+01 1.006738086841999173e+09
1.452713607296521126e+01 1.013230191613712668e+09
1.458524461725707155e+01 9.953757126822791100e+08
1.464358559572609764e+01 9.481834257113107443e+08
1.470215993810900557e+01 9.420552586182944775e+08
1.476096857786143879e+01 9.623578159063324928e+08
1.482001245217288599e+01 9.388850427454433441e+08
1.487929250198157760e+01 9.106400209058672190e+08
1.493880967198950316e+01 8.908399403331948519e+08
1.499856491067746056e+01 8.929449574621258974e+08
1.505855917032016933e+01 8.868976552166733742e+08
1.511879340700144958e+01 8.590730676494433880e+08
1.517926858062945605e+01 8.341019852612720728e+08
1.523998565495197433e+01 8.514232517467771769e+08
1.530094559757178274e+01 8.122312899467219114e+08
1.536214937996206764e+01 8.093952361336976290e+08
1.542359797748191674e+01 7.984394739068977833e+08
1.548529236939184450e+01 7.927313674548431635e+08
1.554723353886941339e+01 7.614457410271834135e+08
1.560942247302489072e+01 7.812019959195567369e+08
1.567186016291699069e+01 7.571049418732947111e+08
1.573454760356865556e+01 7.396762372818977833e+08
1.579748579398293096e+01 7.392435109518766403e+08
1.586067573715886247e+01 7.187854253460966349e+08
1.592411844010749888e+01 7.231417654234449863e+08
1.598781491386792730e+01 6.826855319762428999e+08
1.605176617352340074e+01 6.878269974134377241e+08
1.611597323821749228e+01 6.623378559922307730e+08
1.618043713117036120e+01 6.650961471745095253e+08
1.624515887969504391e+01 6.374599006546736956e+08
1.631013951521382310e+01 6.595530205867471695e+08
1.637538007327468037e+01 6.501002797292119265e+08
1.644088159356778078e+01 6.387505552218021154e+08
1.650664511994205341e+01 6.164980044979683161e+08
1.657267170042182158e+01 6.014608909210947752e+08
1.663896238722350418e+01 5.825097563696726561e+08
1.670551823677240222e+01 5.907548303962905407e+08
1.677234030971949608e+01 5.932792111271474361e+08
1.683942967095837062e+01 5.721507409656871557e+08
1.690678738964220429e+01 5.607754471122248173e+08
1.697441453920077237e+01 5.702564030708086491e+08
1.704231219735757108e+01 5.732834928305143118e+08
1.711048144614700561e+01 5.274762560100501776e+08
1.717892337193159236e+01 5.320868762438781261e+08
1.724763906541932101e+01 5.089528649125459194e+08
1.731662962168099895e+01 5.097742931758050323e+08
1.738589614016772344e+01 4.996011033306717277e+08
1.745543972472839300e+01 5.055922496934563518e+08
1.752526148362730751e+01 4.935823856109873056e+08
1.759536252956181812e+01 4.802944647350485325e+08
1.766574397968006238e+01 4.724230297182300687e+08
1.773640695559878466e+01 4.693088554333531857e+08
1.780735258342117433e+01 4.683857931275961399e+08
1.787858199375486024e+01 4.630169091900496483e+08
1.795009632172988034e+01 4.447613015058909059e+08
1.802189670701679702e+01 4.486515818611550331e+08
1.809398429384486562e+01 4.393799971197449565e+08
1.816636023102024211e+01 4.117514159265463948e+08
1.823902567194432578e+01 4.335389426196697354e+08
1.831198177463210186e+01 4.241332256120634079e+08
1.838522970173062987e+01 4.159408353802862167e+08
1.845877062053754969e+01 4.142978481842356920e+08
1.853260570301970134e+01 3.862073472027767301e+08
1.860673612583178027e+01 3.775414277746527195e+08
1.868116307033510637e+01 3.839364152019221783e+08
1.875588772261644976e+01 3.769161877142516971e+08
1.883091127350691352e+01 3.844704413570534587e+08
1.890623491860094063e+01 3.688362059214701653e+08
1.898185985827534594e+01 3.624613515942362547e+08
1.905778729770844748e+01 3.710130099261133671e+08
1.913401844689928311e+01 3.658125575342153907e+08
1.921055452068688041e+01 3.380202839638382792e+08
1.928739673876962968e+01 3.451328654528426528e+08
1.936454632572470658e+01 3.403837335339055061e+08
1.944200451102760141e+01 3.172826068659759164e+08
1.951977252907171589e+01 3.367906666178495288e+08
1.959785161918800256e+01 3.166467608106690049e+08
1.967624302566475691e+01 3.159706566773019433e+08
1.991079942767366973e+01 3.050851031640219688e+08
