# Wavelength (micrometer), Flux (W / m2 / m)
1.000553076518779783e-01 7.225612428286022949e+11
1.004555288824854897e-01 7.132518323818298094e-05
1.008573509980154326e-01 8.430310015159248635e-05
1.012607804020075053e-01 9.130318123922767615e-05
1.016658235236155422e-01 1.444877628378545172e-04
1.020724868177099870e-01 4.918945351166045549e-04
1.024807767649808382e-01 2.940807242049058457e-04
1.028906998720407612e-01 2.782595492549998738e-04
1.033022626715289355e-01 7.096829610651095473e-04
1.037154717222150413e-01 4.268786804914093168e-04
1.041303336091038839e-01 4.859038793477719930e-04
1.045468549435403099e-01 6.864998373735452068e-04
1.049650423633144702e-01 6.045324416335862193e-04
1.053849025327677214e-01 8.487683342374049674e-04
1.058064421428987906e-01 8.595862419175275340e-04
1.062296679114703990e-01 1.680514352084975247e-03
1.066545865831162732e-01 1.665086221881953866e-03
1.070812049294487533e-01 1.833837305685137196e-03
1.075095297491665408e-01 3.021635001030056195e-03
1.079395678681632220e-01 2.453306169182020973e-03
1.083713261396358624e-01 4.453166278896634675e-03
1.088048114441943909e-01 4.338780092766628127e-03
1.092400306899711654e-01 1.554269444407294261e-02
1.096769908127310511e-01 6.314564260091529851e-03
1.101156987759819850e-01 7.438023729433969160e-03
1.105561615710859147e-01 1.611970728600948741e-02
1.109983862173702651e-01 1.276600497859825718e-02
1.114423797622397516e-01 1.169078434053239662e-02
1.118881492812886930e-01 1.450932591341726717e-02
1.123357018784138517e-01 1.854839456051347174e-02
1.127850446859275102e-01 1.226460051410670216e-01
1.132361848646712132e-01 1.289937892451525348e-01
1.136891296041298988e-01 9.270413281309944353e-02
1.141438861225464035e-01 9.664380139099028322e-02
1.146004616670366072e-01 8.778291287368508722e-02
1.150588635137047705e-01 1.000028421389382860e-01
1.155190989677595953e-01 1.057248438626752080e-01
1.159811753636306314e-01 1.535929567740869084e-01
1.164451000650851553e-01 1.220428037126566057e-01
1.169108804653455069e-01 1.493535148984869720e-01
1.173785239872068981e-01 2.493257253219127167e-01
1.178480380831557206e-01 4.530561757883133089e-01
1.183194302354883543e-01 3.731111149975713803e-01
1.187927079564302935e-01 3.735625836330611627e-01
1.192678787882560099e-01 4.987640618833376061e-01
1.197449503034090645e-01 7.106170845709082196e-01
1.202239301046226783e-01 4.783140544081750933e-01
1.207048258250411760e-01 9.490149090123228826e-01
1.211876451283413342e-01 7.983508795165225047e-01
1.216723957088547137e-01 1.328611921908701143e+00
1.221590852916901310e-01 1.924860461198569572e+00
1.226477216328568792e-01 4.671683163160668784e+00
1.231383125193883099e-01 2.182813993094828930e+00
1.236308657694658586e-01 3.086683027476452068e+00
1.241253892325437369e-01 2.497968044132488519e+00
1.246218907894739159e-01 2.572911261325427468e+00
1.251203783526317892e-01 3.179112088125238600e+00
1.256208598660423226e-01 3.277453731801478032e+00
1.261233433055065078e-01 4.233533711078734996e+00
1.266278366787285392e-01 4.070692048239610727e+00
1.271343480254434610e-01 6.089452348851929209e+00
1.276428854175452321e-01 5.885761723512483279e+00
1.281534569592154005e-01 6.174983499668049269e+00
1.286660707870522780e-01 7.553495710600726554e+00
1.291807350702004475e-01 1.059674378980573195e+01
1.296974580104812425e-01 1.113541857963103610e+01
1.302162478425231973e-01 1.088458866061946928e+01
1.307371128338932764e-01 1.274564964214225427e+01
1.312600612852288795e-01 1.646147893051298183e+01
1.317851015303697915e-01 1.735790911100874112e+01
1.323122419364912705e-01 1.862149782213702309e+01
1.328414909042372472e-01 2.127579250323046622e+01
1.333728568678542170e-01 2.395077030464303647e+01
1.339063482953256612e-01 2.727451112177355341e+01
1.344419736885069383e-01 2.744170953576685790e+01
1.349797415832609815e-01 3.396440751152628934e+01
1.355196605495940232e-01 4.230675614261210171e+01
1.360617391917924301e-01 4.833017027352256889e+01
1.366059861485595939e-01 4.518457510551819922e+01
1.371524100931538481e-01 4.823954688632076682e+01
1.377010197335264696e-01 6.426243809184329336e+01
1.382518238124605670e-01 7.529967365130417534e+01
1.388048311077104136e-01 8.149929580096355153e+01
1.393600504321412248e-01 8.874727520975194750e+01
1.399174906338697677e-01 8.363275306430270462e+01
1.404771605964052761e-01 1.274788239839513864e+02
1.410390692387908651e-01 1.293522522677206155e+02
1.416032255157460562e-01 1.960737181706331853e+02
1.421696384178090522e-01 1.234159119695027726e+02
1.427383169714803168e-01 1.766327383066729908e+02
1.433092702393662099e-01 4.417787685113521547e+02
1.438825073203236771e-01 2.680845596436077471e+02
1.444580373496049674e-01 4.685835462073963527e+02
1.450358694990033503e-01 3.197645480230478938e+02
1.456160129769993872e-01 6.081033608880766224e+02
1.461984770289073976e-01 5.988500636972961502e+02
1.467832709370230082e-01 5.375929620628498924e+02
1.473704040207710897e-01 7.484606695691842333e+02
1.479598856368541382e-01 4.804760930297165942e+02
1.485517251794015725e-01 8.746426889407274530e+02
1.491459320801191979e-01 1.605748600937860374e+03
1.497425158084396690e-01 1.209747749335313756e+03
1.503414858716734248e-01 2.965535601611519269e+03
1.509428518151600951e-01 1.856069944605162846e+03
1.515466232224207677e-01 1.358413845602617812e+03
1.521528097153104220e-01 3.224299184203545792e+03
1.527614209541716672e-01 2.462893008429723977e+03
1.533724666379883694e-01 2.684147089709130796e+03
1.539859565045403056e-01 3.294845913205558645e+03
1.546019003305584838e-01 1.661095425293159678e+03
1.552203079318807133e-01 2.587036056760376596e+03
1.558411891636082569e-01 2.854944160068135261e+03
1.564645539202626778e-01 2.807600654574861437e+03
1.570904121359437411e-01 3.659240657110621669e+03
1.577187737844875093e-01 3.881107824859502671e+03
1.583496488796254653e-01 4.423693061746604144e+03
1.589830474751439959e-01 5.317211263243301801e+03
1.596189796650445414e-01 4.278846012026393510e+03
1.602574555837047166e-01 4.467549805839387773e+03
1.608984854060395708e-01 5.557114065132995165e+03
1.615420793476636807e-01 6.441672550100035551e+03
1.621882476650543525e-01 7.381565819562303659e+03
1.628370006557145755e-01 7.703678232952846884e+03
1.634883486583374457e-01 8.722443732781897779e+03
1.641423020529707844e-01 9.355729139087587100e+03
1.647988712611826723e-01 1.060180078064822010e+04
1.654580667462274002e-01 9.079463468956360884e+03
1.661198990132123077e-01 1.246914816230842007e+04
1.667843786092651215e-01 1.415267428982874480e+04
1.674515161237022098e-01 1.604283223832071963e+04
1.681213221881969755e-01 1.964033472186201834e+04
1.687938074769497754e-01 1.987002361183283210e+04
1.694689827068575905e-01 2.596846664173709360e+04
1.701468586376850278e-01 2.658000601447685767e+04
1.708274460722357391e-01 3.046187036311985139e+04
1.715107558565246715e-01 3.634573978602793068e+04
1.721967988799507909e-01 3.721227203290782199e+04
1.728855860754705820e-01 4.745386267023412802e+04
1.735771284197724640e-01 4.739296343056953629e+04
1.742714369334515678e-01 5.415365166164763650e+04
1.749685226811853456e-01 6.878171212146290054e+04
1.756683967719100681e-01 6.391801619604088046e+04
1.763710703589977391e-01 8.269393872005652520e+04
1.770765546404337309e-01 9.243637145876183058e+04
1.777848608589954471e-01 8.876358626212281524e+04
1.784960003024314568e-01 1.183915273578019696e+05
1.792099843036411844e-01 1.172486686649514595e+05
1.799268242408557650e-01 1.278708356660219579e+05
1.806465315378191772e-01 1.652925429114050930e+05
1.813691176639704306e-01 1.429587768781874038e+05
1.820945941346263086e-01 1.809682637891580234e+05
1.828229725111648329e-01 2.308663288216375222e+05
1.835542644012094771e-01 1.931801743087309005e+05
1.842884814588143239e-01 2.555798991455311480e+05
1.850256353846495561e-01 3.171523558048675768e+05
1.857657379261881403e-01 2.847581517991082510e+05
1.865088008778928996e-01 3.787043088777635130e+05
1.872548360814044743e-01 4.247064623598101316e+05
1.880038554257300876e-01 4.038663963907115976e+05
1.887558708474330049e-01 5.344017647468101932e+05
1.895108943308226879e-01 5.692048132362671895e+05
1.902689379081460019e-01 5.694097524537693243e+05
1.910300136597785636e-01 7.570909242845245171e+05
1.917941337144176972e-01 7.880021790176689392e+05
1.925613102492753359e-01 8.239583638979077805e+05
1.933315554902724498e-01 1.041383287477287580e+06
1.941048817122335568e-01 1.094829935761378380e+06
1.948813012390824828e-01 1.168904854216384701e+06
1.956608264440388156e-01 1.472351146556371357e+06
1.964434697498149418e-01 1.493777450539040379e+06
1.972292436288141937e-01 1.609366603056888329e+06
1.980181606033294406e-01 1.993424745024102507e+06
1.988102332457427346e-01 2.058586208816768602e+06
1.996054741787257336e-01 2.156912096315642353e+06
2.004038960754406518e-01 2.526215052360873204e+06
2.012055116597424309e-01 2.778986943338939454e+06
2.020103337063813842e-01 2.944035782970465254e+06
2.028183750412069219e-01 3.345101142350827344e+06
2.036296485413717494e-01 3.559181552056724206e+06
2.044441671355372303e-01 3.773562208288650494e+06
2.052619438040793887e-01 4.246828061736959033e+06
2.060829915792957157e-01 4.522464938967869617e+06
2.069073235456129201e-01 4.768515820356540382e+06
2.077349528397953449e-01 5.239040947784684598e+06
2.085658926511545219e-01 5.689219013809598982e+06
2.094001562217591150e-01 5.925376237417098135e+06
2.102377568466461677e-01 6.291907297814968042e+06
2.110787078740327671e-01 6.538539682224422693e+06
2.119230227055288740e-01 7.145338484852364287e+06
2.127707147963510126e-01 7.713901476370987482e+06
2.136217976555363773e-01 8.262840914536533877e+06
2.144762848461585492e-01 8.062809825270240195e+06
2.153341899855431840e-01 8.920577124909983948e+06
2.161955267454853669e-01 9.726830623202690855e+06
2.170603088524672986e-01 1.047745912308511883e+07
2.179285500878772042e-01 1.033038460091770627e+07
2.188002642882286852e-01 1.099748651435133070e+07
2.196754653453815986e-01 1.277968791645316035e+07
2.205541672067631020e-01 1.318674208002496324e+07
2.214363838755901703e-01 1.484392865678538941e+07
2.223221294110925284e-01 1.341485162565194629e+07
2.232114179287369160e-01 1.802190297780399770e+07
2.241042636004518529e-01 1.779859052895867079e+07
2.250006806548536520e-01 2.263053189362612739e+07
2.259006833774730438e-01 1.876590951980588213e+07
2.268042861109829667e-01 2.288265598794159293e+07
2.277115032554268836e-01 2.687066497326481342e+07
2.286223492684485714e-01 3.042659186641171575e+07
2.295368386655223802e-01 3.607270859201633930e+07
2.304549860201844658e-01 2.612368532453601807e+07
2.313768059642651864e-01 3.695226744393625855e+07
2.323023131881222503e-01 4.211352521003266424e+07
2.332315224408747223e-01 5.000001015048268437e+07
2.341644485306381973e-01 4.959377242536197603e+07
2.351011063247607502e-01 4.076387288343986124e+07
2.360415107500598020e-01 5.593216490578477830e+07
2.369856767930600405e-01 4.902783436780196428e+07
2.379336195002322851e-01 6.618654921628190577e+07
2.388853539782332114e-01 6.937908614774270356e+07
2.398408953941461863e-01 8.602860033193232119e+07
2.408002589757227141e-01 9.758835754671534896e+07
2.417634600116256582e-01 7.270182479844583571e+07
2.427305138516721306e-01 1.061348793178600073e+08
2.437014359070788505e-01 1.168166193768339008e+08
2.446762416507071713e-01 1.529966583073194325e+08
2.456549466173099938e-01 1.420755528908427954e+08
2.466375664037792625e-01 1.571503909809110165e+08
2.476241166693943785e-01 1.811874977927375138e+08
2.486146131360719436e-01 1.321109448188706338e+08
2.496090715886161993e-01 1.721398733392495811e+08
2.506075078749706586e-01 1.841109212521026134e+08
2.516099379064705155e-01 2.105826978481747210e+08
2.526163776580964138e-01 2.698342268780858517e+08
2.536268431687287994e-01 4.098464255471212268e+08
2.546413505414037437e-01 4.841458013257095218e+08
2.556599159435693491e-01 3.542665413126856685e+08
2.566825556073435988e-01 3.189334756947976351e+08
2.577092858297729827e-01 3.591122207389056087e+08
2.587401229730920682e-01 3.457328039549459219e+08
2.597750834649844576e-01 4.177853182147152424e+08
2.608141837988444123e-01 4.438987178400405049e+08
2.618574405340398092e-01 5.850497861936038733e+08
2.629048702961759298e-01 8.516753522979350090e+08
2.639564897773606367e-01 8.738679115271327496e+08
2.650123157364701054e-01 8.797752635471006632e+08
2.660723649994159445e-01 8.470348812167313099e+08
2.671366544594135917e-01 8.541317223420652151e+08
2.682052010772512096e-01 9.916678552669749260e+08
2.692780218815602478e-01 8.873574723939855099e+08
2.703551339690865030e-01 1.180851270962658405e+09
2.714365545049627904e-01 1.171046833830766916e+09
2.725223007229827243e-01 1.210279827078544855e+09
2.736123899258746106e-01 1.391397066960891962e+09
2.747068394855781692e-01 1.699845299351277351e+09
2.758056668435204806e-01 1.883615097245119810e+09
2.769088895108945403e-01 2.848317289152198792e+09
2.780165250689380918e-01 2.581824881820243359e+09
2.791285911692138466e-01 3.209424611863009453e+09
2.802451055338907038e-01 3.109569126760210991e+09
2.813660859560263017e-01 3.096148132533990383e+09
2.824915502998503469e-01 3.058474972132558346e+09
2.836215165010497197e-01 3.026172403990239143e+09
2.847560025670539119e-01 1.915282391613369942e+09
2.858950265773221866e-01 2.581010899536763191e+09
2.870386066836315142e-01 4.074939819337966919e+09
2.881867611103660631e-01 5.845629770616786957e+09
2.893395081548075787e-01 7.786542833703085899e+09
2.904968661874267610e-01 8.806100627012815475e+09
2.916588536521764197e-01 1.058516974359485435e+10
2.928254890667851273e-01 1.000889016093913651e+10
2.939967910230522619e-01 1.090518124218231010e+10
2.951727781871444911e-01 9.954007142813106537e+09
2.963534692998930908e-01 1.136013970750718117e+10
2.975388831770926501e-01 1.182570035755334854e+10
2.987290387098009981e-01 1.537214854581148720e+10
2.999239548646402409e-01 1.259341802834599686e+10
3.011236506840988536e-01 2.168932979722389984e+10
3.023281452868351593e-01 1.290858248537893677e+10
3.035374578679824742e-01 2.846107485866358185e+10
3.047516076994544187e-01 2.650862184860334778e+10
3.059706141302522830e-01 3.002222500361123657e+10
3.071944965867733357e-01 3.933848185570623779e+10
3.084232745731204095e-01 4.707544218955393219e+10
3.096569676714128194e-01 4.353413351409749603e+10
3.108955955420985018e-01 5.728999211983955383e+10
3.121391779242668751e-01 6.227694394189124298e+10
3.133877346359639215e-01 7.231791243973858643e+10
3.146412855745078230e-01 8.745126535854116821e+10
3.158998507168058190e-01 8.470125086452505493e+10
3.171634501196730627e-01 1.228122612120791016e+11
3.184321039201517545e-01 1.038896060894856262e+11
3.197058323358323295e-01 1.051269260260076904e+11
3.209846556651756444e-01 1.256829265896213684e+11
3.222685942878363852e-01 1.425838053685812988e+11
3.235576686649877520e-01 1.444484352097167969e+11
3.248518993396476984e-01 1.726582793291173096e+11
3.261513069370062801e-01 1.893858891414183044e+11
3.274559121647543369e-01 2.123270456017455444e+11
3.287657358134133401e-01 2.280633524835607605e+11
3.300807987566670154e-01 2.539970629573576660e+11
3.314011219516936890e-01 3.004614014829782715e+11
3.327267264395004642e-01 3.051081409470727539e+11
3.340576333452584534e-01 3.588620061228109131e+11
3.353938638786395088e-01 3.449595350288822021e+11
3.367354393341540630e-01 3.587191775523721313e+11
3.380823810914907468e-01 3.790150260793573608e+11
3.394347106158566718e-01 4.079883993467787476e+11
3.407924494583201014e-01 4.075841536200325928e+11
3.421556192561533982e-01 3.950886090984677734e+11
3.435242417331779707e-01 2.999307561173745728e+11
3.448983387001106626e-01 3.469988731158092651e+11
3.462779320549111417e-01 3.977821192537746582e+11
3.476630437831307319e-01 3.516702013155834961e+11
3.490536959582632992e-01 3.848918631232989502e+11
3.504499107420963600e-01 5.991211282505059814e+11
3.518517103850647421e-01 5.347495780926359253e+11
3.532591172266050239e-01 6.371630924651124268e+11
3.546721536955114717e-01 7.603894076309768066e+11
3.560908423102934761e-01 4.604306828572667847e+11
3.575152056795346533e-01 3.358776504113234863e+11
3.589452665022527800e-01 5.296961801623848877e+11
3.603810475682617254e-01 6.697049391337867432e+11
3.618225717585348278e-01 5.734681576118330078e+11
3.632698620455689364e-01 6.191397165295775146e+11
3.647229414937512293e-01 5.996869964639963379e+11
3.661818332597261971e-01 1.034922531254896362e+12
3.676465605927651259e-01 7.706576567498936768e+11
3.691171468351361895e-01 8.609774006082889404e+11
3.705936154224767076e-01 5.756509982772957764e+11
3.720759898841666247e-01 3.176946608127222900e+11
3.735642938437032656e-01 2.984042367554735718e+11
3.750585510190780902e-01 3.316193224193754883e+11
3.765587852231543908e-01 6.438448168368242188e+11
3.780650203640470441e-01 1.206191423427390381e+12
3.795772804455032068e-01 8.002428095193729248e+11
3.810955895672852312e-01 8.908742294694645996e+11
3.826199719255543585e-01 3.888150163130988159e+11
3.841504518132565771e-01 6.241432253109088135e+11
3.856870536205096456e-01 4.625819980661748047e+11
3.872298018349916715e-01 7.450139801627109375e+11
3.887787210423316320e-01 7.161373953136567383e+11
3.903338359265008939e-01 8.481785061339613037e+11
3.918951712702069545e-01 8.626065236011329346e+11
3.934627519552877928e-01 4.628920335725599365e+11
3.950366029631089404e-01 1.079572715208548706e+12
3.966167493749613859e-01 7.951892553595804443e+11
3.982032163724612550e-01 1.386610045208414307e+12
3.997960292379510450e-01 1.679337111735833496e+12
4.013952133549028578e-01 1.937528386219017822e+12
4.030007942083224659e-01 2.289505815058326660e+12
4.046127973851557647e-01 1.832023275942439453e+12
4.062312485746963908e-01 1.837463723447591064e+12
4.078561735689951728e-01 2.087465397551755859e+12
4.094875982632711353e-01 2.309639010478020508e+12
4.111255486563242245e-01 2.646237566256723145e+12
4.127700508509495880e-01 2.376378315129939453e+12
4.144211310543532978e-01 2.234941480152168945e+12
4.160788155785707931e-01 2.575530454739396973e+12
4.177431308408850463e-01 2.170870885418534912e+12
4.194141033642486138e-01 1.672127879546129150e+12
4.210917597777056320e-01 1.062055066926384033e+12
4.227761268168164221e-01 3.395050156170083618e+11
4.244672313240837602e-01 1.076659704016605835e+12
4.261651002493800910e-01 1.728717339035141113e+12
4.278697606503775730e-01 1.927464322253343506e+12
4.295812396929790666e-01 1.553358092691854004e+12
4.312995646517510107e-01 1.899837625424271973e+12
4.330247629103580187e-01 2.418420871754562500e+12
4.347568619619994745e-01 2.937487377479072266e+12
4.364958894098474596e-01 2.764816885439618164e+12
4.382418729674867897e-01 2.075240785857757812e+12
4.399948404593567730e-01 2.521724457975301270e+12
4.417548198211941890e-01 2.669260846311562988e+12
4.435218391004789873e-01 2.227971300067910645e+12
4.452959264568808750e-01 2.293202758875719238e+12
4.470771101627084021e-01 2.835753470698128418e+12
4.488654186033592119e-01 2.842772438552898926e+12
4.506608802777726241e-01 3.120921252669330566e+12
4.524635237988837710e-01 2.695696448241846680e+12
4.542733778940792333e-01 2.889388299451226562e+12
4.560904714056555065e-01 3.133928909034724609e+12
4.579148332912781894e-01 3.113602824121104492e+12
4.597464926244433370e-01 2.814075034846083496e+12
4.615854785949410899e-01 3.279357185503514648e+12
4.634318205093208576e-01 2.794369463085563477e+12
4.652855477913582227e-01 3.080447250364357422e+12
4.671466899825236219e-01 3.056657138470500000e+12
4.690152767424536906e-01 3.112885684869663086e+12
4.708913378494234969e-01 3.410982166111946777e+12
4.727749032008212171e-01 3.300155647137765137e+12
4.746660028136244769e-01 3.528602208492677246e+12
4.765646668248789131e-01 2.754600041693202637e+12
4.784709254921784560e-01 2.371069496697658691e+12
4.803848091941470555e-01 2.711508229264677734e+12
4.823063484309236815e-01 2.809603351634285645e+12
4.842355738246474361e-01 3.122082268665531738e+12
4.861725161199459966e-01 3.241677758917253418e+12
4.881172061844257226e-01 3.554510006762772949e+12
4.900696750091634302e-01 3.560258694425269531e+12
4.920299537092001074e-01 3.872972493430683594e+12
4.939980735240369625e-01 4.359272964249718750e+12
4.959740658181330253e-01 3.316081526325223633e+12
4.979579620814056362e-01 3.646109770941941895e+12
4.999497939297311566e-01 3.224362490141178223e+12
5.019495931054501758e-01 3.059424564972936035e+12
5.039573914778719965e-01 3.477038098534574707e+12
5.059732210437835054e-01 3.079736947020509766e+12
5.079971139279585435e-01 3.276274850078098145e+12
5.100291023836703852e-01 3.062195134906948242e+12
5.120692187932051054e-01 3.021498324683537598e+12
5.141174956683780550e-01 3.054022800871338867e+12
5.161739656510514473e-01 2.497238494378459961e+12
5.182386615136556074e-01 1.843561951521845459e+12
5.203116161597103329e-01 2.818305710466952148e+12
5.223928626243490303e-01 3.897761099164340820e+12
5.244824340748465152e-01 4.019207746651164062e+12
5.265803638111459239e-01 3.246919544027395508e+12
5.286866852663905103e-01 4.051948223932302734e+12
5.308014320074561088e-01 4.126698567704103027e+12
5.329246377354859288e-01 3.614503651538681641e+12
5.350563362864277916e-01 4.107493648320277832e+12
5.371965616315735881e-01 3.669345501181908203e+12
5.393453478780998456e-01 3.773850275230053223e+12
5.415027292696121819e-01 3.821367794385152832e+12
5.436687401866906466e-01 3.379260326418830078e+12
5.458434151474373941e-01 2.946035498769705566e+12
5.480267888080271321e-01 3.388742239974052246e+12
5.502188959632591247e-01 3.224419407968413574e+12
5.524197715471121928e-01 3.420115855558079590e+12
5.546294506333006025e-01 3.656250469536736816e+12
5.568479684358338400e-01 3.624412740347025391e+12
5.590753603095770519e-01 3.171241963760059082e+12
5.613116617508153716e-01 3.003977501904161133e+12
5.635569083978186899e-01 2.703342601881332520e+12
5.658111360314097560e-01 3.003852707878496094e+12
5.680743805755354980e-01 2.807925069247363281e+12
5.703466780978375672e-01 3.102654479562892090e+12
5.726280648102289872e-01 3.208689223629083984e+12
5.749185770694699160e-01 3.480491382122674805e+12
5.772182513777477375e-01 3.303262791811659180e+12
5.795271243832587071e-01 3.693495193067378906e+12
5.818452328807918184e-01 3.716972475748670898e+12
5.841726138123150003e-01 3.658442949622514648e+12
5.865093042675643131e-01 2.970151845235905273e+12
5.888553414846344758e-01 1.775339503394852051e+12
5.912107628505729462e-01 2.181903661202567871e+12
5.935756059019753339e-01 2.453077362178050293e+12
5.959499083255832552e-01 2.383247732727859863e+12
5.983337079588855190e-01 2.648592758463500000e+12
6.007270427907210886e-01 2.858904060496254883e+12
6.031299509618840426e-01 3.195785217584550781e+12
6.055424707657315331e-01 3.629646283487718262e+12
6.079646406487945187e-01 3.997734782424926758e+12
6.103964992113897203e-01 4.308314696070315918e+12
6.128380852082353503e-01 4.485045771233243164e+12
6.152894375490681744e-01 3.992054323262860352e+12
6.177505952992645710e-01 3.118686405279380371e+12
6.202215976804615893e-01 2.777400335221908691e+12
6.227024840711834486e-01 2.255747460516484863e+12
6.251932940074681477e-01 2.611976947643233398e+12
6.276940671834980723e-01 2.877173259676791016e+12
6.302048434522321552e-01 3.331207532054570312e+12
6.327256628260409244e-01 3.847399110409888672e+12
6.352565654773452142e-01 4.026162374628685547e+12
6.377975917392545435e-01 3.680830395524003418e+12
6.403487821062116003e-01 4.414752229234647461e+12
6.429101772346363930e-01 4.839910028231959961e+12
6.454818179435749537e-01 5.052362789232227539e+12
6.480637452153492628e-01 5.309918473844360352e+12
6.506560001962106154e-01 5.387499536142955078e+12
6.532586241969955410e-01 5.855012234705685547e+12
6.558716586937833881e-01 5.263418592053578125e+12
6.584951453285585732e-01 5.070362496513704102e+12
6.611291259098727169e-01 4.802040155417232422e+12
6.637736424135122215e-01 4.360687294617315430e+12
6.664287369831662922e-01 4.049716564539248535e+12
6.690944519310989547e-01 3.769853229882452637e+12
6.717708297388232941e-01 3.708392290301679688e+12
6.744579130577786907e-01 3.764972162159900879e+12
6.771557447100098326e-01 4.125882947087446777e+12
6.798643676888498355e-01 3.834856381319589355e+12
6.825838251596052508e-01 3.829361201730436035e+12
6.853141604602436265e-01 3.671644824839707520e+12
6.880554171020846210e-01 3.515380617597770508e+12
6.908076387704928933e-01 3.709289936226707520e+12
6.935708693255748791e-01 4.551669203742325195e+12
6.963451528028771209e-01 5.124704511681547852e+12
6.991305334140887062e-01 5.474383955598273438e+12
7.019270555477450380e-01 5.842359090913514648e+12
7.047347637699360456e-01 6.881060641696902344e+12
7.075537028250157290e-01 6.204409012891708008e+12
7.103839176363159202e-01 5.455576039501367188e+12
7.132254533068611568e-01 5.003495773643655273e+12
7.160783551200886610e-01 5.228278900513219727e+12
7.189426685405689854e-01 5.498197093694913086e+12
7.218184392147313222e-01 5.444621193476922852e+12
7.247057129715901436e-01 5.974218174687003906e+12
7.276045358234763949e-01 6.366611287309622070e+12
7.305149539667704639e-01 6.872267207351497070e+12
7.334370137826373703e-01 7.247953841316296875e+12
7.363707618377679509e-01 7.539964857922578125e+12
7.393162448851190449e-01 7.816310178853415039e+12
7.422735098646596752e-01 7.877484706940892578e+12
7.452426039041182282e-01 7.930549222693097656e+12
7.482235743197346300e-01 8.068053161632335938e+12
7.512164686170136330e-01 8.106675057878010742e+12
7.542213344914817652e-01 8.215263182030506836e+12
7.572382198294477229e-01 8.210142565513169922e+12
7.602671727087656484e-01 7.674316134287583984e+12
7.633082413996006288e-01 7.549596373488706055e+12
7.663614743651989691e-01 6.924784782229285156e+12
7.694269202626597970e-01 6.693367394072510742e+12
7.725046279437104424e-01 6.803554529694979492e+12
7.755946464554852593e-01 6.607789351389634766e+12
7.786970250413072225e-01 6.698031577760460938e+12
7.818118131414724115e-01 6.960141489687264648e+12
7.849390603940383793e-01 6.700567011380092773e+12
7.880788166356144098e-01 7.042579467324563477e+12
7.912311319021569922e-01 7.013323224856066406e+12
7.943960564297655180e-01 7.263272012118464844e+12
7.975736406554845281e-01 7.466346156260986328e+12
8.007639352181065151e-01 7.656375134133795898e+12
8.039669909589789443e-01 7.838738300120498047e+12
8.071828589228148276e-01 8.019421540422817383e+12
8.104115903585061842e-01 8.173615339373989258e+12
8.136532367199402760e-01 8.353387205435472656e+12
8.169078496668199518e-01 8.299329919234698242e+12
8.201754810654874328e-01 7.570137765172786133e+12
8.234561829897493190e-01 8.087960007086209961e+12
8.267500077217083687e-01 8.077501205740212891e+12
8.300570077525952772e-01 7.766574155546057617e+12
8.333772357836056743e-01 7.857452929435280273e+12
8.367107447267401188e-01 7.700997622377397461e+12
8.400575877056470908e-01 7.763245076145704102e+12
8.434178180564695371e-01 7.375620901257225586e+12
8.467914893286955236e-01 6.910486506066543945e+12
8.501786552860102208e-01 6.975310792885182617e+12
8.535793699071543283e-01 6.864235028216994141e+12
8.569936873867830540e-01 7.405393396323648438e+12
8.604216621363300899e-01 7.604574801828697266e+12
8.638633487848753623e-01 7.756888954525080078e+12
8.673188021800150027e-01 7.348674502506148438e+12
8.707880773887352044e-01 7.778022399632842773e+12
8.742712296982900755e-01 7.888263229777003906e+12
8.777683146170831563e-01 8.094553973159522461e+12
8.812793878755513788e-01 8.019110236901980469e+12
8.848045054270535781e-01 8.101692155129784180e+12
8.883437234487617795e-01 7.256493801811627930e+12
8.918970983425568155e-01 7.679133119435503906e+12
8.954646867359271623e-01 7.335303105302199219e+12
8.990465454828707736e-01 7.578285092040224609e+12
9.026427316648023558e-01 7.541702597055139648e+12
9.062533025914615292e-01 7.536601751813261719e+12
9.098783158018273198e-01 7.728236961060163086e+12
9.135178290650346478e-01 7.837222049092185547e+12
9.171719003812948134e-01 7.962102742494368164e+12
9.208405879828199803e-01 8.042956264164851562e+12
9.245239503347512100e-01 8.037465810833043945e+12
9.282220461360901620e-01 8.018320485909769531e+12
9.319349343206346781e-01 7.935954586183819336e+12
9.356626740579171431e-01 7.915757830998712891e+12
9.394053247541488405e-01 7.846698675124992188e+12
9.431629460531654185e-01 7.906487132168768555e+12
9.469355978373780180e-01 7.955584821034918945e+12
9.507233402287275092e-01 7.967533557981901367e+12
9.545262335896426142e-01 7.924361243573156250e+12
9.583443385240012491e-01 7.912045744822131836e+12
9.621777158780971950e-01 7.875651092263334961e+12
9.660264267416096562e-01 7.809325187553207031e+12
9.698905324485760371e-01 7.854445123976736328e+12
9.737700945783701600e-01 7.595967510780073242e+12
9.776651749566835914e-01 7.525351829993537109e+12
9.815758356565105203e-01 7.563929440727287109e+12
9.855021389991363012e-01 7.479063962031532227e+12
9.894441475551331022e-01 7.276410484854877930e+12
9.934019241453534432e-01 6.767530070674168945e+12
9.973755318419349480e-01 7.022063031311875977e+12
1.001365033969302543e+00 7.100108653619413086e+12
1.005370494105179757e+00 7.011802244605818359e+12
1.009391976081600362e+00 7.137830038293911133e+12
1.013429543985926884e+00 7.180303136417253906e+12
1.017483262161870350e+00 7.163710717696658203e+12
1.021553195210518128e+00 7.201185914756890625e+12
1.025639407991360219e+00 7.033906148477260742e+12
1.029741965623325539e+00 6.976339267946476562e+12
1.033860933485818867e+00 6.993788882520275391e+12
1.037996377219762012e+00 7.145294426901208984e+12
1.042148362728641198e+00 7.087909531110974609e+12
1.046316956179555557e+00 7.184084661792875000e+12
1.050502224004274066e+00 7.156217291542267578e+12
1.054704232900291139e+00 7.205214377275311523e+12
1.058923049831892227e+00 7.130784244999041016e+12
1.063158742031219628e+00 7.127510764755749023e+12
1.067411376999344741e+00 7.012237374581099609e+12
1.071681022507342096e+00 7.009117826700497070e+12
1.075967746597371377e+00 7.050003516036077148e+12
1.080271617583760779e+00 6.988324312433397461e+12
1.084592704054095913e+00 7.018015098249458008e+12
1.088931074870312044e+00 6.996477756403501953e+12
1.093286799169793433e+00 6.962378716335860352e+12
1.097659946366472461e+00 6.884198956982065430e+12
1.102050586151938294e+00 6.871529963216608398e+12
1.106458788496546219e+00 6.804449425587519531e+12
1.110884623650532532e+00 6.763769885920474609e+12
1.115328162145134749e+00 6.806165833846406250e+12
1.119789474793714934e+00 6.750870677273500977e+12
1.124268632692889902e+00 6.766204965216921875e+12
1.128765707223661430e+00 6.720161992152673828e+12
1.133280770052556230e+00 6.717187291817106445e+12
1.137813893132766374e+00 6.454901636353947266e+12
1.142365148705297484e+00 6.431582105118166992e+12
1.146934609300118479e+00 6.620540794838046875e+12
1.151522347737319096e+00 6.660457323051742188e+12
1.156128437128268516e+00 6.578483513770150391e+12
1.160752950876781542e+00 6.467972195092054688e+12
1.165395962680288999e+00 6.521765041569192383e+12
1.170057546531009907e+00 6.455179398368432617e+12
1.174737776717134086e+00 6.471381548806193359e+12
1.179436727824002773e+00 6.352720057854210938e+12
1.184154474735298557e+00 6.250115484504441406e+12
1.188891092634239977e+00 6.306527928248607422e+12
1.193646657004777012e+00 6.327241688183549805e+12
1.198421243632796118e+00 6.116003830124800781e+12
1.203214928607327261e+00 6.212362089797145508e+12
1.208027788321756724e+00 6.180211882561623047e+12
1.212859899475043468e+00 6.184003809964620117e+12
1.217711339072943710e+00 6.196982950135306641e+12
1.222582184429235275e+00 6.136267399650285156e+12
1.227472513166952384e+00 6.156013872206826172e+12
1.232382403219620226e+00 6.100436037539724609e+12
1.237311932832498407e+00 6.062510786143019531e+12
1.242261180563828615e+00 5.884678069206596680e+12
1.247230225286083849e+00 5.942608357309518555e+12
1.252219146187228072e+00 5.886853034862107422e+12
1.257228022771976983e+00 5.887302728305819336e+12
1.262256934863064783e+00 5.849987812888627930e+12
1.267305962602517155e+00 5.852970905590072266e+12
1.272375186452927354e+00 5.814778264458625000e+12
1.277464687198738957e+00 5.791153470333672852e+12
1.282574545947533950e+00 5.714256006099856445e+12
1.287704844131324133e+00 5.672568831468964844e+12
1.292855663507849417e+00 5.630895882041266602e+12
1.298027086161880783e+00 5.650653050344810547e+12
1.303219194506528344e+00 5.627376534092872070e+12
1.308432071284554521e+00 5.574704773561330078e+12
1.313665799569692760e+00 5.580235740415708984e+12
1.318920462767971591e+00 5.557391094873695312e+12
1.324196144619043336e+00 5.486969704558815430e+12
1.329492929197519491e+00 5.402603718310190430e+12
1.334810900914309650e+00 5.197926667914121094e+12
1.340150144517967101e+00 5.155953136748473633e+12
1.345510745096038852e+00 5.128747646151169922e+12
1.350892788076423212e+00 5.117849679377847656e+12
1.356296359228728932e+00 5.079088932491263672e+12
1.361721544665643879e+00 5.060263014081743164e+12
1.367168430844306393e+00 5.051133196921203125e+12
1.372637104567683730e+00 5.052739369193664062e+12
1.378127652985954299e+00 5.030587920551854492e+12
1.383640163597898098e+00 5.000121760112485352e+12
1.389174724252289828e+00 4.914637220214151367e+12
1.394731423149298877e+00 4.863418881119972656e+12
1.400310348841896202e+00 4.819600659969385742e+12
1.405911590237263642e+00 4.797739875000412109e+12
1.411535236598212784e+00 4.722630817514365234e+12
1.417181377544605603e+00 4.673249470658891602e+12
1.422850103054784210e+00 4.655474410520497070e+12
1.428541503467003038e+00 4.566898916071603516e+12
1.434255669480871243e+00 4.614705315888632812e+12
1.439992692158794885e+00 4.587008323260603516e+12
1.445752662927429988e+00 4.580859576639111328e+12
1.451535673579139596e+00 4.537668023505633789e+12
1.457341816273456159e+00 4.517093193810741211e+12
1.463171183538549913e+00 4.477224521450972656e+12
1.469023868272704147e+00 4.427672185326557617e+12
1.474899963745795128e+00 4.426329633882908203e+12
1.480799563600778246e+00 4.401289871870723633e+12
1.486722761855181485e+00 4.315187919272816406e+12
1.492669652902602007e+00 4.374422607601227051e+12
1.498640331514212276e+00 4.346702213252360352e+12
1.504634892840269300e+00 4.079618917031071289e+12
1.510653432411630304e+00 4.334990939285552734e+12
1.516696046141276843e+00 4.323863143485354492e+12
1.522762830325842032e+00 4.326179280243505859e+12
1.528853881647145307e+00 4.310363590572681152e+12
1.534969297173733649e+00 4.282184963873876953e+12
1.541109174362428780e+00 4.265384340583294434e+12
1.547273611059878373e+00 4.261380501536524414e+12
1.553462705504118135e+00 4.248401529765857422e+12
1.559676556326134556e+00 4.220362969692466309e+12
1.565915262551438980e+00 4.225579187322517090e+12
1.572178923601644795e+00 4.165368710480624512e+12
1.578467639296051495e+00 4.165428458105675781e+12
1.584781509853235626e+00 4.203625346006049316e+12
1.591120635892648405e+00 4.178616992509982422e+12
1.597485118436219098e+00 4.207101647641680664e+12
1.603875058909963958e+00 4.184906163486239258e+12
1.610290559145603595e+00 4.170864539123385742e+12
1.616731721382186127e+00 3.917669502002171387e+12
1.623198648267714761e+00 4.105109616854233398e+12
1.629691442860785600e+00 4.146241062570904297e+12
1.636210208632228769e+00 4.144174412415969727e+12
1.642755049466757766e+00 4.105731002889870117e+12
1.649326069664624805e+00 4.080288849654006348e+12
1.655923373943283039e+00 4.062654531825136230e+12
1.662547067439056336e+00 4.024755218536187988e+12
1.669197255708812611e+00 4.001531453540367676e+12
1.675874044731648027e+00 3.969368134070774414e+12
1.682577540910574321e+00 3.923414298884501465e+12
1.689307851074216771e+00 3.873977771801616211e+12
1.696065082478513508e+00 3.824246478249256348e+12
1.702849342808427480e+00 3.767285286106146973e+12
1.709660740179661298e+00 3.579481364961247070e+12
1.716499383140379864e+00 3.608710036402997070e+12
1.723365380672941427e+00 3.572019900714798828e+12
1.730258842195633306e+00 3.519548932039161621e+12
1.737179877564415831e+00 3.425053634901863770e+12
1.744128597074673603e+00 3.375393895453944824e+12
1.751105111462972097e+00 3.300486989792915527e+12
1.758109531908824241e+00 3.210373492053616699e+12
1.765141970036459451e+00 3.162526717676994141e+12
1.772202537916605314e+00 3.088687340097075684e+12
1.779291348068271716e+00 3.002342669386905762e+12
1.786408513460544745e+00 2.954497440183790527e+12
1.793554147514387020e+00 2.889838691451159180e+12
1.800728364104444257e+00 2.853478388988006348e+12
1.807931277560862249e+00 2.781768661681034180e+12
1.815163002671105641e+00 2.779612354751109375e+12
1.822423654681789795e+00 2.732013946087337402e+12
1.829713349300517100e+00 2.685758094638876465e+12
1.837032202697718830e+00 2.665430259365779297e+12
1.844380331508509885e+00 2.559155205473159180e+12
1.851757852834543527e+00 2.529848318936454590e+12
1.859164884245881888e+00 2.408128394716998047e+12
1.866601543782865358e+00 2.486886851061479004e+12
1.874067949957996859e+00 2.419697215452628906e+12
1.881564221757828781e+00 2.432649275662588867e+12
1.889090478644860127e+00 2.412345953605792969e+12
1.896646840559439662e+00 2.404036824494283203e+12
1.904233427921677269e+00 2.384081350755430176e+12
1.911850361633363971e+00 2.381178208942940430e+12
1.919497763079897279e+00 2.333798356544368164e+12
1.927175754132217200e+00 2.250212542284087891e+12
1.934884457148745796e+00 2.266617008338904785e+12
1.942623994977340729e+00 2.122101248381432617e+12
1.950394490957250149e+00 2.149184884250532227e+12
1.958196068921079336e+00 2.224189023576707520e+12
1.966028853196763793e+00 2.216574178900287598e+12
1.973892968609550991e+00 2.058802819797391357e+12
1.981788540483989447e+00 1.998977031681969727e+12
1.989715694645925126e+00 1.990549128800431641e+12
1.997674557424508723e+00 2.057425230643848877e+12
2.005665255654207169e+00 2.044658855409912842e+12
2.013687916676823786e+00 2.012177794177290527e+12
2.021742668343530891e+00 1.994182565990784912e+12
2.029829639016905052e+00 1.961698880712054443e+12
2.037948957572972564e+00 1.937923446032642090e+12
2.046100753403264694e+00 1.911765588157338623e+12
2.054285156416877811e+00 1.909569753764509277e+12
2.062502297042545507e+00 1.867053792507836914e+12
2.070752306230715600e+00 1.861554783229981201e+12
2.079035315455638244e+00 1.842448375073452637e+12
2.087351456717461140e+00 1.816799951517663818e+12
2.095700862544330967e+00 1.797334437368263916e+12
2.104083665994508134e+00 1.797811499211380615e+12
2.112500000658485977e+00 1.785047024173324707e+12
2.120950000661120161e+00 1.771965982015355713e+12
2.129433800663764753e+00 1.743914740374677246e+12
2.137951535866419839e+00 1.737654259346474365e+12
2.146503342009885351e+00 1.739812594651416260e+12
2.155089355377924676e+00 1.724628430080125732e+12
2.163709712799436691e+00 1.719831388010224609e+12
2.172364551650634468e+00 1.705295313001805420e+12
2.181054009857236853e+00 1.689002953328020752e+12
2.189778225896665376e+00 1.681181351533658936e+12
2.198537338800252705e+00 1.675297319668263184e+12
2.207331488155453325e+00 1.630848839873310791e+12
2.216160814108075083e+00 1.658013669361906982e+12
2.225025457364507631e+00 1.631484391759070312e+12
2.233925559193965515e+00 1.627848525276191650e+12
2.242861261430741493e+00 1.623431815262234619e+12
2.251832706476463830e+00 1.609953980456391113e+12
2.260840037302370042e+00 1.570459701465012451e+12
2.269883397451579299e+00 1.580419298773160889e+12
2.278962931041386142e+00 1.555143666646782715e+12
2.288078782765551100e+00 1.551552564908807617e+12
2.297231097896613505e+00 1.451546736728011719e+12
2.306420022288200311e+00 1.480456196223501709e+12
2.315645702377353121e+00 1.461725160060246826e+12
2.324908285186861878e+00 1.374674977164192871e+12
2.334207918327609654e+00 1.383253602887659668e+12
2.343544750000919663e+00 1.384237240410800537e+12
2.352918929000923143e+00 1.310105796215961914e+12
2.362330604716927240e+00 1.317467590954188477e+12
2.371779927135795329e+00 1.321099331480631104e+12
2.381267046844337987e+00 1.251923179215336670e+12
2.390792115031715070e+00 1.229583250641287354e+12
2.400355283491842240e+00 1.218875934094099121e+12
2.409956704625809465e+00 1.172933372979085938e+12
2.419596531444312859e+00 1.142948562592302246e+12
2.429274917570089620e+00 1.121423724784632568e+12
2.438992017240370291e+00 1.091737149485600098e+12
2.448747985309331465e+00 1.049768224480522095e+12
2.458542977250568917e+00 1.024058517638532715e+12
2.468377149159570738e+00 1.014335904976844971e+12
2.478250657756209563e+00 9.558363284555566406e+11
2.488163660387234355e+00 9.526043345806196289e+11
2.498116315028783063e+00 9.397362135249768066e+11
2.508108780288898387e+00 9.007575559142458496e+11
2.518141215410053757e+00 8.905231530784332275e+11
2.528213780271693967e+00 8.655447144402144775e+11
2.538326635392781139e+00 8.504716203475061035e+11
2.548479941934351789e+00 8.440249651611738281e+11
2.558673861702089436e+00 8.302038593996091309e+11
2.568908557148898097e+00 8.316580268029617920e+11
2.579184191377493551e+00 8.046432384149718018e+11
2.589500928143003478e+00 8.146881307716445312e+11
2.599858931855575594e+00 8.120348797696381836e+11
2.610258367582998229e+00 8.115777666755546875e+11
2.620699401053329769e+00 8.006954918160877686e+11
2.631182198657543214e+00 7.973606899898199463e+11
2.641706927452173392e+00 7.930073333512360840e+11
2.652273755161981938e+00 7.987901576422326660e+11
2.662882850182629824e+00 7.964815537599017334e+11
2.673534381583360542e+00 7.688591984185729980e+11
2.684228519109693956e+00 7.638537879843436279e+11
2.694965433186132575e+00 7.369200378318244629e+11
2.705745294918877164e+00 7.335573093587869873e+11
2.716568276098552559e+00 7.128222543808500977e+11
2.727434549202946812e+00 6.872740263104511719e+11
2.738344287399758326e+00 6.751558525001546631e+11
2.749297664549357201e+00 6.662034213024760742e+11
2.760294855207554576e+00 6.616439169690375977e+11
2.771336034628385292e+00 6.431100685534957275e+11
2.782421378766898545e+00 6.316659828084682617e+11
2.793551064281966312e+00 6.279011745638618164e+11
2.804725268539093985e+00 6.076434011707915039e+11
2.815944169613250558e+00 5.919255995896774902e+11
2.827207946291703244e+00 6.014094500899080811e+11
2.838516778076869862e+00 5.793250736293983154e+11
2.849870845189177437e+00 5.693749977217044678e+11
2.861270328569933685e+00 5.763465598491555176e+11
2.872715409884213589e+00 5.593963834830439453e+11
2.884206271523750420e+00 5.561986332441202393e+11
2.895743096609845413e+00 5.562195636642567139e+11
2.907326068996284985e+00 5.312190389696696777e+11
2.918955373272270393e+00 5.329704001803062744e+11
2.930631194765359826e+00 5.241298040102218628e+11
2.942353719544420709e+00 5.070152842590853882e+11
2.954123134422598440e+00 5.115732081518557739e+11
2.965939626960289122e+00 4.978207105700922241e+11
2.977803385468130504e+00 5.001588392075961304e+11
2.989714599010003138e+00 4.855264327551970215e+11
3.001673457406043077e+00 4.832294029246982422e+11
3.013680151235667015e+00 4.791286219761162109e+11
3.025734871840609408e+00 4.599989587228568115e+11
3.037837811327972037e+00 4.731659306206713257e+11
3.049989162573283785e+00 4.541383214211138916e+11
3.062189119223576395e+00 4.596578015856019287e+11
3.074437875700470890e+00 4.478836885628345947e+11
3.086735627203272880e+00 4.410082857786679688e+11
3.099082569712085622e+00 4.418559495615193481e+11
3.111478899990933744e+00 4.298224857103986816e+11
3.123924815590897186e+00 4.315743018935755615e+11
3.136420514853261121e+00 4.241640362350648193e+11
3.148966196912674320e+00 4.200884422719183960e+11
3.161562061700325277e+00 4.179399133861815796e+11
3.174208309947126327e+00 4.085613180754444580e+11
3.186905143186915090e+00 4.137152734398947754e+11
3.199652763759662566e+00 3.967136857304364624e+11
3.212451374814701222e+00 4.084701897014468994e+11
3.225301180313960625e+00 3.976723845569006348e+11
3.238202385035215958e+00 3.950755194761999512e+11
3.251155194575356955e+00 3.930575200153269653e+11
3.264159815353658622e+00 3.895133616982920532e+11
3.277216454615073271e+00 3.851702510388808594e+11
3.290325320433533207e+00 3.819089785541269531e+11
3.303486621715267635e+00 3.815208025186680298e+11
3.316700568202128441e+00 3.743869078902407227e+11
3.329967370474937294e+00 3.776373844797449951e+11
3.343287239956836743e+00 3.679988609822565308e+11
3.356660388916663962e+00 3.681658810995416870e+11
3.370087030472330714e+00 3.659124431448097534e+11
3.383567378594220187e+00 3.610454140722562256e+11
3.397101648108596716e+00 3.600546725435334473e+11
3.410690054701031482e+00 3.542180044497581787e+11
3.424332814919834878e+00 3.540647027793107910e+11
3.438030146179514634e+00 3.496591486669682617e+11
3.451782266764232610e+00 3.478033453667341919e+11
3.465589395831289998e+00 3.452728850027368164e+11
3.479451753414614767e+00 3.414852579200917358e+11
3.493369560428273068e+00 3.362227879297816162e+11
3.507343038669985980e+00 3.376006566736640625e+11
3.521372410824665788e+00 3.298031932973578491e+11
3.535457900467964709e+00 3.289327232772844238e+11
3.549599732069836477e+00 3.257336662398964233e+11
3.563798130998116154e+00 3.220987526611227417e+11
3.578053323522108364e+00 3.192673494969358521e+11
3.592365536816196858e+00 3.165248763299556885e+11
3.606734998963461614e+00 3.130914571174661255e+11
3.621161938959315041e+00 3.093081224384995117e+11
3.635646586715152839e+00 3.061498961002224121e+11
3.650189173062013293e+00 3.032563067807693481e+11
3.664789929754260545e+00 3.002777832443255615e+11
3.679449089473277645e+00 2.960447090004179688e+11
3.694166885831170699e+00 2.933327547370629883e+11
3.708943553374495661e+00 2.913695662704222412e+11
3.723779327587993571e+00 2.879864454013960571e+11
3.738674444898345328e+00 2.837064535876492920e+11
3.753629142677938901e+00 2.827310860751964111e+11
3.768643659248651190e+00 2.779369847278202515e+11
3.783718233885645432e+00 2.765838974902930298e+11
3.798853106821188153e+00 2.726096761561756592e+11
3.814048519248473657e+00 2.699180234991708679e+11
3.829304713325467180e+00 2.644498936619338684e+11
3.844621932178768908e+00 2.628547254663858643e+11
3.860000419907484215e+00 2.604797985067388306e+11
3.875440421587113882e+00 2.560884649800751648e+11
3.890942183273462529e+00 2.525996359158545227e+11
3.906505952006555926e+00 2.497142169581417236e+11
3.922131975814582727e+00 2.465172833477961121e+11
3.937820503717840648e+00 2.428285784983703003e+11
3.953571785732711508e+00 2.376292280538532715e+11
3.969386072875642490e+00 2.354511692558093872e+11
3.985263617167145167e+00 2.299656245042171326e+11
4.001204671635814059e+00 2.273514689957758484e+11
4.017209490322357190e+00 2.248550397415726013e+11
4.033278328283646630e+00 2.201878106084002686e+11
4.049411441596781458e+00 2.155353833039938049e+11
4.065609087363168506e+00 2.130321018494404297e+11
4.081871523712622185e+00 2.069101999464417419e+11
4.098199009807472315e+00 2.059778358380861511e+11
4.114591805846702144e+00 2.024254037009085388e+11
4.131050173070089038e+00 1.987639454630203552e+11
4.147574373762369149e+00 1.974569502512514343e+11
4.164164671257418959e+00 1.923940327165745850e+11
4.180821329942449260e+00 1.906702605968959045e+11
4.197544615262219558e+00 1.880397571427432251e+11
4.214334793723269357e+00 1.840844612254692078e+11
4.231192132898162761e+00 1.840227636367770691e+11
4.248116901429755288e+00 1.780918719450122681e+11
4.265109369035473996e+00 1.757935416608770142e+11
4.282169806511615384e+00 1.746034396345647278e+11
4.299298485737661935e+00 1.652383287083690491e+11
4.316495679680612874e+00 1.648035291605518799e+11
4.333761662399335357e+00 1.619853403657851868e+11
4.351096709048932532e+00 1.562442904935335388e+11
4.368501095885127583e+00 1.530071311639183044e+11
4.385975100268668214e+00 1.506972037839432068e+11
4.403519000669743555e+00 1.463786379379257202e+11
4.421133076672422391e+00 1.433090534424688721e+11
4.438817608979111817e+00 1.410291595323745117e+11
4.456572879415028332e+00 1.391526026828753357e+11
4.474399170932688463e+00 1.343201903332968140e+11
4.492296767616419828e+00 1.338995921415658417e+11
4.510265954686884626e+00 1.326895543636588287e+11
4.528307018505633330e+00 1.283311407335616150e+11
4.546420246579655711e+00 1.276116718613930359e+11
4.564605927565974497e+00 1.246912964587926178e+11
4.582864351276237258e+00 1.244394622034105682e+11
4.601195808681342925e+00 1.212379197477169952e+11
4.619600591916067422e+00 1.207721537457848511e+11
4.638078994283731937e+00 1.190728439913713837e+11
4.656631310260867629e+00 1.179859124088529663e+11
4.675257835501911430e+00 1.152566321022342529e+11
4.693958866843916944e+00 1.146460615904411926e+11
4.712734702311292878e+00 1.123067265927226868e+11
4.731585641120538810e+00 1.113406948675027008e+11
4.750511983685020923e+00 1.101493281107441559e+11
4.769514031619761063e+00 1.073068082330010529e+11
4.788592087746240011e+00 1.055914624900353088e+11
4.807746456097224730e+00 1.044728309713700867e+11
4.826977441921613377e+00 1.034310788960821838e+11
4.846285351689299858e+00 1.020215135207677612e+11
4.865670493096057925e+00 1.002304495277799835e+11
4.885133175068442135e+00 9.819470277592417908e+10
4.904673707768715474e+00 9.674506529975085449e+10
4.924292402599791174e+00 9.594290604090744019e+10
4.943989572210189642e+00 9.369611394926766968e+10
4.963765530499030021e+00 9.152707561784092712e+10
4.983620592621027079e+00 9.191432403519213867e+10
5.003555074991511198e+00 8.957046886952421570e+10
5.023569295291476777e+00 8.729549893576579285e+10
5.043663572472643075e+00 8.816803569800143433e+10
5.063838226762532813e+00 8.561754453893997192e+10
5.084093579669583640e+00 8.389215016249407959e+10
5.104429953988261381e+00 8.350347370571098328e+10
5.124847673804215020e+00 8.184038382976834106e+10
5.145347064499431688e+00 8.172302560235177612e+10
5.165928452757428957e+00 7.892447947549523926e+10
5.186592166568458673e+00 7.939357773410461426e+10
5.207338535234733001e+00 7.682831953314781189e+10
5.228167889375671784e+00 7.687480467150753784e+10
5.249080560933174766e+00 7.472340397097448730e+10
5.270076883176907145e+00 7.463134574056515503e+10
5.291157190709615321e+00 7.292994874922421265e+10
5.312321819472453299e+00 7.239530394823086548e+10
5.333571106750343738e+00 7.140486327900360107e+10
5.354905391177344320e+00 6.998963195739186096e+10
5.376325012742054099e+00 6.949621260767021179e+10
5.397830312793021612e+00 6.860642031219811249e+10
5.419421634044193858e+00 6.647493541730575562e+10
5.441099320580370602e+00 6.669157716810140991e+10
5.462863717862692425e+00 6.519457367047800446e+10
5.484715172734142996e+00 6.462045240443632507e+10
5.506654033425078865e+00 6.410752771875975800e+10
5.528680649558780580e+00 6.252030282110909271e+10
5.550795372157015350e+00 6.168952790323262024e+10
5.572998553645643227e+00 6.076392280111027527e+10
5.595290547860225949e+00 6.087410860191182709e+10
5.617671710051667766e+00 5.929570141906770325e+10
5.640142396891874021e+00 5.890963321490007782e+10
5.662702966479441713e+00 5.800656720732631683e+10
5.685353778345359821e+00 5.656950649716896057e+10
5.708095193458740724e+00 5.628163655256905365e+10
5.730927574232576482e+00 5.493260982473126984e+10
5.753851284529505783e+00 5.539237742915031433e+10
5.776866689667624399e+00 5.400741374358820343e+10
5.799974156426294769e+00 5.373156195282772064e+10
5.823174053051999977e+00 5.220553850098513794e+10
5.846466749264207508e+00 5.148536964588224792e+10
5.869852616261264977e+00 5.146801556080837250e+10
5.893332026726310069e+00 5.045437184543036652e+10
5.916905354833215114e+00 5.024735378234948730e+10
5.940572976252548543e+00 4.916774382695181274e+10
5.964335268157558545e+00 4.865428627270281219e+10
5.988192609230189589e+00 4.781366311562678528e+10
6.012145379667110490e+00 4.771078811192702484e+10
6.036193961185778889e+00 4.608396269346648407e+10
6.060338737030522616e+00 4.617763910489656830e+10
6.084580091978644134e+00 4.601345610154835510e+10
6.108918412346558746e+00 4.451462606942342377e+10
6.133354085995945226e+00 4.481201604738087463e+10
6.157887502339929320e+00 4.405520755467156982e+10
6.182519052349287669e+00 4.299053148736915588e+10
6.207249128558685491e+00 4.267561401850814056e+10
6.232078125072920471e+00 4.223954326649709320e+10
6.257006437573212843e+00 4.125255444462277222e+10
6.282034463323505236e+00 4.073907617888745117e+10
6.307162601176800720e+00 4.018543244422056580e+10
6.332391251581507063e+00 3.958206173597414398e+10
6.357720816587833390e+00 3.877528900912734985e+10
6.383151699854184180e+00 3.793858257545968628e+10
6.408684306653601226e+00 3.713897157947025299e+10
6.434319043880215361e+00 3.656094996194514465e+10
6.460056320055736379e+00 3.514095740918527985e+10
6.485896545335958052e+00 3.375494850371985626e+10
6.511840131517302233e+00 3.353869214458106995e+10
6.537887492043371829e+00 3.249150072738117981e+10
6.564039042011545533e+00 3.169846676701552582e+10
6.590295198179591196e+00 3.088360748750534058e+10
6.616656378972309405e+00 3.055404034528490067e+10
6.643123004488199257e+00 2.960811616016807556e+10
6.669695496506150789e+00 2.933049606756029892e+10
6.696374278492176479e+00 2.869389262803874969e+10
6.723159775606144528e+00 2.876020110566093445e+10
6.750052414708568094e+00 2.815249705350368500e+10
6.777052624367403411e+00 2.717155746680997086e+10
6.804160834864871887e+00 2.718767182974573898e+10
6.831377478204331055e+00 2.660150574289230347e+10
6.858702988117148180e+00 2.663104853969029999e+10
6.886137800069615622e+00 2.601474861012731934e+10
6.913682351269895499e+00 2.546813427620529175e+10
6.941337080674975013e+00 2.527515742922988510e+10
6.969102428997675069e+00 2.495240151185950851e+10
6.996978838713665994e+00 2.467540505304701233e+10
7.024966754068519670e+00 2.441481052004825211e+10
7.053066621084793653e+00 2.400630737655545425e+10
7.081278887569133929e+00 2.360771288040579224e+10
7.109604003119409654e+00 2.294414307884377289e+10
7.138042419131887861e+00 2.303911597453775024e+10
7.166594588808414379e+00 2.274309481877269363e+10
7.195260967163648047e+00 2.227978491470445251e+10
7.224042011032302923e+00 2.196212275306393433e+10
7.252938179076432235e+00 2.165135162645011139e+10
7.281949931792737196e+00 2.148781405449128723e+10
7.311077731519908696e+00 2.109037727146070862e+10
7.340322042445988515e+00 2.080015764700008774e+10
7.369683330615771411e+00 2.042825958296604538e+10
7.399162063938235612e+00 2.048967871862045670e+10
7.428758712193988423e+00 1.977167235265217209e+10
7.458473747042765112e+00 1.984752480713789749e+10
7.488307642030935796e+00 1.949167299439754486e+10
7.518260872599060285e+00 1.902526140193005371e+10
7.548333916089456253e+00 1.907277935341469955e+10
7.578527251753813587e+00 1.849965192140545654e+10
7.608841360760829176e+00 1.799813469396961975e+10
7.639276726203872769e+00 1.805094918321957016e+10
7.669833833108687493e+00 1.763775293419961548e+10
7.700513168441122325e+00 1.753938724602405548e+10
7.731315221114887670e+00 1.715877172784634018e+10
7.762240481999347352e+00 1.683751745561347389e+10
7.793289443927344351e+00 1.674876441785361099e+10
7.824462601703054077e+00 1.663500127754438782e+10
7.855760452109866065e+00 1.626840134667467690e+10
7.887183493918306532e+00 1.576790097576925468e+10
7.918732227893980458e+00 1.574096440073435402e+10
7.950407156805555431e+00 1.549968566964698792e+10
7.982208785432777454e+00 1.501921560091077232e+10
8.014137620574508958e+00 1.507340174815739822e+10
8.046194171056805899e+00 1.467079410971433640e+10
8.078378947741034821e+00 1.447154922203693581e+10
8.110692463531997021e+00 1.415671767387387848e+10
8.143135233386125549e+00 1.408268643204448891e+10
8.175707774319670662e+00 1.396411275039872169e+10
8.208410605416949224e+00 1.352072416748846436e+10
8.241244247838615422e+00 1.352223293382471848e+10
8.274209224829968790e+00 1.309423197896325111e+10
8.307306061729288871e+00 1.307213666654323578e+10
8.340535285976207192e+00 1.276774775626323891e+10
8.373897427120111203e+00 1.247558935811907768e+10
8.407393016828594412e+00 1.250150564910412216e+10
8.441022588895906509e+00 1.217362756107891655e+10
8.474786679251490540e+00 1.216200942804874039e+10
8.508685825968495209e+00 1.180696731933508873e+10
8.542720569272368891e+00 1.173966569211324501e+10
8.576891451549458978e+00 1.147649870450550842e+10
8.611199017355655627e+00 1.142008088664655495e+10
8.645643813425078150e+00 1.129558012052190781e+10
8.680226388678779159e+00 1.105974354321316528e+10
8.714947294233493125e+00 1.096306272534850693e+10
8.749807083410427566e+00 1.060092235829355621e+10
8.784806311744070229e+00 1.061344493561903954e+10
8.819945536991047774e+00 1.044120688866262245e+10
8.855225319139009343e+00 1.026280905942245483e+10
8.890646220415566958e+00 1.023278877274170303e+10
8.926208805297228821e+00 1.009737229027082062e+10
8.961913640518417878e+00 9.805889867918779373e+09
8.997761295080492161e+00 9.787038036978242874e+09
9.033752340260813085e+00 9.679544533906568527e+09
9.069887349621856387e+00 9.527332774800447464e+09
9.106166899020346150e+00 9.352213044672292709e+09
9.142591566616424359e+00 9.265123382435907364e+09
9.179161932882891506e+00 9.137006196434461594e+09
9.215878580614422333e+00 8.966673398527063370e+09
9.252742094936881045e+00 8.780462248365608215e+09
9.289753063316627646e+00 8.741649450010786057e+09
9.326912075569895322e+00 8.516326154878449440e+09
9.364219723872173162e+00 8.551912634384776115e+09
9.401676602767663482e+00 8.282957429341549873e+09
9.439283309178733816e+00 8.176974776288331032e+09
9.477040442415447075e+00 8.118304930212260246e+09
9.514948604185111236e+00 7.966245258995245934e+09
9.553008398601852136e+00 7.922076003658081055e+09
9.591220432196260859e+00 7.708765014329092979e+09
9.629585313925044687e+00 7.591415109732923508e+09
9.668103655180747324e+00 7.467791687015682220e+09
9.706776069801470896e+00 7.385010131539129257e+09
9.745603174080676112e+00 7.309190107311133385e+09
9.784585586776998412e+00 7.207234880792813301e+09
9.823723929124106746e+00 7.058665433476061821e+09
9.863018824840601440e+00 6.954797247968565941e+09
9.902470900139965337e+00 6.718218957189235687e+09
9.942080783740523842e+00 6.743129505235094070e+09
9.981849106875488431e+00 6.596713970353375435e+09
1.002177650330298952e+01 6.533848337954958916e+09
1.006186360931619994e+01 6.393202643172439575e+09
1.010211106375346723e+01 6.274667105413605690e+09
1.014251950800847979e+01 6.199215286595952034e+09
1.018308958604051284e+01 6.146077922850229263e+09
1.022382194438467451e+01 6.009459434011880875e+09
1.026471723216221399e+01 5.920818437263173103e+09
1.030577610109086173e+01 5.796445192877637863e+09
1.034699920549522467e+01 5.690070783577857018e+09
1.038838720231720458e+01 5.638928464665280342e+09
1.042994075112647501e+01 5.546578744651265144e+09
1.047166051413097954e+01 5.463263343336379051e+09
1.051354715618750468e+01 5.347758083769537926e+09
1.055560134481225454e+01 5.262897005856198311e+09
1.059782375019150358e+01 5.176773212418957710e+09
1.064021504519226902e+01 5.137485021299921989e+09
1.068277590537303823e+01 5.068463612245701790e+09
1.072550700899452991e+01 4.904617960897834778e+09
1.076840903703050856e+01 4.847199716040264130e+09
1.081148267317863088e+01 4.790681298171946526e+09
1.085472860387134553e+01 4.800240144426583290e+09
1.089814751828683015e+01 4.593403999158688545e+09
1.094174010835997635e+01 4.571199999240876198e+09
1.098550706879341909e+01 4.445679061738151550e+09
1.102944909706859100e+01 4.397677423384469032e+09
1.107356689345686540e+01 4.356338749298816681e+09
1.111786116103069233e+01 4.265099282795169353e+09
1.116233260567481622e+01 4.223483341261934280e+09
1.120698193609751492e+01 4.103125815675604343e+09
1.125180986384190440e+01 4.083786900690483093e+09
1.129681710329727373e+01 4.004725327868090153e+09
1.134200437171046083e+01 3.963036777552561760e+09
1.138737238919730466e+01 3.898227171977412701e+09
1.143292187875409383e+01 3.803917809735610485e+09
1.147865356626910938e+01 3.770091285122363567e+09
1.152456818053418530e+01 3.686872985619354725e+09
1.157066645325632237e+01 3.629485126953091145e+09
1.161694911906934635e+01 3.567855181006846428e+09
1.166341691554562487e+01 3.542159720119406700e+09
1.171007058320780736e+01 3.474099177805965900e+09
1.175691086554063958e+01 3.382226711380812645e+09
1.180393850900279951e+01 3.375377584450547695e+09
1.185115426303881137e+01 3.285920996690253258e+09
1.189855888009096674e+01 3.280871281925437450e+09
1.194615311561133097e+01 3.221216442933693886e+09
1.199393772807377623e+01 3.171615510666267395e+09
1.204191347898607134e+01 3.124968215722649574e+09
1.209008113290201614e+01 3.084223664454059601e+09
1.213844145743362368e+01 3.022513607335595608e+09
1.218699522326335938e+01 2.990415655831405163e+09
1.223574320415641381e+01 2.930775059988178730e+09
1.228468617697303777e+01 2.919439062422410965e+09
1.233382492168093059e+01 2.830555284362029076e+09
1.238316022136765504e+01 2.803483808980522633e+09
1.243269286225312520e+01 2.712366375293388367e+09
1.248242363370213859e+01 2.736334647293672085e+09
1.253235332823694748e+01 2.665880453811758995e+09
1.258248274154989410e+01 2.640130639156263828e+09
1.263281267251609385e+01 2.608567313834524632e+09
1.268334392320615756e+01 2.537046526674498081e+09
1.273407729889898299e+01 2.555598345431606770e+09
1.278501360809457665e+01 2.457237513976695061e+09
1.283615366252695544e+01 2.420316625458227634e+09
1.288749827717706253e+01 2.422770346460785389e+09
1.293904827028577031e+01 2.339238305536451340e+09
1.299080446336691352e+01 2.342436907172271252e+09
1.304276768122038099e+01 2.289940682961657524e+09
1.309493875194526424e+01 2.263826660306377411e+09
1.314731850695304693e+01 2.210679521921807766e+09
1.319990778098085649e+01 2.183757304870486259e+09
1.325270741210477965e+01 2.150053162898704052e+09
1.330571824175319939e+01 2.111548855109066963e+09
1.335894111472021173e+01 2.075661110401450396e+09
1.341237687917909227e+01 2.065827943298694849e+09
1.346602638669580898e+01 2.007340039879116535e+09
1.351989049224258999e+01 2.007407701306496382e+09
1.357397005421156067e+01 1.955989607101307869e+09
1.362826593442840917e+01 1.934908207991402388e+09
1.368277899816612297e+01 1.910496030156188965e+09
1.373751011415878942e+01 1.852886594702424526e+09
1.379246015461542463e+01 1.857165560764540434e+09
1.384762999523388416e+01 1.808366987129277945e+09
1.390302051521481808e+01 1.809789084462478161e+09
1.395863259727567751e+01 1.766722423941568613e+09
1.401446712766477987e+01 1.733628864756705761e+09
1.407052499617543972e+01 1.729780188890258551e+09
1.412680709616014063e+01 1.667939416593195438e+09
1.418331432454478147e+01 1.633590352810259581e+09
1.424004758184296193e+01 1.635030280968725920e+09
1.429700777217033369e+01 1.627616428762602329e+09
1.435419580325901379e+01 1.570980219234368563e+09
1.441161258647204946e+01 1.569269215689625025e+09
1.446925903681793812e+01 1.514234967629616261e+09
1.452713607296521126e+01 1.521813288846467495e+09
1.458524461725707155e+01 1.492434080361514807e+09
1.464358559572609764e+01 1.448917260100936413e+09
1.470215993810900557e+01 1.425602324197832823e+09
1.476096857786143879e+01 1.433025191917884111e+09
1.482001245217288599e+01 1.405962162169054508e+09
1.487929250198157760e+01 1.378090517245842457e+09
1.493880967198950316e+01 1.354641219249455214e+09
1.499856491067746056e+01 1.329941900264945030e+09
1.505855917032016933e+01 1.323061007525461197e+09
1.511879340700144958e+01 1.297260113940164804e+09
1.517926858062945605e+01 1.271389686066339493e+09
1.523998565495197433e+01 1.262163330714868307e+09
1.530094559757178274e+01 1.231654720366426468e+09
1.536214937996206764e+01 1.209864633488183498e+09
1.542359797748191674e+01 1.195774979565705538e+09
1.548529236939184450e+01 1.185600726863121033e+09
1.554723353886941339e+01 1.154523921882355213e+09
1.560942247302489072e+01 1.153498106384615660e+09
1.567186016291699069e+01 1.128186867905981779e+09
1.573454760356865556e+01 1.102067013763388157e+09
1.579748579398293096e+01 1.099114785568236351e+09
1.586067573715886247e+01 1.077165533560379505e+09
1.592411844010749888e+01 1.068832572637863874e+09
1.598781491386792730e+01 1.027977510564935803e+09
1.605176617352340074e+01 1.029026159997263908e+09
1.611597323821749228e+01 1.006061738190070033e+09
1.618043713117036120e+01 9.882418454465458393e+08
1.624515887969504391e+01 9.724160951793557405e+08
1.631013951521382310e+01 9.716782718583858013e+08
1.637538007327468037e+01 9.605642740120662451e+08
1.644088159356778078e+01 9.439739511027088165e+08
1.650664511994205341e+01 9.183890021430765390e+08
1.657267170042182158e+01 9.003921425458010435e+08
1.663896238722350418e+01 8.864942496054607630e+08
1.670551823677240222e+01 8.822743033374414444e+08
1.677234030971949608e+01 8.754988442716920376e+08
1.683942967095837062e+01 8.549690054095438719e+08
1.690678738964220429e+01 8.430354005704538822e+08
1.697441453920077237e+01 8.330036483000489473e+08
1.704231219735757108e+01 8.304053459679011106e+08
1.711048144614700561e+01 7.939008565548602343e+08
1.717892337193159236e+01 7.936568553359088898e+08
1.724763906541932101e+01 7.700436723115417957e+08
1.731662962168099895e+01 7.614138666966493130e+08
1.738589614016772344e+01 7.535855382797616720e+08
1.745543972472839300e+01 7.497649818152452707e+08
1.752526148362730751e+01 7.335996193046261072e+08
1.759536252956181812e+01 7.177224291142125130e+08
1.766574397968006238e+01 7.063973064681271315e+08
1.773640695559878466e+01 6.992635490763345957e+08
1.780735258342117433e+01 6.930809432259174585e+08
1.787858199375486024e+01 6.856782511480042934e+08
1.795009632172988034e+01 6.670472608363909721e+08
1.802189670701679702e+01 6.622665889855364561e+08
1.809398429384486562e+01 6.501168530321912766e+08
1.816636023102024211e+01 6.237922469561567307e+08
1.823902567194432578e+01 6.348036253885904551e+08
1.831198177463210186e+01 6.226658066012053490e+08
1.838522970173062987e+01 6.118537562293056250e+08
1.845877062053754969e+01 6.061256281302369833e+08
1.853260570301970134e+01 5.835820853404209614e+08
1.860673612583178027e+01 5.739995843692942858e+08
1.868116307033510637e+01 5.718456204963586330e+08
1.875588772261644976e+01 5.625553099435951710e+08
1.883091127350691352e+01 5.613173491305248737e+08
1.890623491860094063e+01 5.481720280643285513e+08
1.898185985827534594e+01 5.366680698722785711e+08
1.905778729770844748e+01 5.393137050527551174e+08
1.913401844689928311e+01 5.326873199447152615e+08
1.921055452068688041e+01 5.068030346238693595e+08
1.928739673876962968e+01 5.108954371258819699e+08
1.936454632572470658e+01 5.038251284193770885e+08
1.944200451102760141e+01 4.862933762801502347e+08
1.951977252907171589e+01 4.932733428040836453e+08
1.959785161918800256e+01 4.716344243381914496e+08
1.967624302566475691e+01 4.701426184753382206e+08
1.991079942767366973e+01 4.509587647619904280e+08
