# Wavelength (micrometer), Flux (W / m2 / m)
1.000553076518779783e-01 7.586618412802494131e+05
1.004555288824854897e-01 1.038879477541004544e-12
1.008573509980154326e-01 1.526874127785650159e-12
1.012607804020075053e-01 1.587964030381849850e-12
1.016658235236155422e-01 2.053620343314481213e-12
1.020724868177099870e-01 1.813338116581334458e-09
1.024807767649808382e-01 2.207657533561450698e-10
1.028906998720407612e-01 7.645527334357129802e-12
1.033022626715289355e-01 3.509434688868573625e-09
1.037154717222150413e-01 6.575135293617548210e-12
1.041303336091038839e-01 7.672800720432544327e-12
1.045468549435403099e-01 8.557088872976557167e-11
1.049650423633144702e-01 2.164581728761222797e-12
1.053849025327677214e-01 2.911224438357060208e-10
1.058064421428987906e-01 6.190504003771400164e-12
1.062296679114703990e-01 4.837331036039808467e-10
1.066545865831162732e-01 1.692092293135961811e-10
1.070812049294487533e-01 4.780874950936921584e-11
1.075095297491665408e-01 1.123740664191650789e-08
1.079395678681632220e-01 7.150694656839686234e-11
1.083713261396358624e-01 4.645371075051289321e-09
1.088048114441943909e-01 1.440490277640009523e-09
1.092400306899711654e-01 1.245130764062403827e-06
1.096769908127310511e-01 2.678526949145438585e-09
1.101156987759819850e-01 3.624031302530463725e-09
1.105561615710859147e-01 5.630700134390263017e-07
1.109983862173702651e-01 8.703439126479983626e-08
1.114423797622397516e-01 1.470438725478254725e-08
1.118881492812886930e-01 2.561774437691879332e-09
1.123357018784138517e-01 1.603263324487152827e-08
1.127850446859275102e-01 2.924158770541101626e-05
1.132361848646712132e-01 1.100606764566029248e-05
1.136891296041298988e-01 7.883349404912289677e-06
1.141438861225464035e-01 9.584516295033984463e-06
1.146004616670366072e-01 6.760208200671645648e-06
1.150588635137047705e-01 6.555346017655541778e-06
1.155190989677595953e-01 3.121395143609294246e-06
1.159811753636306314e-01 1.258467300973240123e-05
1.164451000650851553e-01 1.696678609792764188e-06
1.169108804653455069e-01 1.856838780952839238e-06
1.173785239872068981e-01 1.545648173627761079e-05
1.178480380831557206e-01 5.651341549978975196e-05
1.183194302354883543e-01 2.659662758810700582e-05
1.187927079564302935e-01 4.708048477678222725e-06
1.192678787882560099e-01 1.481829244619993449e-05
1.197449503034090645e-01 1.828323290649020027e-05
1.202239301046226783e-01 3.709031810114101335e-07
1.207048258250411760e-01 3.445367107358534522e-06
1.211876451283413342e-01 9.168162074728191698e-07
1.216723957088547137e-01 2.458094799502346655e-07
1.221590852916901310e-01 1.166325849670401398e-06
1.226477216328568792e-01 2.741679665550228552e-06
1.231383125193883099e-01 1.611387901273069434e-06
1.236308657694658586e-01 4.277468997195594520e-06
1.241253892325437369e-01 1.352887759255075671e-06
1.246218907894739159e-01 3.587956156719168117e-07
1.251203783526317892e-01 2.731267772560914842e-07
1.256208598660423226e-01 9.253663760977897691e-06
1.261233433055065078e-01 1.065638628457833203e-05
1.266278366787285392e-01 2.362334542542834210e-07
1.271343480254434610e-01 2.973486670030233700e-06
1.276428854175452321e-01 2.948609134491755055e-06
1.281534569592154005e-01 5.478438859815295222e-07
1.286660707870522780e-01 2.304150090692622975e-06
1.291807350702004475e-01 3.929752070752480392e-06
1.296974580104812425e-01 3.333049417549460645e-06
1.302162478425231973e-01 1.128624829961528983e-06
1.307371128338932764e-01 1.179396103925746401e-05
1.312600612852288795e-01 1.338910876232746429e-05
1.317851015303697915e-01 9.837506967168422985e-06
1.323122419364912705e-01 6.017622782357767876e-05
1.328414909042372472e-01 6.761233895153773816e-05
1.333728568678542170e-01 3.761240527599894306e-05
1.339063482953256612e-01 3.896830397975153191e-06
1.344419736885069383e-01 3.805824505563870495e-05
1.349797415832609815e-01 1.000052917014382885e-04
1.355196605495940232e-01 7.396052237296570108e-05
1.360617391917924301e-01 1.431878291512169474e-04
1.366059861485595939e-01 3.530151171922581025e-05
1.371524100931538481e-01 5.834695383884043307e-06
1.377010197335264696e-01 2.148640243401662297e-05
1.382518238124605670e-01 6.276123178992922252e-04
1.388048311077104136e-01 2.344277620391555157e-04
1.393600504321412248e-01 2.905435736196148810e-05
1.399174906338697677e-01 2.143147133298427463e-05
1.404771605964052761e-01 4.954552309463250035e-04
1.410390692387908651e-01 1.074829375494080482e-04
1.416032255157460562e-01 1.548440689073401089e-03
1.421696384178090522e-01 1.222122273594244102e-05
1.427383169714803168e-01 3.616114674419792390e-04
1.433092702393662099e-01 1.915820106970752765e-02
1.438825073203236771e-01 1.355933188275923419e-03
1.444580373496049674e-01 9.774409741883141253e-03
1.450358694990033503e-01 1.051294414695699364e-03
1.456160129769993872e-01 2.572070381401200811e-02
1.461984770289073976e-01 4.224198897076854309e-02
1.467832709370230082e-01 4.779465658006465389e-03
1.473704040207710897e-01 2.268058964381020406e-02
1.479598856368541382e-01 4.123405825995472992e-04
1.485517251794015725e-01 9.106550408395691978e-03
1.491459320801191979e-01 2.885975437585946296e-02
1.497425158084396690e-01 5.125781217123269277e-03
1.503414858716734248e-01 2.287468695202491686e-01
1.509428518151600951e-01 1.450753690589566200e-02
1.515466232224207677e-01 1.108073778015732352e-03
1.521528097153104220e-01 2.321723131617942602e-03
1.527614209541716672e-01 1.350720289130999386e-04
1.533724666379883694e-01 2.717700499788981987e-04
1.539859565045403056e-01 2.233987747413737884e-04
1.546019003305584838e-01 2.229355632403014236e-06
1.552203079318807133e-01 1.520891809481026152e-05
1.558411891636082569e-01 9.198355037013757665e-06
1.564645539202626778e-01 4.985670657334219021e-06
1.570904121359437411e-01 6.470790349010403667e-06
1.577187737844875093e-01 1.217006894531092172e-06
1.583496488796254653e-01 8.035015737386429091e-06
1.589830474751439959e-01 3.008836063478038069e-05
1.596189796650445414e-01 3.802751688268313691e-06
1.602574555837047166e-01 5.647191395623311353e-06
1.608984854060395708e-01 1.432118069958107198e-05
1.615420793476636807e-01 8.858162811546417610e-06
1.621882476650543525e-01 1.022870751851970422e-05
1.628370006557145755e-01 1.001583812351856649e-05
1.634883486583374457e-01 1.538143162344153442e-05
1.641423020529707844e-01 2.217754875186732212e-05
1.647988712611826723e-01 2.514166606022918965e-05
1.654580667462274002e-01 8.578923322626165547e-06
1.661198990132123077e-01 5.325627423795805944e-05
1.667843786092651215e-01 5.581339951512650268e-05
1.674515161237022098e-01 1.195715414071200341e-04
1.681213221881969755e-01 4.447536450348225272e-04
1.687938074769497754e-01 1.880720632448328305e-04
1.694689827068575905e-01 2.048053763857406780e-03
1.701468586376850278e-01 1.259343345897669889e-03
1.708274460722357391e-01 1.542251648855926796e-03
1.715107558565246715e-01 1.985932165609503256e-03
1.721967988799507909e-01 1.818122246811100344e-03
1.728855860754705820e-01 3.288791041810622349e-03
1.735771284197724640e-01 1.718233805120576978e-03
1.742714369334515678e-01 1.070589368774110253e-03
1.749685226811853456e-01 9.275873145131150604e-03
1.756683967719100681e-01 2.848517228769185082e-03
1.763710703589977391e-01 1.856758941057987111e-02
1.770765546404337309e-01 2.620998706052633798e-02
1.777848608589954471e-01 3.901344000538375066e-03
1.784960003024314568e-01 3.921980786373393396e-02
1.792099843036411844e-01 2.814063055706434932e-02
1.799268242408557650e-01 3.241780403813557254e-02
1.806465315378191772e-01 1.153025776199601837e-01
1.813691176639704306e-01 1.268781389459658349e-02
1.820945941346263086e-01 6.416356081876799233e-02
1.828229725111648329e-01 2.177781023020463336e-01
1.835542644012094771e-01 6.256446271888743867e-03
1.842884814588143239e-01 1.198133777580699388e-01
1.850256353846495561e-01 5.489817271381252084e-01
1.857657379261881403e-01 3.992221438608356543e-02
1.865088008778928996e-01 5.435880535797394941e-01
1.872548360814044743e-01 2.966196210139890876e-01
1.880038554257300876e-01 5.745132341669266507e-02
1.887558708474330049e-01 8.344669548402366965e-01
1.895108943308226879e-01 3.146673826821960174e-01
1.902689379081460019e-01 1.264307157054974928e-01
1.910300136597785636e-01 1.849064572723222000e+00
1.917941337144176972e-01 4.691080182913460739e-01
1.925613102492753359e-01 8.485104589363017258e-01
1.933315554902724498e-01 3.197978273122979775e+00
1.941048817122335568e-01 1.566330837601971782e+00
1.948813012390824828e-01 1.441011068634453052e+00
1.956608264440388156e-01 6.915730410030487718e+00
1.964434697498149418e-01 1.378168196137432355e+00
1.972292436288141937e-01 3.380249437233231458e+00
1.980181606033294406e-01 6.606612868521011706e+00
1.988102332457427346e-01 3.334524670582839079e+00
1.996054741787257336e-01 2.826729308483217018e+00
2.004038960754406518e-01 3.630278696400088823e+00
2.012055116597424309e-01 3.530015265184367479e+00
2.020103337063813842e-01 4.186523778406916030e+00
2.028183750412069219e-01 4.875764768949610861e+00
2.036296485413717494e-01 2.861077655442502810e+00
2.044441671355372303e-01 2.191884625188718960e+00
2.052619438040793887e-01 4.252840789607052585e+00
2.060829915792957157e-01 3.120976791978905318e+00
2.069073235456129201e-01 2.944359999984502707e+00
2.077349528397953449e-01 3.287653436862993495e+00
2.085658926511545219e-01 4.641809536021639815e+00
2.094001562217591150e-01 4.786819321588460241e+00
2.102377568466461677e-01 4.505152387038973139e+00
2.110787078740327671e-01 2.903458841944164703e+00
2.119230227055288740e-01 4.708583948400216990e+00
2.127707147963510126e-01 5.687968808610698090e+00
2.136217976555363773e-01 7.062539812901876601e+00
2.144762848461585492e-01 2.595802705426031753e+00
2.153341899855431840e-01 6.813190892617147831e+00
2.161955267454853669e-01 1.112714176510367103e+01
2.170603088524672986e-01 1.388748247403273339e+01
2.179285500878772042e-01 6.822327644251112488e+00
2.188002642882286852e-01 7.515533293893347455e+00
2.196754653453815986e-01 1.910928301575117061e+01
2.205541672067631020e-01 1.294912838516793840e+01
2.214363838755901703e-01 5.110390658715313350e+01
2.223221294110925284e-01 1.231228373150566213e+01
2.232114179287369160e-01 1.147780240980220725e+02
2.241042636004518529e-01 4.671790921159460197e+01
2.250006806548536520e-01 2.212606728654444623e+02
2.259006833774730438e-01 8.496962362195836249e+01
2.268042861109829667e-01 1.574615338289117403e+02
2.277115032554268836e-01 2.086009597140724452e+02
2.286223492684485714e-01 2.088320666938339230e+02
2.295368386655223802e-01 7.504666452928740910e+02
2.304549860201844658e-01 7.198214879334180694e+01
2.313768059642651864e-01 5.305696566962484440e+02
2.323023131881222503e-01 4.072826651285898834e+02
2.332315224408747223e-01 9.135153472763286118e+02
2.341644485306381973e-01 1.329990913314383533e+03
2.351011063247607502e-01 1.839049982525366715e+02
2.360415107500598020e-01 1.705270256015066025e+03
2.369856767930600405e-01 1.568284691507986963e+02
2.379336195002322851e-01 2.094759655143138843e+03
2.388853539782332114e-01 1.384259475477339720e+03
2.398408953941461863e-01 7.123771075498145365e+03
2.408002589757227141e-01 8.075184891152261116e+03
2.417634600116256582e-01 1.368362074895501792e+03
2.427305138516721306e-01 1.348800394534294537e+04
2.437014359070788505e-01 8.032167357748240647e+03
2.446762416507071713e-01 3.702011123965895240e+04
2.456549466173099938e-01 1.162171662438711610e+04
2.466375664037792625e-01 2.176842393223221370e+04
2.476241166693943785e-01 2.359787156883224816e+04
2.486146131360719436e-01 1.031350954231719925e+03
2.496090715886161993e-01 2.679752285606817895e+04
2.506075078749706586e-01 1.547012714996256545e+04
2.516099379064705155e-01 2.813445812877050048e+04
2.526163776580964138e-01 2.128506383436412216e+04
2.536268431687287994e-01 3.584265111024081125e+05
2.546413505414037437e-01 3.619836025002289098e+05
2.556599159435693491e-01 1.839764365605876374e+05
2.566825556073435988e-01 1.452797494175197207e+05
2.577092858297729827e-01 1.666633697578032443e+05
2.587401229730920682e-01 9.351145831642225676e+04
2.597750834649844576e-01 2.157900257973897969e+05
2.608141837988444123e-01 1.725976044265495148e+05
2.618574405340398092e-01 8.872793404773714719e+05
2.629048702961759298e-01 2.727941913396736607e+06
2.639564897773606367e-01 2.695412029659902211e+06
2.650123157364701054e-01 2.655278898442041595e+06
2.660723649994159445e-01 1.594425632879877929e+06
2.671366544594135917e-01 2.016139971825039247e+06
2.682052010772512096e-01 2.181963660194760188e+06
2.692780218815602478e-01 1.237395788529972313e+06
2.703551339690865030e-01 3.308107879451749381e+06
2.714365545049627904e-01 1.862577769725142512e+06
2.725223007229827243e-01 1.416046114266479155e+06
2.736123899258746106e-01 2.310097123863952234e+06
2.747068394855781692e-01 2.359036387942042667e+06
2.758056668435204806e-01 5.429134477757731453e+06
2.769088895108945403e-01 1.455940474103651382e+07
2.780165250689380918e-01 1.081577665872424282e+07
2.791285911692138466e-01 1.341822537148539908e+07
2.802451055338907038e-01 9.583160076366076246e+06
2.813660859560263017e-01 7.007425818060092628e+06
2.824915502998503469e-01 4.617701291720025241e+06
2.836215165010497197e-01 2.639807638278170489e+06
2.847560025670539119e-01 4.979471310922055272e+05
2.858950265773221866e-01 1.063827698533951072e+06
2.870386066836315142e-01 4.488994941149570979e+06
2.881867611103660631e-01 1.344545353669789061e+07
2.893395081548075787e-01 2.778955712076742947e+07
2.904968661874267610e-01 4.197842155611095577e+07
2.916588536521764197e-01 6.147793811916282773e+07
2.928254890667851273e-01 6.081845528263211250e+07
2.939967910230522619e-01 4.984548313430835307e+07
2.951727781871444911e-01 3.619550298256371170e+07
2.963534692998930908e-01 4.535540336050946265e+07
2.975388831770926501e-01 5.076102668573401868e+07
2.987290387098009981e-01 8.285087691610217094e+07
2.999239548646402409e-01 6.477507632161726803e+07
3.011236506840988536e-01 1.488342435234041214e+08
3.023281452868351593e-01 4.424583222007350624e+07
3.035374578679824742e-01 2.188548039765776098e+08
3.047516076994544187e-01 2.134685878129442036e+08
3.059706141302522830e-01 2.895805753999375105e+08
3.071944965867733357e-01 6.807159936054559946e+08
3.084232745731204095e-01 9.977694840202376842e+08
3.096569676714128194e-01 8.879480550543839931e+08
3.108955955420985018e-01 1.428234161050141573e+09
3.121391779242668751e-01 1.625285641862593412e+09
3.133877346359639215e-01 2.054778970333453178e+09
3.146412855745078230e-01 2.671122390473421574e+09
3.158998507168058190e-01 2.654089240748777390e+09
3.171634501196730627e-01 4.103444006983926773e+09
3.184321039201517545e-01 2.856993384046614170e+09
3.197058323358323295e-01 2.329667303213756084e+09
3.209846556651756444e-01 4.077432646297986031e+09
3.222685942878363852e-01 4.932103973710563660e+09
3.235576686649877520e-01 4.028148611181679726e+09
3.248518993396476984e-01 6.542804275889580727e+09
3.261513069370062801e-01 7.340042823165480614e+09
3.274559121647543369e-01 8.809370843158811569e+09
3.287657358134133401e-01 9.560547576347961426e+09
3.300807987566670154e-01 6.174491554526977539e+09
3.314011219516936890e-01 1.287139628896929741e+10
3.327267264395004642e-01 1.390349841187276649e+10
3.340576333452584534e-01 1.537845686835680580e+10
3.353938638786395088e-01 1.304839081452675819e+10
3.367354393341540630e-01 1.255890671971144104e+10
3.380823810914907468e-01 1.409934096743322372e+10
3.394347106158566718e-01 1.906517978102723694e+10
3.407924494583201014e-01 1.815410357657225800e+10
3.421556192561533982e-01 1.665335241887291145e+10
3.435242417331779707e-01 6.864995928495800018e+09
3.448983387001106626e-01 8.605942050973335266e+09
3.462779320549111417e-01 1.063295244667477798e+10
3.476630437831307319e-01 7.292261009620516777e+09
3.490536959582632992e-01 7.764913273951948166e+09
3.504499107420963600e-01 2.425620980325154495e+10
3.518517103850647421e-01 2.039785186125086212e+10
3.532591172266050239e-01 3.127328904007964706e+10
3.546721536955114717e-01 4.030824135556587219e+10
3.560908423102934761e-01 1.728186120915372467e+10
3.575152056795346533e-01 9.733827061829774857e+09
3.589452665022527800e-01 2.223213407658559418e+10
3.603810475682617254e-01 3.222004229917674637e+10
3.618225717585348278e-01 2.442198326970725250e+10
3.632698620455689364e-01 2.503963747127167130e+10
3.647229414937512293e-01 2.067891935317421341e+10
3.661818332597261971e-01 4.902836243466607666e+10
3.676465605927651259e-01 2.810644441658421326e+10
3.691171468351361895e-01 3.166851614497712708e+10
3.705936154224767076e-01 1.291900507093343925e+10
3.720759898841666247e-01 3.724132021028043270e+09
3.735642938437032656e-01 3.743897934050817966e+09
3.750585510190780902e-01 6.539322483484451294e+09
3.765587852231543908e-01 2.266180420893980026e+10
3.780650203640470441e-01 5.736827815709982300e+10
3.795772804455032068e-01 3.386703571452760696e+10
3.810955895672852312e-01 4.105427271569902039e+10
3.826199719255543585e-01 1.187130935990616226e+10
3.841504518132565771e-01 2.696353445339657974e+10
3.856870536205096456e-01 7.517571787575284004e+09
3.872298018349916715e-01 1.970105518639794159e+10
3.887787210423316320e-01 1.542545622946186638e+10
3.903338359265008939e-01 2.604017859215639114e+10
3.918951712702069545e-01 3.280888269894397736e+10
3.934627519552877928e-01 3.642814668818327332e+10
3.950366029631089404e-01 7.645700992146875000e+10
3.966167493749613859e-01 6.623707116388574982e+10
3.982032163724612550e-01 1.073763888253547668e+11
3.997960292379510450e-01 1.100029570215219879e+11
4.013952133549028578e-01 1.349993207676480255e+11
4.030007942083224659e-01 1.567243203875076294e+11
4.046127973851557647e-01 1.039337377198827209e+11
4.062312485746963908e-01 1.164277915550158081e+11
4.078561735689951728e-01 1.258864460788323975e+11
4.094875982632711353e-01 1.378370237883647766e+11
4.111255486563242245e-01 1.510909241359373474e+11
4.127700508509495880e-01 1.261113246980336151e+11
4.144211310543532978e-01 1.044010002674298096e+11
4.160788155785707931e-01 1.070224329789620514e+11
4.177431308408850463e-01 6.988430785673039246e+10
4.194141033642486138e-01 4.457606628826361847e+10
4.210917597777056320e-01 1.692808256307935143e+10
4.227761268168164221e-01 2.428122303470384598e+09
4.244672313240837602e-01 1.976190777670195770e+10
4.261651002493800910e-01 4.193446164282231903e+10
4.278697606503775730e-01 6.341172259311183929e+10
4.295812396929790666e-01 7.052926045679040527e+10
4.312995646517510107e-01 8.764675509528341675e+10
4.330247629103580187e-01 1.153592181872235413e+11
4.347568619619994745e-01 1.394747261124187622e+11
4.364958894098474596e-01 1.177932466302708893e+11
4.382418729674867897e-01 9.946702169790109253e+10
4.399948404593567730e-01 1.296523433539599762e+11
4.417548198211941890e-01 1.524791539472512817e+11
4.435218391004789873e-01 1.115739233089781189e+11
4.452959264568808750e-01 1.238517485016413574e+11
4.470771101627084021e-01 1.338139920286086884e+11
4.488654186033592119e-01 1.503507058303916321e+11
4.506608802777726241e-01 1.639703857145471191e+11
4.524635237988837710e-01 1.646703765698493958e+11
4.542733778940792333e-01 1.650634949547942200e+11
4.560904714056555065e-01 1.727973098446336670e+11
4.579148332912781894e-01 2.008764672194480896e+11
4.597464926244433370e-01 1.254259200565556946e+11
4.615854785949410899e-01 1.998234664235094910e+11
4.634318205093208576e-01 1.304549414439045410e+11
4.652855477913582227e-01 1.725217046718154907e+11
4.671466899825236219e-01 1.732697868729262390e+11
4.690152767424536906e-01 1.927348403771400452e+11
4.708913378494234969e-01 2.305407172419272156e+11
4.727749032008212171e-01 2.072156196823562317e+11
4.746660028136244769e-01 2.362314776490806274e+11
4.765646668248789131e-01 1.418987638098122864e+11
4.784709254921784560e-01 1.143048536459538116e+11
4.803848091941470555e-01 1.524094919775307922e+11
4.823063484309236815e-01 1.734340125684983521e+11
4.842355738246474361e-01 2.171643314357936707e+11
4.861725161199459966e-01 2.088089744792046814e+11
4.881172061844257226e-01 2.798648732085191040e+11
4.900696750091634302e-01 2.287123198259306946e+11
4.920299537092001074e-01 2.981132068737085571e+11
4.939980735240369625e-01 3.775999798964783325e+11
4.959740658181330253e-01 2.196239346135764465e+11
4.979579620814056362e-01 2.784847362824130249e+11
4.999497939297311566e-01 2.327366872295942993e+11
5.019495931054501758e-01 2.095935943253327637e+11
5.039573914778719965e-01 2.805337533679428101e+11
5.059732210437835054e-01 2.009350054249080505e+11
5.079971139279585435e-01 2.282133006949463806e+11
5.100291023836703852e-01 2.085659213773840637e+11
5.120692187932051054e-01 2.085955634153454285e+11
5.141174956683780550e-01 2.071810828576932068e+11
5.161739656510514473e-01 1.664004686900298462e+11
5.182386615136556074e-01 1.032884595023742676e+11
5.203116161597103329e-01 1.678443810658084412e+11
5.223928626243490303e-01 2.867094250200565186e+11
5.244824340748465152e-01 2.399298653414671021e+11
5.265803638111459239e-01 2.100019941857223816e+11
5.286866852663905103e-01 2.329645943378047791e+11
5.308014320074561088e-01 2.399987581340150452e+11
5.329246377354859288e-01 1.951680980084702454e+11
5.350563362864277916e-01 2.068808542643301086e+11
5.371965616315735881e-01 1.560239806842366028e+11
5.393453478780998456e-01 1.721621167262691040e+11
5.415027292696121819e-01 1.650326111785354919e+11
5.436687401866906466e-01 1.563826980750965881e+11
5.458434151474373941e-01 1.074663718137157135e+11
5.480267888080271321e-01 1.440761469169826660e+11
5.502188959632591247e-01 1.363969062097741699e+11
5.524197715471121928e-01 1.534444408537038269e+11
5.546294506333006025e-01 1.735179039797871704e+11
5.568479684358338400e-01 1.544527209787336121e+11
5.590753603095770519e-01 1.247678954544955292e+11
5.613116617508153716e-01 8.977423004545198059e+10
5.635569083978186899e-01 6.238782322321659851e+10
5.658111360314097560e-01 8.506605395099667358e+10
5.680743805755354980e-01 6.995748952222698975e+10
5.703466780978375672e-01 8.962931629633305359e+10
5.726280648102289872e-01 9.592556749744303894e+10
5.749185770694699160e-01 1.158714830592592773e+11
5.772182513777477375e-01 1.015051953124558868e+11
5.795271243832587071e-01 1.353865810480614014e+11
5.818452328807918184e-01 1.341947865263329468e+11
5.841726138123150003e-01 1.162049939945802155e+11
5.865093042675643131e-01 6.888462196623294067e+10
5.888553414846344758e-01 2.374491837900951385e+10
5.912107628505729462e-01 3.470789119685566711e+10
5.935756059019753339e-01 5.082400308745411682e+10
5.959499083255832552e-01 4.982926924273628998e+10
5.983337079588855190e-01 6.527837241215996552e+10
6.007270427907210886e-01 7.740712038180249023e+10
6.031299509618840426e-01 1.002129272480322113e+11
6.055424707657315331e-01 1.321973175501576385e+11
6.079646406487945187e-01 1.705638101713693848e+11
6.103964992113897203e-01 2.070168646134527893e+11
6.128380852082353503e-01 2.465968402207670898e+11
6.152894375490681744e-01 2.049311404820778198e+11
6.177505952992645710e-01 1.160762798526029816e+11
6.202215976804615893e-01 8.660426343262103271e+10
6.227024840711834486e-01 5.186149007504951477e+10
6.251932940074681477e-01 7.137101914527662659e+10
6.276940671834980723e-01 8.470475809105509949e+10
6.302048434522321552e-01 1.165372504114403687e+11
6.327256628260409244e-01 1.646137401326596069e+11
6.352565654773452142e-01 1.986210873800403748e+11
6.377975917392545435e-01 1.959176818037691956e+11
6.403487821062116003e-01 3.168529927229108887e+11
6.429101772346363930e-01 3.697735478830903320e+11
6.454818179435749537e-01 4.474087159081083374e+11
6.480637452153492628e-01 4.750636262265932007e+11
6.506560001962106154e-01 5.173515675396823730e+11
6.532586241969955410e-01 6.099304142004555664e+11
6.558716586937833881e-01 3.953074171547163696e+11
6.584951453285585732e-01 3.424499834827604980e+11
6.611291259098727169e-01 2.661195408574457397e+11
6.637736424135122215e-01 2.001573607055076904e+11
6.664287369831662922e-01 1.789541426528482056e+11
6.690944519310989547e-01 1.640435195558695679e+11
6.717708297388232941e-01 1.669285017630681458e+11
6.744579130577786907e-01 1.848009243608309937e+11
6.771557447100098326e-01 2.506525113055418396e+11
6.798643676888498355e-01 2.397834914949033203e+11
6.825838251596052508e-01 2.724421299938204346e+11
6.853141604602436265e-01 2.475374837654809875e+11
6.880554171020846210e-01 2.469820874975005493e+11
6.908076387704928933e-01 2.874970388843854980e+11
6.935708693255748791e-01 3.683551912986458130e+11
6.963451528028771209e-01 5.086716291918178711e+11
6.991305334140887062e-01 6.023495433423183594e+11
7.019270555477450380e-01 6.783548441057115479e+11
7.047347637699360456e-01 9.138754117816665039e+11
7.075537028250157290e-01 6.989548099525885010e+11
7.103839176363159202e-01 5.577996227450843506e+11
7.132254533068611568e-01 4.674338184413084717e+11
7.160783551200886610e-01 5.223531021248630981e+11
7.189426685405689854e-01 5.797356764553670654e+11
7.218184392147313222e-01 5.466838335167566528e+11
7.247057129715901436e-01 6.811971395574699707e+11
7.276045358234763949e-01 7.757193453094243164e+11
7.305149539667704639e-01 9.568219456906802979e+11
7.334370137826373703e-01 1.137500168681992432e+12
7.363707618377679509e-01 1.259744812135446533e+12
7.393162448851190449e-01 1.352376610808379883e+12
7.422735098646596752e-01 1.402120759452578369e+12
7.452426039041182282e-01 1.389274649968233643e+12
7.482235743197346300e-01 1.483412103991700439e+12
7.512164686170136330e-01 1.481562783810310059e+12
7.542213344914817652e-01 1.585424791955457520e+12
7.572382198294477229e-01 1.575076956123249268e+12
7.602671727087656484e-01 1.371010885439461670e+12
7.633082413996006288e-01 1.295592742452978760e+12
7.663614743651989691e-01 5.060535130071113892e+11
7.694269202626597970e-01 5.920972827787806396e+11
7.725046279437104424e-01 9.922844346091691895e+11
7.755946464554852593e-01 9.907726553498891602e+11
7.786970250413072225e-01 1.003030336798429443e+12
7.818118131414724115e-01 1.148003065614472656e+12
7.849390603940383793e-01 8.541085917758905029e+11
7.880788166356144098e-01 1.028554404591115356e+12
7.912311319021569922e-01 9.366926468411383057e+11
7.943960564297655180e-01 1.091096949155853149e+12
7.975736406554845281e-01 1.137507413851032471e+12
8.007639352181065151e-01 1.297135289083860596e+12
8.039669909589789443e-01 1.435479809280613037e+12
8.071828589228148276e-01 1.657603161258366943e+12
8.104115903585061842e-01 1.792499206496836426e+12
8.136532367199402760e-01 2.016392936609702148e+12
8.169078496668199518e-01 1.977917592197672363e+12
8.201754810654874328e-01 1.523188117978589844e+12
8.234561829897493190e-01 1.891129538784273193e+12
8.267500077217083687e-01 1.860204977394061279e+12
8.300570077525952772e-01 1.635244343911898438e+12
8.333772357836056743e-01 1.781445730698143066e+12
8.367107447267401188e-01 1.695138687329529297e+12
8.400575877056470908e-01 1.759140888721805664e+12
8.434178180564695371e-01 1.391575491633407471e+12
8.467914893286955236e-01 9.555320313511750488e+11
8.501786552860102208e-01 1.072637226491813965e+12
8.535793699071543283e-01 1.106457162632070312e+12
8.569936873867830540e-01 1.270446834099137939e+12
8.604216621363300899e-01 1.449205997040501465e+12
8.638633487848753623e-01 1.642905511446489014e+12
8.673188021800150027e-01 1.823102936850522217e+12
8.707880773887352044e-01 1.842644864478213623e+12
8.742712296982900755e-01 1.967544029629994873e+12
8.777683146170831563e-01 2.177617372305506836e+12
8.812793878755513788e-01 2.280918426347498535e+12
8.848045054270535781e-01 2.357948659005193848e+12
8.883437234487617795e-01 1.837381069824193115e+12
8.918970983425568155e-01 2.232980486294410156e+12
8.954646867359271623e-01 1.901620548359680420e+12
8.990465454828707736e-01 2.132809783647739258e+12
9.026427316648023558e-01 2.028510772242238770e+12
9.062533025914615292e-01 2.053560409708163574e+12
9.098783158018273198e-01 2.201557199388966309e+12
9.135178290650346478e-01 2.288733793320109863e+12
9.171719003812948134e-01 2.430928326697088867e+12
9.208405879828199803e-01 2.508045947553305664e+12
9.245239503347512100e-01 2.447706597428728516e+12
9.282220461360901620e-01 2.460751398615482910e+12
9.319349343206346781e-01 2.366586825708031250e+12
9.356626740579171431e-01 2.406124832391228516e+12
9.394053247541488405e-01 2.346488937612520996e+12
9.431629460531654185e-01 2.475745770010070312e+12
9.469355978373780180e-01 2.590430908130007812e+12
9.507233402287275092e-01 2.646878849045350586e+12
9.545262335896426142e-01 2.699102892284297363e+12
9.583443385240012491e-01 2.647073283969634277e+12
9.621777158780971950e-01 2.705011856140530762e+12
9.660264267416096562e-01 2.720722790378914062e+12
9.698905324485760371e-01 2.790333539978413086e+12
9.737700945783701600e-01 2.464431107593166016e+12
9.776651749566835914e-01 2.446685844343755371e+12
9.815758356565105203e-01 2.438426658075858398e+12
9.855021389991363012e-01 2.393349851429416992e+12
9.894441475551331022e-01 2.284672253697122559e+12
9.934019241453534432e-01 1.899453718730295898e+12
9.973755318419349480e-01 2.133404092379688477e+12
1.001365033969302543e+00 2.168817177806557129e+12
1.005370494105179757e+00 2.141768857805429688e+12
1.009391976081600362e+00 2.252479116940272949e+12
1.013429543985926884e+00 2.359741697990800293e+12
1.017483262161870350e+00 2.385826389628410156e+12
1.021553195210518128e+00 2.461662822987881348e+12
1.025639407991360219e+00 2.385408014756626953e+12
1.029741965623325539e+00 2.376527082578784180e+12
1.033860933485818867e+00 2.422415069817533203e+12
1.037996377219762012e+00 2.564722024896070801e+12
1.042148362728641198e+00 2.562878717420354492e+12
1.046316956179555557e+00 2.689697331839936035e+12
1.050502224004274066e+00 2.688901360741897949e+12
1.054704232900291139e+00 2.755193042823082520e+12
1.058923049831892227e+00 2.736931428925924316e+12
1.063158742031219628e+00 2.728874701375310059e+12
1.067411376999344741e+00 2.666348798669698242e+12
1.071681022507342096e+00 2.670245917419576660e+12
1.075967746597371377e+00 2.754978914163545898e+12
1.080271617583760779e+00 2.723230216615312988e+12
1.084592704054095913e+00 2.789853486248632812e+12
1.088931074870312044e+00 2.717143597307212891e+12
1.093286799169793433e+00 2.762510966674287598e+12
1.097659946366472461e+00 2.688773378077344238e+12
1.102050586151938294e+00 2.680501834256062012e+12
1.106458788496546219e+00 2.592225813222927246e+12
1.110884623650532532e+00 2.574335707406103027e+12
1.115328162145134749e+00 2.679706126524145996e+12
1.119789474793714934e+00 2.661525761508898438e+12
1.124268632692889902e+00 2.719550953982178711e+12
1.128765707223661430e+00 2.723602323031631348e+12
1.133280770052556230e+00 2.694794488634341797e+12
1.137813893132766374e+00 2.407042430242596680e+12
1.142365148705297484e+00 2.452945294484491211e+12
1.146934609300118479e+00 2.746344619815932129e+12
1.151522347737319096e+00 2.804853968307739746e+12
1.156128437128268516e+00 2.777641472158146973e+12
1.160752950876781542e+00 2.768485869215882324e+12
1.165395962680288999e+00 2.808471513198308105e+12
1.170057546531009907e+00 2.615121814669146484e+12
1.174737776717134086e+00 2.704589575922054199e+12
1.179436727824002773e+00 2.444594033398820801e+12
1.184154474735298557e+00 2.680082386441994629e+12
1.188891092634239977e+00 2.746337509026079102e+12
1.193646657004777012e+00 2.759761963260831055e+12
1.198421243632796118e+00 2.612636161975383301e+12
1.203214928607327261e+00 2.647657682697474609e+12
1.208027788321756724e+00 2.721114021378552246e+12
1.212859899475043468e+00 2.670798423108669922e+12
1.217711339072943710e+00 2.728986415170823242e+12
1.222582184429235275e+00 2.691593242734627930e+12
1.227472513166952384e+00 2.758038919013259277e+12
1.232382403219620226e+00 2.733722372162553223e+12
1.237311932832498407e+00 2.713853031972187012e+12
1.242261180563828615e+00 2.474703492567841797e+12
1.247230225286083849e+00 2.630947749102254883e+12
1.252219146187228072e+00 2.432088423645348633e+12
1.257228022771976983e+00 2.603096424847840332e+12
1.262256934863064783e+00 2.588019582395458008e+12
1.267305962602517155e+00 2.632528478384618164e+12
1.272375186452927354e+00 2.628307543551314453e+12
1.277464687198738957e+00 2.639300492829715332e+12
1.282574545947533950e+00 2.641491469535928223e+12
1.287704844131324133e+00 2.547679506431061523e+12
1.292855663507849417e+00 2.547704087233270020e+12
1.298027086161880783e+00 2.576876375681546875e+12
1.303219194506528344e+00 2.584013789656783691e+12
1.308432071284554521e+00 2.558870410412280762e+12
1.313665799569692760e+00 2.593090694717738281e+12
1.318920462767971591e+00 2.591680555398857910e+12
1.324196144619043336e+00 2.520554621543464844e+12
1.329492929197519491e+00 2.443218125530189941e+12
1.334810900914309650e+00 2.168303953343503174e+12
1.340150144517967101e+00 2.129761457608155029e+12
1.345510745096038852e+00 2.114339754221420410e+12
1.350892788076423212e+00 2.113559342915294434e+12
1.356296359228728932e+00 2.076255595270196045e+12
1.361721544665643879e+00 2.087672663915487549e+12
1.367168430844306393e+00 2.114615228575381348e+12
1.372637104567683730e+00 2.115993650348517822e+12
1.378127652985954299e+00 2.136709337999278320e+12
1.383640163597898098e+00 2.121040095112423096e+12
1.389174724252289828e+00 2.066262656933517822e+12
1.394731423149298877e+00 2.028205890359151367e+12
1.400310348841896202e+00 1.990245113971553467e+12
1.405911590237263642e+00 1.998500244014847168e+12
1.411535236598212784e+00 1.919964009082883545e+12
1.417181377544605603e+00 1.878906067821678711e+12
1.422850103054784210e+00 1.888379612473072021e+12
1.428541503467003038e+00 1.861752479196994629e+12
1.434255669480871243e+00 1.863613104425788330e+12
1.439992692158794885e+00 1.871262532870705811e+12
1.445752662927429988e+00 1.886740933949676025e+12
1.451535673579139596e+00 1.873383135481511963e+12
1.457341816273456159e+00 1.899144812723744141e+12
1.463171183538549913e+00 1.851935410805872559e+12
1.469023868272704147e+00 1.822268522932009277e+12
1.474899963745795128e+00 1.839207659545753174e+12
1.480799563600778246e+00 1.840714775661071045e+12
1.486722761855181485e+00 1.833397518664352783e+12
1.492669652902602007e+00 1.841910050779605225e+12
1.498640331514212276e+00 1.847134112124084473e+12
1.504634892840269300e+00 1.848666919005237061e+12
1.510653432411630304e+00 1.861162145128158691e+12
1.516696046141276843e+00 1.853263821516183105e+12
1.522762830325842032e+00 1.887618030932109375e+12
1.528853881647145307e+00 1.891687832241942627e+12
1.534969297173733649e+00 1.880295469168464844e+12
1.541109174362428780e+00 1.874060111731682861e+12
1.547273611059878373e+00 1.895088462655508789e+12
1.553462705504118135e+00 1.903130604545288330e+12
1.559676556326134556e+00 1.894138669482200928e+12
1.565915262551438980e+00 1.916202574423159668e+12
1.572178923601644795e+00 1.916186757274480957e+12
1.578467639296051495e+00 1.945939915535607666e+12
1.584781509853235626e+00 1.951428065272088623e+12
1.591120635892648405e+00 1.950044260300635498e+12
1.597485118436219098e+00 1.962206173448329102e+12
1.603875058909963958e+00 1.962985877713260010e+12
1.610290559145603595e+00 1.965143733530997559e+12
1.616731721382186127e+00 1.924816766714386719e+12
1.623198648267714761e+00 1.967898103888792725e+12
1.629691442860785600e+00 1.990116849840576660e+12
1.636210208632228769e+00 2.006354638671071777e+12
1.642755049466757766e+00 1.999677817225238281e+12
1.649326069664624805e+00 2.009958693311889160e+12
1.655923373943283039e+00 2.015005292223785156e+12
1.662547067439056336e+00 2.003484795373619385e+12
1.669197255708812611e+00 2.009006084744867920e+12
1.675874044731648027e+00 2.006859809608419189e+12
1.682577540910574321e+00 1.989849175914876709e+12
1.689307851074216771e+00 1.961873654057846191e+12
1.696065082478513508e+00 1.930962369025520508e+12
1.702849342808427480e+00 1.898298177944110352e+12
1.709660740179661298e+00 1.834245920920075195e+12
1.716499383140379864e+00 1.756710187326665527e+12
1.723365380672941427e+00 1.739882702365861816e+12
1.730258842195633306e+00 1.704958164455213379e+12
1.737179877564415831e+00 1.631794808171389893e+12
1.744128597074673603e+00 1.602427811433801270e+12
1.751105111462972097e+00 1.560421679650047363e+12
1.758109531908824241e+00 1.484606509773847168e+12
1.765141970036459451e+00 1.453382600370655029e+12
1.772202537916605314e+00 1.407544301542694580e+12
1.779291348068271716e+00 1.343939084563924316e+12
1.786408513460544745e+00 1.320498711082789551e+12
1.793554147514387020e+00 1.279439724869367188e+12
1.800728364104444257e+00 1.262325428084330566e+12
1.807931277560862249e+00 1.210270753938703369e+12
1.815163002671105641e+00 1.227952548384976807e+12
1.822423654681789795e+00 1.204263143424909912e+12
1.829713349300517100e+00 1.180924258873036621e+12
1.837032202697718830e+00 1.175167243956218506e+12
1.844380331508509885e+00 1.103683614578016357e+12
1.851757852834543527e+00 1.088779024398945923e+12
1.859164884245881888e+00 1.003859503199066895e+12
1.866601543782865358e+00 1.066889544752338745e+12
1.874067949957996859e+00 1.045766238271762329e+12
1.881564221757828781e+00 1.060905208025584839e+12
1.889090478644860127e+00 1.072420842298852905e+12
1.896646840559439662e+00 1.073816965896001831e+12
1.904233427921677269e+00 1.073702555698080566e+12
1.911850361633363971e+00 1.079094368034927246e+12
1.919497763079897279e+00 1.054872018751558472e+12
1.927175754132217200e+00 1.033436387161212158e+12
1.934884457148745796e+00 1.042190841212252930e+12
1.942623994977340729e+00 9.716086861420231934e+11
1.950394490957250149e+00 9.964933402565129395e+11
1.958196068921079336e+00 1.020241135730223511e+12
1.966028853196763793e+00 1.015544373376177246e+12
1.973892968609550991e+00 9.537120132703338623e+11
1.981788540483989447e+00 9.301253073822781982e+11
1.989715694645925126e+00 9.292014215655843506e+11
1.997674557424508723e+00 9.452421084969271240e+11
2.005665255654207169e+00 9.342152338658923340e+11
2.013687916676823786e+00 9.224425192523947754e+11
2.021742668343530891e+00 9.272533442123503418e+11
2.029829639016905052e+00 9.117201826204829102e+11
2.037948957572972564e+00 9.078216694854493408e+11
2.046100753403264694e+00 9.026736911576345215e+11
2.054285156416877811e+00 9.128605445922963867e+11
2.062502297042545507e+00 8.997559186007209473e+11
2.070752306230715600e+00 9.048994009282983398e+11
2.079035315455638244e+00 9.045808603390607910e+11
2.087351456717461140e+00 8.971808518568624268e+11
2.095700862544330967e+00 9.029337664246599121e+11
2.104083665994508134e+00 9.103185670520445557e+11
2.112500000658485977e+00 9.117212871269503174e+11
2.120950000661120161e+00 9.128546967597061768e+11
2.129433800663764753e+00 9.028168727170755615e+11
2.137951535866419839e+00 9.086946723131340332e+11
2.146503342009885351e+00 9.218131810914061279e+11
2.155089355377924676e+00 9.188784334003883057e+11
2.163709712799436691e+00 9.250833250060595703e+11
2.172364551650634468e+00 9.234895158782553711e+11
2.181054009857236853e+00 9.202377147640565186e+11
2.189778225896665376e+00 9.209449673207091064e+11
2.198537338800252705e+00 9.250890487652426758e+11
2.207331488155453325e+00 8.838939315582344971e+11
2.216160814108075083e+00 9.228816819528049316e+11
2.225025457364507631e+00 9.191529360759849854e+11
2.233925559193965515e+00 9.185532940137778320e+11
2.242861261430741493e+00 9.195794104120944824e+11
2.251832706476463830e+00 9.125535483860970459e+11
2.260840037302370042e+00 8.999969989329243164e+11
2.269883397451579299e+00 9.030707850675273438e+11
2.278962931041386142e+00 8.939219888000750732e+11
2.288078782765551100e+00 8.926393030801837158e+11
2.297231097896613505e+00 7.651202553429602051e+11
2.306420022288200311e+00 8.136346622446064453e+11
2.315645702377353121e+00 8.072915426136193848e+11
2.324908285186861878e+00 7.171360238300401611e+11
2.334207918327609654e+00 7.416599420517834473e+11
2.343544750000919663e+00 7.441189935613120117e+11
2.352918929000923143e+00 6.810633499410008545e+11
2.362330604716927240e+00 6.863847995521329346e+11
2.371779927135795329e+00 7.004904610122065430e+11
2.381267046844337987e+00 6.454320852006098633e+11
2.390792115031715070e+00 6.326363034395848389e+11
2.400355283491842240e+00 6.421784674736556396e+11
2.409956704625809465e+00 6.056709846102994385e+11
2.419596531444312859e+00 5.835607558944388428e+11
2.429274917570089620e+00 5.786066124408381348e+11
2.438992017240370291e+00 5.600338450417340088e+11
2.448747985309331465e+00 5.305188944462703857e+11
2.458542977250568917e+00 5.199459029891441040e+11
2.468377149159570738e+00 5.132799307571987915e+11
2.478250657756209563e+00 4.751983135471714478e+11
2.488163660387234355e+00 4.749744778698369141e+11
2.498116315028783063e+00 4.701679743902396240e+11
2.508108780288898387e+00 4.389322447672358398e+11
2.518141215410053757e+00 4.366635979587264404e+11
2.528213780271693967e+00 4.195099835731463013e+11
2.538326635392781139e+00 4.134197084981342163e+11
2.548479941934351789e+00 4.115472259967207031e+11
2.558673861702089436e+00 4.024743522232706909e+11
2.568908557148898097e+00 4.069071796684553223e+11
2.579184191377493551e+00 3.873945112409565430e+11
2.589500928143003478e+00 3.997123044934147339e+11
2.599858931855575594e+00 4.010773333306556396e+11
2.610258367582998229e+00 4.042876155173468628e+11
2.620699401053329769e+00 3.955209669776677246e+11
2.631182198657543214e+00 3.967861734585433350e+11
2.641706927452173392e+00 3.950957638223973389e+11
2.652273755161981938e+00 4.046466892695950317e+11
2.662882850182629824e+00 4.056138820096098022e+11
2.673534381583360542e+00 3.814174121321205444e+11
2.684228519109693956e+00 3.812321816010534058e+11
2.694965433186132575e+00 3.635545561740227661e+11
2.705745294918877164e+00 3.626398138004878540e+11
2.716568276098552559e+00 3.513519001777927856e+11
2.727434549202946812e+00 3.367222092723715210e+11
2.738344287399758326e+00 3.310501129169312744e+11
2.749297664549357201e+00 3.294158474147048340e+11
2.760294855207554576e+00 3.293509302937518311e+11
2.771336034628385292e+00 3.183712286267251587e+11
2.782421378766898545e+00 3.094861499518308105e+11
2.793551064281966312e+00 3.126661784532255859e+11
2.804725268539093985e+00 2.986120918605427246e+11
2.815944169613250558e+00 2.914521873281113892e+11
2.827207946291703244e+00 3.027858039803295288e+11
2.838516778076869862e+00 2.872558888092442627e+11
2.849870845189177437e+00 2.841662616329155273e+11
2.861270328569933685e+00 2.900393021555988770e+11
2.872715409884213589e+00 2.819397322649859009e+11
2.884206271523750420e+00 2.803422234017395020e+11
2.895743096609845413e+00 2.831313308690826416e+11
2.907326068996284985e+00 2.660309729068596191e+11
2.918955373272270393e+00 2.688299326330837708e+11
2.930631194765359826e+00 2.688404127861866455e+11
2.942353719544420709e+00 2.591623324405572205e+11
2.954123134422598440e+00 2.621737679117267456e+11
2.965939626960289122e+00 2.555138627666371765e+11
2.977803385468130504e+00 2.598631437944317322e+11
2.989714599010003138e+00 2.512927883614407349e+11
3.001673457406043077e+00 2.517487391490073547e+11
3.013680151235667015e+00 2.513932764213963318e+11
3.025734871840609408e+00 2.404705022902064209e+11
3.037837811327972037e+00 2.520674825525398560e+11
3.049989162573283785e+00 2.397874088863496094e+11
3.062189119223576395e+00 2.471750953192519836e+11
3.074437875700470890e+00 2.398245497236980286e+11
3.086735627203272880e+00 2.379446757277775574e+11
3.099082569712085622e+00 2.404054599976577148e+11
3.111478899990933744e+00 2.330289635175989380e+11
3.123924815590897186e+00 2.367517040308986816e+11
3.136420514853261121e+00 2.332986460373446045e+11
3.148966196912674320e+00 2.324045651230422058e+11
3.161562061700325277e+00 2.328134138212065125e+11
3.174208309947126327e+00 2.269590787275445251e+11
3.186905143186915090e+00 2.349633505504841309e+11
3.199652763759662566e+00 2.211070117549546204e+11
3.212451374814701222e+00 2.329391495971377258e+11
3.225301180313960625e+00 2.268009032751094055e+11
3.238202385035215958e+00 2.256764918815339355e+11
3.251155194575356955e+00 2.275919778327191772e+11
3.264159815353658622e+00 2.263096676185348206e+11
3.277216454615073271e+00 2.237076808483332825e+11
3.290325320433533207e+00 2.234983192744706116e+11
3.303486621715267635e+00 2.242799974413109131e+11
3.316700568202128441e+00 2.200800899749013977e+11
3.329967370474937294e+00 2.253002658973707886e+11
3.343287239956836743e+00 2.167766230688403931e+11
3.356660388916663962e+00 2.196802389715661621e+11
3.370087030472330714e+00 2.192327785151385498e+11
3.383567378594220187e+00 2.158152010603687134e+11
3.397101648108596716e+00 2.166180985570673218e+11
3.410690054701031482e+00 2.139804735433310852e+11
3.424332814919834878e+00 2.143766319177930603e+11
3.438030146179514634e+00 2.123569936753477478e+11
3.451782266764232610e+00 2.121043215252364502e+11
3.465589395831289998e+00 2.118506536522092285e+11
3.479451753414614767e+00 2.096634668511336670e+11
3.493369560428273068e+00 2.050995555158950195e+11
3.507343038669985980e+00 2.099830546998694458e+11
3.521372410824665788e+00 2.032127428517413330e+11
3.535457900467964709e+00 2.042672246239002686e+11
3.549599732069836477e+00 2.029258770585780640e+11
3.563798130998116154e+00 2.011265312001041870e+11
3.578053323522108364e+00 2.003865618565687561e+11
3.592365536816196858e+00 1.994893760557919922e+11
3.606734998963461614e+00 1.976766964442808533e+11
3.621161938959315041e+00 1.955208373237181396e+11
3.635646586715152839e+00 1.945555184187955627e+11
3.650189173062013293e+00 1.934787068584219666e+11
3.664789929754260545e+00 1.923734127674379272e+11
3.679449089473277645e+00 1.898771382441713867e+11
3.694166885831170699e+00 1.887408755607996826e+11
3.708943553374495661e+00 1.894678562941388550e+11
3.723779327587993571e+00 1.879782430059629822e+11
3.738674444898345328e+00 1.839306046535795593e+11
3.753629142677938901e+00 1.857426299191613159e+11
3.768643659248651190e+00 1.825510462277909851e+11
3.783718233885645432e+00 1.834803960283535461e+11
3.798853106821188153e+00 1.808155457569010620e+11
3.814048519248473657e+00 1.795743842655726624e+11
3.829304713325467180e+00 1.748636589515798950e+11
3.844621932178768908e+00 1.755402488262142029e+11
3.860000419907484215e+00 1.750741645698051453e+11
3.875440421587113882e+00 1.721399479585091553e+11
3.890942183273462529e+00 1.697612874445431213e+11
3.906505952006555926e+00 1.682862519138609924e+11
3.922131975814582727e+00 1.665143743478130188e+11
3.937820503717840648e+00 1.639554825258870850e+11
3.953571785732711508e+00 1.604518011005127869e+11
3.969386072875642490e+00 1.582416200874121399e+11
3.985263617167145167e+00 1.535008907804520569e+11
4.001204671635814059e+00 1.511875039055210571e+11
4.017209490322357190e+00 1.496955595706869507e+11
4.033278328283646630e+00 1.462783686886894226e+11
4.049411441596781458e+00 1.386964300957143860e+11
4.065609087363168506e+00 1.401824030969823303e+11
4.081871523712622185e+00 1.326606001505327301e+11
4.098199009807472315e+00 1.340889913589243164e+11
4.114591805846702144e+00 1.317923546789778900e+11
4.131050173070089038e+00 1.267013543355361786e+11
4.147574373762369149e+00 1.289569435549464111e+11
4.164164671257418959e+00 1.232507296751656342e+11
4.180821329942449260e+00 1.234367759813640289e+11
4.197544615262219558e+00 1.221144979489928741e+11
4.214334793723269357e+00 1.177081035977636719e+11
4.231192132898162761e+00 1.194367409276322632e+11
4.248116901429755288e+00 1.129097402066605072e+11
4.265109369035473996e+00 1.118140124123179932e+11
4.282169806511615384e+00 1.115452501280763397e+11
4.299298485737661935e+00 1.031522096606760101e+11
4.316495679680612874e+00 1.022076573331582489e+11
4.333761662399335357e+00 9.921050131394235229e+10
4.351096709048932532e+00 9.517607139381970215e+10
4.368501095885127583e+00 9.171173613013621521e+10
4.385975100268668214e+00 8.957901147612754822e+10
4.403519000669743555e+00 8.658984469085823059e+10
4.421133076672422391e+00 8.440412354888345337e+10
4.438817608979111817e+00 8.198733913933230591e+10
4.456572879415028332e+00 8.086719339134143066e+10
4.474399170932688463e+00 7.772590249251773071e+10
4.492296767616419828e+00 7.709621138132998657e+10
4.510265954686884626e+00 7.661438282508996582e+10
4.528307018505633330e+00 7.399558053072448730e+10
4.546420246579655711e+00 7.370509960186418152e+10
4.564605927565974497e+00 7.148383619260255432e+10
4.582864351276237258e+00 7.204641736251260376e+10
4.601195808681342925e+00 7.081878651170947266e+10
4.619600591916067422e+00 7.036509138731149292e+10
4.638078994283731937e+00 6.929535428475274658e+10
4.656631310260867629e+00 7.009068203894853210e+10
4.675257835501911430e+00 6.778855593813665771e+10
4.693958866843916944e+00 6.820683112142650604e+10
4.712734702311292878e+00 6.652066668420054626e+10
4.731585641120538810e+00 6.668468290046931458e+10
4.750511983685020923e+00 6.564939515096356964e+10
4.769514031619761063e+00 6.337763331971302032e+10
4.788592087746240011e+00 6.292835470184046173e+10
4.807746456097224730e+00 6.251289311456533051e+10
4.826977441921613377e+00 6.172118257324229431e+10
4.846285351689299858e+00 6.105141805820196533e+10
4.865670493096057925e+00 5.985415746326936340e+10
4.885133175068442135e+00 5.869828825308652496e+10
4.904673707768715474e+00 5.773098616761919403e+10
4.924292402599791174e+00 5.717803952504512024e+10
4.943989572210189642e+00 5.583970364100974274e+10
4.963765530499030021e+00 5.378600071835993958e+10
4.983620592621027079e+00 5.566609979467481232e+10
5.003555074991511198e+00 5.297427454953424835e+10
5.023569295291476777e+00 5.127451113495101929e+10
5.043663572472643075e+00 5.295607722797291565e+10
5.063838226762532813e+00 5.134451949233328247e+10
5.084093579669583640e+00 4.997149604044309235e+10
5.104429953988261381e+00 5.018378509170425415e+10
5.124847673804215020e+00 4.926779828826742554e+10
5.145347064499431688e+00 4.946707642546913147e+10
5.165928452757428957e+00 4.748607717015916443e+10
5.186592166568458673e+00 4.846396003327966309e+10
5.207338535234733001e+00 4.635740689769786835e+10
5.228167889375671784e+00 4.728155295668121338e+10
5.249080560933174766e+00 4.561663373305313873e+10
5.270076883176907145e+00 4.585124514602473450e+10
5.291157190709615321e+00 4.471418122552857971e+10
5.312321819472453299e+00 4.520248771751242828e+10
5.333571106750343738e+00 4.426810502252542877e+10
5.354905391177344320e+00 4.355018770125202179e+10
5.376325012742054099e+00 4.353210068396133423e+10
5.397830312793021612e+00 4.299767025706881714e+10
5.419421634044193858e+00 4.102417862200939941e+10
5.441099320580370602e+00 4.224867537139070129e+10
5.462863717862692425e+00 4.093586841997193146e+10
5.484715172734142996e+00 4.076325465003256989e+10
5.506654033425078865e+00 4.071710183429025269e+10
5.528680649558780580e+00 3.909348813099877167e+10
5.550795372157015350e+00 3.873495627878930664e+10
5.572998553645643227e+00 3.820891638132122803e+10
5.595290547860225949e+00 3.894130488793177032e+10
5.617671710051667766e+00 3.760743945432317352e+10
5.640142396891874021e+00 3.770768056446308899e+10
5.662702966479441713e+00 3.701673455569987488e+10
5.685353778345359821e+00 3.576413992965898132e+10
5.708095193458740724e+00 3.599553782785144043e+10
5.730927574232576482e+00 3.466881414772238159e+10
5.753851284529505783e+00 3.584729762479990387e+10
5.776866689667624399e+00 3.425568192262559509e+10
5.799974156426294769e+00 3.474290875317310333e+10
5.823174053051999977e+00 3.327132604618897629e+10
5.846466749264207508e+00 3.299053941968110657e+10
5.869852616261264977e+00 3.309242405428335190e+10
5.893332026726310069e+00 3.237502470561331940e+10
5.916905354833215114e+00 3.273686796920071793e+10
5.940572976252548543e+00 3.149231535318639374e+10
5.964335268157558545e+00 3.170831060890362930e+10
5.988192609230189589e+00 3.113852846956114197e+10
6.012145379667110490e+00 3.132533512537820053e+10
6.036193961185778889e+00 2.984797433139423752e+10
6.060338737030522616e+00 3.019199677801419067e+10
6.084580091978644134e+00 3.057794805495137024e+10
6.108918412346558746e+00 2.912149176797763824e+10
6.133354085995945226e+00 3.029407493764674759e+10
6.157887502339929320e+00 2.931836533339828491e+10
6.182519052349287669e+00 2.862914426556581497e+10
6.207249128558685491e+00 2.868786854834817123e+10
6.232078125072920471e+00 2.842002182589887238e+10
6.257006437573212843e+00 2.768594681312635803e+10
6.282034463323505236e+00 2.744429785185691833e+10
6.307162601176800720e+00 2.711583792314158630e+10
6.332391251581507063e+00 2.680817728884076691e+10
6.357720816587833390e+00 2.621498513083411026e+10
6.383151699854184180e+00 2.542406663592673111e+10
6.408684306653601226e+00 2.461023630269580460e+10
6.434319043880215361e+00 2.453333460332124329e+10
6.460056320055736379e+00 2.303365985613167953e+10
6.485896545335958052e+00 2.153391648957183075e+10
6.511840131517302233e+00 2.170159186517833710e+10
6.537887492043371829e+00 2.093433503348838806e+10
6.564039042011545533e+00 2.013539425024604034e+10
6.590295198179591196e+00 1.943555743598769760e+10
6.616656378972309405e+00 1.928451292998821259e+10
6.643123004488199257e+00 1.861657579725188446e+10
6.669695496506150789e+00 1.854073325628684998e+10
6.696374278492176479e+00 1.823991436807431793e+10
6.723159775606144528e+00 1.845043516710402679e+10
6.750052414708568094e+00 1.814675670937422562e+10
6.777052624367403411e+00 1.731353501385747528e+10
6.804160834864871887e+00 1.740220425039643478e+10
6.831377478204331055e+00 1.691636220296834946e+10
6.858702988117148180e+00 1.713998109538779831e+10
6.886137800069615622e+00 1.681491301928306389e+10
6.913682351269895499e+00 1.648036255218500137e+10
6.941337080674975013e+00 1.644199210283377838e+10
6.969102428997675069e+00 1.631760009336394882e+10
6.996978838713665994e+00 1.619714476014923859e+10
7.024966754068519670e+00 1.595053984560669327e+10
7.053066621084793653e+00 1.565609086092508888e+10
7.081278887569133929e+00 1.540532052168581772e+10
7.109604003119409654e+00 1.484898006174008942e+10
7.138042419131887861e+00 1.516929389539981651e+10
7.166594588808414379e+00 1.503934377422638512e+10
7.195260967163648047e+00 1.472220292762287331e+10
7.224042011032302923e+00 1.447475913734413910e+10
7.252938179076432235e+00 1.428312977865255356e+10
7.281949931792737196e+00 1.424178802094589806e+10
7.311077731519908696e+00 1.405919736299596596e+10
7.340322042445988515e+00 1.366822736564790154e+10
7.369683330615771411e+00 1.347348618088381004e+10
7.399162063938235612e+00 1.372347759663742065e+10
7.428758712193988423e+00 1.302011643303261375e+10
7.458473747042765112e+00 1.319359402857439423e+10
7.488307642030935796e+00 1.302127342489224815e+10
7.518260872599060285e+00 1.266163728738181114e+10
7.548333916089456253e+00 1.283854038778879356e+10
7.578527251753813587e+00 1.227536995330119896e+10
7.608841360760829176e+00 1.180779439456584167e+10
7.639276726203872769e+00 1.205964002624217987e+10
7.669833833108687493e+00 1.166913879437669182e+10
7.700513168441122325e+00 1.172274988077333069e+10
7.731315221114887670e+00 1.147549722417021751e+10
7.762240481999347352e+00 1.116626994998414993e+10
7.793289443927344351e+00 1.115092098138837433e+10
7.824462601703054077e+00 1.120073831190605736e+10
7.855760452109866065e+00 1.085673718225654793e+10
7.887183493918306532e+00 1.033601732561859703e+10
7.918732227893980458e+00 1.047275164721446609e+10
7.950407156805555431e+00 1.030593891652872086e+10
7.982208785432777454e+00 9.945927410620145798e+09
8.014137620574508958e+00 1.013597803625017357e+10
8.046194171056805899e+00 9.722995184882894516e+09
8.078378947741034821e+00 9.678299764533962250e+09
8.110692463531997021e+00 9.405368904180580139e+09
8.143135233386125549e+00 9.433181966450927734e+09
8.175707774319670662e+00 9.345917510412700653e+09
8.208410605416949224e+00 8.983837455112522125e+09
8.241244247838615422e+00 9.077448560438560486e+09
8.274209224829968790e+00 8.684926487201860428e+09
8.307306061729288871e+00 8.802680814959558487e+09
8.340535285976207192e+00 8.485360831083792686e+09
8.373897427120111203e+00 8.302040097239761353e+09
8.407393016828594412e+00 8.478169206675077438e+09
8.441022588895906509e+00 8.143320836223229408e+09
8.474786679251490540e+00 8.275942076332544327e+09
8.508685825968495209e+00 8.005202104130774498e+09
8.542720569272368891e+00 7.990901462971264839e+09
8.576891451549458978e+00 7.786377775744160652e+09
8.611199017355655627e+00 7.846571010739624023e+09
8.645643813425078150e+00 7.760086496498686790e+09
8.680226388678779159e+00 7.568953888558751106e+09
8.714947294233493125e+00 7.529598380540478706e+09
8.749807083410427566e+00 7.228378775149864197e+09
8.784806311744070229e+00 7.340351295650930405e+09
8.819945536991047774e+00 7.193650860625782013e+09
8.855225319139009343e+00 7.094740626737272263e+09
8.890646220415566958e+00 7.157256947052455902e+09
8.926208805297228821e+00 7.068387685066700935e+09
8.961913640518417878e+00 6.794390438697728157e+09
8.997761295080492161e+00 6.861643112697833061e+09
9.033752340260813085e+00 6.793003394043078423e+09
9.069887349621856387e+00 6.721908589307048798e+09
9.106166899020346150e+00 6.580027252573577881e+09
9.142591566616424359e+00 6.544491457269388199e+09
9.179161932882891506e+00 6.492016072174878120e+09
9.215878580614422333e+00 6.350852442939615250e+09
9.252742094936881045e+00 6.189024582595389366e+09
9.289753063316627646e+00 6.186089741930701256e+09
9.326912075569895322e+00 6.082639844354643822e+09
9.364219723872173162e+00 6.171463050354968071e+09
9.401676602767663482e+00 5.906925775290140152e+09
9.439283309178733816e+00 5.842606589013005257e+09
9.477040442415447075e+00 5.840053560155055046e+09
9.514948604185111236e+00 5.739258038849801064e+09
9.553008398601852136e+00 5.778241265542222977e+09
9.591220432196260859e+00 5.554808734197210312e+09
9.629585313925044687e+00 5.450978449934721947e+09
9.668103655180747324e+00 5.422278673254262924e+09
9.706776069801470896e+00 5.323739502013867378e+09
9.745603174080676112e+00 5.330369641441855431e+09
9.784585586776998412e+00 5.284982658616928101e+09
9.823723929124106746e+00 5.143186493668045044e+09
9.863018824840601440e+00 5.084741055611019135e+09
9.902470900139965337e+00 4.778061233376122475e+09
9.942080783740523842e+00 4.949945850171074867e+09
9.981849106875488431e+00 4.828800135299626350e+09
1.002177650330298952e+01 4.795423067760354042e+09
1.006186360931619994e+01 4.669898316498470306e+09
1.010211106375346723e+01 4.542953160039069176e+09
1.014251950800847979e+01 4.572828693537693024e+09
1.018308958604051284e+01 4.541084064628292084e+09
1.022382194438467451e+01 4.395445705657280922e+09
1.026471723216221399e+01 4.350501919814556122e+09
1.030577610109086173e+01 4.256230505332797527e+09
1.034699920549522467e+01 4.180471355234052181e+09
1.038838720231720458e+01 4.135165696652753353e+09
1.042994075112647501e+01 4.055142481769843578e+09
1.047166051413097954e+01 3.983422420211773396e+09
1.051354715618750468e+01 3.960783583576990128e+09
1.055560134481225454e+01 3.864542109568630695e+09
1.059782375019150358e+01 3.766196151250890732e+09
1.064021504519226902e+01 3.788780350150653839e+09
1.068277590537303823e+01 3.750938808542730331e+09
1.072550700899452991e+01 3.597545496649276257e+09
1.076840903703050856e+01 3.536930669267665863e+09
1.081148267317863088e+01 3.533254430215866566e+09
1.085472860387134553e+01 3.576671467341951847e+09
1.089814751828683015e+01 3.344326341914906979e+09
1.094174010835997635e+01 3.369373627619277000e+09
1.098550706879341909e+01 3.215756599059484482e+09
1.102944909706859100e+01 3.207364709849551201e+09
1.107356689345686540e+01 3.190513585433935642e+09
1.111786116103069233e+01 3.119531896949570656e+09
1.116233260567481622e+01 3.081339525247309685e+09
1.120698193609751492e+01 2.993894876933156013e+09
1.125180986384190440e+01 2.985585126344451427e+09
1.129681710329727373e+01 2.919965135330508709e+09
1.134200437171046083e+01 2.892748418785615921e+09
1.138737238919730466e+01 2.852382516322773933e+09
1.143292187875409383e+01 2.780493391609588146e+09
1.147865356626910938e+01 2.768377328675648689e+09
1.152456818053418530e+01 2.697396190036702156e+09
1.157066645325632237e+01 2.632276923647179604e+09
1.161694911906934635e+01 2.595529879446888447e+09
1.166341691554562487e+01 2.597268945633784294e+09
1.171007058320780736e+01 2.521566507107954025e+09
1.175691086554063958e+01 2.423296563013478279e+09
1.180393850900279951e+01 2.437400642818247318e+09
1.185115426303881137e+01 2.380715121550087452e+09
1.189855888009096674e+01 2.377302213466677666e+09
1.194615311561133097e+01 2.340354286306981087e+09
1.199393772807377623e+01 2.306839373359913349e+09
1.204191347898607134e+01 2.276134631101593971e+09
1.209008113290201614e+01 2.227692530617597103e+09
1.213844145743362368e+01 2.172619314995072842e+09
1.218699522326335938e+01 2.187181902261079788e+09
1.223574320415641381e+01 2.113955655827796459e+09
1.228468617697303777e+01 2.138109216848280191e+09
1.233382492168093059e+01 2.040787288901539803e+09
1.238316022136765504e+01 2.042564377545772076e+09
1.243269286225312520e+01 1.922327426050241470e+09
1.248242363370213859e+01 1.980991513375923395e+09
1.253235332823694748e+01 1.894687865076045990e+09
1.258248274154989410e+01 1.913350959284703255e+09
1.263281267251609385e+01 1.880151965564590931e+09
1.268334392320615756e+01 1.835784054712885857e+09
1.273407729889898299e+01 1.859358487073885202e+09
1.278501360809457665e+01 1.754377673461310148e+09
1.283615366252695544e+01 1.722303645878435135e+09
1.288749827717706253e+01 1.770753255047673225e+09
1.293904827028577031e+01 1.664089123343989134e+09
1.299080446336691352e+01 1.694312605307128668e+09
1.304276768122038099e+01 1.634045774957514286e+09
1.309493875194526424e+01 1.639992380116451263e+09
1.314731850695304693e+01 1.593747697957614899e+09
1.319990778098085649e+01 1.563387453738768578e+09
1.325270741210477965e+01 1.529837880801455021e+09
1.330571824175319939e+01 1.505346496574223518e+09
1.335894111472021173e+01 1.492628683877710819e+09
1.341237687917909227e+01 1.492100620447596073e+09
1.346602638669580898e+01 1.425253889510735273e+09
1.351989049224258999e+01 1.446964635651353121e+09
1.357397005421156067e+01 1.395916930541380167e+09
1.362826593442840917e+01 1.385340222076811075e+09
1.368277899816612297e+01 1.367114039867653370e+09
1.373751011415878942e+01 1.316155303040175200e+09
1.379246015461542463e+01 1.346772727802355289e+09
1.384762999523388416e+01 1.275991061327815533e+09
1.390302051521481808e+01 1.317682710593579292e+09
1.395863259727567751e+01 1.275020717742526293e+09
1.401446712766477987e+01 1.227995446085211039e+09
1.407052499617543972e+01 1.260213286848122120e+09
1.412680709616014063e+01 1.181607977658249617e+09
1.418331432454478147e+01 1.156261548656442165e+09
1.424004758184296193e+01 1.171114777860370159e+09
1.429700777217033369e+01 1.170614881075138092e+09
1.435419580325901379e+01 1.118191762067533016e+09
1.441161258647204946e+01 1.119395205336123228e+09
1.446925903681793812e+01 1.072168038330933452e+09
1.452713607296521126e+01 1.088321973256997108e+09
1.458524461725707155e+01 1.067922294621347785e+09
1.464358559572609764e+01 1.026467797363338709e+09
1.470215993810900557e+01 1.012237497643526435e+09
1.476096857786143879e+01 1.041464063365416765e+09
1.482001245217288599e+01 1.004250117835478067e+09
1.487929250198157760e+01 9.711425364962126017e+08
1.493880967198950316e+01 9.683087727781558037e+08
1.499856491067746056e+01 9.519421012598893642e+08
1.505855917032016933e+01 9.450548679927307367e+08
1.511879340700144958e+01 9.219409938569530249e+08
1.517926858062945605e+01 8.981133419177391529e+08
1.523998565495197433e+01 9.097260132651073933e+08
1.530094559757178274e+01 8.769171891393516064e+08
1.536214937996206764e+01 8.623453410659542084e+08
1.542359797748191674e+01 8.497185229293503761e+08
1.548529236939184450e+01 8.471182935989136696e+08
1.554723353886941339e+01 8.134828903329381943e+08
1.560942247302489072e+01 8.278663106726826429e+08
1.567186016291699069e+01 8.093920479486382008e+08
1.573454760356865556e+01 7.869245632425147295e+08
1.579748579398293096e+01 7.877590556180706024e+08
1.586067573715886247e+01 7.669448828317415714e+08
1.592411844010749888e+01 7.736298908794250488e+08
1.598781491386792730e+01 7.228078310118317604e+08
1.605176617352340074e+01 7.317019633928308487e+08
1.611597323821749228e+01 7.063188411015146971e+08
1.618043713117036120e+01 7.095791118139756918e+08
1.624515887969504391e+01 6.827951848542367220e+08
1.631013951521382310e+01 7.027527522238068581e+08
1.637538007327468037e+01 6.907757120770508051e+08
1.644088159356778078e+01 6.800065633227936029e+08
1.650664511994205341e+01 6.523558766225661039e+08
1.657267170042182158e+01 6.388504011143352985e+08
1.663896238722350418e+01 6.171926861572303772e+08
1.670551823677240222e+01 6.319164874588751793e+08
1.677234030971949608e+01 6.361351509254206419e+08
1.683942967095837062e+01 6.087296348258135319e+08
1.690678738964220429e+01 5.965150166031136513e+08
1.697441453920077237e+01 5.986207745566153526e+08
1.704231219735757108e+01 6.115431873593509197e+08
1.711048144614700561e+01 5.551133292775467634e+08
1.717892337193159236e+01 5.694329505977119207e+08
1.724763906541932101e+01 5.421059341745548248e+08
1.731662962168099895e+01 5.376026135643669367e+08
1.738589614016772344e+01 5.302119794399952292e+08
1.745543972472839300e+01 5.390937630921773911e+08
1.752526148362730751e+01 5.253883645396277905e+08
1.759536252956181812e+01 5.084415875522374511e+08
1.766574397968006238e+01 4.990956308543620706e+08
1.773640695559878466e+01 4.959317867656642199e+08
1.780735258342117433e+01 4.944967995354958177e+08
1.787858199375486024e+01 4.939090023488933444e+08
1.795009632172988034e+01 4.713866325809327960e+08
1.802189670701679702e+01 4.780616741696184278e+08
1.809398429384486562e+01 4.664729818513383865e+08
1.816636023102024211e+01 4.335552770059105158e+08
1.823902567194432578e+01 4.575549430983533859e+08
1.831198177463210186e+01 4.508947112417656183e+08
1.838522970173062987e+01 4.379396749547363520e+08
1.845877062053754969e+01 4.347897252800551653e+08
1.853260570301970134e+01 4.075359270172361135e+08
1.860673612583178027e+01 3.983672222069479227e+08
1.868116307033510637e+01 4.057244838736341596e+08
1.875588772261644976e+01 3.989100703171204925e+08
1.883091127350691352e+01 4.076391004170510173e+08
1.890623491860094063e+01 3.897521422590137124e+08
1.898185985827534594e+01 3.798855975492886901e+08
1.905778729770844748e+01 3.918518126766881943e+08
1.913401844689928311e+01 3.850684625874779820e+08
1.921055452068688041e+01 3.556009103219686151e+08
1.928739673876962968e+01 3.635856794679906368e+08
1.936454632572470658e+01 3.610021873986297846e+08
1.944200451102760141e+01 3.352875438164792657e+08
1.951977252907171589e+01 3.592177919544337988e+08
1.959785161918800256e+01 3.341862482720667720e+08
1.967624302566475691e+01 3.334943783640369773e+08
1.991079942767366973e+01 3.215982546776145697e+08
