# Wavelength (micrometer), Flux (W / m2 / m)
1.000553076518779783e-01 9.831323785985128784e+10
1.004555288824854897e-01 1.668958342405012175e-05
1.008573509980154326e-01 3.334045504536200307e-05
1.012607804020075053e-01 2.767936724009257754e-05
1.016658235236155422e-01 6.405855101360326395e-05
1.020724868177099870e-01 2.216218544646229426e-03
1.024807767649808382e-01 4.942650374840784752e-04
1.028906998720407612e-01 1.025607638188849526e-04
1.033022626715289355e-01 2.435807492525565807e-03
1.037154717222150413e-01 1.589231568817706726e-04
1.041303336091038839e-01 9.635856528621143701e-05
1.045468549435403099e-01 4.862939052272645130e-04
1.049650423633144702e-01 5.178654554084368892e-05
1.053849025327677214e-01 7.685656294319117817e-04
1.058064421428987906e-01 9.098796945457271858e-05
1.062296679114703990e-01 8.254986051910132190e-04
1.066545865831162732e-01 9.220884706207530326e-04
1.070812049294487533e-01 3.166296926417385815e-04
1.075095297491665408e-01 4.143544840754644597e-03
1.079395678681632220e-01 3.281754436700257886e-04
1.083713261396358624e-01 3.155467265685238474e-03
1.088048114441943909e-01 1.695654213055964362e-03
1.092400306899711654e-01 6.314303353966271848e-02
1.096769908127310511e-01 2.551624761846638025e-03
1.101156987759819850e-01 3.387370708692510717e-03
1.105561615710859147e-01 3.881677557960806074e-02
1.109983862173702651e-01 1.543713880591329919e-02
1.114423797622397516e-01 6.399358082122983717e-03
1.118881492812886930e-01 2.689484536592464271e-03
1.123357018784138517e-01 8.929152722026071839e-03
1.127850446859275102e-01 4.785942061630635291e-01
1.132361848646712132e-01 5.523963875326546313e-01
1.136891296041298988e-01 3.272933586300451059e-01
1.141438861225464035e-01 2.857298690972218669e-01
1.146004616670366072e-01 2.139660623133402273e-01
1.150588635137047705e-01 2.389009771320378117e-01
1.155190989677595953e-01 1.608088986620984928e-01
1.159811753636306314e-01 3.367108490204703819e-01
1.164451000650851553e-01 1.213646365852249914e-01
1.169108804653455069e-01 1.398307453726399252e-01
1.173785239872068981e-01 5.085441458383223035e-01
1.178480380831557206e-01 1.503500167825790879e+00
1.183194302354883543e-01 8.175030060882769734e-01
1.187927079564302935e-01 5.589844636717615778e-01
1.192678787882560099e-01 1.026000514508730088e+00
1.197449503034090645e-01 1.909914209463734469e+00
1.202239301046226783e-01 3.513191403078789743e-01
1.207048258250411760e-01 2.004949617429998998e+00
1.211876451283413342e-01 1.382095159191557565e+00
1.216723957088547137e-01 4.161708117147169261e+00
1.221590852916901310e-01 7.870232670249522222e+00
1.226477216328568792e-01 3.149750943885339893e+01
1.231383125193883099e-01 1.215134746043078273e+01
1.236308657694658586e-01 2.005495601176746234e+01
1.241253892325437369e-01 7.847076034018898305e+00
1.246218907894739159e-01 6.568601262392885332e+00
1.251203783526317892e-01 1.099205986628639131e+01
1.256208598660423226e-01 4.085902955346324639e+00
1.261233433055065078e-01 1.318406178374243609e+01
1.266278366787285392e-01 7.932195689515401327e+00
1.271343480254434610e-01 2.470450422977308236e+01
1.276428854175452321e-01 1.079901973631418244e+01
1.281534569592154005e-01 1.234220680142599313e+01
1.286660707870522780e-01 1.173981235937426071e+01
1.291807350702004475e-01 4.362449850018932551e+01
1.296974580104812425e-01 3.513286193103564869e+01
1.302162478425231973e-01 2.631471862102820936e+01
1.307371128338932764e-01 4.701329593804754836e+01
1.312600612852288795e-01 4.399484523293115501e+01
1.317851015303697915e-01 4.760414496291683406e+01
1.323122419364912705e-01 3.790302097192203234e+01
1.328414909042372472e-01 5.883738362386735332e+01
1.333728568678542170e-01 8.456377708629078427e+01
1.339063482953256612e-01 3.198365278823074576e+01
1.344419736885069383e-01 3.520941949549599315e+01
1.349797415832609815e-01 4.158602748748492672e+01
1.355196605495940232e-01 6.887270553393867090e+01
1.360617391917924301e-01 6.411284190522034976e+01
1.366059861485595939e-01 3.745245736587889240e+01
1.371524100931538481e-01 5.255999844488518136e+01
1.377010197335264696e-01 9.871450279735422839e+01
1.382518238124605670e-01 8.684979026074240949e+01
1.388048311077104136e-01 1.069736788432994672e+02
1.393600504321412248e-01 1.808025580865286202e+02
1.399174906338697677e-01 1.059083454200762588e+02
1.404771605964052761e-01 2.410800755973611444e+02
1.410390692387908651e-01 3.005801354883184331e+02
1.416032255157460562e-01 4.594472137477289380e+02
1.421696384178090522e-01 2.623204629157307863e+02
1.427383169714803168e-01 2.885566190182286164e+02
1.433092702393662099e-01 1.718555339348919233e+03
1.438825073203236771e-01 6.181438634805487027e+02
1.444580373496049674e-01 1.349461388385711189e+03
1.450358694990033503e-01 1.312074042267743380e+03
1.456160129769993872e-01 2.505937860756192549e+03
1.461984770289073976e-01 1.356036428998277415e+03
1.467832709370230082e-01 1.464409651724985679e+03
1.473704040207710897e-01 2.386234246787221309e+03
1.479598856368541382e-01 1.983758292802610185e+03
1.485517251794015725e-01 2.300987291206466125e+03
1.491459320801191979e-01 7.457501041593176524e+03
1.497425158084396690e-01 3.531968133481810582e+03
1.503414858716734248e-01 1.276324379660315026e+04
1.509428518151600951e-01 1.123779899885153827e+04
1.515466232224207677e-01 5.371371808568230335e+03
1.521528097153104220e-01 1.153739663455166192e+04
1.527614209541716672e-01 1.506768312278584017e+04
1.533724666379883694e-01 1.685388602021011320e+04
1.539859565045403056e-01 2.540078006587244454e+04
1.546019003305584838e-01 5.718114164693381099e+03
1.552203079318807133e-01 1.116712013561842105e+04
1.558411891636082569e-01 1.740680440373403690e+04
1.564645539202626778e-01 8.666345179605943486e+03
1.570904121359437411e-01 1.395016273146678031e+04
1.577187737844875093e-01 7.894842106266120936e+03
1.583496488796254653e-01 1.066680116473995622e+04
1.589830474751439959e-01 1.203173833085438491e+04
1.596189796650445414e-01 5.869644963212200309e+03
1.602574555837047166e-01 4.842231983290012067e+03
1.608984854060395708e-01 7.363829486990424812e+03
1.615420793476636807e-01 8.557089595094988908e+03
1.621882476650543525e-01 1.123890454642842451e+04
1.628370006557145755e-01 8.018756209390281583e+03
1.634883486583374457e-01 1.035646458483091374e+04
1.641423020529707844e-01 1.290244724371545635e+04
1.647988712611826723e-01 1.138346959001004871e+04
1.654580667462274002e-01 5.109365399586296917e+03
1.661198990132123077e-01 1.309777848589134373e+04
1.667843786092651215e-01 1.487095461747028094e+04
1.674515161237022098e-01 2.243413147675565051e+04
1.681213221881969755e-01 5.208617853552017914e+04
1.687938074769497754e-01 4.362728773918207298e+04
1.694689827068575905e-01 1.306109270989589422e+05
1.701468586376850278e-01 9.636527144652999414e+04
1.708274460722357391e-01 9.243474014351367077e+04
1.715107558565246715e-01 9.619796573674105457e+04
1.721967988799507909e-01 1.168205819202828861e+05
1.728855860754705820e-01 1.290449140570449090e+05
1.735771284197724640e-01 1.457547220153473609e+05
1.742714369334515678e-01 1.646805334583069489e+05
1.749685226811853456e-01 3.354699666483437759e+05
1.756683967719100681e-01 2.302054951066373324e+05
1.763710703589977391e-01 5.551562801170336315e+05
1.770765546404337309e-01 5.572650126220070524e+05
1.777848608589954471e-01 2.931628710057724384e+05
1.784960003024314568e-01 7.733753031360711902e+05
1.792099843036411844e-01 5.623519447768396931e+05
1.799268242408557650e-01 6.643005852465680800e+05
1.806465315378191772e-01 1.128877707242637407e+06
1.813691176639704306e-01 4.542827961611017236e+05
1.820945941346263086e-01 1.080172338482753374e+06
1.828229725111648329e-01 2.047322583664307604e+06
1.835542644012094771e-01 4.601885160662586568e+05
1.842884814588143239e-01 1.487520606030760799e+06
1.850256353846495561e-01 2.756672810480239335e+06
1.857657379261881403e-01 1.014762843103504390e+06
1.865088008778928996e-01 3.457050765252205078e+06
1.872548360814044743e-01 2.992212339602586813e+06
1.880038554257300876e-01 1.577049873135158559e+06
1.887558708474330049e-01 4.476775346810425632e+06
1.895108943308226879e-01 3.433945693268192001e+06
1.902689379081460019e-01 2.616735226739955600e+06
1.910300136597785636e-01 7.601157858427708037e+06
1.917941337144176972e-01 5.251101734904436395e+06
1.925613102492753359e-01 5.789685395316093229e+06
1.933315554902724498e-01 1.094392713041355275e+07
1.941048817122335568e-01 8.626322683397032320e+06
1.948813012390824828e-01 9.152014837697679177e+06
1.956608264440388156e-01 1.820950603396103159e+07
1.964434697498149418e-01 1.075849951086375490e+07
1.972292436288141937e-01 1.421898371951156296e+07
1.980181606033294406e-01 2.560596496954847872e+07
1.988102332457427346e-01 1.954430030650176108e+07
1.996054741787257336e-01 1.829774067458318919e+07
2.004038960754406518e-01 2.414444578784472123e+07
2.012055116597424309e-01 2.742319229588769749e+07
2.020103337063813842e-01 2.958920813217579573e+07
2.028183750412069219e-01 3.343049756200113893e+07
2.036296485413717494e-01 2.630609971153037995e+07
2.044441671355372303e-01 2.444965542470002919e+07
2.052619438040793887e-01 3.163480319454375282e+07
2.060829915792957157e-01 2.752840163239520788e+07
2.069073235456129201e-01 2.507531270696107671e+07
2.077349528397953449e-01 2.783070775578434020e+07
2.085658926511545219e-01 3.074230152922934666e+07
2.094001562217591150e-01 2.725477355320929363e+07
2.102377568466461677e-01 2.663536233194881305e+07
2.110787078740327671e-01 2.079702606897841394e+07
2.119230227055288740e-01 2.390622461207686737e+07
2.127707147963510126e-01 2.523825528736061230e+07
2.136217976555363773e-01 2.766224692277275398e+07
2.144762848461585492e-01 1.792587162503939867e+07
2.153341899855431840e-01 2.319712173862569034e+07
2.161955267454853669e-01 2.878947102815242112e+07
2.170603088524672986e-01 3.140476195642161742e+07
2.179285500878772042e-01 2.230458498313115165e+07
2.188002642882286852e-01 2.467412097809466347e+07
2.196754653453815986e-01 3.579827763185208291e+07
2.205541672067631020e-01 3.020643476898461208e+07
2.214363838755901703e-01 5.156450315827335417e+07
2.223221294110925284e-01 2.664245386214794964e+07
2.232114179287369160e-01 8.036637095195850730e+07
2.241042636004518529e-01 5.845138014841605723e+07
2.250006806548536520e-01 1.186612751079563349e+08
2.259006833774730438e-01 6.639009746740597486e+07
2.268042861109829667e-01 9.597735505216304958e+07
2.277115032554268836e-01 1.252379240953827649e+08
2.286223492684485714e-01 1.458845454380296767e+08
2.295368386655223802e-01 2.565926055286850631e+08
2.304549860201844658e-01 8.472038849813248217e+07
2.313768059642651864e-01 2.174374531008006930e+08
2.323023131881222503e-01 2.092826409226138890e+08
2.332315224408747223e-01 3.125762627344674468e+08
2.341644485306381973e-01 3.186949012014070153e+08
2.351011063247607502e-01 1.034327834411407560e+08
2.360415107500598020e-01 3.255373920860295892e+08
2.369856767930600405e-01 1.105772051244496703e+08
2.379336195002322851e-01 3.585199001380433440e+08
2.388853539782332114e-01 3.181303152043730617e+08
2.398408953941461863e-01 6.102487170946180820e+08
2.408002589757227141e-01 7.816799552898672819e+08
2.417634600116256582e-01 3.137775371845119596e+08
2.427305138516721306e-01 9.708772427499464750e+08
2.437014359070788505e-01 9.828562675987347364e+08
2.446762416507071713e-01 1.782600488919557810e+09
2.456549466173099938e-01 1.177249564635742188e+09
2.466375664037792625e-01 1.331378537298174381e+09
2.476241166693943785e-01 1.754697222292797327e+09
2.486146131360719436e-01 4.577024039939521551e+08
2.496090715886161993e-01 1.312108030117994785e+09
2.506075078749706586e-01 1.218482137998739958e+09
2.516099379064705155e-01 1.466225770676646471e+09
2.526163776580964138e-01 2.272384872202905655e+09
2.536268431687287994e-01 4.643610947544716835e+09
2.546413505414037437e-01 5.524325785820952415e+09
2.556599159435693491e-01 3.948872176510534763e+09
2.566825556073435988e-01 2.675478524062954426e+09
2.577092858297729827e-01 3.315624627468240738e+09
2.587401229730920682e-01 2.529863182619742870e+09
2.597750834649844576e-01 3.876847418176910400e+09
2.608141837988444123e-01 4.250964469260449886e+09
2.618574405340398092e-01 6.405737966768733025e+09
2.629048702961759298e-01 1.009670005038363075e+10
2.639564897773606367e-01 1.034131615180990028e+10
2.650123157364701054e-01 1.004003967893460083e+10
2.660723649994159445e-01 9.705585679325546265e+09
2.671366544594135917e-01 8.764533906792417526e+09
2.682052010772512096e-01 1.115359871272230911e+10
2.692780218815602478e-01 9.314425600542436600e+09
2.703551339690865030e-01 1.319855262112623787e+10
2.714365545049627904e-01 1.294822848075057793e+10
2.725223007229827243e-01 1.294022461996212006e+10
2.736123899258746106e-01 1.508154895373010445e+10
2.747068394855781692e-01 1.704097965624404144e+10
2.758056668435204806e-01 1.892732734780500031e+10
2.769088895108945403e-01 2.641494161164736176e+10
2.780165250689380918e-01 2.296011816109657669e+10
2.791285911692138466e-01 2.655367127392910385e+10
2.802451055338907038e-01 2.649871099710232544e+10
2.813660859560263017e-01 2.867949021878130722e+10
2.824915502998503469e-01 2.911314738572969055e+10
2.836215165010497197e-01 2.829394824895240402e+10
2.847560025670539119e-01 1.597414230297967148e+10
2.858950265773221866e-01 2.315297874516117477e+10
2.870386066836315142e-01 3.487174548824570465e+10
2.881867611103660631e-01 4.103074852144862366e+10
2.893395081548075787e-01 5.379839262770919800e+10
2.904968661874267610e-01 6.026827789397515869e+10
2.916588536521764197e-01 7.263636830572003174e+10
2.928254890667851273e-01 7.199700535404666138e+10
2.939967910230522619e-01 7.241187737458938599e+10
2.951727781871444911e-01 6.581637622645431519e+10
2.963534692998930908e-01 7.330410300034620667e+10
2.975388831770926501e-01 7.560774643145825195e+10
2.987290387098009981e-01 8.989067983873304749e+10
2.999239548646402409e-01 7.976619993258172607e+10
3.011236506840988536e-01 1.114909555950168915e+11
3.023281452868351593e-01 7.595952798115254211e+10
3.035374578679824742e-01 1.352406665673260040e+11
3.047516076994544187e-01 1.371442683241243744e+11
3.059706141302522830e-01 1.555849859998305969e+11
3.071944965867733357e-01 2.217052599826076660e+11
3.084232745731204095e-01 3.007356327707429810e+11
3.096569676714128194e-01 2.111878246418768005e+11
3.108955955420985018e-01 3.972039999299176025e+11
3.121391779242668751e-01 3.901214778812867432e+11
3.133877346359639215e-01 4.460221369495003052e+11
3.146412855745078230e-01 5.068790916904859009e+11
3.158998507168058190e-01 4.670630846002905884e+11
3.171634501196730627e-01 5.959587578656145020e+11
3.184321039201517545e-01 4.961116356467957764e+11
3.197058323358323295e-01 4.465134935342416992e+11
3.209846556651756444e-01 5.533260675217203369e+11
3.222685942878363852e-01 5.890128357758519287e+11
3.235576686649877520e-01 5.168757949106152344e+11
3.248518993396476984e-01 7.135129350319758301e+11
3.261513069370062801e-01 8.348233696080307617e+11
3.274559121647543369e-01 9.185682361234129639e+11
3.287657358134133401e-01 9.167949169188610840e+11
3.300807987566670154e-01 1.001656084993583374e+12
3.314011219516936890e-01 1.103601242631239502e+12
3.327267264395004642e-01 1.016415587864477295e+12
3.340576333452584534e-01 1.046139128907288452e+12
3.353938638786395088e-01 1.046417410115786743e+12
3.367354393341540630e-01 9.867162100407427979e+11
3.380823810914907468e-01 1.048986546224031006e+12
3.394347106158566718e-01 1.201618473087273926e+12
3.407924494583201014e-01 1.142678079712900391e+12
3.421556192561533982e-01 1.111009385795095215e+12
3.435242417331779707e-01 8.451391828418206787e+11
3.448983387001106626e-01 9.080065091664654541e+11
3.462779320549111417e-01 1.042138129083549438e+12
3.476630437831307319e-01 8.913640699451727295e+11
3.490536959582632992e-01 9.403741390978787842e+11
3.504499107420963600e-01 1.442288114165899658e+12
3.518517103850647421e-01 1.213027845575586670e+12
3.532591172266050239e-01 1.412097620852494141e+12
3.546721536955114717e-01 1.617556713608021484e+12
3.560908423102934761e-01 9.471527844818945312e+11
3.575152056795346533e-01 7.029473503713632812e+11
3.589452665022527800e-01 1.080882353046039795e+12
3.603810475682617254e-01 1.314305150223408203e+12
3.618225717585348278e-01 1.113606704512540283e+12
3.632698620455689364e-01 1.229289010681990723e+12
3.647229414937512293e-01 1.197277741200569824e+12
3.661818332597261971e-01 1.924840585259441162e+12
3.676465605927651259e-01 1.422859677220201904e+12
3.691171468351361895e-01 1.588076273987293701e+12
3.705936154224767076e-01 1.122363112386753174e+12
3.720759898841666247e-01 7.148225664610649414e+11
3.735642938437032656e-01 6.703395375620393066e+11
3.750585510190780902e-01 7.201436662950275879e+11
3.765587852231543908e-01 1.186025965127956543e+12
3.780650203640470441e-01 2.014295813145802979e+12
3.795772804455032068e-01 1.420810417992135742e+12
3.810955895672852312e-01 1.524584151313741455e+12
3.826199719255543585e-01 7.686007987549410400e+11
3.841504518132565771e-01 1.098731585314828857e+12
3.856870536205096456e-01 9.628834638933923340e+11
3.872298018349916715e-01 1.378840361219839600e+12
3.887787210423316320e-01 1.355572298132062744e+12
3.903338359265008939e-01 1.480433652945927246e+12
3.918951712702069545e-01 1.351800900936116943e+12
3.934627519552877928e-01 7.743419351462567139e+11
3.950366029631089404e-01 1.635685705947051270e+12
3.966167493749613859e-01 1.096045041774686401e+12
3.982032163724612550e-01 2.042533317759597900e+12
3.997960292379510450e-01 2.575306882039762207e+12
4.013952133549028578e-01 2.901361102737145996e+12
4.030007942083224659e-01 3.245556350642323242e+12
4.046127973851557647e-01 2.728721127233221191e+12
4.062312485746963908e-01 2.779590199066358887e+12
4.078561735689951728e-01 3.029810241070138672e+12
4.094875982632711353e-01 3.593562496941750000e+12
4.111255486563242245e-01 3.685127583538107422e+12
4.127700508509495880e-01 3.426328582869445312e+12
4.144211310543532978e-01 3.383316836852551270e+12
4.160788155785707931e-01 3.829090182660235840e+12
4.177431308408850463e-01 3.615634202112717773e+12
4.194141033642486138e-01 3.257451729286800781e+12
4.210917597777056320e-01 3.142526650866399414e+12
4.227761268168164221e-01 1.674701357769678955e+12
4.244672313240837602e-01 3.162929826600224609e+12
4.261651002493800910e-01 3.494256403584759766e+12
4.278697606503775730e-01 3.578134224792697266e+12
4.295812396929790666e-01 2.976569571632214355e+12
4.312995646517510107e-01 3.662638664599639160e+12
4.330247629103580187e-01 3.883798873571268066e+12
4.347568619619994745e-01 4.424021610365458008e+12
4.364958894098474596e-01 4.433414157024914062e+12
4.382418729674867897e-01 3.508239059801699219e+12
4.399948404593567730e-01 4.147350564356981934e+12
4.417548198211941890e-01 4.444911550178792969e+12
4.435218391004789873e-01 4.228170952768127930e+12
4.452959264568808750e-01 4.135114862220490723e+12
4.470771101627084021e-01 4.830347600601875977e+12
4.488654186033592119e-01 4.768291784986955078e+12
4.506608802777726241e-01 5.156976590128060547e+12
4.524635237988837710e-01 4.605256314500029297e+12
4.542733778940792333e-01 4.863564677130658203e+12
4.560904714056555065e-01 5.197204620777049805e+12
4.579148332912781894e-01 5.185993976680268555e+12
4.597464926244433370e-01 5.339455704593131836e+12
4.615854785949410899e-01 5.494254744502280273e+12
4.634318205093208576e-01 5.450695928615721680e+12
4.652855477913582227e-01 5.520756516696931641e+12
4.671466899825236219e-01 5.548325628165648438e+12
4.690152767424536906e-01 5.507235770438328125e+12
4.708913378494234969e-01 5.700441198846586914e+12
4.727749032008212171e-01 5.674355670836912109e+12
4.746660028136244769e-01 5.772619214567168945e+12
4.765646668248789131e-01 5.599068130230374023e+12
4.784709254921784560e-01 4.944023487758552734e+12
4.803848091941470555e-01 5.591502834061033203e+12
4.823063484309236815e-01 5.749418195759492188e+12
4.842355738246474361e-01 5.843054444003571289e+12
4.861725161199459966e-01 6.160732149066726562e+12
4.881172061844257226e-01 6.086378221089627930e+12
4.900696750091634302e-01 6.183529063073677734e+12
4.920299537092001074e-01 6.136400549419781250e+12
4.939980735240369625e-01 6.338349399254169922e+12
4.959740658181330253e-01 6.254855113132618164e+12
4.979579620814056362e-01 6.056490089644354492e+12
4.999497939297311566e-01 5.584584455418914062e+12
5.019495931054501758e-01 5.535861670654701172e+12
5.039573914778719965e-01 5.858587427891454102e+12
5.059732210437835054e-01 5.811162149105215820e+12
5.079971139279585435e-01 5.695421098024459961e+12
5.100291023836703852e-01 5.318736300600338867e+12
5.120692187932051054e-01 5.224270339527582031e+12
5.141174956683780550e-01 5.194022354429806641e+12
5.161739656510514473e-01 4.523698919641766602e+12
5.182386615136556074e-01 4.125669536566937988e+12
5.203116161597103329e-01 5.703323958173355469e+12
5.223928626243490303e-01 6.486966008805338867e+12
5.244824340748465152e-01 6.889825010817384766e+12
5.265803638111459239e-01 6.262200862692394531e+12
5.286866852663905103e-01 7.098919819076290039e+12
5.308014320074561088e-01 7.226314381692543945e+12
5.329246377354859288e-01 6.498192579023962891e+12
5.350563362864277916e-01 7.237744504618940430e+12
5.371965616315735881e-01 6.750169634779171875e+12
5.393453478780998456e-01 6.798410771646192383e+12
5.415027292696121819e-01 6.920801473513331055e+12
5.436687401866906466e-01 6.358881863454404297e+12
5.458434151474373941e-01 7.027638894803902344e+12
5.480267888080271321e-01 7.314355538185839844e+12
5.502188959632591247e-01 7.157365321715776367e+12
5.524197715471121928e-01 7.443957817934938477e+12
5.546294506333006025e-01 7.603766519000157227e+12
5.568479684358338400e-01 7.541475909906481445e+12
5.590753603095770519e-01 7.249759958084456055e+12
5.613116617508153716e-01 7.774485581980895508e+12
5.635569083978186899e-01 8.135821297891922852e+12
5.658111360314097560e-01 8.148573341965029297e+12
5.680743805755354980e-01 8.213658174219969727e+12
5.703466780978375672e-01 8.273086987660722656e+12
5.726280648102289872e-01 8.340963293399112305e+12
5.749185770694699160e-01 8.393775983502740234e+12
5.772182513777477375e-01 8.413932204629812500e+12
5.795271243832587071e-01 8.466991121298740234e+12
5.818452328807918184e-01 8.481667427540805664e+12
5.841726138123150003e-01 8.545187100431613281e+12
5.865093042675643131e-01 8.421140235627412109e+12
5.888553414846344758e-01 7.288671819864875000e+12
5.912107628505729462e-01 8.488429694249528320e+12
5.935756059019753339e-01 8.633094834089647461e+12
5.959499083255832552e-01 8.648529936536612305e+12
5.983337079588855190e-01 8.706993214008593750e+12
6.007270427907210886e-01 8.768750891660244141e+12
6.031299509618840426e-01 8.851314503161345703e+12
6.055424707657315331e-01 8.833509108234527344e+12
6.079646406487945187e-01 8.927201563749548828e+12
6.103964992113897203e-01 8.845381773578343750e+12
6.128380852082353503e-01 8.616020532755786133e+12
6.152894375490681744e-01 8.613592470693383789e+12
6.177505952992645710e-01 8.786911719241157227e+12
6.202215976804615893e-01 8.966246167787500000e+12
6.227024840711834486e-01 8.903797841466080078e+12
6.251932940074681477e-01 8.865079614916085938e+12
6.276940671834980723e-01 9.052774244832113281e+12
6.302048434522321552e-01 9.072710130463164062e+12
6.327256628260409244e-01 9.097305489463623047e+12
6.352565654773452142e-01 9.133019364515246094e+12
6.377975917392545435e-01 8.844459114312410156e+12
6.403487821062116003e-01 9.005717020820306641e+12
6.429101772346363930e-01 9.046540636063005859e+12
6.454818179435749537e-01 9.162498474717808594e+12
6.480637452153492628e-01 9.315071075819785156e+12
6.506560001962106154e-01 9.188853694280347656e+12
6.532586241969955410e-01 9.517141911226275391e+12
6.558716586937833881e-01 9.407428174305958984e+12
6.584951453285585732e-01 9.408317588146324219e+12
6.611291259098727169e-01 9.513549320609841797e+12
6.637736424135122215e-01 9.562459358711595703e+12
6.664287369831662922e-01 9.544292223136601562e+12
6.690944519310989547e-01 9.529751322765466797e+12
6.717708297388232941e-01 9.506057309882070312e+12
6.744579130577786907e-01 9.483938778645326172e+12
6.771557447100098326e-01 9.454677805583585938e+12
6.798643676888498355e-01 9.309988883606357422e+12
6.825838251596052508e-01 9.191872026925617188e+12
6.853141604602436265e-01 8.954542730450830078e+12
6.880554171020846210e-01 8.714288379513897461e+12
6.908076387704928933e-01 8.783927907933052734e+12
6.935708693255748791e-01 9.325144955051960938e+12
6.963451528028771209e-01 9.423678543289373047e+12
6.991305334140887062e-01 9.384876829175345703e+12
7.019270555477450380e-01 9.510447495574707031e+12
7.047347637699360456e-01 9.701367583817140625e+12
7.075537028250157290e-01 9.729952045712615234e+12
7.103839176363159202e-01 9.686579352404537109e+12
7.132254533068611568e-01 9.701622474894794922e+12
7.160783551200886610e-01 9.665004688884970703e+12
7.189426685405689854e-01 9.723367001879414062e+12
7.218184392147313222e-01 9.718564232469656250e+12
7.247057129715901436e-01 9.718811919346099609e+12
7.276045358234763949e-01 9.812865008530962891e+12
7.305149539667704639e-01 9.810592821893353516e+12
7.334370137826373703e-01 9.762703553315027344e+12
7.363707618377679509e-01 9.762394294300474609e+12
7.393162448851190449e-01 9.788544808636591797e+12
7.422735098646596752e-01 9.785175583418609375e+12
7.452426039041182282e-01 9.811676093134845703e+12
7.482235743197346300e-01 9.826619414991673828e+12
7.512164686170136330e-01 9.836620885233998047e+12
7.542213344914817652e-01 9.850357226735554688e+12
7.572382198294477229e-01 9.851020985112332031e+12
7.602671727087656484e-01 9.880462775048187500e+12
7.633082413996006288e-01 9.895870553166435547e+12
7.663614743651989691e-01 9.780394140438027344e+12
7.694269202626597970e-01 9.843645735506830078e+12
7.725046279437104424e-01 9.858758723472621094e+12
7.755946464554852593e-01 9.838502075415994141e+12
7.786970250413072225e-01 9.836565041655455078e+12
7.818118131414724115e-01 9.796855955152292969e+12
7.849390603940383793e-01 9.817985936425328125e+12
7.880788166356144098e-01 9.817580902632046875e+12
7.912311319021569922e-01 9.798481033954181641e+12
7.943960564297655180e-01 9.742030668375781250e+12
7.975736406554845281e-01 9.792099742733968750e+12
8.007639352181065151e-01 9.780768165795148438e+12
8.039669909589789443e-01 9.726588401828648438e+12
8.071828589228148276e-01 9.718054564006101562e+12
8.104115903585061842e-01 9.726181698414523438e+12
8.136532367199402760e-01 9.712191297801113281e+12
8.169078496668199518e-01 9.699055930579681641e+12
8.201754810654874328e-01 9.542791732961861328e+12
8.234561829897493190e-01 9.652113931664138672e+12
8.267500077217083687e-01 9.678775942135718750e+12
8.300570077525952772e-01 9.655925563786748047e+12
8.333772357836056743e-01 9.541818382821121094e+12
8.367107447267401188e-01 9.482134164458550781e+12
8.400575877056470908e-01 9.437310848647197266e+12
8.434178180564695371e-01 9.387276409938753906e+12
8.467914893286955236e-01 9.489830238501048828e+12
8.501786552860102208e-01 9.249629755673429688e+12
8.535793699071543283e-01 8.940327604932646484e+12
8.569936873867830540e-01 9.469776548081439453e+12
8.604216621363300899e-01 9.468385380463281250e+12
8.638633487848753623e-01 9.391529675909875000e+12
8.673188021800150027e-01 8.779320629943525391e+12
8.707880773887352044e-01 9.211444070406416016e+12
8.742712296982900755e-01 9.218011814649218750e+12
8.777683146170831563e-01 9.266583006184167969e+12
8.812793878755513788e-01 9.111189882749343750e+12
8.848045054270535781e-01 9.251054668840578125e+12
8.883437234487617795e-01 9.185470032731671875e+12
8.918970983425568155e-01 9.218287680489671875e+12
8.954646867359271623e-01 9.196942971235816406e+12
8.990465454828707736e-01 9.142341452665298828e+12
9.026427316648023558e-01 9.084930530286529297e+12
9.062533025914615292e-01 9.002255776796382812e+12
9.098783158018273198e-01 9.009880660043968750e+12
9.135178290650346478e-01 9.005021898103589844e+12
9.171719003812948134e-01 9.011407941168527344e+12
9.208405879828199803e-01 9.007813280394404297e+12
9.245239503347512100e-01 8.981502677087779297e+12
9.282220461360901620e-01 8.943898242080619141e+12
9.319349343206346781e-01 8.896362014955222656e+12
9.356626740579171431e-01 8.850981678634714844e+12
9.394053247541488405e-01 8.800956919793029297e+12
9.431629460531654185e-01 8.809172630671818359e+12
9.469355978373780180e-01 8.799465706154470703e+12
9.507233402287275092e-01 8.786127305001031250e+12
9.545262335896426142e-01 8.739864866370201172e+12
9.583443385240012491e-01 8.702129632016113281e+12
9.621777158780971950e-01 8.656316876462868164e+12
9.660264267416096562e-01 8.610286911889576172e+12
9.698905324485760371e-01 8.603734248221948242e+12
9.737700945783701600e-01 8.541651990339460938e+12
9.776651749566835914e-01 8.486328523580452148e+12
9.815758356565105203e-01 8.549920379042706055e+12
9.855021389991363012e-01 8.501430223938233398e+12
9.894441475551331022e-01 8.319175592971333008e+12
9.934019241453534432e-01 7.996653879039669922e+12
9.973755318419349480e-01 8.108789469181881836e+12
1.001365033969302543e+00 8.165253621272414062e+12
1.005370494105179757e+00 8.076481601431649414e+12
1.009391976081600362e+00 8.133354729116278320e+12
1.013429543985926884e+00 8.104010228472572266e+12
1.017483262161870350e+00 8.069042875904393555e+12
1.021553195210518128e+00 8.058421398399648438e+12
1.025639407991360219e+00 7.918856472651341797e+12
1.029741965623325539e+00 7.854197518274624023e+12
1.033860933485818867e+00 7.860649395577959961e+12
1.037996377219762012e+00 7.904487812342736328e+12
1.042148362728641198e+00 7.846718163573589844e+12
1.046316956179555557e+00 7.875661700429547852e+12
1.050502224004274066e+00 7.830227626865762695e+12
1.054704232900291139e+00 7.843890151320134766e+12
1.058923049831892227e+00 7.769910148823856445e+12
1.063158742031219628e+00 7.766841234715439453e+12
1.067411376999344741e+00 7.672652994889271484e+12
1.071681022507342096e+00 7.658129387437848633e+12
1.075967746597371377e+00 7.659821882297602539e+12
1.080271617583760779e+00 7.618655422429403320e+12
1.084592704054095913e+00 7.607249558173316406e+12
1.088931074870312044e+00 7.598891907214691406e+12
1.093286799169793433e+00 7.556924375592154297e+12
1.097659946366472461e+00 7.509688568807193359e+12
1.102050586151938294e+00 7.490769467229123047e+12
1.106458788496546219e+00 7.462894420740983398e+12
1.110884623650532532e+00 7.420110876094121094e+12
1.115328162145134749e+00 7.415446665820874023e+12
1.119789474793714934e+00 7.367809006606761719e+12
1.124268632692889902e+00 7.343705990193170898e+12
1.128765707223661430e+00 7.299794763031483398e+12
1.133280770052556230e+00 7.292089635634341797e+12
1.137813893132766374e+00 7.226364092852533203e+12
1.142365148705297484e+00 7.171238604104284180e+12
1.146934609300118479e+00 7.165454607072209961e+12
1.151522347737319096e+00 7.169613335989037109e+12
1.156128437128268516e+00 7.100085383686460938e+12
1.160752950876781542e+00 7.012295309931353516e+12
1.165395962680288999e+00 7.016246925105635742e+12
1.170057546531009907e+00 6.980048269770505859e+12
1.174737776717134086e+00 6.966360913273672852e+12
1.179436727824002773e+00 6.910991991618332031e+12
1.184154474735298557e+00 6.786836015673583008e+12
1.188891092634239977e+00 6.798464732311723633e+12
1.193646657004777012e+00 6.810322251901761719e+12
1.198421243632796118e+00 6.653543510522957031e+12
1.203214928607327261e+00 6.697531346210599609e+12
1.208027788321756724e+00 6.661877463048032227e+12
1.212859899475043468e+00 6.660121041958950195e+12
1.217711339072943710e+00 6.639955823764713867e+12
1.222582184429235275e+00 6.592476050231499023e+12
1.227472513166952384e+00 6.578999705329347656e+12
1.232382403219620226e+00 6.530945690128361328e+12
1.237311932832498407e+00 6.493611278832731445e+12
1.242261180563828615e+00 6.394741872730705078e+12
1.247230225286083849e+00 6.400340518070491211e+12
1.252219146187228072e+00 6.358606382958158203e+12
1.257228022771976983e+00 6.338013843518162109e+12
1.262256934863064783e+00 6.301305626217977539e+12
1.267305962602517155e+00 6.288925132233416016e+12
1.272375186452927354e+00 6.240663099567274414e+12
1.277464687198738957e+00 6.209204617063274414e+12
1.282574545947533950e+00 6.155319279628755859e+12
1.287704844131324133e+00 6.111014821633000977e+12
1.292855663507849417e+00 6.068703912796255859e+12
1.298027086161880783e+00 6.062015373879877930e+12
1.303219194506528344e+00 6.032960747335309570e+12
1.308432071284554521e+00 5.989549665349373047e+12
1.313665799569692760e+00 5.973059570362436523e+12
1.318920462767971591e+00 5.942427414188114258e+12
1.324196144619043336e+00 5.895851881721720703e+12
1.329492929197519491e+00 5.852928878030368164e+12
1.334810900914309650e+00 5.812117637172894531e+12
1.340150144517967101e+00 5.778162708658015625e+12
1.345510745096038852e+00 5.754121145609310547e+12
1.350892788076423212e+00 5.728438397294303711e+12
1.356296359228728932e+00 5.696664716717464844e+12
1.361721544665643879e+00 5.674291773965266602e+12
1.367168430844306393e+00 5.642996722133762695e+12
1.372637104567683730e+00 5.624459086125435547e+12
1.378127652985954299e+00 5.588055492016602539e+12
1.383640163597898098e+00 5.564389466861335938e+12
1.389174724252289828e+00 5.529558705525458008e+12
1.394731423149298877e+00 5.500972659868930664e+12
1.400310348841896202e+00 5.471089392726977539e+12
1.405911590237263642e+00 5.438564991192750000e+12
1.411535236598212784e+00 5.413794008092045898e+12
1.417181377544605603e+00 5.385474247631033203e+12
1.422850103054784210e+00 5.357720227732665039e+12
1.428541503467003038e+00 5.308628903690148438e+12
1.434255669480871243e+00 5.311950686240368164e+12
1.439992692158794885e+00 5.277340554319687500e+12
1.445752662927429988e+00 5.257870552259946289e+12
1.451535673579139596e+00 5.226282246523501953e+12
1.457341816273456159e+00 5.199268032386463867e+12
1.463171183538549913e+00 5.184574143522935547e+12
1.469023868272704147e+00 5.153126831712723633e+12
1.474899963745795128e+00 5.135321475977831055e+12
1.480799563600778246e+00 5.109865741710094727e+12
1.486722761855181485e+00 5.021821014547158203e+12
1.492669652902602007e+00 5.071564237920396484e+12
1.498640331514212276e+00 5.038380307278766602e+12
1.504634892840269300e+00 4.758644952411563477e+12
1.510653432411630304e+00 5.005191793803645508e+12
1.516696046141276843e+00 4.996646478243880859e+12
1.522762830325842032e+00 4.970397383892675781e+12
1.528853881647145307e+00 4.950081788471676758e+12
1.534969297173733649e+00 4.930476177892148438e+12
1.541109174362428780e+00 4.922762650760450195e+12
1.547273611059878373e+00 4.905036577047812500e+12
1.553462705504118135e+00 4.882011883340361328e+12
1.559676556326134556e+00 4.863188321893565430e+12
1.565915262551438980e+00 4.850891306921107422e+12
1.572178923601644795e+00 4.798995784836240234e+12
1.578467639296051495e+00 4.771051752091344727e+12
1.584781509853235626e+00 4.799107724191712891e+12
1.591120635892648405e+00 4.756645147955885742e+12
1.597485118436219098e+00 4.779733849133535156e+12
1.603875058909963958e+00 4.757457753995738281e+12
1.610290559145603595e+00 4.741472400115289062e+12
1.616731721382186127e+00 4.652075907512705078e+12
1.623198648267714761e+00 4.689160852460755859e+12
1.629691442860785600e+00 4.673937723229756836e+12
1.636210208632228769e+00 4.646239002156417969e+12
1.642755049466757766e+00 4.582934909111260742e+12
1.649326069664624805e+00 4.543931763447514648e+12
1.655923373943283039e+00 4.501217938810062500e+12
1.662547067439056336e+00 4.446085724526026367e+12
1.669197255708812611e+00 4.403292229150950195e+12
1.675874044731648027e+00 4.356442682491578613e+12
1.682577540910574321e+00 4.303032859430651855e+12
1.689307851074216771e+00 4.257106657108602539e+12
1.696065082478513508e+00 4.209313361045964355e+12
1.702849342808427480e+00 4.158627570012716797e+12
1.709660740179661298e+00 4.015206970308714355e+12
1.716499383140379864e+00 4.057424038293965332e+12
1.723365380672941427e+00 4.010688157234578613e+12
1.730258842195633306e+00 3.961506419858004395e+12
1.737179877564415831e+00 3.911011255759952637e+12
1.744128597074673603e+00 3.864667602479843750e+12
1.751105111462972097e+00 3.818189875834067871e+12
1.758109531908824241e+00 3.763017650255234863e+12
1.765141970036459451e+00 3.721126093898291992e+12
1.772202537916605314e+00 3.670041048506578125e+12
1.779291348068271716e+00 3.621759766662179199e+12
1.786408513460544745e+00 3.577073981717195801e+12
1.793554147514387020e+00 3.529231609013570801e+12
1.800728364104444257e+00 3.487260036143700195e+12
1.807931277560862249e+00 3.440393641357574219e+12
1.815163002671105641e+00 3.405098882619468750e+12
1.822423654681789795e+00 3.362915282808870117e+12
1.829713349300517100e+00 3.320508306407721680e+12
1.837032202697718830e+00 3.281859862086260254e+12
1.844380331508509885e+00 3.228101372522742676e+12
1.851757852834543527e+00 3.193748874833786133e+12
1.859164884245881888e+00 3.139407920548406250e+12
1.866601543782865358e+00 3.122272604095046387e+12
1.874067949957996859e+00 3.076128418380404297e+12
1.881564221757828781e+00 3.047973054201798828e+12
1.889090478644860127e+00 2.996028986596791992e+12
1.896646840559439662e+00 2.972968513411956055e+12
1.904233427921677269e+00 2.943817772474239746e+12
1.911850361633363971e+00 2.910205282024573730e+12
1.919497763079897279e+00 2.874686605175523926e+12
1.927175754132217200e+00 2.802380766086940918e+12
1.934884457148745796e+00 2.797179412057962891e+12
1.942623994977340729e+00 2.696765870145069336e+12
1.950394490957250149e+00 2.696405161531169434e+12
1.958196068921079336e+00 2.705951310206164551e+12
1.966028853196763793e+00 2.675715087940716797e+12
1.973892968609550991e+00 2.573580317392441406e+12
1.981788540483989447e+00 2.554802314123757812e+12
1.989715694645925126e+00 2.513945336927826660e+12
1.997674557424508723e+00 2.535576297094530762e+12
2.005665255654207169e+00 2.510499116571183594e+12
2.013687916676823786e+00 2.478121451303994629e+12
2.021742668343530891e+00 2.448898904447868164e+12
2.029829639016905052e+00 2.416604201649645996e+12
2.037948957572972564e+00 2.386488588962166504e+12
2.046100753403264694e+00 2.357056261934678711e+12
2.054285156416877811e+00 2.331402844492234863e+12
2.062502297042545507e+00 2.291422204363858398e+12
2.070752306230715600e+00 2.272757234740800293e+12
2.079035315455638244e+00 2.245516545239071777e+12
2.087351456717461140e+00 2.217010508476230469e+12
2.095700862544330967e+00 2.188624995162393066e+12
2.104083665994508134e+00 2.165406259895386230e+12
2.112500000658485977e+00 2.139428170711816406e+12
2.120950000661120161e+00 2.113904677935630859e+12
2.129433800663764753e+00 2.086721966787341064e+12
2.137951535866419839e+00 2.062030909384871582e+12
2.146503342009885351e+00 2.039937742767960449e+12
2.155089355377924676e+00 2.014941363265944580e+12
2.163709712799436691e+00 1.991448292863101074e+12
2.172364551650634468e+00 1.967104184477864014e+12
2.181054009857236853e+00 1.937848648461784180e+12
2.189778225896665376e+00 1.916545230960530029e+12
2.198537338800252705e+00 1.895956704200537109e+12
2.207331488155453325e+00 1.867362023361763916e+12
2.216160814108075083e+00 1.852252464568456299e+12
2.225025457364507631e+00 1.821340148942806152e+12
2.233925559193965515e+00 1.804679849605308594e+12
2.242861261430741493e+00 1.784357098780614014e+12
2.251832706476463830e+00 1.763373801582590576e+12
2.260840037302370042e+00 1.735609212907970215e+12
2.269883397451579299e+00 1.719963099076266602e+12
2.278962931041386142e+00 1.695857528159507568e+12
2.288078782765551100e+00 1.677399054376082520e+12
2.297231097896613505e+00 1.585698608702611572e+12
2.306420022288200311e+00 1.607924913199237305e+12
2.315645702377353121e+00 1.593767848043052246e+12
2.324908285186861878e+00 1.510243897516362549e+12
2.334207918327609654e+00 1.533928030791148193e+12
2.343544750000919663e+00 1.523329836785127686e+12
2.352918929000923143e+00 1.457565018650620361e+12
2.362330604716927240e+00 1.460673547619652100e+12
2.371779927135795329e+00 1.460069084886218994e+12
2.381267046844337987e+00 1.409805410887573486e+12
2.390792115031715070e+00 1.393675593312659180e+12
2.400355283491842240e+00 1.391167131914569580e+12
2.409956704625809465e+00 1.363192412480900635e+12
2.419596531444312859e+00 1.330145368677907471e+12
2.429274917570089620e+00 1.323954591573772461e+12
2.438992017240370291e+00 1.313351850773188232e+12
2.448747985309331465e+00 1.268846013726749023e+12
2.458542977250568917e+00 1.257916717848226562e+12
2.468377149159570738e+00 1.255580449943908691e+12
2.478250657756209563e+00 1.212330768654313232e+12
2.488163660387234355e+00 1.200371005136438965e+12
2.498116315028783063e+00 1.199118671840042969e+12
2.508108780288898387e+00 1.175557997394201416e+12
2.518141215410053757e+00 1.155367085374920898e+12
2.528213780271693967e+00 1.141837446459572021e+12
2.538326635392781139e+00 1.135072016051649902e+12
2.548479941934351789e+00 1.113608123352179199e+12
2.558673861702089436e+00 1.104455439891661133e+12
2.568908557148898097e+00 1.095751621200442871e+12
2.579184191377493551e+00 1.078694351307339111e+12
2.589500928143003478e+00 1.067729250166973877e+12
2.599858931855575594e+00 1.059043505357985107e+12
2.610258367582998229e+00 1.050700602290465942e+12
2.620699401053329769e+00 1.032276155858185791e+12
2.631182198657543214e+00 1.025462657505811035e+12
2.641706927452173392e+00 1.012464624393382690e+12
2.652273755161981938e+00 1.004293114126277710e+12
2.662882850182629824e+00 9.889010632948975830e+11
2.673534381583360542e+00 9.750278978553582764e+11
2.684228519109693956e+00 9.626495616247023926e+11
2.694965433186132575e+00 9.459110864924150391e+11
2.705745294918877164e+00 9.344757136003050537e+11
2.716568276098552559e+00 9.183550778313331299e+11
2.727434549202946812e+00 9.022279168210750732e+11
2.738344287399758326e+00 8.891916054995877686e+11
2.749297664549357201e+00 8.793171088027103271e+11
2.760294855207554576e+00 8.678137752089940186e+11
2.771336034628385292e+00 8.539449278473463135e+11
2.782421378766898545e+00 8.426520688849335938e+11
2.793551064281966312e+00 8.348499574128800049e+11
2.804725268539093985e+00 8.174590304264270020e+11
2.815944169613250558e+00 8.038352123329041748e+11
2.827207946291703244e+00 8.010428082089160156e+11
2.838516778076869862e+00 7.830669032366633301e+11
2.849870845189177437e+00 7.717053928428428955e+11
2.861270328569933685e+00 7.688602117525529785e+11
2.872715409884213589e+00 7.517819379466047363e+11
2.884206271523750420e+00 7.437606752937666016e+11
2.895743096609845413e+00 7.362047870095595703e+11
2.907326068996284985e+00 7.183508523228211670e+11
2.918955373272270393e+00 7.160343303280412598e+11
2.930631194765359826e+00 7.017887553742055664e+11
2.942353719544420709e+00 6.896402330813028564e+11
2.954123134422598440e+00 6.852281193374384766e+11
2.965939626960289122e+00 6.717193313988933105e+11
2.977803385468130504e+00 6.674256311465228271e+11
2.989714599010003138e+00 6.541036367765093994e+11
3.001673457406043077e+00 6.481410439178172607e+11
3.013680151235667015e+00 6.399200184192021484e+11
3.025734871840609408e+00 6.252102239255522461e+11
3.037837811327972037e+00 6.263681718138796387e+11
3.049989162573283785e+00 6.108624544808349609e+11
3.062189119223576395e+00 6.079598484163380127e+11
3.074437875700470890e+00 5.967205085546468506e+11
3.086735627203272880e+00 5.891089035469487305e+11
3.099082569712085622e+00 5.837954781175318604e+11
3.111478899990933744e+00 5.730993827867033691e+11
3.123924815590897186e+00 5.683964115607205811e+11
3.136420514853261121e+00 5.597673912756046143e+11
3.148966196912674320e+00 5.530894111419997559e+11
3.161562061700325277e+00 5.462606170726848145e+11
3.174208309947126327e+00 5.380612359510120850e+11
3.186905143186915090e+00 5.334503476260507202e+11
3.199652763759662566e+00 5.234044682317752075e+11
3.212451374814701222e+00 5.208945927387973022e+11
3.225301180313960625e+00 5.124476873005385742e+11
3.238202385035215958e+00 5.059862479311981201e+11
3.251155194575356955e+00 5.000557809562017822e+11
3.264159815353658622e+00 4.934071508527592163e+11
3.277216454615073271e+00 4.872895171568275757e+11
3.290325320433533207e+00 4.807204923906670532e+11
3.303486621715267635e+00 4.754039269321950073e+11
3.316700568202128441e+00 4.679027361159487305e+11
3.329967370474937294e+00 4.638801916284264526e+11
3.343287239956836743e+00 4.566096900713785400e+11
3.356660388916663962e+00 4.513470659872373657e+11
3.370087030472330714e+00 4.455466378908206177e+11
3.383567378594220187e+00 4.394605617917462158e+11
3.397101648108596716e+00 4.337379250415534668e+11
3.410690054701031482e+00 4.276261080698559570e+11
3.424332814919834878e+00 4.228734655758995972e+11
3.438030146179514634e+00 4.170802209163963013e+11
3.451782266764232610e+00 4.117063980109605713e+11
3.465589395831289998e+00 4.062722363432262573e+11
3.479451753414614767e+00 4.008287430672746582e+11
3.493369560428273068e+00 3.951963788176306763e+11
3.507343038669985980e+00 3.905404749187957153e+11
3.521372410824665788e+00 3.846087455142315063e+11
3.535457900467964709e+00 3.797585886728215942e+11
3.549599732069836477e+00 3.747121384460704346e+11
3.563798130998116154e+00 3.695148691980905151e+11
3.578053323522108364e+00 3.645945968305041504e+11
3.592365536816196858e+00 3.597238943574599609e+11
3.606734998963461614e+00 3.547812070616038208e+11
3.621161938959315041e+00 3.498864868176204224e+11
3.635646586715152839e+00 3.451068373780451050e+11
3.650189173062013293e+00 3.404042315067119751e+11
3.664789929754260545e+00 3.357524660262626953e+11
3.679449089473277645e+00 3.307123718198941650e+11
3.694166885831170699e+00 3.265399143992952271e+11
3.708943553374495661e+00 3.220958014462445068e+11
3.723779327587993571e+00 3.176881781885076904e+11
3.738674444898345328e+00 3.131832990055048828e+11
3.753629142677938901e+00 3.090762472534229736e+11
3.768643659248651190e+00 3.046143720811994019e+11
3.783718233885645432e+00 3.005752883076894531e+11
3.798853106821188153e+00 2.963093810573641968e+11
3.814048519248473657e+00 2.922279941263796997e+11
3.829304713325467180e+00 2.879108582456806030e+11
3.844621932178768908e+00 2.840552512983256836e+11
3.860000419907484215e+00 2.801037509358989868e+11
3.875440421587113882e+00 2.760648981946977539e+11
3.890942183273462529e+00 2.721521150243034363e+11
3.906505952006555926e+00 2.683625317873320618e+11
3.922131975814582727e+00 2.645776637022406006e+11
3.937820503717840648e+00 2.607807984124307556e+11
3.953571785732711508e+00 2.568220978537037964e+11
3.969386072875642490e+00 2.533618459121643372e+11
3.985263617167145167e+00 2.494570812626830750e+11
4.001204671635814059e+00 2.459974993646893921e+11
4.017209490322357190e+00 2.425762614077324219e+11
4.033278328283646630e+00 2.389422165318942566e+11
4.049411441596781458e+00 2.352753126500801086e+11
4.065609087363168506e+00 2.320583839425624390e+11
4.081871523712622185e+00 2.283795294058005371e+11
4.098199009807472315e+00 2.253403032518205261e+11
4.114591805846702144e+00 2.220651489747117615e+11
4.131050173070089038e+00 2.187340070232587280e+11
4.147574373762369149e+00 2.158146265706191406e+11
4.164164671257418959e+00 2.124489476933767395e+11
4.180821329942449260e+00 2.095302538087671814e+11
4.197544615262219558e+00 2.062319711231478882e+11
4.214334793723269357e+00 2.033689223534659424e+11
4.231192132898162761e+00 2.007941650558322449e+11
4.248116901429755288e+00 1.975479554328059998e+11
4.265109369035473996e+00 1.947612009518422241e+11
4.282169806511615384e+00 1.921166723742296448e+11
4.299298485737661935e+00 1.815269599468885498e+11
4.316495679680612874e+00 1.807163619684910583e+11
4.333761662399335357e+00 1.779116697363720703e+11
4.351096709048932532e+00 1.717695004378266602e+11
4.368501095885127583e+00 1.680963285691799316e+11
4.385975100268668214e+00 1.653596454246117249e+11
4.403519000669743555e+00 1.610005034531355591e+11
4.421133076672422391e+00 1.577478192799872131e+11
4.438817608979111817e+00 1.554260119817661743e+11
4.456572879415028332e+00 1.528964058322080078e+11
4.474399170932688463e+00 1.475079705156589966e+11
4.492296767616419828e+00 1.471942666681351929e+11
4.510265954686884626e+00 1.458487202074948120e+11
4.528307018505633330e+00 1.411857816587391052e+11
4.546420246579655711e+00 1.401055763884340515e+11
4.564605927565974497e+00 1.380910587394454041e+11
4.582864351276237258e+00 1.360314211362637939e+11
4.601195808681342925e+00 1.338388674392236481e+11
4.619600591916067422e+00 1.336551145392801819e+11
4.638078994283731937e+00 1.312628841145375061e+11
4.656631310260867629e+00 1.308918626218969421e+11
4.675257835501911430e+00 1.285360349812143097e+11
4.693958866843916944e+00 1.267916216007944336e+11
4.712734702311292878e+00 1.251731656598230438e+11
4.731585641120538810e+00 1.242261492292692719e+11
4.750511983685020923e+00 1.220904684505119324e+11
4.769514031619761063e+00 1.203874002820650940e+11
4.788592087746240011e+00 1.186566744930939331e+11
4.807746456097224730e+00 1.169964142513561859e+11
4.826977441921613377e+00 1.162133357420515900e+11
4.846285351689299858e+00 1.145419214180720978e+11
4.865670493096057925e+00 1.128331384933032684e+11
4.885133175068442135e+00 1.106802280830966797e+11
4.904673707768715474e+00 1.096990460028070374e+11
4.924292402599791174e+00 1.073943603677258453e+11
4.943989572210189642e+00 1.060560094672644653e+11
4.963765530499030021e+00 1.039874476184146576e+11
4.983620592621027079e+00 1.032621824447963715e+11
5.003555074991511198e+00 1.015281206158207855e+11
5.023569295291476777e+00 9.965795721073556519e+10
5.043663572472643075e+00 9.958611266121234131e+10
5.063838226762532813e+00 9.756419347364366150e+10
5.084093579669583640e+00 9.557251109235304260e+10
5.104429953988261381e+00 9.487360146042996216e+10
5.124847673804215020e+00 9.326342746241120911e+10
5.145347064499431688e+00 9.288591477534529114e+10
5.165928452757428957e+00 9.057823480248156738e+10
5.186592166568458673e+00 9.032311409431884766e+10
5.207338535234733001e+00 8.786460215551240540e+10
5.228167889375671784e+00 8.776621672064695740e+10
5.249080560933174766e+00 8.568198110338755798e+10
5.270076883176907145e+00 8.524232437783979797e+10
5.291157190709615321e+00 8.334253645766339111e+10
5.312321819472453299e+00 8.294868071048130798e+10
5.333571106750343738e+00 8.137981303894526672e+10
5.354905391177344320e+00 8.045446988978050232e+10
5.376325012742054099e+00 7.929785142366525269e+10
5.397830312793021612e+00 7.861346226876191711e+10
5.419421634044193858e+00 7.668071768617230225e+10
5.441099320580370602e+00 7.639471473135762024e+10
5.462863717862692425e+00 7.480663327715721130e+10
5.484715172734142996e+00 7.397568346855865479e+10
5.506654033425078865e+00 7.301566165707586670e+10
5.528680649558780580e+00 7.231931833164529419e+10
5.550795372157015350e+00 7.088678363561318970e+10
5.572998553645643227e+00 6.998134372098890686e+10
5.595290547860225949e+00 6.921694000691381836e+10
5.617671710051667766e+00 6.818325249749910736e+10
5.640142396891874021e+00 6.727632649241560364e+10
5.662702966479441713e+00 6.648402879806847382e+10
5.685353778345359821e+00 6.500216383269163513e+10
5.708095193458740724e+00 6.450462555061254120e+10
5.730927574232576482e+00 6.354468499068099213e+10
5.753851284529505783e+00 6.293177051898247528e+10
5.776866689667624399e+00 6.204086849745726776e+10
5.799974156426294769e+00 6.119759492356189728e+10
5.823174053051999977e+00 6.010305677768116760e+10
5.846466749264207508e+00 5.932981077096997833e+10
5.869852616261264977e+00 5.863473877191265869e+10
5.893332026726310069e+00 5.769537904041989899e+10
5.916905354833215114e+00 5.710768326541652679e+10
5.940572976252548543e+00 5.620535064005082703e+10
5.964335268157558545e+00 5.544711845554946899e+10
5.988192609230189589e+00 5.463148822647501373e+10
6.012145379667110490e+00 5.388113309636010742e+10
6.036193961185778889e+00 5.301490636528289795e+10
6.060338737030522616e+00 5.236343972073789215e+10
6.084580091978644134e+00 5.169903035445034790e+10
6.108918412346558746e+00 5.082881113668054199e+10
6.133354085995945226e+00 5.022879087858419800e+10
6.157887502339929320e+00 4.951218926922092438e+10
6.182519052349287669e+00 4.871479922492500305e+10
6.207249128558685491e+00 4.803773765538996124e+10
6.232078125072920471e+00 4.736232509098506165e+10
6.257006437573212843e+00 4.664150955173300171e+10
6.282034463323505236e+00 4.596257958445780945e+10
6.307162601176800720e+00 4.528837381864748383e+10
6.332391251581507063e+00 4.463198934177349854e+10
6.357720816587833390e+00 4.392461600676554871e+10
6.383151699854184180e+00 4.323476269883765411e+10
6.408684306653601226e+00 4.252483386462019348e+10
6.434319043880215361e+00 4.190311520131634521e+10
6.460056320055736379e+00 4.100138236595352936e+10
6.485896545335958052e+00 4.017667563187359619e+10
6.511840131517302233e+00 3.964158135659547424e+10
6.537887492043371829e+00 3.895014368431626892e+10
6.564039042011545533e+00 3.824497510759258270e+10
6.590295198179591196e+00 3.752808932856855774e+10
6.616656378972309405e+00 3.700845878555558014e+10
6.643123004488199257e+00 3.637510629379217529e+10
6.669695496506150789e+00 3.585624661312493134e+10
6.696374278492176479e+00 3.525543751043007660e+10
6.723159775606144528e+00 3.485065890240816498e+10
6.750052414708568094e+00 3.433717756085761261e+10
6.777052624367403411e+00 3.357973113640494919e+10
6.804160834864871887e+00 3.319258437785096359e+10
6.831377478204331055e+00 3.261760859948042679e+10
6.858702988117148180e+00 3.230966817743037415e+10
6.886137800069615622e+00 3.181236337593779755e+10
6.913682351269895499e+00 3.121993499550324249e+10
6.941337080674975013e+00 3.079016285717794037e+10
6.969102428997675069e+00 3.036033691626482010e+10
6.996978838713665994e+00 2.993603953870102310e+10
7.024966754068519670e+00 2.949384912212834167e+10
7.053066621084793653e+00 2.905287944136928558e+10
7.081278887569133929e+00 2.860236476938291550e+10
7.109604003119409654e+00 2.812271453405482864e+10
7.138042419131887861e+00 2.780412438193470001e+10
7.166594588808414379e+00 2.739639741387057495e+10
7.195260967163648047e+00 2.694613327048617172e+10
7.224042011032302923e+00 2.651317045335860062e+10
7.252938179076432235e+00 2.612226335119331741e+10
7.281949931792737196e+00 2.579084684062230682e+10
7.311077731519908696e+00 2.542408643960506439e+10
7.340322042445988515e+00 2.496381081486706543e+10
7.369683330615771411e+00 2.460235709132705688e+10
7.399162063938235612e+00 2.435028971933297348e+10
7.428758712193988423e+00 2.384990816227810287e+10
7.458473747042765112e+00 2.360346301122440338e+10
7.488307642030935796e+00 2.322665381074809265e+10
7.518260872599060285e+00 2.285306189743872070e+10
7.548333916089456253e+00 2.257684955154062653e+10
7.578527251753813587e+00 2.213888437063550186e+10
7.608841360760829176e+00 2.173752939736534882e+10
7.639276726203872769e+00 2.149825661093130112e+10
7.669833833108687493e+00 2.111575233353174210e+10
7.700513168441122325e+00 2.085374996322477341e+10
7.731315221114887670e+00 2.047373326087538910e+10
7.762240481999347352e+00 2.012995397503071594e+10
7.793289443927344351e+00 1.984214289590941238e+10
7.824462601703054077e+00 1.961295800001190948e+10
7.855760452109866065e+00 1.926032940382071304e+10
7.887183493918306532e+00 1.889216579286354446e+10
7.918732227893980458e+00 1.865879717090837479e+10
7.950407156805555431e+00 1.839061164710273743e+10
7.982208785432777454e+00 1.801216697610588074e+10
8.014137620574508958e+00 1.784865512450538254e+10
8.046194171056805899e+00 1.749904908887594604e+10
8.078378947741034821e+00 1.725811582239153671e+10
8.110692463531997021e+00 1.697646129525892067e+10
8.143135233386125549e+00 1.676881942229818726e+10
8.175707774319670662e+00 1.652875579304270554e+10
8.208410605416949224e+00 1.621434440280244064e+10
8.241244247838615422e+00 1.604432973869818497e+10
8.274209224829968790e+00 1.573187248728264236e+10
8.307306061729288871e+00 1.554062806910040855e+10
8.340535285976207192e+00 1.528072356192545891e+10
8.373897427120111203e+00 1.500474902268342400e+10
8.407393016828594412e+00 1.487546444978657341e+10
8.441022588895906509e+00 1.459142853026306534e+10
8.474786679251490540e+00 1.440364028764411354e+10
8.508685825968495209e+00 1.415186340331730652e+10
8.542720569272368891e+00 1.396687915719717026e+10
8.576891451549458978e+00 1.372950817746413231e+10
8.611199017355655627e+00 1.357073741851895332e+10
8.645643813425078150e+00 1.336396587450684166e+10
8.680226388678779159e+00 1.314615987725686836e+10
8.714947294233493125e+00 1.295981653332900429e+10
8.749807083410427566e+00 1.271182684907313156e+10
8.784806311744070229e+00 1.257325627624645233e+10
8.819945536991047774e+00 1.237483690423345375e+10
8.855225319139009343e+00 1.217654457110071182e+10
8.890646220415566958e+00 1.202775967256233597e+10
8.926208805297228821e+00 1.185486619246904373e+10
8.961913640518417878e+00 1.163790238320543098e+10
8.997761295080492161e+00 1.148003797373293114e+10
9.033752340260813085e+00 1.132511792995702934e+10
9.069887349621856387e+00 1.116081620421862602e+10
9.106166899020346150e+00 1.096586158804766083e+10
9.142591566616424359e+00 1.081573736192144203e+10
9.179161932882891506e+00 1.064760888042465401e+10
9.215878580614422333e+00 1.047888484765831184e+10
9.252742094936881045e+00 1.031208811312643051e+10
9.289753063316627646e+00 1.018689848750100899e+10
9.326912075569895322e+00 1.000130965028646660e+10
9.364219723872173162e+00 9.894321396494989395e+09
9.401676602767663482e+00 9.709638606568336487e+09
9.439283309178733816e+00 9.555630143209115982e+09
9.477040442415447075e+00 9.426689813662099838e+09
9.514948604185111236e+00 9.284559662628768921e+09
9.553008398601852136e+00 9.152707946969247818e+09
9.591220432196260859e+00 8.990161677161764145e+09
9.629585313925044687e+00 8.853896311474086761e+09
9.668103655180747324e+00 8.720353791007740021e+09
9.706776069801470896e+00 8.593361712043590546e+09
9.745603174080676112e+00 8.467680302314492226e+09
9.784585586776998412e+00 8.341167886083140373e+09
9.823723929124106746e+00 8.203866036898220062e+09
9.863018824840601440e+00 8.077017926072515488e+09
9.902470900139965337e+00 7.902965919476753235e+09
9.942080783740523842e+00 7.827072319044964790e+09
9.981849106875488431e+00 7.695112997501627922e+09
1.002177650330298952e+01 7.588698118303539276e+09
1.006186360931619994e+01 7.456426275017310143e+09
1.010211106375346723e+01 7.337481897009707451e+09
1.014251950800847979e+01 7.222462008160820961e+09
1.018308958604051284e+01 7.126042401917883873e+09
1.022382194438467451e+01 7.009132678608691216e+09
1.026471723216221399e+01 6.892340648303347588e+09
1.030577610109086173e+01 6.777565784461332321e+09
1.034699920549522467e+01 6.680226595456459045e+09
1.038838720231720458e+01 6.573822103550269127e+09
1.042994075112647501e+01 6.473281015615469933e+09
1.047166051413097954e+01 6.366915660541772842e+09
1.051354715618750468e+01 6.258897059656444550e+09
1.055560134481225454e+01 6.164647620414242744e+09
1.059782375019150358e+01 6.071325487152226448e+09
1.064021504519226902e+01 5.995854727821601868e+09
1.068277590537303823e+01 5.893805170732181549e+09
1.072550700899452991e+01 5.772438001034629822e+09
1.076840903703050856e+01 5.694638245993775368e+09
1.081148267317863088e+01 5.607320672661053658e+09
1.085472860387134553e+01 5.566255818543270111e+09
1.089814751828683015e+01 5.412315392204514503e+09
1.094174010835997635e+01 5.356971857043832779e+09
1.098550706879341909e+01 5.249211558124006271e+09
1.102944909706859100e+01 5.178637559851596832e+09
1.107356689345686540e+01 5.105788695684581757e+09
1.111786116103069233e+01 5.019471449021057129e+09
1.116233260567481622e+01 4.952398155131744385e+09
1.120698193609751492e+01 4.852123010596931458e+09
1.125180986384190440e+01 4.794815715469131470e+09
1.129681710329727373e+01 4.713601845301308632e+09
1.134200437171046083e+01 4.647563708656656265e+09
1.138737238919730466e+01 4.581550707960473061e+09
1.143292187875409383e+01 4.485005059869068146e+09
1.147865356626910938e+01 4.432622152071836472e+09
1.152456818053418530e+01 4.351710867230592728e+09
1.157066645325632237e+01 4.288212960138705730e+09
1.161694911906934635e+01 4.210662422453824520e+09
1.166341691554562487e+01 4.170874977920867920e+09
1.171007058320780736e+01 4.095409216136631012e+09
1.175691086554063958e+01 4.009436406654942513e+09
1.180393850900279951e+01 3.970006498923456192e+09
1.185115426303881137e+01 3.895910453622917652e+09
1.189855888009096674e+01 3.853013778784214497e+09
1.194615311561133097e+01 3.794518341480557919e+09
1.199393772807377623e+01 3.730185541756108284e+09
1.204191347898607134e+01 3.671629886015465736e+09
1.209008113290201614e+01 3.611735983640646935e+09
1.213844145743362368e+01 3.550619766088006496e+09
1.218699522326335938e+01 3.507522596314659595e+09
1.223574320415641381e+01 3.449749626559381008e+09
1.228468617697303777e+01 3.411284409086246967e+09
1.233382492168093059e+01 3.332347141975768566e+09
1.238316022136765504e+01 3.293714039052515030e+09
1.243269286225312520e+01 3.216995944508955956e+09
1.248242363370213859e+01 3.200263436578800678e+09
1.253235332823694748e+01 3.133923119737444401e+09
1.258248274154989410e+01 3.099026714055706501e+09
1.263281267251609385e+01 3.052088899524032116e+09
1.268334392320615756e+01 2.993706020259500027e+09
1.273407729889898299e+01 2.970166536932182312e+09
1.278501360809457665e+01 2.897420752632925510e+09
1.283615366252695544e+01 2.846705702149927139e+09
1.288749827717706253e+01 2.829077924204413414e+09
1.293904827028577031e+01 2.761898960711754322e+09
1.299080446336691352e+01 2.739331741985516548e+09
1.304276768122038099e+01 2.683747047850439548e+09
1.309493875194526424e+01 2.647548717567138672e+09
1.314731850695304693e+01 2.604865860646522999e+09
1.319990778098085649e+01 2.560270783517177582e+09
1.325270741210477965e+01 2.521837302899474621e+09
1.330571824175319939e+01 2.483185617922094345e+09
1.335894111472021173e+01 2.441853142392065048e+09
1.341237687917909227e+01 2.417802539237258911e+09
1.346602638669580898e+01 2.364865325431703568e+09
1.351989049224258999e+01 2.344257499006056309e+09
1.357397005421156067e+01 2.293735620526582718e+09
1.362826593442840917e+01 2.263080384067313194e+09
1.368277899816612297e+01 2.231653368874993324e+09
1.373751011415878942e+01 2.186338858321669102e+09
1.379246015461542463e+01 2.165379589448125362e+09
1.384762999523388416e+01 2.120603650920083284e+09
1.390302051521481808e+01 2.107362227448850870e+09
1.395863259727567751e+01 2.066721504337484598e+09
1.401446712766477987e+01 2.029813232697219849e+09
1.407052499617543972e+01 2.012640024898972750e+09
1.412680709616014063e+01 1.959751336971850157e+09
1.418331432454478147e+01 1.924453932001107693e+09
1.424004758184296193e+01 1.910815223796111822e+09
1.429700777217033369e+01 1.885038608929424047e+09
1.435419580325901379e+01 1.844988070157170296e+09
1.441161258647204946e+01 1.822595042288834572e+09
1.446925903681793812e+01 1.785755641019381046e+09
1.452713607296521126e+01 1.768346013203016520e+09
1.458524461725707155e+01 1.738314213783235550e+09
1.464358559572609764e+01 1.702079588992122173e+09
1.470215993810900557e+01 1.678299288132513523e+09
1.476096857786143879e+01 1.667518953832840204e+09
1.482001245217288599e+01 1.633790880832451105e+09
1.487929250198157760e+01 1.605326815155729771e+09
1.493880967198950316e+01 1.582449430827436924e+09
1.499856491067746056e+01 1.558317451385099888e+09
1.505855917032016933e+01 1.536523823093038559e+09
1.511879340700144958e+01 1.509209592021289110e+09
1.517926858062945605e+01 1.485120421619348288e+09
1.523998565495197433e+01 1.466777284263714790e+09
1.530094559757178274e+01 1.438722011747519493e+09
1.536214937996206764e+01 1.417228203785529613e+09
1.542359797748191674e+01 1.395472020399412632e+09
1.548529236939184450e+01 1.376169197593346357e+09
1.554723353886941339e+01 1.350127444298972607e+09
1.560942247302489072e+01 1.336461457133158922e+09
1.567186016291699069e+01 1.311925815291722536e+09
1.573454760356865556e+01 1.287974486822819710e+09
1.579748579398293096e+01 1.276231459503820658e+09
1.586067573715886247e+01 1.251676240393768787e+09
1.592411844010749888e+01 1.234765298223361731e+09
1.598781491386792730e+01 1.208877281466549635e+09
1.605176617352340074e+01 1.194192020783507824e+09
1.611597323821749228e+01 1.173122174345558643e+09
1.618043713117036120e+01 1.156139704095402956e+09
1.624515887969504391e+01 1.136122451794167280e+09
1.631013951521382310e+01 1.125669601160928249e+09
1.637538007327468037e+01 1.108089821998826027e+09
1.644088159356778078e+01 1.089937647963972092e+09
1.650664511994205341e+01 1.069927412364442945e+09
1.657267170042182158e+01 1.051346703666252851e+09
1.663896238722350418e+01 1.032663491289103270e+09
1.670551823677240222e+01 1.022949448857865930e+09
1.677234030971949608e+01 1.008320192113546968e+09
1.683942967095837062e+01 9.892938069900373220e+08
1.690678738964220429e+01 9.734394587647517920e+08
1.697441453920077237e+01 9.595645182613288164e+08
1.704231219735757108e+01 9.502892327691857815e+08
1.711048144614700561e+01 9.268238695339564085e+08
1.717892337193159236e+01 9.170718377105090618e+08
1.724763906541932101e+01 8.977503902702461481e+08
1.731662962168099895e+01 8.851997577237151861e+08
1.738589614016772344e+01 8.724415210510880947e+08
1.745543972472839300e+01 8.629933356157449484e+08
1.752526148362730751e+01 8.485187788916711807e+08
1.759536252956181812e+01 8.324087056956220865e+08
1.766574397968006238e+01 8.191678848149528503e+08
1.773640695559878466e+01 8.081063124092452526e+08
1.780735258342117433e+01 7.960357603457034826e+08
1.787858199375486024e+01 7.869833165440779924e+08
1.795009632172988034e+01 7.689123123062822819e+08
1.802189670701679702e+01 7.605662000896931887e+08
1.809398429384486562e+01 7.493281962426939011e+08
1.816636023102024211e+01 7.297424121511245966e+08
1.823902567194432578e+01 7.270484788842161894e+08
1.831198177463210186e+01 7.154168118954222202e+08
1.838522970173062987e+01 7.026920411630747318e+08
1.845877062053754969e+01 6.920354607385290861e+08
1.853260570301970134e+01 6.781677844519871473e+08
1.860673612583178027e+01 6.663369488852339983e+08
1.868116307033510637e+01 6.592915114270420074e+08
1.875588772261644976e+01 6.483620608153899908e+08
1.883091127350691352e+01 6.411796356925553083e+08
1.890623491860094063e+01 6.294424348442488909e+08
1.898185985827534594e+01 6.181796604636164904e+08
1.905778729770844748e+01 6.118855453558807373e+08
1.913401844689928311e+01 6.034259000250077248e+08
1.921055452068688041e+01 5.879374978718577623e+08
1.928739673876962968e+01 5.820983011758474112e+08
1.936454632572470658e+01 5.746447821536054611e+08
1.944200451102760141e+01 5.605975164336138964e+08
1.951977252907171589e+01 5.586190078790843487e+08
1.959785161918800256e+01 5.458650632336283922e+08
1.967624302566475691e+01 5.381853513638952971e+08
1.991079942767366973e+01 5.391133461886290312e+08
