# Wavelength (micrometer), Flux (W / m2 / m)
1.000553076518779783e-01 3.356918361169684886e+03
1.004555288824854897e-01 2.325044463066298311e-14
1.008573509980154326e-01 3.849583195103235490e-14
1.012607804020075053e-01 4.335725574409704967e-14
1.016658235236155422e-01 4.410355455251875252e-14
1.020724868177099870e-01 4.402316118860051683e-11
1.024807767649808382e-01 7.948383474401047415e-12
1.028906998720407612e-01 1.803464515394651912e-13
1.033022626715289355e-01 1.110780098099919547e-10
1.037154717222150413e-01 1.538440809502835320e-13
1.041303336091038839e-01 2.663487086826815667e-13
1.045468549435403099e-01 2.974468852893672955e-12
1.049650423633144702e-01 4.840990674076337751e-14
1.053849025327677214e-01 1.527561736580598644e-11
1.058064421428987906e-01 1.858433422033531300e-13
1.062296679114703990e-01 2.989597592539235915e-11
1.066545865831162732e-01 6.503797773227007971e-12
1.070812049294487533e-01 1.830293845861233380e-12
1.075095297491665408e-01 5.868257295512135027e-10
1.079395678681632220e-01 2.816171344218728552e-12
1.083713261396358624e-01 3.403026894619754592e-10
1.088048114441943909e-01 1.045614942582914454e-10
1.092400306899711654e-01 6.157008516001843896e-08
1.096769908127310511e-01 2.067525400956028237e-10
1.101156987759819850e-01 2.582399500339738216e-10
1.105561615710859147e-01 3.047908285405918232e-08
1.109983862173702651e-01 6.781554481212521582e-09
1.114423797622397516e-01 1.349105198640135367e-09
1.118881492812886930e-01 1.799970613155977364e-10
1.123357018784138517e-01 1.305440411586045369e-09
1.127850446859275102e-01 1.550782205730134114e-06
1.132361848646712132e-01 5.281651739132515053e-07
1.136891296041298988e-01 4.432530375266544947e-07
1.141438861225464035e-01 5.315352659212797623e-07
1.146004616670366072e-01 4.676178068071922594e-07
1.150588635137047705e-01 4.527377173642630710e-07
1.155190989677595953e-01 2.369838753477125798e-07
1.159811753636306314e-01 8.516687511387000283e-07
1.164451000650851553e-01 1.431859875126826013e-07
1.169108804653455069e-01 1.630435979453366873e-07
1.173785239872068981e-01 8.243061692987485475e-07
1.178480380831557206e-01 1.934537136318197982e-06
1.183194302354883543e-01 1.432716149101125027e-06
1.187927079564302935e-01 1.443117288733915221e-07
1.192678787882560099e-01 3.446328388831674863e-07
1.197449503034090645e-01 2.930069121604017520e-07
1.202239301046226783e-01 4.355967124265218891e-09
1.207048258250411760e-01 6.400815917360606718e-08
1.211876451283413342e-01 1.924301331196423278e-08
1.216723957088547137e-01 3.966499165926959900e-09
1.221590852916901310e-01 9.560253686226754635e-08
1.226477216328568792e-01 2.915179587894055471e-07
1.231383125193883099e-01 1.321765133103997994e-08
1.236308657694658586e-01 1.844685258175884473e-07
1.241253892325437369e-01 9.035496449431727683e-08
1.246218907894739159e-01 3.007851518917208851e-09
1.251203783526317892e-01 1.216859539585679264e-08
1.256208598660423226e-01 9.019641790499897438e-07
1.261233433055065078e-01 5.416217253565921483e-07
1.266278366787285392e-01 7.118283989991878886e-09
1.271343480254434610e-01 3.329992764109898074e-07
1.276428854175452321e-01 1.142851790839133652e-07
1.281534569592154005e-01 3.015263201155456890e-08
1.286660707870522780e-01 1.804317147639909807e-07
1.291807350702004475e-01 2.443624601227835426e-07
1.296974580104812425e-01 3.148026351973086648e-07
1.302162478425231973e-01 1.271917130315852096e-08
1.307371128338932764e-01 5.612268964772955153e-07
1.312600612852288795e-01 1.654418235015087950e-06
1.317851015303697915e-01 2.948440491826154152e-07
1.323122419364912705e-01 3.645295105587790880e-06
1.328414909042372472e-01 5.925281920289245975e-06
1.333728568678542170e-01 2.354279118356141685e-06
1.339063482953256612e-01 6.992123819067383743e-08
1.344419736885069383e-01 2.433022972091799464e-06
1.349797415832609815e-01 6.762343414737430032e-06
1.355196605495940232e-01 4.142902354201651899e-06
1.360617391917924301e-01 8.157929955576517507e-06
1.366059861485595939e-01 1.405026217847603018e-06
1.371524100931538481e-01 6.823708208391799973e-08
1.377010197335264696e-01 5.206111745294751319e-07
1.382518238124605670e-01 6.184361196398091131e-05
1.388048311077104136e-01 1.394753310904146863e-05
1.393600504321412248e-01 6.594984000282103419e-07
1.399174906338697677e-01 4.042428493399812740e-07
1.404771605964052761e-01 3.494430714504103211e-05
1.410390692387908651e-01 3.832408232502118738e-06
1.416032255157460562e-01 1.227077040324022037e-04
1.421696384178090522e-01 8.336582933574432090e-08
1.427383169714803168e-01 1.731934947746562433e-05
1.433092702393662099e-01 1.529272002567201583e-03
1.438825073203236771e-01 8.384866250096996432e-05
1.444580373496049674e-01 8.682404243782460267e-04
1.450358694990033503e-01 5.486047076873948856e-05
1.456160129769993872e-01 2.068843589385908465e-03
1.461984770289073976e-01 4.149655953886538691e-03
1.467832709370230082e-01 3.378564268457427103e-04
1.473704040207710897e-01 2.192878328548891753e-03
1.479598856368541382e-01 1.189612193387523592e-05
1.485517251794015725e-01 6.869764741516481239e-04
1.491459320801191979e-01 2.091032431350755942e-03
1.497425158084396690e-01 2.612750839520149308e-04
1.503414858716734248e-01 1.494166038248242144e-02
1.509428518151600951e-01 7.083323678349958546e-04
1.515466232224207677e-01 3.858069854230279965e-06
1.521528097153104220e-01 5.485405622344108459e-05
1.527614209541716672e-01 7.335249955955130588e-08
1.533724666379883694e-01 5.380241783236226865e-08
1.539859565045403056e-01 1.683232716023202136e-08
1.546019003305584838e-01 1.087088018046850105e-11
1.552203079318807133e-01 1.980527466775786389e-10
1.558411891636082569e-01 1.116080313340507741e-10
1.564645539202626778e-01 6.146778534004487961e-11
1.570904121359437411e-01 4.087856688498642295e-10
1.577187737844875093e-01 1.681408951609471815e-11
1.583496488796254653e-01 3.795350419806806115e-10
1.589830474751439959e-01 1.525192155375395001e-09
1.596189796650445414e-01 1.561408743618230595e-10
1.602574555837047166e-01 2.850597131908419198e-10
1.608984854060395708e-01 7.269734635926497447e-10
1.615420793476636807e-01 3.676102127342851057e-10
1.621882476650543525e-01 4.660108842577114236e-10
1.628370006557145755e-01 5.108099606365091169e-10
1.634883486583374457e-01 8.712176878675414753e-10
1.641423020529707844e-01 1.383386690002996520e-09
1.647988712611826723e-01 1.583775213307957771e-09
1.654580667462274002e-01 4.008862686492356989e-10
1.661198990132123077e-01 3.861911955180589325e-09
1.667843786092651215e-01 4.461870107127077132e-09
1.674515161237022098e-01 1.286514880858625305e-08
1.681213221881969755e-01 7.017323972470075236e-08
1.687938074769497754e-01 1.668296499745833205e-08
1.694689827068575905e-01 9.620565276235666255e-07
1.701468586376850278e-01 3.102587480427578375e-07
1.708274460722357391e-01 4.101877105989735785e-07
1.715107558565246715e-01 5.812790219873015736e-07
1.721967988799507909e-01 3.921083969718764320e-07
1.728855860754705820e-01 1.090237824051944661e-06
1.735771284197724640e-01 3.386031866270613407e-07
1.742714369334515678e-01 1.290631320592280358e-07
1.749685226811853456e-01 5.516173709784837054e-06
1.756683967719100681e-01 5.820058183584217058e-07
1.763710703589977391e-01 1.586922234254979424e-05
1.770765546404337309e-01 2.835760012744167465e-05
1.777848608589954471e-01 6.825737248745190732e-07
1.784960003024314568e-01 5.438558222433517914e-05
1.792099843036411844e-01 2.876415497763261278e-05
1.799268242408557650e-01 2.582230191629100393e-05
1.806465315378191772e-01 3.026930188052227703e-04
1.813691176639704306e-01 4.138749993203200928e-06
1.820945941346263086e-01 6.386149341100517279e-05
1.828229725111648329e-01 6.396114611332164631e-04
1.835542644012094771e-01 8.501606799671417018e-07
1.842884814588143239e-01 1.722400776640448366e-04
1.850256353846495561e-01 2.742232437639334323e-03
1.857657379261881403e-01 1.699719587731026208e-05
1.865088008778928996e-01 2.044226223229989731e-03
1.872548360814044743e-01 4.535691672439068410e-04
1.880038554257300876e-01 2.213473186040114461e-05
1.887558708474330049e-01 3.631306677564616770e-03
1.895108943308226879e-01 4.820717506664976438e-04
1.902689379081460019e-01 6.722705390367618536e-05
1.910300136597785636e-01 1.116144012471351199e-02
1.917941337144176972e-01 5.361366703778044744e-04
1.925613102492753359e-01 1.893133561981536145e-03
1.933315554902724498e-01 1.727155637393670840e-02
1.941048817122335568e-01 4.063075601095604041e-03
1.948813012390824828e-01 2.692745473355927233e-03
1.956608264440388156e-01 3.989476070884011988e-02
1.964434697498149418e-01 1.686423077751702257e-03
1.972292436288141937e-01 7.474737491136322978e-03
1.980181606033294406e-01 1.861348866796652679e-02
1.988102332457427346e-01 4.503848126412330656e-03
1.996054741787257336e-01 3.095783385507737233e-03
2.004038960754406518e-01 3.915784081237153567e-03
2.012055116597424309e-01 3.441556088440079608e-03
2.020103337063813842e-01 3.987482497010587726e-03
2.028183750412069219e-01 4.712128694187999074e-03
2.036296485413717494e-01 2.024989940733643370e-03
2.044441671355372303e-01 9.360682951958015832e-04
2.052619438040793887e-01 4.184044978644945074e-03
2.060829915792957157e-01 2.009917708143711158e-03
2.069073235456129201e-01 1.862479310547408536e-03
2.077349528397953449e-01 2.339982229910127394e-03
2.085658926511545219e-01 3.976692183577698603e-03
2.094001562217591150e-01 4.499297091105771557e-03
2.102377568466461677e-01 3.638928172814955529e-03
2.110787078740327671e-01 1.991012456696525552e-03
2.119230227055288740e-01 4.145781946901723122e-03
2.127707147963510126e-01 5.798274576037439933e-03
2.136217976555363773e-01 8.487967979270871766e-03
2.144762848461585492e-01 1.550472796230810239e-03
2.153341899855431840e-01 7.755676471763501070e-03
2.161955267454853669e-01 1.627549267244837380e-02
2.170603088524672986e-01 2.295145504089001962e-02
2.179285500878772042e-01 6.592388613744976089e-03
2.188002642882286852e-01 6.550971803007301329e-03
2.196754653453815986e-01 3.368343267697114507e-02
2.205541672067631020e-01 1.511508230521222546e-02
2.214363838755901703e-01 2.205197522951980182e-01
2.223221294110925284e-01 1.426863120424790889e-02
2.232114179287369160e-01 6.270112173825053148e-01
2.241042636004518529e-01 1.105213551457903259e-01
2.250006806548536520e-01 1.962857265669318840e+00
2.259006833774730438e-01 3.424140867871959260e-01
2.268042861109829667e-01 7.615790564436816235e-01
2.277115032554268836e-01 1.092795520391156572e+00
2.286223492684485714e-01 8.743206522729600749e-01
2.295368386655223802e-01 8.704325324188257440e+00
2.304549860201844658e-01 9.986897641931095915e-02
2.313768059642651864e-01 4.280417445298220436e+00
2.323023131881222503e-01 2.126078250091449018e+00
2.332315224408747223e-01 9.325803516690761796e+00
2.341644485306381973e-01 1.838679875332649516e+01
2.351011063247607502e-01 6.268835168782900258e-01
2.360415107500598020e-01 3.311259243890431492e+01
2.369856767930600405e-01 3.699164211538922276e-01
2.379336195002322851e-01 4.092508482540358017e+01
2.388853539782332114e-01 1.848180571801210803e+01
2.398408953941461863e-01 3.061575729715857506e+02
2.408002589757227141e-01 3.106499094626237252e+02
2.417634600116256582e-01 1.227760173408753985e+01
2.427305138516721306e-01 5.313295363069521500e+02
2.437014359070788505e-01 1.961528354124043005e+02
2.446762416507071713e-01 2.181192242622827507e+03
2.456549466173099938e-01 3.619714517497033626e+02
2.466375664037792625e-01 9.127160639935015070e+02
2.476241166693943785e-01 4.709129654737177475e+02
2.486146131360719436e-01 1.386815383858533091e+00
2.496090715886161993e-01 9.431843381103184356e+02
2.506075078749706586e-01 4.426401910443880752e+02
2.516099379064705155e-01 8.343083637296389270e+02
2.526163776580964138e-01 3.861619854434669037e+02
2.536268431687287994e-01 2.728966061586113574e+04
2.546413505414037437e-01 1.975467125424596452e+04
2.556599159435693491e-01 1.543776189528849318e+04
2.566825556073435988e-01 1.330107047518573381e+04
2.577092858297729827e-01 1.445430861817936056e+04
2.587401229730920682e-01 6.952384789490873118e+03
2.597750834649844576e-01 2.005026874826134008e+04
2.608141837988444123e-01 1.185844585054078198e+04
2.618574405340398092e-01 1.222804887892727420e+05
2.629048702961759298e-01 4.319016982041556621e+05
2.639564897773606367e-01 4.262159547075537266e+05
2.650123157364701054e-01 4.198811249467947055e+05
2.660723649994159445e-01 2.129287153922082507e+05
2.671366544594135917e-01 3.155628339392683120e+05
2.682052010772512096e-01 3.133812892332361080e+05
2.692780218815602478e-01 1.573300429930256505e+05
2.703551339690865030e-01 5.171581057698150398e+05
2.714365545049627904e-01 2.080381040310366661e+05
2.725223007229827243e-01 1.347441729004525987e+05
2.736123899258746106e-01 2.710638219178347499e+05
2.747068394855781692e-01 2.042868174579681945e+05
2.758056668435204806e-01 8.175028897329494357e+05
2.769088895108945403e-01 2.617195546610586345e+06
2.780165250689380918e-01 1.867590396459844662e+06
2.791285911692138466e-01 2.244749471760810353e+06
2.802451055338907038e-01 1.405609563126568450e+06
2.813660859560263017e-01 8.226871849097125232e+05
2.824915502998503469e-01 3.514833108540333924e+05
2.836215165010497197e-01 1.072609932642914791e+05
2.847560025670539119e-01 4.699863335765428928e+03
2.858950265773221866e-01 1.541064385695840065e+04
2.870386066836315142e-01 2.199963475474774023e+05
2.881867611103660631e-01 1.378602624824506463e+06
2.893395081548075787e-01 4.011914362890005112e+06
2.904968661874267610e-01 7.241345143577569164e+06
2.916588536521764197e-01 1.121746036546279676e+07
2.928254890667851273e-01 1.125718592811569944e+07
2.939967910230522619e-01 8.112021047536469996e+06
2.951727781871444911e-01 5.498852311864265241e+06
2.963534692998930908e-01 7.506261134069761261e+06
2.975388831770926501e-01 8.253903455025523901e+06
2.987290387098009981e-01 1.515519411608785950e+07
2.999239548646402409e-01 1.125432611348437704e+07
3.011236506840988536e-01 3.073008481364399567e+07
3.023281452868351593e-01 6.475198687800231390e+06
3.035374578679824742e-01 4.925416275846670568e+07
3.047516076994544187e-01 4.575208841172330081e+07
3.059706141302522830e-01 6.770765096531023085e+07
3.071944965867733357e-01 1.861810800451385081e+08
3.084232745731204095e-01 2.854953510518175960e+08
3.096569676714128194e-01 2.584938076595503688e+08
3.108955955420985018e-01 4.179166628393114805e+08
3.121391779242668751e-01 4.882038244083787799e+08
3.133877346359639215e-01 6.383071158441112041e+08
3.146412855745078230e-01 8.569860598032562733e+08
3.158998507168058190e-01 8.470473300017366409e+08
3.171634501196730627e-01 1.404513342923990965e+09
3.184321039201517545e-01 9.733052157188904285e+08
3.197058323358323295e-01 7.626174204402648211e+08
3.209846556651756444e-01 1.437236649620591164e+09
3.222685942878363852e-01 1.767164968439438820e+09
3.235576686649877520e-01 1.480601724382821083e+09
3.248518993396476984e-01 2.345733692784468651e+09
3.261513069370062801e-01 2.625116251416880131e+09
3.274559121647543369e-01 3.174108782638112545e+09
3.287657358134133401e-01 3.540789609642305374e+09
3.300807987566670154e-01 2.185487515737277508e+09
3.314011219516936890e-01 4.914606378735164642e+09
3.327267264395004642e-01 5.318690227081844330e+09
3.340576333452584534e-01 6.512841964364898682e+09
3.353938638786395088e-01 6.080561971076908112e+09
3.367354393341540630e-01 6.031938563489720345e+09
3.380823810914907468e-01 6.760241211886172295e+09
3.394347106158566718e-01 7.982241583454578400e+09
3.407924494583201014e-01 7.927005094255230904e+09
3.421556192561533982e-01 6.809658736935211182e+09
3.435242417331779707e-01 2.650625287337587357e+09
3.448983387001106626e-01 3.411689576106390953e+09
3.462779320549111417e-01 4.289683009037139416e+09
3.476630437831307319e-01 2.873471577715129852e+09
3.490536959582632992e-01 3.044916290070815563e+09
3.504499107420963600e-01 1.059840854395102501e+10
3.518517103850647421e-01 9.200756784729904175e+09
3.532591172266050239e-01 1.426501422907706642e+10
3.546721536955114717e-01 1.876552110681315231e+10
3.560908423102934761e-01 8.383518786500275612e+09
3.575152056795346533e-01 4.583233388584400177e+09
3.589452665022527800e-01 1.075451490249549294e+10
3.603810475682617254e-01 1.579408401676307297e+10
3.618225717585348278e-01 1.224840518825705719e+10
3.632698620455689364e-01 1.328329407244122696e+10
3.647229414937512293e-01 1.167819737348147964e+10
3.661818332597261971e-01 2.423260965607407761e+10
3.676465605927651259e-01 1.306931607508062553e+10
3.691171468351361895e-01 1.489519515144519043e+10
3.705936154224767076e-01 5.370012229416206360e+09
3.720759898841666247e-01 1.187369739941739559e+09
3.735642938437032656e-01 1.226786378225380898e+09
3.750585510190780902e-01 2.678016449222158909e+09
3.765587852231543908e-01 1.103237388403160858e+10
3.780650203640470441e-01 2.890171937762269592e+10
3.795772804455032068e-01 1.712504062114213943e+10
3.810955895672852312e-01 2.089685176643767166e+10
3.826199719255543585e-01 5.287894482624711990e+09
3.841504518132565771e-01 1.342709904343598175e+10
3.856870536205096456e-01 2.771577705613308430e+09
3.872298018349916715e-01 8.484521690095317841e+09
3.887787210423316320e-01 6.206620022170191765e+09
3.903338359265008939e-01 1.172510394905892563e+10
3.918951712702069545e-01 1.528825038986319160e+10
3.934627519552877928e-01 1.819240754691884232e+10
3.950366029631089404e-01 4.177773490255035400e+10
3.966167493749613859e-01 3.754931271218254089e+10
3.982032163724612550e-01 5.722397839614939880e+10
3.997960292379510450e-01 5.861538063606394196e+10
4.013952133549028578e-01 6.595190613524413300e+10
4.030007942083224659e-01 7.789110814353887939e+10
4.046127973851557647e-01 4.598888981249076843e+10
4.062312485746963908e-01 5.381253188346911621e+10
4.078561735689951728e-01 5.905292730245908356e+10
4.094875982632711353e-01 5.994409217340959167e+10
4.111255486563242245e-01 6.621219849421066284e+10
4.127700508509495880e-01 5.419575182676447296e+10
4.144211310543532978e-01 4.172498377746784973e+10
4.160788155785707931e-01 4.397123341426933289e+10
4.177431308408850463e-01 2.592283269620278549e+10
4.194141033642486138e-01 1.701498009006763649e+10
4.210917597777056320e-01 5.117024836983117104e+09
4.227761268168164221e-01 4.982921471211256385e+08
4.244672313240837602e-01 6.322301863947020531e+09
4.261651002493800910e-01 1.518477586445024109e+10
4.278697606503775730e-01 2.432764763762698746e+10
4.295812396929790666e-01 3.137687409365424728e+10
4.312995646517510107e-01 3.397664492324460220e+10
4.330247629103580187e-01 4.511942635411058807e+10
4.347568619619994745e-01 4.787775193045588684e+10
4.364958894098474596e-01 4.528695158268154144e+10
4.382418729674867897e-01 4.125819773412525177e+10
4.399948404593567730e-01 4.768838392318763733e+10
4.417548198211941890e-01 5.639490456766588593e+10
4.435218391004789873e-01 3.975571819668708801e+10
4.452959264568808750e-01 4.652972402470710754e+10
4.470771101627084021e-01 4.329353849526768494e+10
4.488654186033592119e-01 4.911554224712969971e+10
4.506608802777726241e-01 5.452693018227965546e+10
4.524635237988837710e-01 6.116281733926123047e+10
4.542733778940792333e-01 5.889532031087712860e+10
4.560904714056555065e-01 5.517861904705230713e+10
4.579148332912781894e-01 7.035257528467648315e+10
4.597464926244433370e-01 3.757274096429444122e+10
4.615854785949410899e-01 6.748391955038465118e+10
4.634318205093208576e-01 3.910667389297264862e+10
4.652855477913582227e-01 5.578426891049008942e+10
4.671466899825236219e-01 5.945305865077639771e+10
4.690152767424536906e-01 6.475522567262833405e+10
4.708913378494234969e-01 8.391889631718138123e+10
4.727749032008212171e-01 6.799818451988846588e+10
4.746660028136244769e-01 8.038833036753031921e+10
4.765646668248789131e-01 4.651004836956667328e+10
4.784709254921784560e-01 3.849679852696995544e+10
4.803848091941470555e-01 6.362415999085486603e+10
4.823063484309236815e-01 6.676368802466865540e+10
4.842355738246474361e-01 8.455293258090190125e+10
4.861725161199459966e-01 7.090716216711158752e+10
4.881172061844257226e-01 1.036322251169689026e+11
4.900696750091634302e-01 9.191471431403193665e+10
4.920299537092001074e-01 1.195782497182853699e+11
4.939980735240369625e-01 1.453525968814891052e+11
4.959740658181330253e-01 7.541365902643605042e+10
4.979579620814056362e-01 1.017565401992495728e+11
4.999497939297311566e-01 9.305501415098959351e+10
5.019495931054501758e-01 7.473602840205902100e+10
5.039573914778719965e-01 1.052082510624934387e+11
5.059732210437835054e-01 7.438131110061914062e+10
5.079971139279585435e-01 8.584326712353808594e+10
5.100291023836703852e-01 7.058180441939256287e+10
5.120692187932051054e-01 6.891679090335922241e+10
5.141174956683780550e-01 6.591641880602829742e+10
5.161739656510514473e-01 5.297019136810417938e+10
5.182386615136556074e-01 3.358899551724845886e+10
5.203116161597103329e-01 5.476800062437705994e+10
5.223928626243490303e-01 8.240894202235478210e+10
5.244824340748465152e-01 5.933368375593321228e+10
5.265803638111459239e-01 6.599635438378868866e+10
5.286866852663905103e-01 5.916712536285680389e+10
5.308014320074561088e-01 6.998326228038710022e+10
5.329246377354859288e-01 5.272601551473715973e+10
5.350563362864277916e-01 5.174613216626098633e+10
5.371965616315735881e-01 3.518467834608860016e+10
5.393453478780998456e-01 4.026798197545632172e+10
5.415027292696121819e-01 3.711775115030772400e+10
5.436687401866906466e-01 3.785263915066539764e+10
5.458434151474373941e-01 2.532069839806333923e+10
5.480267888080271321e-01 3.094171596395836258e+10
5.502188959632591247e-01 3.430690079282301331e+10
5.524197715471121928e-01 3.876368302126747131e+10
5.546294506333006025e-01 4.545831156741294861e+10
5.568479684358338400e-01 3.894705727489720917e+10
5.590753603095770519e-01 3.040277057205644226e+10
5.613116617508153716e-01 2.077559552518247604e+10
5.635569083978186899e-01 1.306015582626816750e+10
5.658111360314097560e-01 1.923252408689973450e+10
5.680743805755354980e-01 1.534689128628343391e+10
5.703466780978375672e-01 2.052742258854908371e+10
5.726280648102289872e-01 2.256349722244527054e+10
5.749185770694699160e-01 2.725927764518950653e+10
5.772182513777477375e-01 2.464834019908068848e+10
5.795271243832587071e-01 3.601118771583958435e+10
5.818452328807918184e-01 3.654032337100943756e+10
5.841726138123150003e-01 3.109278718574295044e+10
5.865093042675643131e-01 1.870182776654227829e+10
5.888553414846344758e-01 4.589399968530124664e+09
5.912107628505729462e-01 8.622814837458211899e+09
5.935756059019753339e-01 1.239150170309854507e+10
5.959499083255832552e-01 1.157542720106392670e+10
5.983337079588855190e-01 1.547701567195623779e+10
6.007270427907210886e-01 1.814188703799900055e+10
6.031299509618840426e-01 2.440362796693629074e+10
6.055424707657315331e-01 3.338677421290495300e+10
6.079646406487945187e-01 4.512970754654831696e+10
6.103964992113897203e-01 5.482712972664144897e+10
6.128380852082353503e-01 6.823630608466841888e+10
6.152894375490681744e-01 5.715230687304374695e+10
6.177505952992645710e-01 3.245574181483872604e+10
6.202215976804615893e-01 2.303603168989078140e+10
6.227024840711834486e-01 1.379289077327437019e+10
6.251932940074681477e-01 1.808209441913476944e+10
6.276940671834980723e-01 2.067104346566149139e+10
6.302048434522321552e-01 2.941072012944019699e+10
6.327256628260409244e-01 4.321955015625947571e+10
6.352565654773452142e-01 5.554623297302839661e+10
6.377975917392545435e-01 6.952238135843215942e+10
6.403487821062116003e-01 1.122175172458689880e+11
6.429101772346363930e-01 1.230160873868611755e+11
6.454818179435749537e-01 1.569818661121045837e+11
6.480637452153492628e-01 1.668348164601271362e+11
6.506560001962106154e-01 1.838709875288364258e+11
6.532586241969955410e-01 2.193923721928572693e+11
6.558716586937833881e-01 1.258727424142840271e+11
6.584951453285585732e-01 1.060219445552298737e+11
6.611291259098727169e-01 7.504305562210119629e+10
6.637736424135122215e-01 5.338834060549161530e+10
6.664287369831662922e-01 4.769870452646812439e+10
6.690944519310989547e-01 4.498788919412119293e+10
6.717708297388232941e-01 4.630913629731942749e+10
6.744579130577786907e-01 5.279266768891103363e+10
6.771557447100098326e-01 7.523463188134963989e+10
6.798643676888498355e-01 7.607991962506291199e+10
6.825838251596052508e-01 9.658491806457156372e+10
6.853141604602436265e-01 9.633742907182508850e+10
6.880554171020846210e-01 8.862513141200036621e+10
6.908076387704928933e-01 1.155246387645174103e+11
6.935708693255748791e-01 1.450206737163177490e+11
6.963451528028771209e-01 2.122508091273472290e+11
6.991305334140887062e-01 2.485432674724252319e+11
7.019270555477450380e-01 2.825203183012169189e+11
7.047347637699360456e-01 3.334077980586605835e+11
7.075537028250157290e-01 2.445888532561060791e+11
7.103839176363159202e-01 1.962826154517292786e+11
7.132254533068611568e-01 1.637839739517989502e+11
7.160783551200886610e-01 1.862673646893792725e+11
7.189426685405689854e-01 2.053050974796576538e+11
7.218184392147313222e-01 1.962764011189915161e+11
7.247057129715901436e-01 2.524315550173951416e+11
7.276045358234763949e-01 2.924506839982301025e+11
7.305149539667704639e-01 3.764837791870883789e+11
7.334370137826373703e-01 4.517383105704751587e+11
7.363707618377679509e-01 4.986910999270466919e+11
7.393162448851190449e-01 5.228691617137866211e+11
7.422735098646596752e-01 5.607030367253941650e+11
7.452426039041182282e-01 5.357944881847318726e+11
7.482235743197346300e-01 6.082087822940242920e+11
7.512164686170136330e-01 6.104985711223970947e+11
7.542213344914817652e-01 6.954072214362471924e+11
7.572382198294477229e-01 7.038975978950008545e+11
7.602671727087656484e-01 6.369311537517690430e+11
7.633082413996006288e-01 5.822952799918837891e+11
7.663614743651989691e-01 2.183162103457919617e+11
7.694269202626597970e-01 2.450153332979208679e+11
7.725046279437104424e-01 4.436643372058728027e+11
7.755946464554852593e-01 4.494276496760048218e+11
7.786970250413072225e-01 4.430224103062844238e+11
7.818118131414724115e-01 5.268278293298938599e+11
7.849390603940383793e-01 3.264111827555849609e+11
7.880788166356144098e-01 4.194202908484535522e+11
7.912311319021569922e-01 3.317343230646279297e+11
7.943960564297655180e-01 3.940913386493352661e+11
7.975736406554845281e-01 3.793014488835841064e+11
8.007639352181065151e-01 4.595823098563583374e+11
8.039669909589789443e-01 5.476369363531266479e+11
8.071828589228148276e-01 7.139871615832574463e+11
8.104115903585061842e-01 8.269021718650302734e+11
8.136532367199402760e-01 1.037831779165383789e+12
8.169078496668199518e-01 1.104673227074194092e+12
8.201754810654874328e-01 9.097423058611611328e+11
8.234561829897493190e-01 1.016542231743173706e+12
8.267500077217083687e-01 9.908595767567340088e+11
8.300570077525952772e-01 8.413742411088851318e+11
8.333772357836056743e-01 9.449707065119544678e+11
8.367107447267401188e-01 9.021640772373499756e+11
8.400575877056470908e-01 9.400727962444963379e+11
8.434178180564695371e-01 6.841866615581188965e+11
8.467914893286955236e-01 4.145917330254900513e+11
8.501786552860102208e-01 4.663770947596288452e+11
8.535793699071543283e-01 4.672389963821306763e+11
8.569936873867830540e-01 5.421103658546046143e+11
8.604216621363300899e-01 6.345893513082982178e+11
8.638633487848753623e-01 7.637112122886225586e+11
8.673188021800150027e-01 8.619951874072115479e+11
8.707880773887352044e-01 9.483393608821416016e+11
8.742712296982900755e-01 1.056835576040264160e+12
8.777683146170831563e-01 1.239054820427240234e+12
8.812793878755513788e-01 1.363517771723662354e+12
8.848045054270535781e-01 1.465142357420905762e+12
8.883437234487617795e-01 1.123917185815670654e+12
8.918970983425568155e-01 1.426201499822437500e+12
8.954646867359271623e-01 1.161587658659586914e+12
8.990465454828707736e-01 1.353420107840776855e+12
9.026427316648023558e-01 1.284500064605421631e+12
9.062533025914615292e-01 1.340643465787335205e+12
9.098783158018273198e-01 1.440677295735780273e+12
9.135178290650346478e-01 1.492220664139248779e+12
9.171719003812948134e-01 1.593613524803050781e+12
9.208405879828199803e-01 1.602953554231439697e+12
9.245239503347512100e-01 1.476877929657505859e+12
9.282220461360901620e-01 1.466239875762857422e+12
9.319349343206346781e-01 1.375048837611329102e+12
9.356626740579171431e-01 1.424985283077550049e+12
9.394053247541488405e-01 1.476398191556239014e+12
9.431629460531654185e-01 1.505646116619870117e+12
9.469355978373780180e-01 1.632667071850992188e+12
9.507233402287275092e-01 1.665946448983469971e+12
9.545262335896426142e-01 1.736176763821156494e+12
9.583443385240012491e-01 1.740969253832214111e+12
9.621777158780971950e-01 1.772400196483722656e+12
9.660264267416096562e-01 1.806058983726883301e+12
9.698905324485760371e-01 1.852448065095111084e+12
9.737700945783701600e-01 1.593403303668882080e+12
9.776651749566835914e-01 1.604188693853771484e+12
9.815758356565105203e-01 1.554626322190638184e+12
9.855021389991363012e-01 1.545491318344612793e+12
9.894441475551331022e-01 1.523412796450267822e+12
9.934019241453534432e-01 1.246341169224990723e+12
9.973755318419349480e-01 1.399992771452302246e+12
1.001365033969302543e+00 1.423553790928247314e+12
1.005370494105179757e+00 1.420039111392113770e+12
1.009391976081600362e+00 1.499812651054416504e+12
1.013429543985926884e+00 1.600832115932361572e+12
1.017483262161870350e+00 1.603977570777356445e+12
1.021553195210518128e+00 1.676519009354756104e+12
1.025639407991360219e+00 1.652931185451753662e+12
1.029741965623325539e+00 1.658124928262607422e+12
1.033860933485818867e+00 1.729309463427464600e+12
1.037996377219762012e+00 1.831011618361502930e+12
1.042148362728641198e+00 1.854233423697691406e+12
1.046316956179555557e+00 1.945921029905500732e+12
1.050502224004274066e+00 1.933096711649499512e+12
1.054704232900291139e+00 1.968874483359961914e+12
1.058923049831892227e+00 1.943722727432348633e+12
1.063158742031219628e+00 1.980327130047384521e+12
1.067411376999344741e+00 1.955130182537694824e+12
1.071681022507342096e+00 1.962312345600093994e+12
1.075967746597371377e+00 2.038075252407551758e+12
1.080271617583760779e+00 1.992022349400782227e+12
1.084592704054095913e+00 2.058193965754150146e+12
1.088931074870312044e+00 1.969803612458511475e+12
1.093286799169793433e+00 1.955054578539425537e+12
1.097659946366472461e+00 1.847052614110183350e+12
1.102050586151938294e+00 1.815913357120454590e+12
1.106458788496546219e+00 1.735420079019195068e+12
1.110884623650532532e+00 1.731669389277679932e+12
1.115328162145134749e+00 1.796702081577298340e+12
1.119789474793714934e+00 1.773081816013687012e+12
1.124268632692889902e+00 1.841252326994907959e+12
1.128765707223661430e+00 1.854941336170274414e+12
1.133280770052556230e+00 1.819376467704130859e+12
1.137813893132766374e+00 1.705175156487531494e+12
1.142365148705297484e+00 1.705872902931531250e+12
1.146934609300118479e+00 1.883800701167118408e+12
1.151522347737319096e+00 1.912089145648681152e+12
1.156128437128268516e+00 1.895624127931323242e+12
1.160752950876781542e+00 1.907475366498500244e+12
1.165395962680288999e+00 1.937851785827053955e+12
1.170057546531009907e+00 1.851597619120620850e+12
1.174737776717134086e+00 1.908109110867169922e+12
1.179436727824002773e+00 1.746757381112039062e+12
1.184154474735298557e+00 1.872763572018603271e+12
1.188891092634239977e+00 1.921399554817956787e+12
1.193646657004777012e+00 1.916197722228435059e+12
1.198421243632796118e+00 1.825366143468806641e+12
1.203214928607327261e+00 1.851290929651630859e+12
1.208027788321756724e+00 1.924985161174003174e+12
1.212859899475043468e+00 1.886428671636965820e+12
1.217711339072943710e+00 1.948714417615095703e+12
1.222582184429235275e+00 1.930142772170403076e+12
1.227472513166952384e+00 1.986769550257865967e+12
1.232382403219620226e+00 1.984141241242107422e+12
1.237311932832498407e+00 1.984493479966750977e+12
1.242261180563828615e+00 1.820833355356467529e+12
1.247230225286083849e+00 1.912241449549776855e+12
1.252219146187228072e+00 1.845447641505929199e+12
1.257228022771976983e+00 1.888351430212732178e+12
1.262256934863064783e+00 1.875942993646576904e+12
1.267305962602517155e+00 1.952369573622818848e+12
1.272375186452927354e+00 1.924434948253642578e+12
1.277464687198738957e+00 1.947629832787863037e+12
1.282574545947533950e+00 1.976254545308968994e+12
1.287704844131324133e+00 1.891844389032745361e+12
1.292855663507849417e+00 1.903356617872352051e+12
1.298027086161880783e+00 1.921750432894766846e+12
1.303219194506528344e+00 1.936014527281268066e+12
1.308432071284554521e+00 1.892207349529143799e+12
1.313665799569692760e+00 1.915630265409185303e+12
1.318920462767971591e+00 1.899123158253801025e+12
1.324196144619043336e+00 1.816477226645363770e+12
1.329492929197519491e+00 1.687404493803461182e+12
1.334810900914309650e+00 1.326213133125218994e+12
1.340150144517967101e+00 1.282263421641493164e+12
1.345510745096038852e+00 1.229389437153231445e+12
1.350892788076423212e+00 1.207628943108520020e+12
1.356296359228728932e+00 1.150508242150751709e+12
1.361721544665643879e+00 1.110119602524357178e+12
1.367168430844306393e+00 1.140536356890083252e+12
1.372637104567683730e+00 1.088827261589931885e+12
1.378127652985954299e+00 1.143223994559540039e+12
1.383640163597898098e+00 1.139746543180684814e+12
1.389174724252289828e+00 1.090506347695077271e+12
1.394731423149298877e+00 1.060858926744510132e+12
1.400310348841896202e+00 1.021872542512299561e+12
1.405911590237263642e+00 1.035163005994663940e+12
1.411535236598212784e+00 9.566476265259647217e+11
1.417181377544605603e+00 9.110719209200430908e+11
1.422850103054784210e+00 9.240402494355106201e+11
1.428541503467003038e+00 9.086708055215443115e+11
1.434255669480871243e+00 9.066254903517872314e+11
1.439992692158794885e+00 9.281096158310939941e+11
1.445752662927429988e+00 9.432585788943515625e+11
1.451535673579139596e+00 9.436838852675465088e+11
1.457341816273456159e+00 9.904298807216455078e+11
1.463171183538549913e+00 9.331211081629294434e+11
1.469023868272704147e+00 9.142211843371884766e+11
1.474899963745795128e+00 9.319143663521354980e+11
1.480799563600778246e+00 9.435892676280645752e+11
1.486722761855181485e+00 9.421598902838114014e+11
1.492669652902602007e+00 9.527124785872917480e+11
1.498640331514212276e+00 9.628703191701495361e+11
1.504634892840269300e+00 9.839225374917629395e+11
1.510653432411630304e+00 9.914149173801483154e+11
1.516696046141276843e+00 1.013584930540628906e+12
1.522762830325842032e+00 1.025261868155673340e+12
1.528853881647145307e+00 1.032000477854727783e+12
1.534969297173733649e+00 1.035256442106736328e+12
1.541109174362428780e+00 1.035120363493888794e+12
1.547273611059878373e+00 1.067613856447849609e+12
1.553462705504118135e+00 1.082876510811914185e+12
1.559676556326134556e+00 1.082639164978722290e+12
1.565915262551438980e+00 1.110979319485843506e+12
1.572178923601644795e+00 1.119454261664710449e+12
1.578467639296051495e+00 1.156387881423466797e+12
1.584781509853235626e+00 1.167969367584903076e+12
1.591120635892648405e+00 1.169405943290729736e+12
1.597485118436219098e+00 1.194359051681402344e+12
1.603875058909963958e+00 1.211503936639941895e+12
1.610290559145603595e+00 1.215026641474228516e+12
1.616731721382186127e+00 1.234952340892317383e+12
1.623198648267714761e+00 1.244076792916661377e+12
1.629691442860785600e+00 1.258638643574696045e+12
1.636210208632228769e+00 1.283310164395574463e+12
1.642755049466757766e+00 1.296846293153018311e+12
1.649326069664624805e+00 1.304057115317614014e+12
1.655923373943283039e+00 1.319193616440780029e+12
1.662547067439056336e+00 1.323350298261043213e+12
1.669197255708812611e+00 1.333954852631730469e+12
1.675874044731648027e+00 1.346482237088348877e+12
1.682577540910574321e+00 1.339462149237530273e+12
1.689307851074216771e+00 1.308892683663119141e+12
1.696065082478513508e+00 1.281527874654816406e+12
1.702849342808427480e+00 1.253941292256676270e+12
1.709660740179661298e+00 1.205427060075348389e+12
1.716499383140379864e+00 1.111095106521571045e+12
1.723365380672941427e+00 1.102328673665091064e+12
1.730258842195633306e+00 1.076169023231817383e+12
1.737179877564415831e+00 1.016302895722572754e+12
1.744128597074673603e+00 1.007998633876937500e+12
1.751105111462972097e+00 9.703537221897141113e+11
1.758109531908824241e+00 9.105750097399603271e+11
1.765141970036459451e+00 8.861433858803709717e+11
1.772202537916605314e+00 8.488320097581805420e+11
1.779291348068271716e+00 7.958082985574105225e+11
1.786408513460544745e+00 7.831997251425124512e+11
1.793554147514387020e+00 7.546709941845747070e+11
1.800728364104444257e+00 7.364987508264591064e+11
1.807931277560862249e+00 6.927233281758153076e+11
1.815163002671105641e+00 7.115076243658714600e+11
1.822423654681789795e+00 6.912198724614707031e+11
1.829713349300517100e+00 6.827072633033687744e+11
1.837032202697718830e+00 6.715590917578894043e+11
1.844380331508509885e+00 6.168979208089840088e+11
1.851757852834543527e+00 6.108409836424001465e+11
1.859164884245881888e+00 5.444599119696041870e+11
1.866601543782865358e+00 5.888221558398619385e+11
1.874067949957996859e+00 5.880145397442745361e+11
1.881564221757828781e+00 5.954573566926879883e+11
1.889090478644860127e+00 6.155425917221878662e+11
1.896646840559439662e+00 6.134143943888981934e+11
1.904233427921677269e+00 6.214830401727767334e+11
1.911850361633363971e+00 6.187172127959116211e+11
1.919497763079897279e+00 6.073286215547689209e+11
1.927175754132217200e+00 6.048472603209664307e+11
1.934884457148745796e+00 6.101458058069136963e+11
1.942623994977340729e+00 5.893569269178637695e+11
1.950394490957250149e+00 6.072158895175214844e+11
1.958196068921079336e+00 6.021748988560773926e+11
1.966028853196763793e+00 5.987794980815981445e+11
1.973892968609550991e+00 5.872734431104919434e+11
1.981788540483989447e+00 5.691346465403741455e+11
1.989715694645925126e+00 5.644190949336697998e+11
1.997674557424508723e+00 5.539822744140140381e+11
2.005665255654207169e+00 5.446298785937732544e+11
2.013687916676823786e+00 5.439438101060736694e+11
2.021742668343530891e+00 5.519635826878610840e+11
2.029829639016905052e+00 5.413557813877507324e+11
2.037948957572972564e+00 5.409047107044692383e+11
2.046100753403264694e+00 5.449823451347849121e+11
2.054285156416877811e+00 5.522798724027645264e+11
2.062502297042545507e+00 5.501279000909576416e+11
2.070752306230715600e+00 5.581862763147580566e+11
2.079035315455638244e+00 5.602001712945008545e+11
2.087351456717461140e+00 5.585039536756633301e+11
2.095700862544330967e+00 5.690031169165579834e+11
2.104083665994508134e+00 5.801805903600272217e+11
2.112500000658485977e+00 5.844628409849012451e+11
2.120950000661120161e+00 5.893967377895466309e+11
2.129433800663764753e+00 5.857730638122027588e+11
2.137951535866419839e+00 5.940203202048299561e+11
2.146503342009885351e+00 6.095325623917465820e+11
2.155089355377924676e+00 6.091390456006621094e+11
2.163709712799436691e+00 6.183742552445701904e+11
2.172364551650634468e+00 6.215554112567161865e+11
2.181054009857236853e+00 6.212154405168686523e+11
2.189778225896665376e+00 6.246862623933289795e+11
2.198537338800252705e+00 6.321771157047829590e+11
2.207331488155453325e+00 6.276179194313323975e+11
2.216160814108075083e+00 6.349227463459284668e+11
2.225025457364507631e+00 6.385867658826976318e+11
2.233925559193965515e+00 6.386072904391477051e+11
2.242861261430741493e+00 6.433350481478743896e+11
2.251832706476463830e+00 6.389126272255936279e+11
2.260840037302370042e+00 6.329153208797354736e+11
2.269883397451579299e+00 6.362285594695399170e+11
2.278962931041386142e+00 6.312305581654794922e+11
2.288078782765551100e+00 6.347198421487867432e+11
2.297231097896613505e+00 5.468452185386298218e+11
2.306420022288200311e+00 5.992157951648985596e+11
2.315645702377353121e+00 5.802701996910286865e+11
2.324908285186861878e+00 5.152151475663546753e+11
2.334207918327609654e+00 5.497838845699941406e+11
2.343544750000919663e+00 5.382718692358676758e+11
2.352918929000923143e+00 4.815903299139453125e+11
2.362330604716927240e+00 5.022777955571788330e+11
2.371779927135795329e+00 5.075255285440289917e+11
2.381267046844337987e+00 4.704078724381452637e+11
2.390792115031715070e+00 4.602147608530977173e+11
2.400355283491842240e+00 4.503137628573457642e+11
2.409956704625809465e+00 4.171490384772843628e+11
2.419596531444312859e+00 4.128944744686663208e+11
2.429274917570089620e+00 3.850677028048636475e+11
2.438992017240370291e+00 3.708458700779748535e+11
2.448747985309331465e+00 3.518915707768821411e+11
2.458542977250568917e+00 3.388390333605375977e+11
2.468377149159570738e+00 3.313701675927343140e+11
2.478250657756209563e+00 3.004409028204332886e+11
2.488163660387234355e+00 3.008025310872922363e+11
2.498116315028783063e+00 2.975262918756616821e+11
2.508108780288898387e+00 2.698167736970304565e+11
2.518141215410053757e+00 2.695451325950906677e+11
2.528213780271693967e+00 2.572815501760399170e+11
2.538326635392781139e+00 2.541808883094636536e+11
2.548479941934351789e+00 2.503896532532025757e+11
2.558673861702089436e+00 2.436460550320505371e+11
2.568908557148898097e+00 2.467501154192222290e+11
2.579184191377493551e+00 2.314692225547509766e+11
2.589500928143003478e+00 2.427049874909341125e+11
2.599858931855575594e+00 2.456184272507445068e+11
2.610258367582998229e+00 2.484327339001393738e+11
2.620699401053329769e+00 2.382913377807325439e+11
2.631182198657543214e+00 2.405945636860007324e+11
2.641706927452173392e+00 2.376146673703555908e+11
2.652273755161981938e+00 2.482786889487705994e+11
2.662882850182629824e+00 2.496756194635316162e+11
2.673534381583360542e+00 2.311810727844356384e+11
2.684228519109693956e+00 2.339148366957807617e+11
2.694965433186132575e+00 2.215824648201316833e+11
2.705745294918877164e+00 2.209043088427790527e+11
2.716568276098552559e+00 2.154156778880737305e+11
2.727434549202946812e+00 2.057655252532432556e+11
2.738344287399758326e+00 2.021734875135998535e+11
2.749297664549357201e+00 1.999407425179924622e+11
2.760294855207554576e+00 2.006979345356224060e+11
2.771336034628385292e+00 1.933496270504080505e+11
2.782421378766898545e+00 1.842406355005337830e+11
2.793551064281966312e+00 1.884190493078283386e+11
2.804725268539093985e+00 1.791670376466896057e+11
2.815944169613250558e+00 1.732462123426567078e+11
2.827207946291703244e+00 1.830834385670914612e+11
2.838516778076869862e+00 1.722444900161473999e+11
2.849870845189177437e+00 1.715722971965625305e+11
2.861270328569933685e+00 1.752003857809089661e+11
2.872715409884213589e+00 1.724560748016707458e+11
2.884206271523750420e+00 1.702439967853668518e+11
2.895743096609845413e+00 1.738388199792359619e+11
2.907326068996284985e+00 1.587997259126231079e+11
2.918955373272270393e+00 1.609870892417445068e+11
2.930631194765359826e+00 1.653062605142668762e+11
2.942353719544420709e+00 1.582801314186306458e+11
2.954123134422598440e+00 1.597899441641509094e+11
2.965939626960289122e+00 1.556113344750102234e+11
2.977803385468130504e+00 1.617265994334669800e+11
2.989714599010003138e+00 1.547750108326186523e+11
3.001673457406043077e+00 1.566181698081477661e+11
3.013680151235667015e+00 1.561950179244472961e+11
3.025734871840609408e+00 1.506620309257579651e+11
3.037837811327972037e+00 1.593032835538330994e+11
3.049989162573283785e+00 1.508729505680400391e+11
3.062189119223576395e+00 1.591192378248265076e+11
3.074437875700470890e+00 1.527592159685571289e+11
3.086735627203272880e+00 1.536898062992497559e+11
3.099082569712085622e+00 1.555969549761568909e+11
3.111478899990933744e+00 1.502784774991082764e+11
3.123924815590897186e+00 1.544730743362475891e+11
3.136420514853261121e+00 1.522102103278898621e+11
3.148966196912674320e+00 1.521281039570034180e+11
3.161562061700325277e+00 1.544844627178305664e+11
3.174208309947126327e+00 1.491334921095090942e+11
3.186905143186915090e+00 1.583021281068837280e+11
3.199652763759662566e+00 1.450992901650620422e+11
3.212451374814701222e+00 1.563056300320017395e+11
3.225301180313960625e+00 1.526937012713236389e+11
3.238202385035215958e+00 1.517979628008845215e+11
3.251155194575356955e+00 1.558997886523736572e+11
3.264159815353658622e+00 1.554678834125155029e+11
3.277216454615073271e+00 1.531210094173590698e+11
3.290325320433533207e+00 1.537026745679359741e+11
3.303486621715267635e+00 1.545709938481795959e+11
3.316700568202128441e+00 1.512697259141535645e+11
3.329967370474937294e+00 1.575828368702866821e+11
3.343287239956836743e+00 1.497173493154390564e+11
3.356660388916663962e+00 1.529839952094873657e+11
3.370087030472330714e+00 1.543097976093732300e+11
3.383567378594220187e+00 1.507190601385043945e+11
3.397101648108596716e+00 1.514872917190872498e+11
3.410690054701031482e+00 1.511950494449372559e+11
3.424332814919834878e+00 1.512972020032934875e+11
3.438030146179514634e+00 1.495711613870890198e+11
3.451782266764232610e+00 1.515918140398361206e+11
3.465589395831289998e+00 1.515818405365066528e+11
3.479451753414614767e+00 1.497604376210892944e+11
3.493369560428273068e+00 1.454685864360463257e+11
3.507343038669985980e+00 1.515545515645332031e+11
3.521372410824665788e+00 1.457325517875522156e+11
3.535457900467964709e+00 1.471062237933047791e+11
3.549599732069836477e+00 1.465325392109936523e+11
3.563798130998116154e+00 1.461460177967472534e+11
3.578053323522108364e+00 1.461576637603165588e+11
3.592365536816196858e+00 1.458468160434656372e+11
3.606734998963461614e+00 1.446771014061334534e+11
3.621161938959315041e+00 1.432077056934862671e+11
3.635646586715152839e+00 1.433112415421602783e+11
3.650189173062013293e+00 1.428094662097221069e+11
3.664789929754260545e+00 1.428050057653215942e+11
3.679449089473277645e+00 1.406638697111018982e+11
3.694166885831170699e+00 1.404628641529770203e+11
3.708943553374495661e+00 1.422588010201760864e+11
3.723779327587993571e+00 1.420823742155896912e+11
3.738674444898345328e+00 1.377858406737496948e+11
3.753629142677938901e+00 1.404208653127832031e+11
3.768643659248651190e+00 1.383049134591196289e+11
3.783718233885645432e+00 1.401627026577518311e+11
3.798853106821188153e+00 1.380547668329207153e+11
3.814048519248473657e+00 1.377615415672491455e+11
3.829304713325467180e+00 1.332188548407088165e+11
3.844621932178768908e+00 1.348630295239854279e+11
3.860000419907484215e+00 1.351241318463708649e+11
3.875440421587113882e+00 1.333315255104727631e+11
3.890942183273462529e+00 1.312476802580038452e+11
3.906505952006555926e+00 1.302617249717593536e+11
3.922131975814582727e+00 1.292017689536475372e+11
3.937820503717840648e+00 1.272251521726243744e+11
3.953571785732711508e+00 1.241524839436232147e+11
3.969386072875642490e+00 1.223610649226946716e+11
3.985263617167145167e+00 1.183445735226493530e+11
4.001204671635814059e+00 1.166587640732497711e+11
4.017209490322357190e+00 1.157876829814580231e+11
4.033278328283646630e+00 1.121719755161266632e+11
4.049411441596781458e+00 1.077240029558555908e+11
4.065609087363168506e+00 1.071638480707217712e+11
4.081871523712622185e+00 1.010871365099432678e+11
4.098199009807472315e+00 1.025346119338845978e+11
4.114591805846702144e+00 9.968223408548321533e+10
4.131050173070089038e+00 9.829688663202011108e+10
4.147574373762369149e+00 9.840920321366932678e+10
4.164164671257418959e+00 9.294602191162835693e+10
4.180821329942449260e+00 9.343050961127246094e+10
4.197544615262219558e+00 9.203141599806452942e+10
4.214334793723269357e+00 8.848173759322511292e+10
4.231192132898162761e+00 8.853893760649578857e+10
4.248116901429755288e+00 8.156367130182200623e+10
4.265109369035473996e+00 8.065675791735919189e+10
4.282169806511615384e+00 8.011959183231295776e+10
4.299298485737661935e+00 7.762397052059019470e+10
4.316495679680612874e+00 7.774652100135694885e+10
4.333761662399335357e+00 7.536940394945365906e+10
4.351096709048932532e+00 7.324570625455204773e+10
4.368501095885127583e+00 7.070704392066616821e+10
4.385975100268668214e+00 6.884515448333102417e+10
4.403519000669743555e+00 6.653629829742130280e+10
4.421133076672422391e+00 6.489500740142435455e+10
4.438817608979111817e+00 6.234422329280245972e+10
4.456572879415028332e+00 6.254829233774570465e+10
4.474399170932688463e+00 5.986296989533187866e+10
4.492296767616419828e+00 5.937727943110554504e+10
4.510265954686884626e+00 5.973108030348476410e+10
4.528307018505633330e+00 5.711492153899542999e+10
4.546420246579655711e+00 5.800354100654803467e+10
4.564605927565974497e+00 5.537138258480735779e+10
4.582864351276237258e+00 5.727696398817423248e+10
4.601195808681342925e+00 5.498862726512367249e+10
4.619600591916067422e+00 5.452474266934387207e+10
4.638078994283731937e+00 5.380932382457683563e+10
4.656631310260867629e+00 5.339783655447885132e+10
4.675257835501911430e+00 5.121307756669455719e+10
4.693958866843916944e+00 5.286334644149312592e+10
4.712734702311292878e+00 5.070623417147248077e+10
4.731585641120538810e+00 5.046171521372466278e+10
4.750511983685020923e+00 5.045091272183621216e+10
4.769514031619761063e+00 4.838842675623989105e+10
4.788592087746240011e+00 4.742103536839598083e+10
4.807746456097224730e+00 4.775202259154145050e+10
4.826977441921613377e+00 4.751112038045609283e+10
4.846285351689299858e+00 4.639806956098880768e+10
4.865670493096057925e+00 4.610603354703128815e+10
4.885133175068442135e+00 4.497216822773681641e+10
4.904673707768715474e+00 4.509326666848942566e+10
4.924292402599791174e+00 4.393140728496610260e+10
4.943989572210189642e+00 4.340332276715564728e+10
4.963765530499030021e+00 4.193436723699287415e+10
4.983620592621027079e+00 4.307242167981171417e+10
5.003555074991511198e+00 4.184608666083119202e+10
5.023569295291476777e+00 4.023376478387813568e+10
5.043663572472643075e+00 4.240474346788360596e+10
5.063838226762532813e+00 4.028289603737495422e+10
5.084093579669583640e+00 3.981408968749877167e+10
5.104429953988261381e+00 3.975455406547321320e+10
5.124847673804215020e+00 3.909862758097411346e+10
5.145347064499431688e+00 3.868014942114221954e+10
5.165928452757428957e+00 3.742220734319781494e+10
5.186592166568458673e+00 3.811436539532210541e+10
5.207338535234733001e+00 3.673797468383029175e+10
5.228167889375671784e+00 3.705812391301381683e+10
5.249080560933174766e+00 3.531677256769996643e+10
5.270076883176907145e+00 3.530603183358247375e+10
5.291157190709615321e+00 3.501999800719644165e+10
5.312321819472453299e+00 3.460953496938059235e+10
5.333571106750343738e+00 3.451662094018563843e+10
5.354905391177344320e+00 3.284195935247118759e+10
5.376325012742054099e+00 3.356633100735037613e+10
5.397830312793021612e+00 3.232194640291376877e+10
5.419421634044193858e+00 3.063401065600659561e+10
5.441099320580370602e+00 3.171560552843325424e+10
5.462863717862692425e+00 3.081115213898431778e+10
5.484715172734142996e+00 3.066018111215456772e+10
5.506654033425078865e+00 3.102230583223164749e+10
5.528680649558780580e+00 2.864813140470609665e+10
5.550795372157015350e+00 2.878856860893109131e+10
5.572998553645643227e+00 2.833942295462221146e+10
5.595290547860225949e+00 2.913139545542255402e+10
5.617671710051667766e+00 2.792435703579080963e+10
5.640142396891874021e+00 2.818541265746792221e+10
5.662702966479441713e+00 2.765533245998896408e+10
5.685353778345359821e+00 2.647376516794379425e+10
5.708095193458740724e+00 2.688732803080128479e+10
5.730927574232576482e+00 2.557161570378631210e+10
5.753851284529505783e+00 2.689901466085267258e+10
5.776866689667624399e+00 2.530078784284543228e+10
5.799974156426294769e+00 2.605344014564205933e+10
5.823174053051999977e+00 2.475580560347751999e+10
5.846466749264207508e+00 2.464211214428379059e+10
5.869852616261264977e+00 2.477620021760574722e+10
5.893332026726310069e+00 2.420583385707104874e+10
5.916905354833215114e+00 2.463188687139659882e+10
5.940572976252548543e+00 2.345090873981806946e+10
5.964335268157558545e+00 2.388628336876050568e+10
5.988192609230189589e+00 2.347299608480769348e+10
6.012145379667110490e+00 2.373889058007344055e+10
6.036193961185778889e+00 2.241230585326042175e+10
6.060338737030522616e+00 2.266353050521551132e+10
6.084580091978644134e+00 2.338154711990937805e+10
6.108918412346558746e+00 2.212119774756741714e+10
6.133354085995945226e+00 2.328910882691392136e+10
6.157887502339929320e+00 2.241333319119536591e+10
6.182519052349287669e+00 2.187200262089870453e+10
6.207249128558685491e+00 2.209954417727123260e+10
6.232078125072920471e+00 2.185323699893633270e+10
6.257006437573212843e+00 2.128144252050473785e+10
6.282034463323505236e+00 2.110425095546200562e+10
6.307162601176800720e+00 2.090531866674376297e+10
6.332391251581507063e+00 2.069986380858692551e+10
6.357720816587833390e+00 2.027922608459674835e+10
6.383151699854184180e+00 1.960103628502065277e+10
6.408684306653601226e+00 1.882201637682501221e+10
6.434319043880215361e+00 1.884252687186333847e+10
6.460056320055736379e+00 1.759920037938861465e+10
6.485896545335958052e+00 1.607925066396037292e+10
6.511840131517302233e+00 1.647839800094202042e+10
6.537887492043371829e+00 1.576423110709834099e+10
6.564039042011545533e+00 1.506867723778611183e+10
6.590295198179591196e+00 1.435816141606737137e+10
6.616656378972309405e+00 1.418777311776242256e+10
6.643123004488199257e+00 1.356203601494175148e+10
6.669695496506150789e+00 1.372147218446945190e+10
6.696374278492176479e+00 1.357937802778173447e+10
6.723159775606144528e+00 1.386742312739878082e+10
6.750052414708568094e+00 1.357418660763037300e+10
6.777052624367403411e+00 1.290503475302442169e+10
6.804160834864871887e+00 1.308182797736691093e+10
6.831377478204331055e+00 1.259110358138498306e+10
6.858702988117148180e+00 1.287322943637858963e+10
6.886137800069615622e+00 1.266700318740615463e+10
6.913682351269895499e+00 1.249661244516671181e+10
6.941337080674975013e+00 1.252065769234156418e+10
6.969102428997675069e+00 1.239610316782726288e+10
6.996978838713665994e+00 1.235858502034245872e+10
7.024966754068519670e+00 1.218966497613515091e+10
7.053066621084793653e+00 1.188215717545932770e+10
7.081278887569133929e+00 1.169733964953571510e+10
7.109604003119409654e+00 1.121345229353776741e+10
7.138042419131887861e+00 1.163013038161252785e+10
7.166594588808414379e+00 1.154733119105099487e+10
7.195260967163648047e+00 1.130428832407328224e+10
7.224042011032302923e+00 1.113598236998849297e+10
7.252938179076432235e+00 1.096826746869726181e+10
7.281949931792737196e+00 1.097680114008510017e+10
7.311077731519908696e+00 1.084876002988993645e+10
7.340322042445988515e+00 1.049552745485291672e+10
7.369683330615771411e+00 1.035380565808882523e+10
7.399162063938235612e+00 1.067361548802229118e+10
7.428758712193988423e+00 9.997769315697225571e+09
7.458473747042765112e+00 1.021134788716215515e+10
7.488307642030935796e+00 1.008361104753059769e+10
7.518260872599060285e+00 9.770130450682954788e+09
7.548333916089456253e+00 1.002927529982986450e+10
7.578527251753813587e+00 9.520694569216529846e+09
7.608841360760829176e+00 9.017285764471410751e+09
7.639276726203872769e+00 9.448776199432052612e+09
7.669833833108687493e+00 9.015648677524442673e+09
7.700513168441122325e+00 9.109936522645139694e+09
7.731315221114887670e+00 8.952861479812009811e+09
7.762240481999347352e+00 8.667637677462009430e+09
7.793289443927344351e+00 8.780047508862655640e+09
7.824462601703054077e+00 8.799417579435192108e+09
7.855760452109866065e+00 8.515616467583792686e+09
7.887183493918306532e+00 7.993376647025601387e+09
7.918732227893980458e+00 8.169740108729726791e+09
7.950407156805555431e+00 8.084797157648230553e+09
7.982208785432777454e+00 7.779489646527005196e+09
8.014137620574508958e+00 8.005046899870706558e+09
8.046194171056805899e+00 7.614217493510252953e+09
8.078378947741034821e+00 7.637928989331820488e+09
8.110692463531997021e+00 7.389911961098339081e+09
8.143135233386125549e+00 7.447134114984044075e+09
8.175707774319670662e+00 7.360829857727952003e+09
8.208410605416949224e+00 7.020669307489783287e+09
8.241244247838615422e+00 7.199229546769362450e+09
8.274209224829968790e+00 6.804946650145445824e+09
8.307306061729288871e+00 6.998998871563347816e+09
8.340535285976207192e+00 6.655381913157812119e+09
8.373897427120111203e+00 6.513566463352441788e+09
8.407393016828594412e+00 6.724767308563529968e+09
8.441022588895906509e+00 6.406463741973609924e+09
8.474786679251490540e+00 6.616626570155109406e+09
8.508685825968495209e+00 6.347642362992860794e+09
8.542720569272368891e+00 6.345495309308959961e+09
8.576891451549458978e+00 6.169296432346558571e+09
8.611199017355655627e+00 6.260136502866071701e+09
8.645643813425078150e+00 6.220030027522790909e+09
8.680226388678779159e+00 6.037895501328201294e+09
8.714947294233493125e+00 6.019143822277788162e+09
8.749807083410427566e+00 5.721192527245910645e+09
8.784806311744070229e+00 5.880211489562623978e+09
8.819945536991047774e+00 5.767040303701334953e+09
8.855225319139009343e+00 5.701126888411491394e+09
8.890646220415566958e+00 5.779064790156841278e+09
8.926208805297228821e+00 5.728074572791627884e+09
8.961913640518417878e+00 5.438698814208070755e+09
8.997761295080492161e+00 5.560615206353490829e+09
9.033752340260813085e+00 5.504901510610772133e+09
9.069887349621856387e+00 5.444841547177416801e+09
9.106166899020346150e+00 5.337659019433734894e+09
9.142591566616424359e+00 5.312412997455626488e+09
9.179161932882891506e+00 5.285782018344967842e+09
9.215878580614422333e+00 5.155257122598037720e+09
9.252742094936881045e+00 5.004862373140995026e+09
9.289753063316627646e+00 5.028080480297231674e+09
9.326912075569895322e+00 4.959914785068331718e+09
9.364219723872173162e+00 5.055387452740604401e+09
9.401676602767663482e+00 4.799991600983381271e+09
9.439283309178733816e+00 4.775970221623824120e+09
9.477040442415447075e+00 4.800495096392713547e+09
9.514948604185111236e+00 4.687275866478177071e+09
9.553008398601852136e+00 4.779626874319835663e+09
9.591220432196260859e+00 4.544287696449893951e+09
9.629585313925044687e+00 4.465851146029995918e+09
9.668103655180747324e+00 4.458013263994573593e+09
9.706776069801470896e+00 4.365064821319226265e+09
9.745603174080676112e+00 4.401757251726327896e+09
9.784585586776998412e+00 4.375171830169400215e+09
9.823723929124106746e+00 4.234115975381298065e+09
9.863018824840601440e+00 4.196293073564930439e+09
9.902470900139965337e+00 3.913724837068981647e+09
9.942080783740523842e+00 4.107960758731466293e+09
9.981849106875488431e+00 3.993291700502186298e+09
1.002177650330298952e+01 3.964017036604572773e+09
1.006186360931619994e+01 3.868632021763944626e+09
1.010211106375346723e+01 3.749871463128248692e+09
1.014251950800847979e+01 3.809651195524707794e+09
1.018308958604051284e+01 3.789242166933619499e+09
1.022382194438467451e+01 3.643676770754529953e+09
1.026471723216221399e+01 3.611801895664717674e+09
1.030577610109086173e+01 3.540881845517752647e+09
1.034699920549522467e+01 3.469058425497048855e+09
1.038838720231720458e+01 3.447965578989591122e+09
1.042994075112647501e+01 3.365914673084382057e+09
1.047166051413097954e+01 3.307869584265866756e+09
1.051354715618750468e+01 3.313571688265604973e+09
1.055560134481225454e+01 3.220815295299014568e+09
1.059782375019150358e+01 3.116260016198512077e+09
1.064021504519226902e+01 3.163613584759385109e+09
1.068277590537303823e+01 3.151560925993073940e+09
1.072550700899452991e+01 3.013735229779975891e+09
1.076840903703050856e+01 2.933057821542407036e+09
1.081148267317863088e+01 2.960472598063100338e+09
1.085472860387134553e+01 2.990692576414901257e+09
1.089814751828683015e+01 2.797343320253178596e+09
1.094174010835997635e+01 2.816744752761465073e+09
1.098550706879341909e+01 2.669841729455632687e+09
1.102944909706859100e+01 2.667797807662901402e+09
1.107356689345686540e+01 2.662550793138088226e+09
1.111786116103069233e+01 2.615582797598056316e+09
1.116233260567481622e+01 2.569377727977515697e+09
1.120698193609751492e+01 2.496539170129145145e+09
1.125180986384190440e+01 2.483145812572097778e+09
1.129681710329727373e+01 2.436436700457921505e+09
1.134200437171046083e+01 2.422047277558160305e+09
1.138737238919730466e+01 2.380039323161260128e+09
1.143292187875409383e+01 2.328123008561973572e+09
1.147865356626910938e+01 2.318056069012800217e+09
1.152456818053418530e+01 2.266299496086197376e+09
1.157066645325632237e+01 2.192974433149919987e+09
1.161694911906934635e+01 2.169826390512207508e+09
1.166341691554562487e+01 2.159395153754748821e+09
1.171007058320780736e+01 2.099541867188653708e+09
1.175691086554063958e+01 2.009398932328864336e+09
1.180393850900279951e+01 2.029028587096131802e+09
1.185115426303881137e+01 1.985980547500683546e+09
1.189855888009096674e+01 1.980832865033317804e+09
1.194615311561133097e+01 1.950608073018324137e+09
1.199393772807377623e+01 1.931289794294640779e+09
1.204191347898607134e+01 1.902971058863382339e+09
1.209008113290201614e+01 1.861865184444204092e+09
1.213844145743362368e+01 1.814412389429392099e+09
1.218699522326335938e+01 1.837210619427353144e+09
1.223574320415641381e+01 1.767150199073794365e+09
1.228468617697303777e+01 1.782226919557405710e+09
1.233382492168093059e+01 1.715166914303783178e+09
1.238316022136765504e+01 1.702236018949359894e+09
1.243269286225312520e+01 1.593602881855786085e+09
1.248242363370213859e+01 1.657235303226490259e+09
1.253235332823694748e+01 1.571771051581284046e+09
1.258248274154989410e+01 1.600048469703993797e+09
1.263281267251609385e+01 1.565619928608848333e+09
1.268334392320615756e+01 1.528748958406420231e+09
1.273407729889898299e+01 1.548765173548857689e+09
1.278501360809457665e+01 1.458862832500134706e+09
1.283615366252695544e+01 1.427771618060441494e+09
1.288749827717706253e+01 1.483303915469793558e+09
1.293904827028577031e+01 1.384988052658007145e+09
1.299080446336691352e+01 1.421052447022167444e+09
1.304276768122038099e+01 1.361122540713999987e+09
1.309493875194526424e+01 1.373057315187524080e+09
1.314731850695304693e+01 1.331225704150861979e+09
1.319990778098085649e+01 1.302311908715672970e+09
1.325270741210477965e+01 1.264337723129028797e+09
1.330571824175319939e+01 1.249566981697433233e+09
1.335894111472021173e+01 1.252156308291640043e+09
1.341237687917909227e+01 1.247143302512044668e+09
1.346602638669580898e+01 1.179357285948889971e+09
1.351989049224258999e+01 1.208880562224270582e+09
1.357397005421156067e+01 1.159150113284540176e+09
1.362826593442840917e+01 1.154899923787947178e+09
1.368277899816612297e+01 1.143940009676393032e+09
1.373751011415878942e+01 1.085767625756927729e+09
1.379246015461542463e+01 1.123984461396104813e+09
1.384762999523388416e+01 1.052989229073888898e+09
1.390302051521481808e+01 1.099528761644762754e+09
1.395863259727567751e+01 1.060586366945478082e+09
1.401446712766477987e+01 1.014435099126272440e+09
1.407052499617543972e+01 1.051475745266669869e+09
1.412680709616014063e+01 9.784772217285640240e+08
1.418331432454478147e+01 9.514378479338070154e+08
1.424004758184296193e+01 9.693422035240437984e+08
1.429700777217033369e+01 9.844252740782418251e+08
1.435419580325901379e+01 9.228148865157554150e+08
1.441161258647204946e+01 9.317958020742762089e+08
1.446925903681793812e+01 8.860661084608582258e+08
1.452713607296521126e+01 9.037800598633230925e+08
1.458524461725707155e+01 8.829646980909694433e+08
1.464358559572609764e+01 8.459313667177549601e+08
1.470215993810900557e+01 8.405263565466933250e+08
1.476096857786143879e+01 8.665460887175856829e+08
1.482001245217288599e+01 8.333281957554850578e+08
1.487929250198157760e+01 8.040274297938746214e+08
1.493880967198950316e+01 7.972394331431026459e+08
1.499856491067746056e+01 7.927977463041256666e+08
1.505855917032016933e+01 7.858256281327546835e+08
1.511879340700144958e+01 7.625976919007374048e+08
1.517926858062945605e+01 7.395912171173849106e+08
1.523998565495197433e+01 7.620910214383934736e+08
1.530094559757178274e+01 7.266467591504894495e+08
1.536214937996206764e+01 7.180241361280635595e+08
1.542359797748191674e+01 7.043482791762157679e+08
1.548529236939184450e+01 7.034791194779524803e+08
1.554723353886941339e+01 6.697255929469856024e+08
1.560942247302489072e+01 6.928143514493659735e+08
1.567186016291699069e+01 6.741573197317906618e+08
1.573454760356865556e+01 6.494808901849720478e+08
1.579748579398293096e+01 6.560728479986660480e+08
1.586067573715886247e+01 6.360907810731111765e+08
1.592411844010749888e+01 6.487731297294036150e+08
1.598781491386792730e+01 5.936356901683895588e+08
1.605176617352340074e+01 6.077031097533516884e+08
1.611597323821749228e+01 5.820051854090487957e+08
1.618043713117036120e+01 5.941743129280577898e+08
1.624515887969504391e+01 5.563716848130583763e+08
1.631013951521382310e+01 5.851488987057201862e+08
1.637538007327468037e+01 5.758665255109151602e+08
1.644088159356778078e+01 5.664742149363893270e+08
1.650664511994205341e+01 5.414263366508677006e+08
1.657267170042182158e+01 5.292564157209451199e+08
1.663896238722350418e+01 5.024216241681644320e+08
1.670551823677240222e+01 5.241598750430588126e+08
1.677234030971949608e+01 5.308656163195740581e+08
1.683942967095837062e+01 5.082313969925873876e+08
1.690678738964220429e+01 4.960027345253422856e+08
1.697441453920077237e+01 5.009150988100465536e+08
1.704231219735757108e+01 5.181349946437171102e+08
1.711048144614700561e+01 4.547630222208714485e+08
1.717892337193159236e+01 4.742643416943243146e+08
1.724763906541932101e+01 4.480431336959698200e+08
1.731662962168099895e+01 4.475457011560733318e+08
1.738589614016772344e+01 4.336121636837214231e+08
1.745543972472839300e+01 4.488382967144216299e+08
1.752526148362730751e+01 4.356977704736886621e+08
1.759536252956181812e+01 4.197415633972153664e+08
1.766574397968006238e+01 4.139362598322443962e+08
1.773640695559878466e+01 4.117674602763246298e+08
1.780735258342117433e+01 4.114280632068859339e+08
1.787858199375486024e+01 4.137807095372594595e+08
1.795009632172988034e+01 3.891785702596873045e+08
1.802189670701679702e+01 3.981863139482260346e+08
1.809398429384486562e+01 3.889943010912821293e+08
1.816636023102024211e+01 3.535240889530376196e+08
1.823902567194432578e+01 3.827320255090522170e+08
1.831198177463210186e+01 3.766760320719764829e+08
1.838522970173062987e+01 3.666439429149834514e+08
1.845877062053754969e+01 3.608664056872005463e+08
1.853260570301970134e+01 3.350302395419229269e+08
1.860673612583178027e+01 3.239552397804431319e+08
1.868116307033510637e+01 3.364552816731024981e+08
1.875588772261644976e+01 3.284775190408437848e+08
1.883091127350691352e+01 3.434091064360369444e+08
1.890623491860094063e+01 3.234603779100112319e+08
1.898185985827534594e+01 3.136706601654759049e+08
1.905778729770844748e+01 3.287760217285974622e+08
1.913401844689928311e+01 3.230126237955253124e+08
1.921055452068688041e+01 2.923360168070942760e+08
1.928739673876962968e+01 3.009741980689052343e+08
1.936454632572470658e+01 3.019927985493413210e+08
1.944200451102760141e+01 2.699341296853141785e+08
1.951977252907171589e+01 3.017555923766373396e+08
1.959785161918800256e+01 2.760051187552371621e+08
1.967624302566475691e+01 2.770526643605311513e+08
1.991079942767366973e+01 2.679633285571739674e+08
