# Temperature (K), Pressure (bars)
9.229009309272666997e+02 9.999999999999999547e-07
9.506596842082415151e+02 1.778279410038922901e-06
9.784184374925438306e+02 3.162277660168379191e-06
1.009588084505695633e+03 5.623413251903491208e-06
1.043766063147038267e+03 1.000000000000000082e-05
1.081187485590674441e+03 1.778279410038922901e-05
1.122669635089220719e+03 3.162277660168379530e-05
1.167826705016359710e+03 5.623413251903490700e-05
1.217000460686174392e+03 1.000000000000000048e-04
1.269992459110274240e+03 1.778279410038922698e-04
1.326572184291993381e+03 3.162277660168379394e-04
1.388175253542072596e+03 5.623413251903490971e-04
1.456582944708752620e+03 1.000000000000000021e-03
1.537237695821572743e+03 1.778279410038922752e-03
1.634162499827023566e+03 3.162277660168379394e-03
1.765199736116749591e+03 5.623413251903490971e-03
1.948868471513828354e+03 1.000000000000000021e-02
2.154366780018186546e+03 1.778279410038922925e-02
2.347366288755794812e+03 3.162277660168379134e-02
2.527854438875106098e+03 5.623413251903491145e-02
2.702296934676489400e+03 1.000000000000000056e-01
2.875509787162894099e+03 1.778279410038922925e-01
3.050751963015199181e+03 3.162277660168379412e-01
3.230570553279071646e+03 5.623413251903490728e-01
3.418021466089347086e+03 1.000000000000000000e+00
3.617200240925231810e+03 1.778279410038922759e+00
3.832836826033308171e+03 3.162277660168379523e+00
4.070150565718146936e+03 5.623413251903491172e+00
4.335243422453599123e+03 1.000000000000000000e+01
4.635814147225530178e+03 1.778279410038922848e+01
4.982533819366545686e+03 3.162277660168379256e+01
5.393767588400653949e+03 5.623413251903490817e+01
5.886780555869016098e+03 1.000000000000000000e+02
6.492002340343081414e+03 1.778279410038922776e+02
7.254169853700697786e+03 3.162277660168379612e+02
