# Temperature (K), Pressure (bars)
2.365536963532478694e+03 9.999999999999999547e-07
2.382389194088418662e+03 1.778279410038922901e-06
2.399241424644358631e+03 3.162277660168379191e-06
2.414849036615809382e+03 5.623413251903491208e-06
2.428260049521974452e+03 1.000000000000000082e-05
2.439273585614287185e+03 1.778279410038922901e-05
2.439384743742126830e+03 3.162277660168379530e-05
2.413422279380838518e+03 5.623413251903490700e-05
2.375412947243247345e+03 1.000000000000000048e-04
2.362661933829918780e+03 1.778279410038922698e-04
2.384509931353291449e+03 3.162277660168379394e-04
2.425841871858341619e+03 5.623413251903490971e-04
2.476405848199437969e+03 1.000000000000000021e-03
2.534729201879415086e+03 1.778279410038922752e-03
2.601470949784334152e+03 3.162277660168379394e-03
2.681796864935720805e+03 5.623413251903490971e-03
2.783460906984141275e+03 1.000000000000000021e-02
2.903062165354394438e+03 1.778279410038922925e-02
3.036130566814567828e+03 3.162277660168379134e-02
3.185214271192844535e+03 5.623413251903491145e-02
3.354298270887227773e+03 1.000000000000000056e-01
3.550779904260011335e+03 1.778279410038922925e-01
3.766822561597368349e+03 3.162277660168379412e-01
4.025127785004587622e+03 5.623413251903490728e-01
4.325481928007393435e+03 1.000000000000000000e+00
4.715363174968385465e+03 1.778279410038922759e+00
5.272453522010973757e+03 3.162277660168379523e+00
6.142438020177850376e+03 5.623413251903491172e+00
7.472201465312046821e+03 1.000000000000000000e+01
9.182734281649863988e+03 1.778279410038922848e+01
1.000000000000000000e+04 3.162277660168379256e+01
1.000000000000000000e+04 5.623413251903490817e+01
1.000000000000000000e+04 1.000000000000000000e+02
1.000000000000000000e+04 1.778279410038922776e+02
1.000000000000000000e+04 3.162277660168379612e+02
