# Temperature (K), Pressure (bars)
nan 9.999999999999999547e-07
nan 1.778279410038922901e-06
nan 3.162277660168379191e-06
nan 5.623413251903491208e-06
nan 1.000000000000000082e-05
nan 1.778279410038922901e-05
nan 3.162277660168379530e-05
nan 5.623413251903490700e-05
nan 1.000000000000000048e-04
nan 1.778279410038922698e-04
nan 3.162277660168379394e-04
nan 5.623413251903490971e-04
nan 1.000000000000000021e-03
nan 1.778279410038922752e-03
nan 3.162277660168379394e-03
nan 5.623413251903490971e-03
nan 1.000000000000000021e-02
nan 1.778279410038922925e-02
nan 3.162277660168379134e-02
nan 5.623413251903491145e-02
nan 1.000000000000000056e-01
nan 1.778279410038922925e-01
nan 3.162277660168379412e-01
nan 5.623413251903490728e-01
nan 1.000000000000000000e+00
nan 1.778279410038922759e+00
nan 3.162277660168379523e+00
nan 5.623413251903491172e+00
nan 1.000000000000000000e+01
nan 1.778279410038922848e+01
nan 3.162277660168379256e+01
nan 5.623413251903490817e+01
nan 1.000000000000000000e+02
nan 1.778279410038922776e+02
nan 3.162277660168379612e+02
