# Temperature (K), Pressure (bars)
2.448067170925363826e+03 9.999999999999999547e-07
2.424151515595417550e+03 1.778279410038922901e-06
2.400235860265471729e+03 3.162277660168379191e-06
2.418145775548531674e+03 5.623413251903491208e-06
2.453256892346837049e+03 1.000000000000000082e-05
2.487153031339315021e+03 1.778279410038922901e-05
2.525710294699211317e+03 3.162277660168379530e-05
2.569583457885243206e+03 5.623413251903490700e-05
2.617555648405638294e+03 1.000000000000000048e-04
2.668867343018479460e+03 1.778279410038922698e-04
2.721299696473148288e+03 3.162277660168379394e-04
2.772179917863868013e+03 5.623413251903490971e-04
2.818994609764267352e+03 1.000000000000000021e-03
2.860211896067290127e+03 1.778279410038922752e-03
2.897951311169171731e+03 3.162277660168379394e-03
2.939848574967430977e+03 5.623413251903490971e-03
2.993085838411170243e+03 1.000000000000000021e-02
3.061571048512772450e+03 1.778279410038922925e-02
3.138999411232193779e+03 3.162277660168379134e-02
3.241732775313639650e+03 5.623413251903491145e-02
3.403014148870844110e+03 1.000000000000000056e-01
3.599595886952150067e+03 1.778279410038922925e-01
3.834260140044368654e+03 3.162277660168379412e-01
4.102788611246488472e+03 5.623413251903490728e-01
4.439592411978784185e+03 1.000000000000000000e+00
4.904882143695656850e+03 1.778279410038922759e+00
5.629902985049790914e+03 3.162277660168379523e+00
6.800006409707557395e+03 5.623413251903491172e+00
8.387120970222837059e+03 1.000000000000000000e+01
1.000000000000000000e+04 1.778279410038922848e+01
1.000000000000000000e+04 3.162277660168379256e+01
1.000000000000000000e+04 5.623413251903490817e+01
1.000000000000000000e+04 1.000000000000000000e+02
1.000000000000000000e+04 1.778279410038922776e+02
1.000000000000000000e+04 3.162277660168379612e+02
