# Temperature (K), Pressure (bars)
1.172432763600377029e+03 1.778279410038922901e-06
1.208686685775182696e+03 3.162277660168379191e-06
1.244940609406523436e+03 5.623413251903491208e-06
1.284462241232957695e+03 1.000000000000000082e-05
1.327482133962672378e+03 1.778279410038922901e-05
1.373011345898889886e+03 3.162277660168379530e-05
1.423764002002145389e+03 5.623413251903490700e-05
1.482304776140577360e+03 1.000000000000000048e-04
1.548974137316381302e+03 1.778279410038922698e-04
1.620649017978034408e+03 3.162277660168379394e-04
1.702848729218565040e+03 5.623413251903490971e-04
1.805502821029863298e+03 1.000000000000000021e-03
1.914584672572293130e+03 1.778279410038922752e-03
2.029880545127401319e+03 3.162277660168379394e-03
2.169434415664006792e+03 5.623413251903490971e-03
2.320480804762503340e+03 1.000000000000000021e-02
2.469860176343046533e+03 1.778279410038922925e-02
2.621379307062875341e+03 3.162277660168379134e-02
2.777314698315095939e+03 5.623413251903491145e-02
2.939729589129275610e+03 1.000000000000000056e-01
3.110591417017722051e+03 1.778279410038922925e-01
3.291512914806871777e+03 3.162277660168379412e-01
3.483925020749550185e+03 5.623413251903490728e-01
3.690395418607205556e+03 1.000000000000000000e+00
3.915632318707317609e+03 1.778279410038922759e+00
4.166328583309044916e+03 3.162277660168379523e+00
4.451312870890640625e+03 5.623413251903491172e+00
4.782873478087671174e+03 1.000000000000000000e+01
5.178519308658092086e+03 1.778279410038922848e+01
5.667663615386362835e+03 3.162277660168379256e+01
6.295531476477626711e+03 5.623413251903490817e+01
7.135149116391141433e+03 1.000000000000000000e+02
8.315628227093689929e+03 1.778279410038922776e+02
9.974107367201368106e+03 3.162277660168379612e+02
