# Temperature (K), Pressure (bars)
9.636361500544491037e+02 3.162277660168379530e-05
1.007835762832371870e+03 5.623413251903490700e-05
1.052035377306195414e+03 1.000000000000000048e-04
1.096918481665657055e+03 1.778279410038922698e-04
1.143225188754733608e+03 3.162277660168379394e-04
1.192049952149907085e+03 5.623413251903490971e-04
1.244177124786813238e+03 1.000000000000000021e-03
1.299477620683325313e+03 1.778279410038922752e-03
1.359171343602061370e+03 3.162277660168379394e-03
1.427314026604124592e+03 5.623413251903490971e-03
1.509317208011093953e+03 1.000000000000000021e-02
1.608465863244578941e+03 1.778279410038922925e-02
1.729194346828968946e+03 3.162277660168379134e-02
1.868948739611120573e+03 5.623413251903491145e-02
2.045078146502105710e+03 1.000000000000000056e-01
2.270366754251068414e+03 1.778279410038922925e-01
2.497137063997957284e+03 3.162277660168379412e-01
2.701846749408019605e+03 5.623413251903490728e-01
2.901489236376967710e+03 1.000000000000000000e+00
3.102232890476716420e+03 1.778279410038922759e+00
3.308311126285628234e+03 3.162277660168379523e+00
3.524146946439803742e+03 5.623413251903491172e+00
3.754666480803978175e+03 1.000000000000000000e+01
4.005229373201275394e+03 1.778279410038922848e+01
4.283832543989708029e+03 3.162277660168379256e+01
4.595941004163712932e+03 5.623413251903490817e+01
4.949892843580846602e+03 1.000000000000000000e+02
5.349638034630235779e+03 1.778279410038922776e+02
5.821773683482852903e+03 3.162277660168379612e+02
