# Temperature (K), Pressure (bars)
2.151090862904526148e+03 9.999999999999999547e-07
2.185476892353347921e+03 1.778279410038922901e-06
2.219862921802169240e+03 3.162277660168379191e-06
2.255415835553594661e+03 5.623413251903491208e-06
2.291498350933829897e+03 1.000000000000000082e-05
2.325815657809308505e+03 1.778279410038922901e-05
2.355675347508240520e+03 3.162277660168379530e-05
2.380235469983824714e+03 5.623413251903490700e-05
2.402109298792367554e+03 1.000000000000000048e-04
2.426306119868081169e+03 1.778279410038922698e-04
2.457471208621394908e+03 3.162277660168379394e-04
2.498282957957334474e+03 5.623413251903490971e-04
2.550203708248952353e+03 1.000000000000000021e-03
2.614413076011121120e+03 1.778279410038922752e-03
2.691630829849588281e+03 3.162277660168379394e-03
2.782017434122285522e+03 5.623413251903490971e-03
2.884661678191814644e+03 1.000000000000000021e-02
3.001891663400526340e+03 1.778279410038922925e-02
3.140918956997494661e+03 3.162277660168379134e-02
3.309553284688831354e+03 5.623413251903491145e-02
3.497319636951016037e+03 1.000000000000000056e-01
3.723494569138910265e+03 1.778279410038922925e-01
3.980663522827540419e+03 3.162277660168379412e-01
4.312244515328848138e+03 5.623413251903490728e-01
4.787312392194011409e+03 1.000000000000000000e+00
5.552835462029163864e+03 1.778279410038922759e+00
6.765424102293746728e+03 3.162277660168379523e+00
8.355365913245344927e+03 5.623413251903491172e+00
1.000000000000000000e+04 1.000000000000000000e+01
1.000000000000000000e+04 1.778279410038922848e+01
1.000000000000000000e+04 3.162277660168379256e+01
1.000000000000000000e+04 5.623413251903490817e+01
1.000000000000000000e+04 1.000000000000000000e+02
1.000000000000000000e+04 1.778279410038922776e+02
1.000000000000000000e+04 3.162277660168379612e+02
