# Temperature (K), Pressure (bars)
2.129472747958144282e+03 9.999999999999999547e-07
2.160120221577935354e+03 1.778279410038922901e-06
2.190767695197725971e+03 3.162277660168379191e-06
2.222654044273624095e+03 5.623413251903491208e-06
2.255797861974689113e+03 1.000000000000000082e-05
2.289008053587770064e+03 1.778279410038922901e-05
2.319966823326769372e+03 3.162277660168379530e-05
2.345838533160710085e+03 5.623413251903490700e-05
2.367070027015728101e+03 1.000000000000000048e-04
2.388291573364407668e+03 1.778279410038922698e-04
2.414850665703035702e+03 3.162277660168379394e-04
2.450094320617473386e+03 5.623413251903490971e-04
2.495469020248812740e+03 1.000000000000000021e-03
2.551500833866467474e+03 1.778279410038922752e-03
2.617897926297347567e+03 3.162277660168379394e-03
2.691376573414841459e+03 5.623413251903490971e-03
2.770396756495872523e+03 1.000000000000000021e-02
2.866481498335153447e+03 1.778279410038922925e-02
2.990367460473755273e+03 3.162277660168379134e-02
3.139233413958763776e+03 5.623413251903491145e-02
3.314532800848828629e+03 1.000000000000000056e-01
3.502685115990400845e+03 1.778279410038922925e-01
3.715840212064120351e+03 3.162277660168379412e-01
3.964416922670849090e+03 5.623413251903490728e-01
4.248172982167121518e+03 1.000000000000000000e+00
4.602590204088664905e+03 1.778279410038922759e+00
5.083866497658235858e+03 3.162277660168379523e+00
5.811113380496919490e+03 5.623413251903491172e+00
6.968468478495604359e+03 1.000000000000000000e+01
8.568818703606981217e+03 1.778279410038922848e+01
1.000000000000000000e+04 3.162277660168379256e+01
1.000000000000000000e+04 5.623413251903490817e+01
1.000000000000000000e+04 1.000000000000000000e+02
1.000000000000000000e+04 1.778279410038922776e+02
1.000000000000000000e+04 3.162277660168379612e+02
