# Temperature (K), Pressure (bars)
1.055883320098618015e+03 5.623413251903490700e-05
1.098266666063506818e+03 1.000000000000000048e-04
1.140650013947105890e+03 1.778279410038922698e-04
1.183850480198997957e+03 3.162277660168379394e-04
1.229775524144261226e+03 5.623413251903490971e-04
1.279591397024658818e+03 1.000000000000000021e-03
1.335108406911739394e+03 1.778279410038922752e-03
1.400356854717617352e+03 3.162277660168379394e-03
1.472505896628962546e+03 5.623413251903490971e-03
1.550737942766317474e+03 1.000000000000000021e-02
1.643336346962622429e+03 1.778279410038922925e-02
1.740798748681557299e+03 3.162277660168379134e-02
1.840709025801439111e+03 5.623413251903491145e-02
1.952729707042841483e+03 1.000000000000000056e-01
2.100438225237175175e+03 1.778279410038922925e-01
2.306136589111141348e+03 3.162277660168379412e-01
2.531619323712652204e+03 5.623413251903490728e-01
2.745465500555701055e+03 1.000000000000000000e+00
2.955820608936216559e+03 1.778279410038922759e+00
3.168355299208065844e+03 3.162277660168379523e+00
3.387501481207808865e+03 5.623413251903491172e+00
3.617964505893954993e+03 1.000000000000000000e+01
3.865133797441445495e+03 1.778279410038922848e+01
4.136642429899518902e+03 3.162277660168379256e+01
4.437950767655655000e+03 5.623413251903490817e+01
4.776571812534218225e+03 1.000000000000000000e+02
5.156005648269244375e+03 1.778279410038922776e+02
5.599566334498699689e+03 3.162277660168379612e+02
