# Temperature (K), Pressure (bars)
7.862880255724256813e+02 5.623413251903490700e-05
8.357009764204489102e+02 1.000000000000000048e-04
8.851139283902354009e+02 1.778279410038922698e-04
9.335299640095321365e+02 3.162277660168379394e-04
9.816858445953258752e+02 5.623413251903490971e-04
1.031300223901444497e+03 1.000000000000000021e-03
1.084181680257561766e+03 1.778279410038922752e-03
1.142969153312615163e+03 3.162277660168379394e-03
1.210122919712437579e+03 5.623413251903490971e-03
1.290281108331822679e+03 1.000000000000000021e-02
1.389403275329228791e+03 1.778279410038922925e-02
1.537232924336110955e+03 3.162277660168379134e-02
1.758306489302910450e+03 5.623413251903491145e-02
2.013186203944608906e+03 1.000000000000000056e-01
2.258474218111604841e+03 1.778279410038922925e-01
2.485269735522248084e+03 3.162277660168379412e-01
2.695243164248189260e+03 5.623413251903490728e-01
2.895895514908313999e+03 1.000000000000000000e+00
3.094668930977014952e+03 1.778279410038922759e+00
3.297991368978787250e+03 3.162277660168379523e+00
3.511394065674322974e+03 5.623413251903491172e+00
3.739863113595222785e+03 1.000000000000000000e+01
3.988565010027747121e+03 1.778279410038922848e+01
4.265684724779372118e+03 3.162277660168379256e+01
4.575914894089790323e+03 5.623413251903490817e+01
4.927373153311340502e+03 1.000000000000000000e+02
5.323657895292503781e+03 1.778279410038922776e+02
5.791309601293075502e+03 3.162277660168379612e+02
