# Temperature (K), Pressure (bars)
8.137952169163679628e+02 1.000000000000000048e-04
8.632519475184517432e+02 1.778279410038922698e-04
9.127086795157804318e+02 3.162277660168379394e-04
9.604586635308618270e+02 5.623413251903490971e-04
1.008115873419778609e+03 1.000000000000000021e-03
1.057024444129647918e+03 1.778279410038922752e-03
1.108348975680849890e+03 3.162277660168379394e-03
1.164502732449733685e+03 5.623413251903490971e-03
1.227794086314756441e+03 1.000000000000000021e-02
1.304087403770424089e+03 1.778279410038922925e-02
1.396813843714950735e+03 3.162277660168379134e-02
1.525657484810618143e+03 5.623413251903491145e-02
1.713775406173708689e+03 1.000000000000000056e-01
1.945645240603491629e+03 1.778279410038922925e-01
2.196543314166565779e+03 3.162277660168379412e-01
2.443305132142662842e+03 5.623413251903490728e-01
2.672847501951396225e+03 1.000000000000000000e+00
2.891658247799351102e+03 1.778279410038922759e+00
3.107153988845504955e+03 3.162277660168379523e+00
3.326258306706627536e+03 5.623413251903491172e+00
3.555133302151838507e+03 1.000000000000000000e+01
3.799531293507183364e+03 1.778279410038922848e+01
4.067416423745811699e+03 3.162277660168379256e+01
4.363295114176040443e+03 5.623413251903490817e+01
4.694176337632014111e+03 1.000000000000000000e+02
5.063296972577481938e+03 1.778279410038922776e+02
5.492254470865429539e+03 3.162277660168379612e+02
