# Temperature (K), Pressure (bars)
9.309222664958135738e+02 5.623413251903490700e-05
9.830900051879840476e+02 1.000000000000000048e-04
1.035257744302888568e+03 1.778279410038922698e-04
1.091040338004359000e+03 3.162277660168379394e-04
1.150330760590608634e+03 5.623413251903490971e-04
1.206334445732405129e+03 1.000000000000000021e-03
1.252980636526735225e+03 1.778279410038922752e-03
1.293937618781932770e+03 3.162277660168379394e-03
1.338974440333468920e+03 5.623413251903490971e-03
1.423589977826091626e+03 1.000000000000000021e-02
1.578578092822406916e+03 1.778279410038922925e-02
1.767949123053206222e+03 3.162277660168379134e-02
1.939274699094877178e+03 5.623413251903491145e-02
2.113202317337812474e+03 1.000000000000000056e-01
2.324607426323384971e+03 1.778279410038922925e-01
2.539826477193423671e+03 3.162277660168379412e-01
2.738294547135384164e+03 5.623413251903490728e-01
2.935025202705861830e+03 1.000000000000000000e+00
3.135006007692578805e+03 1.778279410038922759e+00
3.341503491560506063e+03 3.162277660168379523e+00
3.558408146744125588e+03 5.623413251903491172e+00
3.790524959526405382e+03 1.000000000000000000e+01
4.043268612924482568e+03 1.778279410038922848e+01
4.324594520516760895e+03 3.162277660168379256e+01
4.640398481091616304e+03 5.623413251903490817e+01
4.999201136895630952e+03 1.000000000000000000e+02
5.404925192946859170e+03 1.778279410038922776e+02
5.884507323115789404e+03 3.162277660168379612e+02
