# Temperature (K), Pressure (bars)
2.039140321202902214e+03 9.999999999999999547e-07
2.008382850477737975e+03 1.778279410038922901e-06
1.977625379753425250e+03 3.162277660168379191e-06
1.966990446501028600e+03 5.623413251903491208e-06
1.969705029364764187e+03 1.000000000000000082e-05
1.977682662890243137e+03 1.778279410038922901e-05
1.991249391467193163e+03 3.162277660168379530e-05
2.011710338710617179e+03 5.623413251903490700e-05
2.038589615579548763e+03 1.000000000000000048e-04
2.069923225338583507e+03 1.778279410038922698e-04
2.104631673712443444e+03 3.162277660168379394e-04
2.142431661050122329e+03 5.623413251903490971e-04
2.183258043134699619e+03 1.000000000000000021e-03
2.227713158796219432e+03 1.778279410038922752e-03
2.276309056247907392e+03 3.162277660168379394e-03
2.331953308059026313e+03 5.623413251903490971e-03
2.394242932301100609e+03 1.000000000000000021e-02
2.472326099315055671e+03 1.778279410038922925e-02
2.582523670667860188e+03 3.162277660168379134e-02
2.713235778111622494e+03 5.623413251903491145e-02
2.851241872536567371e+03 1.000000000000000056e-01
2.999457353277361108e+03 1.778279410038922925e-01
3.159895970614029011e+03 3.162277660168379412e-01
3.334894270326918104e+03 5.623413251903490728e-01
3.526686328261725976e+03 1.000000000000000000e+00
3.737177683227041598e+03 1.778279410038922759e+00
3.968826460155034511e+03 3.162277660168379523e+00
4.226178343995386967e+03 5.623413251903491172e+00
4.516581836808061780e+03 1.000000000000000000e+01
4.850630806350335661e+03 1.778279410038922848e+01
5.244623974144008571e+03 3.162277660168379256e+01
5.720968248478850910e+03 5.623413251903490817e+01
6.313819639764090425e+03 1.000000000000000000e+02
7.079407149200810636e+03 1.778279410038922776e+02
8.113120673177937533e+03 3.162277660168379612e+02
