# Temperature (K), Pressure (bars)
2.290298489991317183e+03 9.999999999999999547e-07
2.274813929431710676e+03 1.778279410038922901e-06
2.259329368872686246e+03 3.162277660168379191e-06
2.267424550123249446e+03 5.623413251903491208e-06
2.288563987623404500e+03 1.000000000000000082e-05
2.312933372975890052e+03 1.778279410038922901e-05
2.339512428532578269e+03 3.162277660168379530e-05
2.366236108986912313e+03 5.623413251903490700e-05
2.392523339250235949e+03 1.000000000000000048e-04
2.418588258634679732e+03 1.778279410038922698e-04
2.445603123032587973e+03 3.162277660168379394e-04
2.474411624079732974e+03 5.623413251903490971e-04
2.504497849187646352e+03 1.000000000000000021e-03
2.534894641618679088e+03 1.778279410038922752e-03
2.565921525110003131e+03 3.162277660168379394e-03
2.598499476069971024e+03 5.623413251903490971e-03
2.636399556158108680e+03 1.000000000000000021e-02
2.679527442598305242e+03 1.778279410038922925e-02
2.739506468808122008e+03 3.162277660168379134e-02
2.839410240798457380e+03 5.623413251903491145e-02
2.969888630151996040e+03 1.000000000000000056e-01
3.113673584538827072e+03 1.778279410038922925e-01
3.272288642521487418e+03 3.162277660168379412e-01
3.449458281647965123e+03 5.623413251903490728e-01
3.648783692394479658e+03 1.000000000000000000e+00
3.872780396487994949e+03 1.778279410038922759e+00
4.124047126617707363e+03 3.162277660168379523e+00
4.408192902612032412e+03 5.623413251903491172e+00
4.735605530894428739e+03 1.000000000000000000e+01
5.118937592752082310e+03 1.778279410038922848e+01
5.589159806446769835e+03 3.162277660168379256e+01
6.189646101982543769e+03 5.623413251903490817e+01
6.996231085305209490e+03 1.000000000000000000e+02
8.132033703140229591e+03 1.778279410038922776e+02
9.723901704121397415e+03 3.162277660168379612e+02
