# Temperature (K), Pressure (bars)
2.458243781012020008e+03 9.999999999999999547e-07
2.470004032520087094e+03 1.778279410038922901e-06
2.481764284028153270e+03 3.162277660168379191e-06
2.506058623777333651e+03 5.623413251903491208e-06
2.536525381220470535e+03 1.000000000000000082e-05
2.569235374798599878e+03 1.778279410038922901e-05
2.603185287450576652e+03 3.162277660168379530e-05
2.638514335224945626e+03 5.623413251903490700e-05
2.676904494382161829e+03 1.000000000000000048e-04
2.718514911799772108e+03 1.778279410038922698e-04
2.763364227603559357e+03 3.162277660168379394e-04
2.810894843694954943e+03 5.623413251903490971e-04
2.859236558893799611e+03 1.000000000000000021e-03
2.904698602353184924e+03 1.778279410038922752e-03
2.943427038096883280e+03 3.162277660168379394e-03
2.973869719747110594e+03 5.623413251903490971e-03
3.001714282588052356e+03 1.000000000000000021e-02
3.036339096105468343e+03 1.778279410038922925e-02
3.089451018667002245e+03 3.162277660168379134e-02
3.160350715050631152e+03 5.623413251903491145e-02
3.262767518316905353e+03 1.000000000000000056e-01
3.423770662040002208e+03 1.778279410038922925e-01
3.622830066146372246e+03 3.162277660168379412e-01
3.839164034950557834e+03 5.623413251903490728e-01
4.093918642812233429e+03 1.000000000000000000e+00
4.387439717726533672e+03 1.778279410038922759e+00
4.751774565509136664e+03 3.162277660168379523e+00
5.233140578651668875e+03 5.623413251903491172e+00
5.928746649035520022e+03 1.000000000000000000e+01
7.011063469862612692e+03 1.778279410038922848e+01
8.567123566854343153e+03 3.162277660168379256e+01
1.000000000000000000e+04 5.623413251903490817e+01
1.000000000000000000e+04 1.000000000000000000e+02
1.000000000000000000e+04 1.778279410038922776e+02
1.000000000000000000e+04 3.162277660168379612e+02
