# Temperature (K), Pressure (bars)
2.129954291194427242e+03 9.999999999999999547e-07
2.001628990988965597e+03 1.778279410038922901e-06
1.873303690783504180e+03 3.162277660168379191e-06
1.766489888954372418e+03 5.623413251903491208e-06
1.687419872834194166e+03 1.000000000000000082e-05
1.634048196773699829e+03 1.778279410038922901e-05
1.601252567521938545e+03 3.162277660168379530e-05
1.585420704865342486e+03 5.623413251903490700e-05
1.580903986682059667e+03 1.000000000000000048e-04
1.583317769959860698e+03 1.778279410038922698e-04
1.593797760017351266e+03 3.162277660168379394e-04
1.612932547606432536e+03 5.623413251903490971e-04
1.639894247493469265e+03 1.000000000000000021e-03
1.669314781274655161e+03 1.778279410038922752e-03
1.708970692900098129e+03 3.162277660168379394e-03
1.768622015106779827e+03 5.623413251903490971e-03
1.822529396267304037e+03 1.000000000000000021e-02
1.856948367467236721e+03 1.778279410038922925e-02
1.885697272589282875e+03 3.162277660168379134e-02
1.912023551176487445e+03 5.623413251903491145e-02
1.937119622362567497e+03 1.000000000000000056e-01
1.966492672896195472e+03 1.778279410038922925e-01
2.008006916763036770e+03 3.162277660168379412e-01
2.061552356196034452e+03 5.623413251903490728e-01
2.134169263821656841e+03 1.000000000000000000e+00
2.221153686210814158e+03 1.778279410038922759e+00
2.368048623298111579e+03 3.162277660168379523e+00
2.634960261573091429e+03 5.623413251903491172e+00
2.934720456688280137e+03 1.000000000000000000e+01
3.206639917639905434e+03 1.778279410038922848e+01
3.481404140541622382e+03 3.162277660168379256e+01
3.768790031431904481e+03 5.623413251903490817e+01
4.076294509439236208e+03 1.000000000000000000e+02
4.408135759222630440e+03 1.778279410038922776e+02
4.779707673846665784e+03 3.162277660168379612e+02
