# Temperature (K), Pressure (bars)
2.218625549052645965e+03 9.999999999999999547e-07
2.237700776504118494e+03 1.778279410038922901e-06
2.256776003955591023e+03 3.162277660168379191e-06
2.289285423092612291e+03 5.623413251903491208e-06
2.327853508705381500e+03 1.000000000000000082e-05
2.367937595972600775e+03 1.778279410038922901e-05
2.410769936477267038e+03 3.162277660168379530e-05
2.454715129466718281e+03 5.623413251903490700e-05
2.497408389583169992e+03 1.000000000000000048e-04
2.535663544883672330e+03 1.778279410038922698e-04
2.567418270442630273e+03 3.162277660168379394e-04
2.594985327788167069e+03 5.623413251903490971e-04
2.624693671021122555e+03 1.000000000000000021e-03
2.663874354146502355e+03 1.778279410038922752e-03
2.715062072655514385e+03 3.162277660168379394e-03
2.776368467626182792e+03 5.623413251903490971e-03
2.837611465784504162e+03 1.000000000000000021e-02
2.903457259111567510e+03 1.778279410038922925e-02
3.003988248700753957e+03 3.162277660168379134e-02
3.143972476651119450e+03 5.623413251903491145e-02
3.312775260635992709e+03 1.000000000000000056e-01
3.499827472899647091e+03 1.778279410038922925e-01
3.710834540835043754e+03 3.162277660168379412e-01
3.957887518427068699e+03 5.623413251903490728e-01
4.240987251165544876e+03 1.000000000000000000e+00
4.591083166347270890e+03 1.778279410038922759e+00
5.062983859194484467e+03 3.162277660168379523e+00
5.770680023693555995e+03 5.623413251903491172e+00
6.898262961229903340e+03 1.000000000000000000e+01
8.477703159781303839e+03 1.778279410038922848e+01
1.000000000000000000e+04 3.162277660168379256e+01
1.000000000000000000e+04 5.623413251903490817e+01
1.000000000000000000e+04 1.000000000000000000e+02
1.000000000000000000e+04 1.778279410038922776e+02
1.000000000000000000e+04 3.162277660168379612e+02
