# Wavelength (micrometer), Flux (W / m2 / m)
1.000553076518779783e-01 5.830635740930835716e+06
1.004555288824854897e-01 5.062359229649203980e-12
1.008573509980154326e-01 8.182749556508507665e-12
1.012607804020075053e-01 7.434105176120297553e-12
1.016658235236155422e-01 1.076038810771854798e-11
1.020724868177099870e-01 1.041910527958421072e-08
1.024807767649808382e-01 1.243928404073254441e-09
1.028906998720407612e-01 4.167817899116770212e-11
1.033022626715289355e-01 1.914256645984765768e-08
1.037154717222150413e-01 3.270556643157927656e-11
1.041303336091038839e-01 3.330661704988751274e-11
1.045468549435403099e-01 5.114844522447805652e-10
1.049650423633144702e-01 8.025343613866219924e-12
1.053849025327677214e-01 1.606236402971313325e-09
1.058064421428987906e-01 2.321579364506216963e-11
1.062296679114703990e-01 2.477832992457368100e-09
1.066545865831162732e-01 9.222787078783227633e-10
1.070812049294487533e-01 1.955218420631503841e-10
1.075095297491665408e-01 5.638747522967411174e-08
1.079395678681632220e-01 2.791306953031447797e-10
1.083713261396358624e-01 2.161143181824804711e-08
1.088048114441943909e-01 6.898327446446259326e-09
1.092400306899711654e-01 4.167897248546911931e-06
1.096769908127310511e-01 1.253658554765915440e-08
1.101156987759819850e-01 1.717940881063158280e-08
1.105561615710859147e-01 2.041544381549357842e-06
1.109983862173702651e-01 3.724412495750719459e-07
1.114423797622397516e-01 6.326236999444140562e-08
1.118881492812886930e-01 1.059133744621914722e-08
1.123357018784138517e-01 7.303915148812873075e-08
1.127850446859275102e-01 8.750837020865701390e-05
1.132361848646712132e-01 3.860390730732846007e-05
1.136891296041298988e-01 2.592723451633929512e-05
1.141438861225464035e-01 3.148791508752122584e-05
1.146004616670366072e-01 2.108966654652145916e-05
1.150588635137047705e-01 2.097964317344311392e-05
1.155190989677595953e-01 1.096108238054037484e-05
1.159811753636306314e-01 3.847446137924895191e-05
1.164451000650851553e-01 6.352296104687757289e-06
1.169108804653455069e-01 6.854653177419897601e-06
1.173785239872068981e-01 4.239260056455457237e-05
1.178480380831557206e-01 1.391130550263224009e-04
1.183194302354883543e-01 6.916833580422929824e-05
1.187927079564302935e-01 1.171787634524517890e-05
1.192678787882560099e-01 2.919400950133187934e-05
1.197449503034090645e-01 3.098692736081951526e-05
1.202239301046226783e-01 6.978379999093853732e-07
1.207048258250411760e-01 5.573585828326748183e-06
1.211876451283413342e-01 1.470846263692328271e-06
1.216723957088547137e-01 7.517765943563127261e-07
1.221590852916901310e-01 3.474039465843699042e-06
1.226477216328568792e-01 7.640824134647090243e-06
1.231383125193883099e-01 2.087574465301270715e-06
1.236308657694658586e-01 1.045595003752356065e-05
1.241253892325437369e-01 3.850686657344965625e-06
1.246218907894739159e-01 3.986721057222790447e-07
1.251203783526317892e-01 5.847059024111334971e-07
1.256208598660423226e-01 2.565265414940233436e-05
1.261233433055065078e-01 2.161207252371841406e-05
1.266278366787285392e-01 4.731951779335213671e-07
1.271343480254434610e-01 8.210739869670205187e-06
1.276428854175452321e-01 3.916951690919126278e-06
1.281534569592154005e-01 1.179184161563284223e-06
1.286660707870522780e-01 5.775501064895084765e-06
1.291807350702004475e-01 7.890144948932662107e-06
1.296974580104812425e-01 8.904449157589603697e-06
1.302162478425231973e-01 1.197952391633006139e-06
1.307371128338932764e-01 1.750627709759074093e-05
1.312600612852288795e-01 4.139543330898785834e-05
1.317851015303697915e-01 1.173062165205485994e-05
1.323122419364912705e-01 8.686829464352410659e-05
1.328414909042372472e-01 1.160284986897016019e-04
1.333728568678542170e-01 5.310863158076026611e-05
1.339063482953256612e-01 3.809975894534959707e-06
1.344419736885069383e-01 5.609173570292731942e-05
1.349797415832609815e-01 1.223292235008998220e-04
1.355196605495940232e-01 9.044388087741404901e-05
1.360617391917924301e-01 1.594156130347080028e-04
1.366059861485595939e-01 3.762479408577984268e-05
1.371524100931538481e-01 5.432089154258674002e-06
1.377010197335264696e-01 2.054045669290130332e-05
1.382518238124605670e-01 8.283100552608513040e-04
1.388048311077104136e-01 2.592138561185555507e-04
1.393600504321412248e-01 2.725585887617694149e-05
1.399174906338697677e-01 2.010319052782637902e-05
1.404771605964052761e-01 5.135236590434994570e-04
1.410390692387908651e-01 1.031623977706557410e-04
1.416032255157460562e-01 1.626872863848287734e-03
1.421696384178090522e-01 1.115457513340216129e-05
1.427383169714803168e-01 3.607968063907547682e-04
1.433092702393662099e-01 2.005508180436868515e-02
1.438825073203236771e-01 1.393915165787570215e-03
1.444580373496049674e-01 1.030865374306416671e-02
1.450358694990033503e-01 1.027651073130794257e-03
1.456160129769993872e-01 2.653883245669947169e-02
1.461984770289073976e-01 5.588471461357572001e-02
1.467832709370230082e-01 4.864396240835153901e-03
1.473704040207710897e-01 2.369756625141886813e-02
1.479598856368541382e-01 3.853156986320273444e-04
1.485517251794015725e-01 9.278417649497407854e-03
1.491459320801191979e-01 2.859253647343546964e-02
1.497425158084396690e-01 5.033880432182256254e-03
1.503414858716734248e-01 2.249427537892506324e-01
1.509428518151600951e-01 1.413360427254807712e-02
1.515466232224207677e-01 1.006863909961721844e-03
1.521528097153104220e-01 2.174551132245708136e-03
1.527614209541716672e-01 1.119176513102579026e-04
1.533724666379883694e-01 2.362053038886558767e-04
1.539859565045403056e-01 1.829171686666378367e-04
1.546019003305584838e-01 1.492897589226313833e-06
1.552203079318807133e-01 1.149756441040928897e-05
1.558411891636082569e-01 6.782440794112684206e-06
1.564645539202626778e-01 3.579874035854190124e-06
1.570904121359437411e-01 5.069217489146261324e-06
1.577187737844875093e-01 7.273808316371062497e-07
1.583496488796254653e-01 6.183930968996234298e-06
1.589830474751439959e-01 2.352696750738158177e-05
1.596189796650445414e-01 2.774206199440707206e-06
1.602574555837047166e-01 4.222448301763932443e-06
1.608984854060395708e-01 1.082765348795324246e-05
1.615420793476636807e-01 6.361123281283745903e-06
1.621882476650543525e-01 7.331940358710546421e-06
1.628370006557145755e-01 7.159876480584396052e-06
1.634883486583374457e-01 1.118292401160949110e-05
1.641423020529707844e-01 1.647798290809528599e-05
1.647988712611826723e-01 1.838454305543870030e-05
1.654580667462274002e-01 5.800885893170164879e-06
1.661198990132123077e-01 4.031693473616792850e-05
1.667843786092651215e-01 4.221774493726877087e-05
1.674515161237022098e-01 9.409865766342539290e-05
1.681213221881969755e-01 3.610543919175909127e-04
1.687938074769497754e-01 1.473182704887337753e-04
1.694689827068575905e-01 1.724440092858027952e-03
1.701468586376850278e-01 1.040071899271421052e-03
1.708274460722357391e-01 1.274780635844094271e-03
1.715107558565246715e-01 1.640557134835535918e-03
1.721967988799507909e-01 1.492111111054268604e-03
1.728855860754705820e-01 2.727729933571076699e-03
1.735771284197724640e-01 1.388127738503422545e-03
1.742714369334515678e-01 8.371723534161271607e-04
1.749685226811853456e-01 7.834113225135734895e-03
1.756683967719100681e-01 2.313385365097166742e-03
1.763710703589977391e-01 1.591609576090227685e-02
1.770765546404337309e-01 2.260039990810453966e-02
1.777848608589954471e-01 3.142163981524890345e-03
1.784960003024314568e-01 3.386108205008638711e-02
1.792099843036411844e-01 2.414934800830784503e-02
1.799268242408557650e-01 2.767619754652356212e-02
1.806465315378191772e-01 1.013825462409742723e-01
1.813691176639704306e-01 1.052561860722048444e-02
1.820945941346263086e-01 5.507996733025444930e-02
1.828229725111648329e-01 1.942086438080266042e-01
1.835542644012094771e-01 4.882785399921252094e-03
1.842884814588143239e-01 1.036853897135130709e-01
1.850256353846495561e-01 4.912186613743963481e-01
1.857657379261881403e-01 3.322960621052685470e-02
1.865088008778928996e-01 4.863810135727674733e-01
1.872548360814044743e-01 2.585141466038997637e-01
1.880038554257300876e-01 4.753479164779254862e-02
1.887558708474330049e-01 7.427460950350470714e-01
1.895108943308226879e-01 2.721465605909237917e-01
1.902689379081460019e-01 1.051824671350865409e-01
1.910300136597785636e-01 1.651446099959735125e+00
1.917941337144176972e-01 4.011444485961047079e-01
1.925613102492753359e-01 7.414345358782443718e-01
1.933315554902724498e-01 2.856052270768214107e+00
1.941048817122335568e-01 1.372166010586969742e+00
1.948813012390824828e-01 1.257233318193155647e+00
1.956608264440388156e-01 6.202159851747703456e+00
1.964434697498149418e-01 1.179422607601311457e+00
1.972292436288141937e-01 2.959004892751523563e+00
1.980181606033294406e-01 5.795618549018482391e+00
1.988102332457427346e-01 2.869807340365711834e+00
1.996054741787257336e-01 2.419145174455727965e+00
2.004038960754406518e-01 3.087202679964023311e+00
2.012055116597424309e-01 2.978835612991664217e+00
2.020103337063813842e-01 3.557909861001447904e+00
2.028183750412069219e-01 4.195777282570232636e+00
2.036296485413717494e-01 2.361972535173664678e+00
2.044441671355372303e-01 1.776025489772478982e+00
2.052619438040793887e-01 3.560698973127756073e+00
2.060829915792957157e-01 2.554365683164326217e+00
2.069073235456129201e-01 2.401320431806029720e+00
2.077349528397953449e-01 2.696616557656017488e+00
2.085658926511545219e-01 3.850836119830294724e+00
2.094001562217591150e-01 3.982020123692511238e+00
2.102377568466461677e-01 3.717518586245020629e+00
2.110787078740327671e-01 2.361745983914119940e+00
2.119230227055288740e-01 3.882404679606672904e+00
2.127707147963510126e-01 4.726847929825446215e+00
2.136217976555363773e-01 5.890046963113804601e+00
2.144762848461585492e-01 2.069659972976349849e+00
2.153341899855431840e-01 5.678700248965091291e+00
2.161955267454853669e-01 9.433068746953638950e+00
2.170603088524672986e-01 1.182440080880939703e+01
2.179285500878772042e-01 5.657791813402647918e+00
2.188002642882286852e-01 6.179133708563198546e+00
2.196754653453815986e-01 1.625545093012136988e+01
2.205541672067631020e-01 1.078139244718902567e+01
2.214363838755901703e-01 4.487521875235150048e+01
2.223221294110925284e-01 1.031748177655291698e+01
2.232114179287369160e-01 1.018396641566321108e+02
2.241042636004518529e-01 4.045032781195293836e+01
2.250006806548536520e-01 1.983276856952803371e+02
2.259006833774730438e-01 7.483795743093465092e+01
2.268042861109829667e-01 1.393118426684135045e+02
2.277115032554268836e-01 1.853164851229702492e+02
2.286223492684485714e-01 1.840500480197128752e+02
2.295368386655223802e-01 6.846247278452841556e+02
2.304549860201844658e-01 6.081670777516183080e+01
2.313768059642651864e-01 4.740320058175851727e+02
2.323023131881222503e-01 3.597298636303272019e+02
2.332315224408747223e-01 8.185018298840773241e+02
2.341644485306381973e-01 1.205976905663347452e+03
2.351011063247607502e-01 1.606602715404852404e+02
2.360415107500598020e-01 1.558958510762616243e+03
2.369856767930600405e-01 1.346828594074257808e+02
2.379336195002322851e-01 1.914016518765683031e+03
2.388853539782332114e-01 1.255126314733273148e+03
2.398408953941461863e-01 6.651158060427629607e+03
2.408002589757227141e-01 7.491929652883395647e+03
2.417634600116256582e-01 1.230715063702649331e+03
2.427305138516721306e-01 1.256672471084325844e+04
2.437014359070788505e-01 7.374878416020414988e+03
2.446762416507071713e-01 3.506778450946520752e+04
2.456549466173099938e-01 1.076795468052332035e+04
2.466375664037792625e-01 2.099202350465270865e+04
2.476241166693943785e-01 2.400434960543737907e+04
2.486146131360719436e-01 9.266339825696213666e+02
2.496090715886161993e-01 2.676242735656582954e+04
2.506075078749706586e-01 1.448612407009013805e+04
2.516099379064705155e-01 2.816451337682831945e+04
2.526163776580964138e-01 2.168604581900320409e+04
2.536268431687287994e-01 3.970175668336215313e+05
2.546413505414037437e-01 4.471896102036515367e+05
2.556599159435693491e-01 1.772431195262321271e+05
2.566825556073435988e-01 1.391740530167621619e+05
2.577092858297729827e-01 1.591647932565290539e+05
2.587401229730920682e-01 8.862249367059498036e+04
2.597750834649844576e-01 2.059604390622744686e+05
2.608141837988444123e-01 1.635340663901923981e+05
2.618574405340398092e-01 8.560140354426908307e+05
2.629048702961759298e-01 2.631611152458403725e+06
2.639564897773606367e-01 2.597153191490868572e+06
2.650123157364701054e-01 2.553148566199299879e+06
2.660723649994159445e-01 1.533964516299040522e+06
2.671366544594135917e-01 1.948279883326841285e+06
2.682052010772512096e-01 2.113391242582609411e+06
2.692780218815602478e-01 1.200336004379774211e+06
2.703551339690865030e-01 3.271681087138412520e+06
2.714365545049627904e-01 1.952568539017266128e+06
2.725223007229827243e-01 1.602115599620258901e+06
2.736123899258746106e-01 2.562518313498442061e+06
2.747068394855781692e-01 3.092888863557618111e+06
2.758056668435204806e-01 6.091227279056764208e+06
2.769088895108945403e-01 1.638887373664648086e+07
2.780165250689380918e-01 1.231156062741512246e+07
2.791285911692138466e-01 1.602114422346800938e+07
2.802451055338907038e-01 1.185006358225799352e+07
2.813660859560263017e-01 8.914374556044204161e+06
2.824915502998503469e-01 5.808377461231787689e+06
2.836215165010497197e-01 3.398654254949036986e+06
2.847560025670539119e-01 5.648628584201475605e+05
2.858950265773221866e-01 1.226932764268187806e+06
2.870386066836315142e-01 6.008856593588371761e+06
2.881867611103660631e-01 1.866745169507006556e+07
2.893395081548075787e-01 3.804514686247680336e+07
2.904968661874267610e-01 5.554563630810815841e+07
2.916588536521764197e-01 7.709577010788275301e+07
2.928254890667851273e-01 7.456491535922797024e+07
2.939967910230522619e-01 6.770047563725692034e+07
2.951727781871444911e-01 4.453438638047455251e+07
2.963534692998930908e-01 5.600044409967631102e+07
2.975388831770926501e-01 5.822556371987794340e+07
2.987290387098009981e-01 9.745301328824938834e+07
2.999239548646402409e-01 7.726238818034014106e+07
3.011236506840988536e-01 1.757614382993524671e+08
3.023281452868351593e-01 5.440371117824102193e+07
3.035374578679824742e-01 2.594845929351187050e+08
3.047516076994544187e-01 2.405112038335736394e+08
3.059706141302522830e-01 3.248118169426100850e+08
3.071944965867733357e-01 7.381133061545919180e+08
3.084232745731204095e-01 1.044090880600148559e+09
3.096569676714128194e-01 9.412953082516641617e+08
3.108955955420985018e-01 1.448939113849745035e+09
3.121391779242668751e-01 1.651521594310498476e+09
3.133877346359639215e-01 2.091420126929819345e+09
3.146412855745078230e-01 2.732884691968234539e+09
3.158998507168058190e-01 2.683537853491365910e+09
3.171634501196730627e-01 4.269601612659063339e+09
3.184321039201517545e-01 3.126135806657500267e+09
3.197058323358323295e-01 2.504677187076917171e+09
3.209846556651756444e-01 4.320909088279156685e+09
3.222685942878363852e-01 5.219712229784545898e+09
3.235576686649877520e-01 4.640036609444810867e+09
3.248518993396476984e-01 6.774849583335350990e+09
3.261513069370062801e-01 7.548677541260463715e+09
3.274559121647543369e-01 8.932206866956556320e+09
3.287657358134133401e-01 9.841807487586103439e+09
3.300807987566670154e-01 6.698894925312083244e+09
3.314011219516936890e-01 1.349477378328169823e+10
3.327267264395004642e-01 1.433233974235668755e+10
3.340576333452584534e-01 1.692468262046017838e+10
3.353938638786395088e-01 1.552197038915618515e+10
3.367354393341540630e-01 1.476075832905023766e+10
3.380823810914907468e-01 1.662855365186042404e+10
3.394347106158566718e-01 2.053533464234035492e+10
3.407924494583201014e-01 2.020348396899750900e+10
3.421556192561533982e-01 1.815192751746558380e+10
3.435242417331779707e-01 8.685019558277629852e+09
3.448983387001106626e-01 1.062101910835786247e+10
3.462779320549111417e-01 1.305885384732834625e+10
3.476630437831307319e-01 9.514904139150865555e+09
3.490536959582632992e-01 1.024421204707981300e+10
3.504499107420963600e-01 2.758523313780833435e+10
3.518517103850647421e-01 2.382118894897796249e+10
3.532591172266050239e-01 3.514972478477796936e+10
3.546721536955114717e-01 4.446294163556493378e+10
3.560908423102934761e-01 2.086906257798332596e+10
3.575152056795346533e-01 1.228255495231903076e+10
3.589452665022527800e-01 2.614265085269753647e+10
3.603810475682617254e-01 3.735997459052195740e+10
3.618225717585348278e-01 2.929220843468165970e+10
3.632698620455689364e-01 3.116756277162467957e+10
3.647229414937512293e-01 2.693266292104763031e+10
3.661818332597261971e-01 5.669450684476025391e+10
3.676465605927651259e-01 3.456774426974311066e+10
3.691171468351361895e-01 3.926032035525202179e+10
3.705936154224767076e-01 1.716845778043243408e+10
3.720759898841666247e-01 5.420922050611821175e+09
3.735642938437032656e-01 5.396591319843750954e+09
3.750585510190780902e-01 8.836845695449621201e+09
3.765587852231543908e-01 2.835076302731488419e+10
3.780650203640470441e-01 6.853733869830265045e+10
3.795772804455032068e-01 4.124676682234284973e+10
3.810955895672852312e-01 4.972292319575035095e+10
3.826199719255543585e-01 1.539451596006522751e+10
3.841504518132565771e-01 3.358416587996423721e+10
3.856870536205096456e-01 1.047892815085865974e+10
3.872298018349916715e-01 2.589379573620698547e+10
3.887787210423316320e-01 2.085568858164620209e+10
3.903338359265008939e-01 3.337354636816385269e+10
3.918951712702069545e-01 4.174608268379698181e+10
3.934627519552877928e-01 4.456849231578783417e+10
3.950366029631089404e-01 9.058409164490547180e+10
3.966167493749613859e-01 7.969346302280915833e+10
3.982032163724612550e-01 1.253554706660842285e+11
3.997960292379510450e-01 1.282265160952828827e+11
4.013952133549028578e-01 1.513258312510132446e+11
4.030007942083224659e-01 1.760952897217931213e+11
4.046127973851557647e-01 1.162985589129231567e+11
4.062312485746963908e-01 1.292230891281679840e+11
4.078561735689951728e-01 1.410704810087797241e+11
4.094875982632711353e-01 1.521359877872419128e+11
4.111255486563242245e-01 1.682721042597570190e+11
4.127700508509495880e-01 1.394560969082273560e+11
4.144211310543532978e-01 1.147900381183989410e+11
4.160788155785707931e-01 1.219707939735960846e+11
4.177431308408850463e-01 8.058230901328395081e+10
4.194141033642486138e-01 5.490921429923011017e+10
4.210917597777056320e-01 2.197109342845802307e+10
4.227761268168164221e-01 3.202223697494171619e+09
4.244672313240837602e-01 2.529648171763891602e+10
4.261651002493800910e-01 5.025184199158668518e+10
4.278697606503775730e-01 7.370127042094323730e+10
4.295812396929790666e-01 8.234700335020429993e+10
4.312995646517510107e-01 9.524875326318966675e+10
4.330247629103580187e-01 1.212201538372620087e+11
4.347568619619994745e-01 1.394297053295628052e+11
4.364958894098474596e-01 1.268938274374310608e+11
4.382418729674867897e-01 1.083743871223077087e+11
4.399948404593567730e-01 1.308907640765109711e+11
4.417548198211941890e-01 1.520061923328327637e+11
4.435218391004789873e-01 1.120066250058387909e+11
4.452959264568808750e-01 1.245161002477067413e+11
4.470771101627084021e-01 1.269362624639918213e+11
4.488654186033592119e-01 1.423940630952830505e+11
4.506608802777726241e-01 1.532411235235559692e+11
4.524635237988837710e-01 1.638456949110949097e+11
4.542733778940792333e-01 1.618724268681473999e+11
4.560904714056555065e-01 1.595330467567958374e+11
4.579148332912781894e-01 1.893736626730588684e+11
4.597464926244433370e-01 1.139340032582096405e+11
4.615854785949410899e-01 1.850313227332387695e+11
4.634318205093208576e-01 1.184310657752503662e+11
4.652855477913582227e-01 1.580791793727124634e+11
4.671466899825236219e-01 1.622298122105873413e+11
4.690152767424536906e-01 1.793937666198726501e+11
4.708913378494234969e-01 2.157755113339707336e+11
4.727749032008212171e-01 1.905848022026284180e+11
4.746660028136244769e-01 2.196592211500935364e+11
4.765646668248789131e-01 1.340771880906456146e+11
4.784709254921784560e-01 1.102291688488428650e+11
4.803848091941470555e-01 1.559623139936996460e+11
4.823063484309236815e-01 1.734126238160894775e+11
4.842355738246474361e-01 2.123545734287895813e+11
4.861725161199459966e-01 1.938245396587092896e+11
4.881172061844257226e-01 2.640350485516738892e+11
4.900696750091634302e-01 2.300141472270185242e+11
4.920299537092001074e-01 2.953582299518743896e+11
4.939980735240369625e-01 3.607896311999638062e+11
4.959740658181330253e-01 2.065324800939448853e+11
4.979579620814056362e-01 2.710953781793394470e+11
4.999497939297311566e-01 2.363223199039298096e+11
5.019495931054501758e-01 2.107008981666916504e+11
5.039573914778719965e-01 2.766173354111791382e+11
5.059732210437835054e-01 1.978108603551708679e+11
5.079971139279585435e-01 2.223371897975120544e+11
5.100291023836703852e-01 2.003877139419657898e+11
5.120692187932051054e-01 2.030017144271448669e+11
5.141174956683780550e-01 2.009212651547532349e+11
5.161739656510514473e-01 1.628806191966347351e+11
5.182386615136556074e-01 1.056125986374364777e+11
5.203116161597103329e-01 1.631573361566073303e+11
5.223928626243490303e-01 2.628165992540513306e+11
5.244824340748465152e-01 2.120529046308553467e+11
5.265803638111459239e-01 2.015748945187959290e+11
5.286866852663905103e-01 2.090386332213583679e+11
5.308014320074561088e-01 2.220119469520993652e+11
5.329246377354859288e-01 1.793389519972939453e+11
5.350563362864277916e-01 1.842799473930163574e+11
5.371965616315735881e-01 1.378678348649696655e+11
5.393453478780998456e-01 1.523623635668965149e+11
5.415027292696121819e-01 1.448486564831003723e+11
5.436687401866906466e-01 1.419615872037279968e+11
5.458434151474373941e-01 9.721208333024287415e+10
5.480267888080271321e-01 1.261886815154586487e+11
5.502188959632591247e-01 1.228537907666524353e+11
5.524197715471121928e-01 1.375076721009405518e+11
5.546294506333006025e-01 1.558595018972221985e+11
5.568479684358338400e-01 1.393378183738164673e+11
5.590753603095770519e-01 1.137989453900096588e+11
5.613116617508153716e-01 8.219172709203202820e+10
5.635569083978186899e-01 5.753453962443774414e+10
5.658111360314097560e-01 7.787710110933221436e+10
5.680743805755354980e-01 6.473341646572519684e+10
5.703466780978375672e-01 8.263488554013601685e+10
5.726280648102289872e-01 8.886166708140911865e+10
5.749185770694699160e-01 1.067199847955142212e+11
5.772182513777477375e-01 9.512162859237997437e+10
5.795271243832587071e-01 1.280761905620233002e+11
5.818452328807918184e-01 1.289739323191707458e+11
5.841726138123150003e-01 1.144128941014586334e+11
5.865093042675643131e-01 7.134645486275079346e+10
5.888553414846344758e-01 2.633249954545990753e+10
5.912107628505729462e-01 3.644480112017510223e+10
5.935756059019753339e-01 5.009986309637824249e+10
5.959499083255832552e-01 4.803893278889611053e+10
5.983337079588855190e-01 6.221540363804949951e+10
6.007270427907210886e-01 7.317463093383454895e+10
6.031299509618840426e-01 9.386022317259190369e+10
6.055424707657315331e-01 1.226327470530085144e+11
6.079646406487945187e-01 1.568145109902723083e+11
6.103964992113897203e-01 1.885707799750144348e+11
6.128380852082353503e-01 2.242164455962657776e+11
6.152894375490681744e-01 1.874954704628280029e+11
6.177505952992645710e-01 1.086928033497491608e+11
6.202215976804615893e-01 8.117397861625978088e+10
6.227024840711834486e-01 4.948762227321573639e+10
6.251932940074681477e-01 6.692946740259003448e+10
6.276940671834980723e-01 7.918060783365669250e+10
6.302048434522321552e-01 1.079187701138042908e+11
6.327256628260409244e-01 1.507421512364686584e+11
6.352565654773452142e-01 1.838790802196371460e+11
6.377975917392545435e-01 1.990987039085175476e+11
6.403487821062116003e-01 3.111502466978076782e+11
6.429101772346363930e-01 3.366100088644276733e+11
6.454818179435749537e-01 4.080304873654909058e+11
6.480637452153492628e-01 4.311347116977553711e+11
6.506560001962106154e-01 4.687096552364650879e+11
6.532586241969955410e-01 5.504452384850400391e+11
6.558716586937833881e-01 3.570731117252366333e+11
6.584951453285585732e-01 3.094002971981255493e+11
6.611291259098727169e-01 2.406956570427565308e+11
6.637736424135122215e-01 1.830941150708394775e+11
6.664287369831662922e-01 1.648067738328673706e+11
6.690944519310989547e-01 1.523453016830093689e+11
6.717708297388232941e-01 1.551147597818405151e+11
6.744579130577786907e-01 1.712458506895280151e+11
6.771557447100098326e-01 2.288365991275577698e+11
6.798643676888498355e-01 2.236508977325397949e+11
6.825838251596052508e-01 2.630871170662687988e+11
6.853141604602436265e-01 2.480320613715633850e+11
6.880554171020846210e-01 2.415097040486343384e+11
6.908076387704928933e-01 3.000499307498854370e+11
6.935708693255748791e-01 3.702067002222249146e+11
6.963451528028771209e-01 5.069817607551023560e+11
6.991305334140887062e-01 5.886081964471716309e+11
7.019270555477450380e-01 6.549175955258474121e+11
7.047347637699360456e-01 8.309062059353182373e+11
7.075537028250157290e-01 6.409459600970991211e+11
7.103839176363159202e-01 5.178530604139627075e+11
7.132254533068611568e-01 4.363803923541906128e+11
7.160783551200886610e-01 4.845605828931732178e+11
7.189426685405689854e-01 5.306739192802940674e+11
7.218184392147313222e-01 5.026475964216847534e+11
7.247057129715901436e-01 6.223243282652542725e+11
7.276045358234763949e-01 7.072434345443624268e+11
7.305149539667704639e-01 8.706794264247050781e+11
7.334370137826373703e-01 1.037385861288621826e+12
7.363707618377679509e-01 1.146537897825328369e+12
7.393162448851190449e-01 1.242317001228614746e+12
7.422735098646596752e-01 1.300293957692270752e+12
7.452426039041182282e-01 1.279912838308628906e+12
7.482235743197346300e-01 1.378829708523705078e+12
7.512164686170136330e-01 1.382293257197592285e+12
7.542213344914817652e-01 1.495710240398378662e+12
7.572382198294477229e-01 1.489406078151771484e+12
7.602671727087656484e-01 1.321678010951197021e+12
7.633082413996006288e-01 1.234549449359844238e+12
7.663614743651989691e-01 5.789112281328226318e+11
7.694269202626597970e-01 6.348445295049423828e+11
7.725046279437104424e-01 9.533991977414039307e+11
7.755946464554852593e-01 9.413205766371939697e+11
7.786970250413072225e-01 9.409043404613726807e+11
7.818118131414724115e-01 1.079001081932602295e+12
7.849390603940383793e-01 7.871981064411658936e+11
7.880788166356144098e-01 9.498730373448592529e+11
7.912311319021569922e-01 8.511680362589226074e+11
7.943960564297655180e-01 9.855140411418404541e+11
7.975736406554845281e-01 1.009036485778152832e+12
8.007639352181065151e-01 1.153632932401163818e+12
8.039669909589789443e-01 1.291796542435782471e+12
8.071828589228148276e-01 1.529542095070926025e+12
8.104115903585061842e-01 1.674688257966709961e+12
8.136532367199402760e-01 1.927019991709437500e+12
8.169078496668199518e-01 1.943167360439309570e+12
8.201754810654874328e-01 1.539350715943489502e+12
8.234561829897493190e-01 1.821797152349760742e+12
8.267500077217083687e-01 1.787290570478612061e+12
8.300570077525952772e-01 1.563312696861366455e+12
8.333772357836056743e-01 1.710268137773866943e+12
8.367107447267401188e-01 1.628513412101457275e+12
8.400575877056470908e-01 1.690790576125645264e+12
8.434178180564695371e-01 1.321896917928038330e+12
8.467914893286955236e-01 9.005121481075991211e+11
8.501786552860102208e-01 1.003473510222528442e+12
8.535793699071543283e-01 1.027520049777118042e+12
8.569936873867830540e-01 1.173081944386021484e+12
8.604216621363300899e-01 1.335745089967634521e+12
8.638633487848753623e-01 1.546052618035695557e+12
8.673188021800150027e-01 1.709042381531639648e+12
8.707880773887352044e-01 1.782046225718667236e+12
8.742712296982900755e-01 1.917370707823843750e+12
8.777683146170831563e-01 2.140863662456039062e+12
8.812793878755513788e-01 2.266179222114409180e+12
8.848045054270535781e-01 2.351846643928238770e+12
8.883437234487617795e-01 1.839922630158879883e+12
8.918970983425568155e-01 2.250368916609036621e+12
8.954646867359271623e-01 1.885862130838899170e+12
8.990465454828707736e-01 2.131242041858882080e+12
9.026427316648023558e-01 2.044688933345350586e+12
9.062533025914615292e-01 2.088748165541510742e+12
9.098783158018273198e-01 2.226787215876826172e+12
9.135178290650346478e-01 2.302613157205429688e+12
9.171719003812948134e-01 2.434114781640550293e+12
9.208405879828199803e-01 2.501647121254757324e+12
9.245239503347512100e-01 2.422458725241691895e+12
9.282220461360901620e-01 2.441300746301629883e+12
9.319349343206346781e-01 2.335745723858856934e+12
9.356626740579171431e-01 2.381148145780716309e+12
9.394053247541488405e-01 2.385060074696264648e+12
9.431629460531654185e-01 2.467604615693778809e+12
9.469355978373780180e-01 2.596185018857067871e+12
9.507233402287275092e-01 2.647182680396121094e+12
9.545262335896426142e-01 2.705642628391188965e+12
9.583443385240012491e-01 2.703443561067052246e+12
9.621777158780971950e-01 2.756899834516970215e+12
9.660264267416096562e-01 2.785463173624919434e+12
9.698905324485760371e-01 2.847788355526056641e+12
9.737700945783701600e-01 2.491401178080049316e+12
9.776651749566835914e-01 2.485029685902617188e+12
9.815758356565105203e-01 2.445123488992324707e+12
9.855021389991363012e-01 2.404830641701482422e+12
9.894441475551331022e-01 2.318124536545821777e+12
9.934019241453534432e-01 1.943782902463153564e+12
9.973755318419349480e-01 2.170069561911038574e+12
1.001365033969302543e+00 2.199646658036486328e+12
1.005370494105179757e+00 2.180771042551394287e+12
1.009391976081600362e+00 2.286177871821311523e+12
1.013429543985926884e+00 2.401091124628448730e+12
1.017483262161870350e+00 2.416760203374467285e+12
1.021553195210518128e+00 2.500487863095418457e+12
1.025639407991360219e+00 2.440365265585976562e+12
1.029741965623325539e+00 2.433495655523330078e+12
1.033860933485818867e+00 2.496396097882139648e+12
1.037996377219762012e+00 2.631184641429699707e+12
1.042148362728641198e+00 2.641221164612967773e+12
1.046316956179555557e+00 2.765245222787909668e+12
1.050502224004274066e+00 2.767000310126583496e+12
1.054704232900291139e+00 2.825655122338597656e+12
1.058923049831892227e+00 2.805447012312571289e+12
1.063158742031219628e+00 2.809795519257035156e+12
1.067411376999344741e+00 2.756411003416077637e+12
1.071681022507342096e+00 2.758350816663089844e+12
1.075967746597371377e+00 2.839746517902193848e+12
1.080271617583760779e+00 2.794282682418473633e+12
1.084592704054095913e+00 2.868394700584157227e+12
1.088931074870312044e+00 2.790673480678833008e+12
1.093286799169793433e+00 2.823401440960805176e+12
1.097659946366472461e+00 2.741522533608939941e+12
1.102050586151938294e+00 2.721037492976957520e+12
1.106458788496546219e+00 2.610992606676396484e+12
1.110884623650532532e+00 2.623835841003458008e+12
1.115328162145134749e+00 2.709715723700091309e+12
1.119789474793714934e+00 2.690267184016550781e+12
1.124268632692889902e+00 2.754431276398243164e+12
1.128765707223661430e+00 2.762747327340126465e+12
1.133280770052556230e+00 2.746109975275918457e+12
1.137813893132766374e+00 2.474236490673617188e+12
1.142365148705297484e+00 2.522359774697250977e+12
1.146934609300118479e+00 2.796615453668792480e+12
1.151522347737319096e+00 2.849062411594685059e+12
1.156128437128268516e+00 2.823109804645710449e+12
1.160752950876781542e+00 2.818187030262653809e+12
1.165395962680288999e+00 2.859460110058316895e+12
1.170057546531009907e+00 2.677590526752669434e+12
1.174737776717134086e+00 2.768441078430539062e+12
1.179436727824002773e+00 2.518042224251067871e+12
1.184154474735298557e+00 2.728165494906766602e+12
1.188891092634239977e+00 2.806041423267720703e+12
1.193646657004777012e+00 2.811317884888411621e+12
1.198421243632796118e+00 2.676558199430554688e+12
1.203214928607327261e+00 2.710390328300823730e+12
1.208027788321756724e+00 2.780039868934047852e+12
1.212859899475043468e+00 2.733418687293710449e+12
1.217711339072943710e+00 2.787324667787214355e+12
1.222582184429235275e+00 2.753737896574889648e+12
1.227472513166952384e+00 2.815774982940982910e+12
1.232382403219620226e+00 2.793065322793529785e+12
1.237311932832498407e+00 2.774435858960199219e+12
1.242261180563828615e+00 2.551629461116260254e+12
1.247230225286083849e+00 2.679830426265866211e+12
1.252219146187228072e+00 2.510732448706498047e+12
1.257228022771976983e+00 2.643080510852787598e+12
1.262256934863064783e+00 2.628507983032572754e+12
1.267305962602517155e+00 2.677955411497976074e+12
1.272375186452927354e+00 2.669090417885622559e+12
1.277464687198738957e+00 2.681173934614498047e+12
1.282574545947533950e+00 2.694861300338137695e+12
1.287704844131324133e+00 2.605493516154341309e+12
1.292855663507849417e+00 2.607580490991038086e+12
1.298027086161880783e+00 2.635380614686492188e+12
1.303219194506528344e+00 2.640420891244824219e+12
1.308432071284554521e+00 2.608198759998212891e+12
1.313665799569692760e+00 2.642216374890056641e+12
1.318920462767971591e+00 2.640288847961090332e+12
1.324196144619043336e+00 2.571852642464710938e+12
1.329492929197519491e+00 2.484048785135108398e+12
1.334810900914309650e+00 2.196072272398666016e+12
1.340150144517967101e+00 2.156490031181072510e+12
1.345510745096038852e+00 2.140835480079435303e+12
1.350892788076423212e+00 2.138957672259872559e+12
1.356296359228728932e+00 2.097573168126792725e+12
1.361721544665643879e+00 2.094980185227500977e+12
1.367168430844306393e+00 2.121690094619054932e+12
1.372637104567683730e+00 2.117648516207234863e+12
1.378127652985954299e+00 2.139756518303371338e+12
1.383640163597898098e+00 2.124167806026447754e+12
1.389174724252289828e+00 2.065033477254412109e+12
1.394731423149298877e+00 2.026517584024056396e+12
1.400310348841896202e+00 1.986549320214861816e+12
1.405911590237263642e+00 1.995411676653491943e+12
1.411535236598212784e+00 1.911638183037445312e+12
1.417181377544605603e+00 1.865877333857817383e+12
1.422850103054784210e+00 1.876668254018954102e+12
1.428541503467003038e+00 1.849797675004581299e+12
1.434255669480871243e+00 1.850743051501653320e+12
1.439992692158794885e+00 1.858172437924041992e+12
1.445752662927429988e+00 1.873449615802696289e+12
1.451535673579139596e+00 1.858631692761003174e+12
1.457341816273456159e+00 1.885561944064813721e+12
1.463171183538549913e+00 1.833382285560002930e+12
1.469023868272704147e+00 1.804192907719609375e+12
1.474899963745795128e+00 1.819531512199000244e+12
1.480799563600778246e+00 1.820945204313186523e+12
1.486722761855181485e+00 1.814179322775658203e+12
1.492669652902602007e+00 1.822016158635445557e+12
1.498640331514212276e+00 1.827539104288693359e+12
1.504634892840269300e+00 1.831414366151270752e+12
1.510653432411630304e+00 1.842377716678834229e+12
1.516696046141276843e+00 1.841920363461300293e+12
1.522762830325842032e+00 1.867426308410461426e+12
1.528853881647145307e+00 1.870597689101880615e+12
1.534969297173733649e+00 1.860572854753469727e+12
1.541109174362428780e+00 1.851874141410469238e+12
1.547273611059878373e+00 1.874349844747086670e+12
1.553462705504118135e+00 1.883644396414822998e+12
1.559676556326134556e+00 1.872857186452145264e+12
1.565915262551438980e+00 1.896761497348485352e+12
1.572178923601644795e+00 1.896631441069562988e+12
1.578467639296051495e+00 1.926946003071450439e+12
1.584781509853235626e+00 1.933230748592418701e+12
1.591120635892648405e+00 1.930723670653184570e+12
1.597485118436219098e+00 1.943959040245441406e+12
1.603875058909963958e+00 1.948125843050257568e+12
1.610290559145603595e+00 1.950493829561170654e+12
1.616731721382186127e+00 1.914512533294035645e+12
1.623198648267714761e+00 1.954522106223880615e+12
1.629691442860785600e+00 1.977512726557641113e+12
1.636210208632228769e+00 1.995868711319738281e+12
1.642755049466757766e+00 1.989978329011924805e+12
1.649326069664624805e+00 2.001882211400233154e+12
1.655923373943283039e+00 2.008485438113317871e+12
1.662547067439056336e+00 1.999402537595814941e+12
1.669197255708812611e+00 2.006429911959034424e+12
1.675874044731648027e+00 2.005748980088468018e+12
1.682577540910574321e+00 1.989270705777247559e+12
1.689307851074216771e+00 1.959006186158260742e+12
1.696065082478513508e+00 1.928538865967816162e+12
1.702849342808427480e+00 1.895479474703551514e+12
1.709660740179661298e+00 1.830707418034013672e+12
1.716499383140379864e+00 1.748356471864017578e+12
1.723365380672941427e+00 1.732687801728876221e+12
1.730258842195633306e+00 1.699667413366123535e+12
1.737179877564415831e+00 1.625029416825574463e+12
1.744128597074673603e+00 1.599706100184994873e+12
1.751105111462972097e+00 1.555221234666868896e+12
1.758109531908824241e+00 1.479681156807696289e+12
1.765141970036459451e+00 1.449571979512814697e+12
1.772202537916605314e+00 1.402404435901960938e+12
1.779291348068271716e+00 1.339237896097926514e+12
1.786408513460544745e+00 1.317101584929069336e+12
1.793554147514387020e+00 1.277201278383183594e+12
1.800728364104444257e+00 1.257941207273694824e+12
1.807931277560862249e+00 1.205091261717807373e+12
1.815163002671105641e+00 1.222972032544239990e+12
1.822423654681789795e+00 1.198362175272224365e+12
1.829713349300517100e+00 1.176733030163212891e+12
1.837032202697718830e+00 1.168601820461297119e+12
1.844380331508509885e+00 1.099361527056421509e+12
1.851757852834543527e+00 1.084061357090522339e+12
1.859164884245881888e+00 1.000246011069594360e+12
1.866601543782865358e+00 1.060078717043978882e+12
1.874067949957996859e+00 1.040692569005143555e+12
1.881564221757828781e+00 1.054045047150747803e+12
1.889090478644860127e+00 1.066278115629630249e+12
1.896646840559439662e+00 1.065760659839670166e+12
1.904233427921677269e+00 1.066222573084610840e+12
1.911850361633363971e+00 1.068727300393562744e+12
1.919497763079897279e+00 1.045783240281655518e+12
1.927175754132217200e+00 1.028499987813180298e+12
1.934884457148745796e+00 1.037496277621705200e+12
1.942623994977340729e+00 9.753650399169388428e+11
1.950394490957250149e+00 1.000779664616865723e+12
1.958196068921079336e+00 1.018019181718498657e+12
1.966028853196763793e+00 1.013005185451591431e+12
1.973892968609550991e+00 9.602282436612464600e+11
1.981788540483989447e+00 9.359495951189008789e+11
1.989715694645925126e+00 9.332480763837161865e+11
1.997674557424508723e+00 9.432005041006829834e+11
2.005665255654207169e+00 9.303686502652648926e+11
2.013687916676823786e+00 9.197347747016723633e+11
2.021742668343530891e+00 9.227350305711329346e+11
2.029829639016905052e+00 9.076194426965056152e+11
2.037948957572972564e+00 9.024944540826354980e+11
2.046100753403264694e+00 8.976247131225576172e+11
2.054285156416877811e+00 9.057669737399340820e+11
2.062502297042545507e+00 8.935361958184990234e+11
2.070752306230715600e+00 8.976766460471469727e+11
2.079035315455638244e+00 8.961682700315715332e+11
2.087351456717461140e+00 8.888897070599619141e+11
2.095700862544330967e+00 8.943308918362243652e+11
2.104083665994508134e+00 9.014876963838703613e+11
2.112500000658485977e+00 9.025428513491268311e+11
2.120950000661120161e+00 9.036666890251749268e+11
2.129433800663764753e+00 8.933269674188842773e+11
2.137951535866419839e+00 8.993505380058494873e+11
2.146503342009885351e+00 9.127830416231624756e+11
2.155089355377924676e+00 9.096748990180769043e+11
2.163709712799436691e+00 9.167561771809514160e+11
2.172364551650634468e+00 9.153991288158658447e+11
2.181054009857236853e+00 9.132267735628496094e+11
2.189778225896665376e+00 9.143018155490572510e+11
2.198537338800252705e+00 9.192098701163240967e+11
2.207331488155453325e+00 8.857660042222100830e+11
2.216160814108075083e+00 9.186584463549957275e+11
2.225025457364507631e+00 9.171159742462106934e+11
2.233925559193965515e+00 9.160197270556896973e+11
2.242861261430741493e+00 9.182281292101605225e+11
2.251832706476463830e+00 9.118886408820607910e+11
2.260840037302370042e+00 8.993599217837747803e+11
2.269883397451579299e+00 9.037812269668511963e+11
2.278962931041386142e+00 8.951604693438728027e+11
2.288078782765551100e+00 8.948300668353394775e+11
2.297231097896613505e+00 7.697652206717073975e+11
2.306420022288200311e+00 8.202202173676970215e+11
2.315645702377353121e+00 8.127802349119195557e+11
2.324908285186861878e+00 7.223406567858802490e+11
2.334207918327609654e+00 7.497216760901820068e+11
2.343544750000919663e+00 7.504459617649460449e+11
2.352918929000923143e+00 6.827267194712966309e+11
2.362330604716927240e+00 6.895843517467938232e+11
2.371779927135795329e+00 7.057260982904075928e+11
2.381267046844337987e+00 6.466773908946680908e+11
2.390792115031715070e+00 6.352915848829584961e+11
2.400355283491842240e+00 6.459649241237252197e+11
2.409956704625809465e+00 6.092587451447836914e+11
2.419596531444312859e+00 5.873011123739525146e+11
2.429274917570089620e+00 5.809022926918859863e+11
2.438992017240370291e+00 5.624054529685273438e+11
2.448747985309331465e+00 5.334807098370936890e+11
2.458542977250568917e+00 5.217036603202665405e+11
2.468377149159570738e+00 5.149928317163875732e+11
2.478250657756209563e+00 4.776581125263237305e+11
2.488163660387234355e+00 4.773903734105830688e+11
2.498116315028783063e+00 4.722280662801520996e+11
2.508108780288898387e+00 4.414509204635396729e+11
2.518141215410053757e+00 4.387119181630498657e+11
2.528213780271693967e+00 4.221408391357835083e+11
2.538326635392781139e+00 4.160900161518912354e+11
2.548479941934351789e+00 4.135321422696100464e+11
2.558673861702089436e+00 4.041040304550261230e+11
2.568908557148898097e+00 4.082260181980969849e+11
2.579184191377493551e+00 3.887486264390084839e+11
2.589500928143003478e+00 4.007193466300618896e+11
2.599858931855575594e+00 4.021583233401870117e+11
2.610258367582998229e+00 4.047595587487919922e+11
2.620699401053329769e+00 3.956154724126439209e+11
2.631182198657543214e+00 3.970381068947760620e+11
2.641706927452173392e+00 3.940219679731204224e+11
2.652273755161981938e+00 4.036610940874241943e+11
2.662882850182629824e+00 4.047650131723685913e+11
2.673534381583360542e+00 3.819077089942222290e+11
2.684228519109693956e+00 3.825651520289519653e+11
2.694965433186132575e+00 3.650847348734456177e+11
2.705745294918877164e+00 3.648203393505534668e+11
2.716568276098552559e+00 3.541155388693209839e+11
2.727434549202946812e+00 3.387896690416555786e+11
2.738344287399758326e+00 3.331662633915123291e+11
2.749297664549357201e+00 3.306597017711893921e+11
2.760294855207554576e+00 3.304692388410985107e+11
2.771336034628385292e+00 3.198407689820852051e+11
2.782421378766898545e+00 3.105328126657723999e+11
2.793551064281966312e+00 3.129384017209128418e+11
2.804725268539093985e+00 2.997707662705948486e+11
2.815944169613250558e+00 2.920805442702175293e+11
2.827207946291703244e+00 3.027742898669430542e+11
2.838516778076869862e+00 2.881273441387742920e+11
2.849870845189177437e+00 2.849310497820839844e+11
2.861270328569933685e+00 2.901022441308915405e+11
2.872715409884213589e+00 2.828862915079194946e+11
2.884206271523750420e+00 2.808896630809780273e+11
2.895743096609845413e+00 2.835380156150136719e+11
2.907326068996284985e+00 2.664728553187184143e+11
2.918955373272270393e+00 2.690588172797265320e+11
2.930631194765359826e+00 2.692260742996194763e+11
2.942353719544420709e+00 2.595269308784271851e+11
2.954123134422598440e+00 2.623548206665009766e+11
2.965939626960289122e+00 2.558464209709670410e+11
2.977803385468130504e+00 2.602210933943269958e+11
2.989714599010003138e+00 2.513765430224073486e+11
3.001673457406043077e+00 2.518896014210631714e+11
3.013680151235667015e+00 2.511838662578710022e+11
3.025734871840609408e+00 2.408586832602535095e+11
3.037837811327972037e+00 2.517417686639410706e+11
3.049989162573283785e+00 2.401532939897187195e+11
3.062189119223576395e+00 2.471863898653258362e+11
3.074437875700470890e+00 2.397493935670259705e+11
3.086735627203272880e+00 2.380113944220625610e+11
3.099082569712085622e+00 2.400303337508914795e+11
3.111478899990933744e+00 2.328901097361176147e+11
3.123924815590897186e+00 2.363864897146786499e+11
3.136420514853261121e+00 2.329205809482214050e+11
3.148966196912674320e+00 2.319218246699609985e+11
3.161562061700325277e+00 2.324964774321099854e+11
3.174208309947126327e+00 2.265146008657484436e+11
3.186905143186915090e+00 2.343563389732516479e+11
3.199652763759662566e+00 2.205661402067216187e+11
3.212451374814701222e+00 2.320420009198581238e+11
3.225301180313960625e+00 2.259673035318311157e+11
3.238202385035215958e+00 2.248745846635898132e+11
3.251155194575356955e+00 2.267559340103631592e+11
3.264159815353658622e+00 2.254226019131862488e+11
3.277216454615073271e+00 2.227581734504400330e+11
3.290325320433533207e+00 2.224035150303361511e+11
3.303486621715267635e+00 2.231860209934445496e+11
3.316700568202128441e+00 2.188450428421916199e+11
3.329967370474937294e+00 2.239689512701897888e+11
3.343287239956836743e+00 2.156261105104753113e+11
3.356660388916663962e+00 2.183557637008443909e+11
3.370087030472330714e+00 2.179794222639343872e+11
3.383567378594220187e+00 2.145606605913276672e+11
3.397101648108596716e+00 2.152019597452684326e+11
3.410690054701031482e+00 2.128149843183189087e+11
3.424332814919834878e+00 2.131005635655049133e+11
3.438030146179514634e+00 2.108349060457985840e+11
3.451782266764232610e+00 2.109479144934057922e+11
3.465589395831289998e+00 2.105376471559533997e+11
3.479451753414614767e+00 2.083452239666172485e+11
3.493369560428273068e+00 2.038567836545085449e+11
3.507343038669985980e+00 2.085363371613169250e+11
3.521372410824665788e+00 2.019237032563866882e+11
3.535457900467964709e+00 2.028794518673728333e+11
3.549599732069836477e+00 2.015277499599649658e+11
3.563798130998116154e+00 1.998799562712201538e+11
3.578053323522108364e+00 1.991264298623594971e+11
3.592365536816196858e+00 1.981360779600420227e+11
3.606734998963461614e+00 1.964022496608884583e+11
3.621161938959315041e+00 1.942282748369040833e+11
3.635646586715152839e+00 1.933073078309406128e+11
3.650189173062013293e+00 1.922192538048438416e+11
3.664789929754260545e+00 1.912521662225839844e+11
3.679449089473277645e+00 1.887778038843460083e+11
3.694166885831170699e+00 1.876139010038229980e+11
3.708943553374495661e+00 1.883603096553367004e+11
3.723779327587993571e+00 1.869565718791656189e+11
3.738674444898345328e+00 1.829994270469325562e+11
3.753629142677938901e+00 1.847184862000685120e+11
3.768643659248651190e+00 1.816489329581944275e+11
3.783718233885645432e+00 1.825953027412606506e+11
3.798853106821188153e+00 1.799582057993118896e+11
3.814048519248473657e+00 1.788684073594708252e+11
3.829304713325467180e+00 1.740607025073373718e+11
3.844621932178768908e+00 1.748053953363001099e+11
3.860000419907484215e+00 1.744472145959980164e+11
3.875440421587113882e+00 1.715174232746389465e+11
3.890942183273462529e+00 1.691518599906668091e+11
3.906505952006555926e+00 1.676973549413355408e+11
3.922131975814582727e+00 1.659307184655979309e+11
3.937820503717840648e+00 1.634211471385361633e+11
3.953571785732711508e+00 1.598517252561211548e+11
3.969386072875642490e+00 1.577295307843183899e+11
3.985263617167145167e+00 1.530578748010600586e+11
4.001204671635814059e+00 1.507105105980337219e+11
4.017209490322357190e+00 1.493852445222312622e+11
4.033278328283646630e+00 1.458239578948325806e+11
4.049411441596781458e+00 1.383584084179696655e+11
4.065609087363168506e+00 1.398331101820218506e+11
4.081871523712622185e+00 1.324883444106517181e+11
4.098199009807472315e+00 1.338794771945846405e+11
4.114591805846702144e+00 1.315176153415372620e+11
4.131050173070089038e+00 1.263902142102563782e+11
4.147574373762369149e+00 1.288075669258321533e+11
4.164164671257418959e+00 1.231002877629288483e+11
4.180821329942449260e+00 1.233054721357188263e+11
4.197544615262219558e+00 1.219114342267862701e+11
4.214334793723269357e+00 1.173233879631184845e+11
4.231192132898162761e+00 1.183111986637307281e+11
4.248116901429755288e+00 1.117946999906771088e+11
4.265109369035473996e+00 1.103032403008879395e+11
4.282169806511615384e+00 1.097875290904408875e+11
4.299298485737661935e+00 1.024066380350934296e+11
4.316495679680612874e+00 1.018922237744417114e+11
4.333761662399335357e+00 9.909385687254301453e+10
4.351096709048932532e+00 9.509140585664436340e+10
4.368501095885127583e+00 9.195308694727990723e+10
4.385975100268668214e+00 9.013072547176663208e+10
4.403519000669743555e+00 8.715222202229446411e+10
4.421133076672422391e+00 8.509106133847637939e+10
4.438817608979111817e+00 8.289796650342675781e+10
4.456572879415028332e+00 8.193588007252159119e+10
4.474399170932688463e+00 7.879236122043748474e+10
4.492296767616419828e+00 7.823877185528588867e+10
4.510265954686884626e+00 7.787141897983821106e+10
4.528307018505633330e+00 7.507526682601321411e+10
4.546420246579655711e+00 7.489654590472447205e+10
4.564605927565974497e+00 7.272293867166441345e+10
4.582864351276237258e+00 7.331838838261740112e+10
4.601195808681342925e+00 7.179678381151742554e+10
4.619600591916067422e+00 7.141900324436012268e+10
4.638078994283731937e+00 7.043440482520718384e+10
4.656631310260867629e+00 7.080472048302085876e+10
4.675257835501911430e+00 6.858186371875576019e+10
4.693958866843916944e+00 6.906260017703248596e+10
4.712734702311292878e+00 6.723342879584587097e+10
4.731585641120538810e+00 6.736572591790774536e+10
4.750511983685020923e+00 6.656622532413200378e+10
4.769514031619761063e+00 6.407752350477805328e+10
4.788592087746240011e+00 6.364832405920603943e+10
4.807746456097224730e+00 6.331811621475486755e+10
4.826977441921613377e+00 6.232716162960128021e+10
4.846285351689299858e+00 6.173410896220623779e+10
4.865670493096057925e+00 6.040121085190882111e+10
4.885133175068442135e+00 5.940360717422051239e+10
4.904673707768715474e+00 5.840551776320294952e+10
4.924292402599791174e+00 5.803125786710247040e+10
4.943989572210189642e+00 5.652156269070671844e+10
4.963765530499030021e+00 5.457120602543344879e+10
4.983620592621027079e+00 5.616679118792202759e+10
5.003555074991511198e+00 5.368126409065966034e+10
5.023569295291476777e+00 5.200606021286095428e+10
5.043663572472643075e+00 5.364753636831198883e+10
5.063838226762532813e+00 5.190900293105079651e+10
5.084093579669583640e+00 5.060481314209507751e+10
5.104429953988261381e+00 5.086215840793382263e+10
5.124847673804215020e+00 4.983728657209872437e+10
5.145347064499431688e+00 5.013227454672694397e+10
5.165928452757428957e+00 4.813512490789747620e+10
5.186592166568458673e+00 4.904475067355384827e+10
5.207338535234733001e+00 4.696384272351313019e+10
5.228167889375671784e+00 4.794247310044874573e+10
5.249080560933174766e+00 4.626636243490359497e+10
5.270076883176907145e+00 4.646207651944983673e+10
5.291157190709615321e+00 4.532528767843834686e+10
5.312321819472453299e+00 4.572452026591158295e+10
5.333571106750343738e+00 4.473886640765465546e+10
5.354905391177344320e+00 4.400402322101965332e+10
5.376325012742054099e+00 4.405453375580180359e+10
5.397830312793021612e+00 4.335147103417040253e+10
5.419421634044193858e+00 4.146008549058350372e+10
5.441099320580370602e+00 4.257337318779929352e+10
5.462863717862692425e+00 4.130456820894595337e+10
5.484715172734142996e+00 4.112149553641945648e+10
5.506654033425078865e+00 4.111179563048654938e+10
5.528680649558780580e+00 3.932125682991575623e+10
5.550795372157015350e+00 3.900656444628068542e+10
5.572998553645643227e+00 3.850008936684285736e+10
5.595290547860225949e+00 3.915912862731214142e+10
5.617671710051667766e+00 3.782113902062332153e+10
5.640142396891874021e+00 3.793486448605326080e+10
5.662702966479441713e+00 3.723113576824443054e+10
5.685353778345359821e+00 3.599692704355632019e+10
5.708095193458740724e+00 3.621304756111362457e+10
5.730927574232576482e+00 3.487909179272358704e+10
5.753851284529505783e+00 3.601902867447254944e+10
5.776866689667624399e+00 3.445070126491193390e+10
5.799974156426294769e+00 3.490450462274002075e+10
5.823174053051999977e+00 3.351265737861263657e+10
5.846466749264207508e+00 3.319720368651337814e+10
5.869852616261264977e+00 3.332464032625713730e+10
5.893332026726310069e+00 3.258008110333566284e+10
5.916905354833215114e+00 3.284696682223144150e+10
5.940572976252548543e+00 3.169307227060961533e+10
5.964335268157558545e+00 3.187200407198764801e+10
5.988192609230189589e+00 3.125546390069219208e+10
6.012145379667110490e+00 3.141929269364832687e+10
6.036193961185778889e+00 2.998762216641136551e+10
6.060338737030522616e+00 3.030589130605137634e+10
6.084580091978644134e+00 3.068500926468587875e+10
6.108918412346558746e+00 2.926248216076008606e+10
6.133354085995945226e+00 3.030830620695895386e+10
6.157887502339929320e+00 2.940619758870022202e+10
6.182519052349287669e+00 2.871344905228780746e+10
6.207249128558685491e+00 2.874327969826710510e+10
6.232078125072920471e+00 2.848918059138591385e+10
6.257006437573212843e+00 2.775013749504048538e+10
6.282034463323505236e+00 2.746642100599795532e+10
6.307162601176800720e+00 2.717210671604579926e+10
6.332391251581507063e+00 2.685276627512283707e+10
6.357720816587833390e+00 2.624896877238726425e+10
6.383151699854184180e+00 2.550225712542346573e+10
6.408684306653601226e+00 2.472122994136865997e+10
6.434319043880215361e+00 2.460416214632680893e+10
6.460056320055736379e+00 2.320317125887991333e+10
6.485896545335958052e+00 2.173079557878342819e+10
6.511840131517302233e+00 2.191979648196862030e+10
6.537887492043371829e+00 2.111805805559545898e+10
6.564039042011545533e+00 2.033644206999768066e+10
6.590295198179591196e+00 1.961436162209697342e+10
6.616656378972309405e+00 1.945505904410391998e+10
6.643123004488199257e+00 1.873716748360958862e+10
6.669695496506150789e+00 1.868265433892190552e+10
6.696374278492176479e+00 1.836765427067301559e+10
6.723159775606144528e+00 1.863514086119217300e+10
6.750052414708568094e+00 1.824489559139182281e+10
6.777052624367403411e+00 1.745129612112118530e+10
6.804160834864871887e+00 1.754694131225322723e+10
6.831377478204331055e+00 1.707747584558158112e+10
6.858702988117148180e+00 1.727650096438048935e+10
6.886137800069615622e+00 1.693033439888076210e+10
6.913682351269895499e+00 1.659533892653547287e+10
6.941337080674975013e+00 1.657384450259796715e+10
6.969102428997675069e+00 1.642866782522795486e+10
6.996978838713665994e+00 1.629600181519728470e+10
7.024966754068519670e+00 1.607747888561175728e+10
7.053066621084793653e+00 1.576627189739417267e+10
7.081278887569133929e+00 1.551632542147351646e+10
7.109604003119409654e+00 1.494933404753503990e+10
7.138042419131887861e+00 1.525481051388839531e+10
7.166594588808414379e+00 1.512883316029023552e+10
7.195260967163648047e+00 1.482428852400136185e+10
7.224042011032302923e+00 1.458852836208926201e+10
7.252938179076432235e+00 1.439060512644444466e+10
7.281949931792737196e+00 1.433748537838370132e+10
7.311077731519908696e+00 1.414074830214122581e+10
7.340322042445988515e+00 1.376378504532193756e+10
7.369683330615771411e+00 1.357084682344926262e+10
7.399162063938235612e+00 1.381583748151588440e+10
7.428758712193988423e+00 1.312644483144464111e+10
7.458473747042765112e+00 1.329248770196884537e+10
7.488307642030935796e+00 1.309511471847554207e+10
7.518260872599060285e+00 1.273081535536145020e+10
7.548333916089456253e+00 1.291697816340158272e+10
7.578527251753813587e+00 1.237603987924998474e+10
7.608841360760829176e+00 1.190475677172267914e+10
7.639276726203872769e+00 1.215009893260761642e+10
7.669833833108687493e+00 1.175963107169007111e+10
7.700513168441122325e+00 1.180073807554464340e+10
7.731315221114887670e+00 1.156810307365454102e+10
7.762240481999347352e+00 1.125664603333406830e+10
7.793289443927344351e+00 1.125113732877520561e+10
7.824462601703054077e+00 1.128532416889408302e+10
7.855760452109866065e+00 1.094958621688768387e+10
7.887183493918306532e+00 1.044569173587882423e+10
7.918732227893980458e+00 1.056586956549220276e+10
7.950407156805555431e+00 1.040812596018097115e+10
7.982208785432777454e+00 1.003088924433634186e+10
8.014137620574508958e+00 1.022124127830160713e+10
8.046194171056805899e+00 9.823368669237014771e+09
8.078378947741034821e+00 9.762321879554512024e+09
8.110692463531997021e+00 9.505010982669803619e+09
8.143135233386125549e+00 9.522775519875308990e+09
8.175707774319670662e+00 9.435481123253887177e+09
8.208410605416949224e+00 9.071706771746957779e+09
8.241244247838615422e+00 9.154220238672458649e+09
8.274209224829968790e+00 8.766343265713603973e+09
8.307306061729288871e+00 8.878976261558631897e+09
8.340535285976207192e+00 8.558173278306686401e+09
8.373897427120111203e+00 8.381085688851247787e+09
8.407393016828594412e+00 8.533176327480581284e+09
8.441022588895906509e+00 8.209939174522294998e+09
8.474786679251490540e+00 8.336487743775234222e+09
8.508685825968495209e+00 8.071963629103706360e+09
8.542720569272368891e+00 8.044392210133524895e+09
8.576891451549458978e+00 7.841155536308233261e+09
8.611199017355655627e+00 7.895592974228618622e+09
8.645643813425078150e+00 7.813209343054588318e+09
8.680226388678779159e+00 7.617710627842515945e+09
8.714947294233493125e+00 7.569544251127960205e+09
8.749807083410427566e+00 7.270085124619694710e+09
8.784806311744070229e+00 7.382501659221063614e+09
8.819945536991047774e+00 7.244525175997110367e+09
8.855225319139009343e+00 7.138380576062469482e+09
8.890646220415566958e+00 7.191816591957423210e+09
8.926208805297228821e+00 7.102353714161617279e+09
8.961913640518417878e+00 6.832793320979412079e+09
8.997761295080492161e+00 6.896520091546630859e+09
9.033752340260813085e+00 6.830687987943507195e+09
9.069887349621856387e+00 6.751840858727624893e+09
9.106166899020346150e+00 6.618300530913358688e+09
9.142591566616424359e+00 6.570508916698560715e+09
9.179161932882891506e+00 6.526191744521811485e+09
9.215878580614422333e+00 6.372714908933604240e+09
9.252742094936881045e+00 6.218410535583394051e+09
9.289753063316627646e+00 6.211340113291463852e+09
9.326912075569895322e+00 6.105444106343229294e+09
9.364219723872173162e+00 6.186706100096904755e+09
9.401676602767663482e+00 5.934236437866538048e+09
9.439283309178733816e+00 5.868859845906242371e+09
9.477040442415447075e+00 5.863041856592726707e+09
9.514948604185111236e+00 5.761074817493597984e+09
9.553008398601852136e+00 5.793559242395517349e+09
9.591220432196260859e+00 5.575361701053293228e+09
9.629585313925044687e+00 5.468496725995762825e+09
9.668103655180747324e+00 5.442266898296612740e+09
9.706776069801470896e+00 5.340791804112148285e+09
9.745603174080676112e+00 5.343152958736412048e+09
9.784585586776998412e+00 5.295300789305101395e+09
9.823723929124106746e+00 5.155680413592473984e+09
9.863018824840601440e+00 5.096769070786951065e+09
9.902470900139965337e+00 4.807411366035123825e+09
9.942080783740523842e+00 4.963238156552668571e+09
9.981849106875488431e+00 4.841832240486434937e+09
1.002177650330298952e+01 4.810355068810217857e+09
1.006186360931619994e+01 4.688909213669880867e+09
1.010211106375346723e+01 4.566353296821799278e+09
1.014251950800847979e+01 4.582854800337819099e+09
1.018308958604051284e+01 4.559060717428750992e+09
1.022382194438467451e+01 4.413122258540087700e+09
1.026471723216221399e+01 4.372904941191781044e+09
1.030577610109086173e+01 4.272962905958480358e+09
1.034699920549522467e+01 4.194056075836335182e+09
1.038838720231720458e+01 4.161168398875318050e+09
1.042994075112647501e+01 4.075078535303745747e+09
1.047166051413097954e+01 4.006596870739047050e+09
1.051354715618750468e+01 3.976339684291406155e+09
1.055560134481225454e+01 3.885412855532296658e+09
1.059782375019150358e+01 3.784764641599824905e+09
1.064021504519226902e+01 3.801351167933914185e+09
1.068277590537303823e+01 3.767202825597254276e+09
1.072550700899452991e+01 3.619123134600803375e+09
1.076840903703050856e+01 3.553226875023251057e+09
1.081148267317863088e+01 3.547823999707779884e+09
1.085472860387134553e+01 3.586288010245507717e+09
1.089814751828683015e+01 3.369308385256030083e+09
1.094174010835997635e+01 3.381609288642090797e+09
1.098550706879341909e+01 3.242251001022911549e+09
1.102944909706859100e+01 3.227209832581452370e+09
1.107356689345686540e+01 3.210858391758175373e+09
1.111786116103069233e+01 3.138976872701594353e+09
1.116233260567481622e+01 3.097880088791683197e+09
1.120698193609751492e+01 3.013763165709120274e+09
1.125180986384190440e+01 3.000062846426727295e+09
1.129681710329727373e+01 2.938742735533349991e+09
1.134200437171046083e+01 2.912061307435489655e+09
1.138737238919730466e+01 2.867970932663343906e+09
1.143292187875409383e+01 2.797385167168094635e+09
1.147865356626910938e+01 2.785327761088272095e+09
1.152456818053418530e+01 2.716904328334580898e+09
1.157066645325632237e+01 2.653126167466655731e+09
1.161694911906934635e+01 2.617574440939193726e+09
1.166341691554562487e+01 2.611579547080531120e+09
1.171007058320780736e+01 2.540029895438840389e+09
1.175691086554063958e+01 2.447168295243182182e+09
1.180393850900279951e+01 2.456628757523595810e+09
1.185115426303881137e+01 2.400703519822685719e+09
1.189855888009096674e+01 2.397654258736623287e+09
1.194615311561133097e+01 2.357520967448161602e+09
1.199393772807377623e+01 2.324090057218841553e+09
1.204191347898607134e+01 2.292264085013787746e+09
1.209008113290201614e+01 2.251116289948536873e+09
1.213844145743362368e+01 2.191388184356211185e+09
1.218699522326335938e+01 2.201725599426065445e+09
1.223574320415641381e+01 2.131225859657944202e+09
1.228468617697303777e+01 2.150552931186217785e+09
1.233382492168093059e+01 2.059713276110035181e+09
1.238316022136765504e+01 2.059324041605398178e+09
1.243269286225312520e+01 1.943579267372730494e+09
1.248242363370213859e+01 1.997226819868680954e+09
1.253235332823694748e+01 1.914796302083571672e+09
1.258248274154989410e+01 1.929908654048363209e+09
1.263281267251609385e+01 1.897819542892457247e+09
1.268334392320615756e+01 1.851510038230469942e+09
1.273407729889898299e+01 1.873387009415309191e+09
1.278501360809457665e+01 1.772282639875236273e+09
1.283615366252695544e+01 1.740440077896558523e+09
1.288749827717706253e+01 1.785366939350416183e+09
1.293904827028577031e+01 1.683081284626405239e+09
1.299080446336691352e+01 1.710512948499825478e+09
1.304276768122038099e+01 1.651641222397590637e+09
1.309493875194526424e+01 1.656052366440180779e+09
1.314731850695304693e+01 1.607851918183476210e+09
1.319990778098085649e+01 1.577957833619786978e+09
1.325270741210477965e+01 1.548679045053531647e+09
1.330571824175319939e+01 1.524038096148134947e+09
1.335894111472021173e+01 1.508340214616215944e+09
1.341237687917909227e+01 1.504728892344982147e+09
1.346602638669580898e+01 1.441151081364224911e+09
1.351989049224258999e+01 1.461185504578882217e+09
1.357397005421156067e+01 1.410090225862535477e+09
1.362826593442840917e+01 1.400405587300966024e+09
1.368277899816612297e+01 1.382088147853187561e+09
1.373751011415878942e+01 1.331753228381160498e+09
1.379246015461542463e+01 1.359732040347041130e+09
1.384762999523388416e+01 1.294351281642631769e+09
1.390302051521481808e+01 1.329100982583644867e+09
1.395863259727567751e+01 1.287064026182827234e+09
1.401446712766477987e+01 1.242435779051223993e+09
1.407052499617543972e+01 1.270204437094190359e+09
1.412680709616014063e+01 1.194383937866293907e+09
1.418331432454478147e+01 1.170271423110663414e+09
1.424004758184296193e+01 1.184260485351411343e+09
1.429700777217033369e+01 1.182207501813213825e+09
1.435419580325901379e+01 1.131392726979272366e+09
1.441161258647204946e+01 1.132476887196458817e+09
1.446925903681793812e+01 1.086257597375604391e+09
1.452713607296521126e+01 1.099834311842676401e+09
1.458524461725707155e+01 1.080739323777555227e+09
1.464358559572609764e+01 1.037401605796733975e+09
1.470215993810900557e+01 1.023522919145002127e+09
1.476096857786143879e+01 1.051325438226515770e+09
1.482001245217288599e+01 1.015336365159578562e+09
1.487929250198157760e+01 9.840364868251107931e+08
1.493880967198950316e+01 9.778763333135703802e+08
1.499856491067746056e+01 9.638621600529545546e+08
1.505855917032016933e+01 9.570803702764633894e+08
1.511879340700144958e+01 9.335462172819266319e+08
1.517926858062945605e+01 9.079694694673631191e+08
1.523998565495197433e+01 9.196007640656490326e+08
1.530094559757178274e+01 8.856693850653285980e+08
1.536214937996206764e+01 8.728159469951580763e+08
1.542359797748191674e+01 8.612833548975534439e+08
1.548529236939184450e+01 8.573190796293696165e+08
1.554723353886941339e+01 8.237625798712383509e+08
1.560942247302489072e+01 8.383178306790078878e+08
1.567186016291699069e+01 8.193736205616322756e+08
1.573454760356865556e+01 7.976700030367866755e+08
1.579748579398293096e+01 7.971413628893887997e+08
1.586067573715886247e+01 7.763731807937513590e+08
1.592411844010749888e+01 7.819717992332320213e+08
1.598781491386792730e+01 7.337724103567054272e+08
1.605176617352340074e+01 7.412984114890445471e+08
1.611597323821749228e+01 7.155280823261901140e+08
1.618043713117036120e+01 7.171488827514408827e+08
1.624515887969504391e+01 6.922678246097621918e+08
1.631013951521382310e+01 7.114961145520695448e+08
1.637538007327468037e+01 6.992455681617995501e+08
1.644088159356778078e+01 6.878907094578207731e+08
1.650664511994205341e+01 6.608879453318682909e+08
1.657267170042182158e+01 6.469953129333629608e+08
1.663896238722350418e+01 6.272659923939809799e+08
1.670551823677240222e+01 6.390032135292327404e+08
1.677234030971949608e+01 6.430085229972747564e+08
1.683942967095837062e+01 6.155195451731877327e+08
1.690678738964220429e+01 6.041605427929267883e+08
1.697441453920077237e+01 6.069881481480294466e+08
1.704231219735757108e+01 6.176404985001448393e+08
1.711048144614700561e+01 5.640420740157533884e+08
1.717892337193159236e+01 5.757607727575854063e+08
1.724763906541932101e+01 5.488352548043010235e+08
1.731662962168099895e+01 5.451302354375556707e+08
1.738589614016772344e+01 5.380833802440956831e+08
1.745543972472839300e+01 5.456817296883672476e+08
1.752526148362730751e+01 5.324473014395868778e+08
1.759536252956181812e+01 5.156802366994895339e+08
1.766574397968006238e+01 5.060210897712092400e+08
1.773640695559878466e+01 5.028386166645888686e+08
1.780735258342117433e+01 5.010748615909041762e+08
1.787858199375486024e+01 4.992797176243720651e+08
1.795009632172988034e+01 4.779816618977939487e+08
1.802189670701679702e+01 4.838752422205169797e+08
1.809398429384486562e+01 4.717850718303957582e+08
1.816636023102024211e+01 4.405928035706892014e+08
1.823902567194432578e+01 4.637577376137170792e+08
1.831198177463210186e+01 4.561121265294744372e+08
1.838522970173062987e+01 4.437570709089089632e+08
1.845877062053754969e+01 4.413818133192744851e+08
1.853260570301970134e+01 4.135967698820538521e+08
1.860673612583178027e+01 4.046126681609663963e+08
1.868116307033510637e+01 4.114085197974207997e+08
1.875588772261644976e+01 4.047654774270723462e+08
1.883091127350691352e+01 4.122881534650074244e+08
1.890623491860094063e+01 3.952260472978106737e+08
1.898185985827534594e+01 3.859886218568105102e+08
1.905778729770844748e+01 3.970620455097644329e+08
1.913401844689928311e+01 3.901079608758375645e+08
1.921055452068688041e+01 3.609743584323477745e+08
1.928739673876962968e+01 3.689999871302344799e+08
1.936454632572470658e+01 3.653851626353487968e+08
1.944200451102760141e+01 3.406678054701356888e+08
1.951977252907171589e+01 3.630706376040931344e+08
1.959785161918800256e+01 3.387723293294381499e+08
1.967624302566475691e+01 3.380202398275805712e+08
1.991079942767366973e+01 3.261176371496171355e+08
