# Wavelength (micrometer), Flux (W / m2 / m)
1.000553076518779783e-01 2.858086229732901001e+11
1.004555288824854897e-01 8.674538802544877880e-08
1.008573509980154326e-01 1.454468637488988315e-07
1.012607804020075053e-01 1.391749963305896926e-07
1.016658235236155422e-01 2.467873875924721231e-07
1.020724868177099870e-01 1.810695560639049545e-05
1.024807767649808382e-01 3.197733169651018342e-06
1.028906998720407612e-01 5.236286966364812747e-07
1.033022626715289355e-01 2.309312252080082770e-05
1.037154717222150413e-01 6.869693876991046414e-07
1.041303336091038839e-01 5.622661926031940477e-07
1.045468549435403099e-01 2.861487841796181628e-06
1.049650423633144702e-01 3.458230738437873147e-07
1.053849025327677214e-01 5.206391067961177124e-06
1.058064421428987906e-01 6.160283736927029276e-07
1.062296679114703990e-01 6.341235142208696375e-06
1.066545865831162732e-01 5.713507602386146078e-06
1.070812049294487533e-01 2.254998916591644355e-06
1.075095297491665408e-01 4.825249605299320853e-05
1.079395678681632220e-01 2.637190784873066032e-06
1.083713261396358624e-01 2.878328281089116282e-05
1.088048114441943909e-01 1.465892578149898688e-05
1.092400306899711654e-01 1.344131664815276109e-03
1.096769908127310511e-01 2.406788746633503419e-05
1.101156987759819850e-01 3.206417000482638188e-05
1.105561615710859147e-01 7.202950907156318661e-04
1.109983862173702651e-01 2.028675397429129015e-04
1.114423797622397516e-01 7.006393391589949948e-05
1.118881492812886930e-01 2.858635461577524163e-05
1.123357018784138517e-01 1.016867231954179002e-04
1.127850446859275102e-01 1.748224154520645543e-02
1.132361848646712132e-01 1.459276886240895577e-02
1.136891296041298988e-01 7.510424398763902894e-03
1.141438861225464035e-01 7.784840402692666875e-03
1.146004616670366072e-01 4.915722618430450053e-03
1.150588635137047705e-01 5.418594755224256064e-03
1.155190989677595953e-01 3.008273234345553923e-03
1.159811753636306314e-01 8.558402171360172256e-03
1.164451000650851553e-01 2.186667908771580768e-03
1.169108804653455069e-01 2.435357661907531363e-03
1.173785239872068981e-01 1.228746392229654490e-02
1.178480380831557206e-01 4.918607061056221030e-02
1.183194302354883543e-01 2.092651814273182795e-02
1.187927079564302935e-01 1.032339705872901275e-02
1.192678787882560099e-01 2.477468003819745940e-02
1.197449503034090645e-01 4.591265965570075214e-02
1.202239301046226783e-01 4.860904907296547013e-03
1.207048258250411760e-01 3.343446530700885239e-02
1.211876451283413342e-01 1.672909361287196889e-02
1.216723957088547137e-01 1.626716629457525612e-02
1.221590852916901310e-01 3.155247041592258717e-02
1.226477216328568792e-01 5.187429924639454237e-02
1.231383125193883099e-01 1.418645073940746730e-02
1.236308657694658586e-01 1.888751909034372400e-02
1.241253892325437369e-01 1.334395342588727031e-02
1.246218907894739159e-01 1.017886840880107002e-02
1.251203783526317892e-01 1.679734251424130909e-02
1.256208598660423226e-01 1.698266571682080506e-02
1.261233433055065078e-01 2.091998135663039604e-02
1.266278366787285392e-01 5.843039218604165544e-03
1.271343480254434610e-01 4.956116195379473705e-02
1.276428854175452321e-01 4.692616098945713576e-02
1.281534569592154005e-01 8.291353362174914629e-03
1.286660707870522780e-01 1.391720805643166178e-02
1.291807350702004475e-01 8.779126933187800241e-02
1.296974580104812425e-01 5.043888795010617598e-02
1.302162478425231973e-01 3.199406923779283402e-02
1.307371128338932764e-01 6.058046665388253788e-02
1.312600612852288795e-01 4.826627075730400424e-02
1.317851015303697915e-01 8.581162965126293285e-02
1.323122419364912705e-01 1.857020806173010907e-01
1.328414909042372472e-01 1.456215207702134529e-01
1.333728568678542170e-01 1.309557820896622704e-01
1.339063482953256612e-01 8.632151231201826147e-02
1.344419736885069383e-01 1.456074799083052762e-01
1.349797415832609815e-01 3.183584290901518288e-01
1.355196605495940232e-01 3.009786533508730377e-01
1.360617391917924301e-01 4.941335964983279982e-01
1.366059861485595939e-01 2.522933443106714080e-01
1.371524100931538481e-01 1.671044685856981904e-01
1.377010197335264696e-01 3.214372869161987722e-01
1.382518238124605670e-01 9.163942342739888058e-01
1.388048311077104136e-01 7.639251219290577044e-01
1.393600504321412248e-01 4.495612879472608014e-01
1.399174906338697677e-01 3.674898615849856998e-01
1.404771605964052761e-01 1.454945593360601475e+00
1.410390692387908651e-01 8.132417169312761152e-01
1.416032255157460562e-01 2.985954246108015742e+00
1.421696384178090522e-01 4.515339488366773568e-01
1.427383169714803168e-01 1.542212910091405043e+00
1.433092702393662099e-01 1.580516910766739258e+01
1.438825073203236771e-01 3.891337527818405473e+00
1.444580373496049674e-01 1.133689249674403499e+01
1.450358694990033503e-01 4.508721745975090123e+00
1.456160129769993872e-01 1.964339702161375456e+01
1.461984770289073976e-01 2.193083819261367751e+01
1.467832709370230082e-01 9.060792526338120823e+00
1.473704040207710897e-01 2.056624324493555989e+01
1.479598856368541382e-01 3.605890606680527188e+00
1.485517251794015725e-01 1.600760727919385928e+01
1.491459320801191979e-01 3.458051155018663536e+01
1.497425158084396690e-01 1.518577331029766064e+01
1.503414858716734248e-01 1.116104879553380442e+02
1.509428518151600951e-01 3.029205236609341867e+01
1.515466232224207677e-01 1.160939665605135040e+01
1.521528097153104220e-01 6.031915435588128815e+01
1.527614209541716672e-01 1.534672966752195222e+01
1.533724666379883694e-01 1.213679019972675377e+01
1.539859565045403056e-01 1.899987399351659434e+01
1.546019003305584838e-01 5.956185202291278458e+00
1.552203079318807133e-01 9.283679873175957553e+00
1.558411891636082569e-01 9.343962217290357586e+00
1.564645539202626778e-01 8.832965448732654323e+00
1.570904121359437411e-01 1.029853656661767936e+01
1.577187737844875093e-01 1.118355912859579959e+01
1.583496488796254653e-01 1.281588928217160195e+01
1.589830474751439959e-01 1.645287177101448961e+01
1.596189796650445414e-01 1.600084376808000997e+01
1.602574555837047166e-01 1.838589620824760118e+01
1.608984854060395708e-01 2.209040041325353343e+01
1.615420793476636807e-01 2.499872617457411295e+01
1.621882476650543525e-01 2.870612314109967045e+01
1.628370006557145755e-01 3.251318383354019659e+01
1.634883486583374457e-01 3.751777276913008308e+01
1.641423020529707844e-01 4.296401301765655489e+01
1.647988712611826723e-01 4.904469901747358307e+01
1.654580667462274002e-01 5.474226348935098940e+01
1.661198990132123077e-01 6.460431351572735537e+01
1.667843786092651215e-01 7.335025801780300014e+01
1.674515161237022098e-01 8.498553788866139769e+01
1.681213221881969755e-01 1.034159664197868409e+02
1.687938074769497754e-01 1.122393516185012032e+02
1.694689827068575905e-01 1.502375812486409075e+02
1.701468586376850278e-01 1.586964299632526831e+02
1.708274460722357391e-01 1.842832820851731128e+02
1.715107558565246715e-01 2.124802870999517097e+02
1.721967988799507909e-01 2.360823559057897398e+02
1.728855860754705820e-01 2.814285016199646634e+02
1.735771284197724640e-01 2.956296834087614229e+02
1.742714369334515678e-01 3.266539055379345768e+02
1.749685226811853456e-01 4.403356318871020108e+02
1.756683967719100681e-01 4.279626492420104000e+02
1.763710703589977391e-01 5.904328654829570269e+02
1.770765546404337309e-01 6.832493049005397552e+02
1.777848608589954471e-01 6.213849480886195806e+02
1.784960003024314568e-01 9.006837140652220342e+02
1.792099843036411844e-01 9.123861368498908178e+02
1.799268242408557650e-01 1.027927477533705996e+03
1.806465315378191772e-01 1.425070651454016115e+03
1.813691176639704306e-01 1.156708126009761600e+03
1.820945941346263086e-01 1.557482159656720114e+03
1.828229725111648329e-01 2.219325846540150451e+03
1.835542644012094771e-01 1.569567201359799128e+03
1.842884814588143239e-01 2.235500210471206628e+03
1.850256353846495561e-01 3.334577207275706769e+03
1.857657379261881403e-01 2.403940327070134117e+03
1.865088008778928996e-01 4.057203769098724933e+03
1.872548360814044743e-01 3.957367688535292928e+03
1.880038554257300876e-01 3.446549092673677478e+03
1.887558708474330049e-01 5.598682256152269474e+03
1.895108943308226879e-01 5.167550383882115966e+03
1.902689379081460019e-01 5.150344827187464944e+03
1.910300136597785636e-01 8.969823895969586374e+03
1.917941337144176972e-01 7.694976667244439341e+03
1.925613102492753359e-01 8.795854175395506900e+03
1.933315554902724498e-01 1.357647175994615463e+04
1.941048817122335568e-01 1.219712965598667142e+04
1.948813012390824828e-01 1.323926019560401619e+04
1.956608264440388156e-01 2.240358234725526927e+04
1.964434697498149418e-01 1.605542046436310375e+04
1.972292436288141937e-01 2.084309738451135854e+04
1.980181606033294406e-01 3.078471913240019421e+04
1.988102332457427346e-01 2.621548655926671199e+04
1.996054741787257336e-01 2.688062659278035426e+04
2.004038960754406518e-01 3.274451955451949834e+04
2.012055116597424309e-01 3.623135926287789334e+04
2.020103337063813842e-01 4.023917155672149238e+04
2.028183750412069219e-01 4.632022220490343898e+04
2.036296485413717494e-01 4.263152703941075015e+04
2.044441671355372303e-01 4.365935956720084505e+04
2.052619438040793887e-01 5.272559068603156629e+04
2.060829915792957157e-01 5.316618808382177667e+04
2.069073235456129201e-01 5.558489013850472838e+04
2.077349528397953449e-01 6.142008832820264797e+04
2.085658926511545219e-01 6.914323628935516172e+04
2.094001562217591150e-01 7.265614914340731048e+04
2.102377568466461677e-01 7.856128813140107377e+04
2.110787078740327671e-01 7.871993676467376645e+04
2.119230227055288740e-01 8.982711266740363499e+04
2.127707147963510126e-01 9.889758943308850576e+04
2.136217976555363773e-01 1.105059658078967914e+05
2.144762848461585492e-01 1.097112293940610543e+05
2.153341899855431840e-01 1.268101610445963888e+05
2.161955267454853669e-01 1.450891910343213822e+05
2.170603088524672986e-01 1.607388663274224673e+05
2.179285500878772042e-01 1.640233724216592964e+05
2.188002642882286852e-01 1.809938727730565006e+05
2.196754653453815986e-01 2.114525793369770108e+05
2.205541672067631020e-01 2.236373073327150778e+05
2.214363838755901703e-01 2.774788312634495669e+05
2.223221294110925284e-01 2.608266664674139465e+05
2.232114179287369160e-01 3.710666568235873710e+05
2.241042636004518529e-01 3.510387742957686423e+05
2.250006806548536520e-01 4.923027410576848197e+05
2.259006833774730438e-01 4.321170099348928779e+05
2.268042861109829667e-01 5.217156529912638362e+05
2.277115032554268836e-01 6.060122991491595749e+05
2.286223492684485714e-01 6.655100256292127306e+05
2.295368386655223802e-01 9.662755875919566024e+05
2.304549860201844658e-01 6.554476057167717954e+05
2.313768059642651864e-01 9.886817313837356633e+05
2.323023131881222503e-01 9.990488209339977475e+05
2.332315224408747223e-01 1.310066504217358306e+06
2.341644485306381973e-01 1.456639493598942645e+06
2.351011063247607502e-01 1.002814660597478622e+06
2.360415107500598020e-01 1.644756360833238577e+06
2.369856767930600405e-01 1.169650655811545439e+06
2.379336195002322851e-01 1.952420114139617421e+06
2.388853539782332114e-01 1.889193567526310915e+06
2.398408953941461863e-01 3.120037547030833084e+06
2.408002589757227141e-01 3.715674562327349558e+06
2.417634600116256582e-01 2.271686601985510904e+06
2.427305138516721306e-01 5.009017506201982498e+06
2.437014359070788505e-01 4.570405537413900718e+06
2.446762416507071713e-01 8.961888903920019045e+06
2.456549466173099938e-01 5.575183644860135391e+06
2.466375664037792625e-01 7.094980086968126707e+06
2.476241166693943785e-01 9.519093465246468782e+06
2.486146131360719436e-01 3.969532745265263133e+06
2.496090715886161993e-01 8.659575264354109764e+06
2.506075078749706586e-01 7.456618774231496267e+06
2.516099379064705155e-01 1.008808089521258324e+07
2.526163776580964138e-01 1.807435614011649042e+07
2.536268431687287994e-01 4.414119774475067109e+07
2.546413505414037437e-01 5.769505104987107217e+07
2.556599159435693491e-01 2.621881046417143941e+07
2.566825556073435988e-01 2.006405743324875832e+07
2.577092858297729827e-01 2.385742484931151569e+07
2.587401229730920682e-01 1.844911065678854287e+07
2.597750834649844576e-01 2.897054632095118985e+07
2.608141837988444123e-01 2.975359683670399711e+07
2.618574405340398092e-01 5.768729248753191531e+07
2.629048702961759298e-01 1.153226190412340164e+08
2.639564897773606367e-01 1.155847618026112616e+08
2.650123157364701054e-01 1.120610602303821445e+08
2.660723649994159445e-01 9.466197040475946665e+07
2.671366544594135917e-01 9.481361110783916712e+07
2.682052010772512096e-01 1.192759400061880350e+08
2.692780218815602478e-01 9.011635886547483504e+07
2.703551339690865030e-01 1.552959667965399623e+08
2.714365545049627904e-01 1.448471967001399994e+08
2.725223007229827243e-01 1.471670570443032980e+08
2.736123899258746106e-01 1.829036860418160856e+08
2.747068394855781692e-01 2.557205420672183931e+08
2.758056668435204806e-01 2.932716835195193291e+08
2.769088895108945403e-01 5.486164288602195978e+08
2.780165250689380918e-01 4.643218772680919170e+08
2.791285911692138466e-01 6.239722138098381758e+08
2.802451055338907038e-01 5.792494383747744560e+08
2.813660859560263017e-01 5.612511221066945791e+08
2.824915502998503469e-01 5.313693735502046943e+08
2.836215165010497197e-01 5.371769269771679640e+08
2.847560025670539119e-01 2.219247127460225523e+08
2.858950265773221866e-01 3.893322704895709753e+08
2.870386066836315142e-01 7.992690608960809708e+08
2.881867611103660631e-01 1.319411855178176641e+09
2.893395081548075787e-01 1.879865402246672392e+09
2.904968661874267610e-01 2.182071065564816952e+09
2.916588536521764197e-01 2.596165961156275272e+09
2.928254890667851273e-01 2.417819036418309689e+09
2.939967910230522619e-01 2.644966456932885170e+09
2.951727781871444911e-01 2.414342717431923866e+09
2.963534692998930908e-01 2.901999552312751770e+09
2.975388831770926501e-01 3.030544567493211746e+09
2.987290387098009981e-01 4.186401367248151779e+09
2.999239548646402409e-01 3.351898212231191158e+09
3.011236506840988536e-01 6.471875475743222237e+09
3.023281452868351593e-01 3.221215612874914169e+09
3.035374578679824742e-01 8.679773735672277451e+09
3.047516076994544187e-01 7.967138251253817558e+09
3.059706141302522830e-01 9.525986322896915436e+09
3.071944965867733357e-01 1.138552768793824577e+10
3.084232745731204095e-01 1.383819322772513580e+10
3.096569676714128194e-01 1.316530604645000839e+10
3.108955955420985018e-01 1.709164365282256889e+10
3.121391779242668751e-01 1.881953706012983322e+10
3.133877346359639215e-01 2.245468579636094284e+10
3.146412855745078230e-01 2.785561803025942993e+10
3.158998507168058190e-01 2.695693688500228500e+10
3.171634501196730627e-01 4.106443736226735687e+10
3.184321039201517545e-01 3.434918632288024521e+10
3.197058323358323295e-01 3.854239387688218689e+10
3.209846556651756444e-01 4.329460162831503296e+10
3.222685942878363852e-01 5.018929015587682343e+10
3.235576686649877520e-01 5.168462132044729614e+10
3.248518993396476984e-01 6.023832192389819336e+10
3.261513069370062801e-01 6.569342418629788208e+10
3.274559121647543369e-01 7.381823178819303894e+10
3.287657358134133401e-01 8.155218216796304321e+10
3.300807987566670154e-01 9.032342091698065186e+10
3.314011219516936890e-01 1.094898430835412598e+11
3.327267264395004642e-01 1.118967676584432831e+11
3.340576333452584534e-01 1.374408859999785767e+11
3.353938638786395088e-01 1.320714552441787109e+11
3.367354393341540630e-01 1.445667066375648499e+11
3.380823810914907468e-01 1.536820702055502930e+11
3.394347106158566718e-01 1.624333567225594788e+11
3.407924494583201014e-01 1.727225947039065552e+11
3.421556192561533982e-01 1.653969346127374573e+11
3.435242417331779707e-01 1.201782232513094788e+11
3.448983387001106626e-01 1.429883829118255310e+11
3.462779320549111417e-01 1.642079443475378418e+11
3.476630437831307319e-01 1.486850058681253052e+11
3.490536959582632992e-01 1.657806441258706360e+11
3.504499107420963600e-01 2.624920750185292969e+11
3.518517103850647421e-01 2.336913787074617615e+11
3.532591172266050239e-01 2.799159747795871582e+11
3.546721536955114717e-01 3.512450979825727539e+11
3.560908423102934761e-01 2.157362801127866821e+11
3.575152056795346533e-01 1.594900725259139099e+11
3.589452665022527800e-01 2.453807370201507568e+11
3.603810475682617254e-01 3.164774186882194824e+11
3.618225717585348278e-01 2.780552498482338257e+11
3.632698620455689364e-01 2.985498111030814819e+11
3.647229414937512293e-01 2.949270303884161377e+11
3.661818332597261971e-01 5.017156425913169556e+11
3.676465605927651259e-01 3.671642486730731812e+11
3.691171468351361895e-01 4.179716868375470581e+11
3.705936154224767076e-01 2.774557145667197876e+11
3.720759898841666247e-01 1.456923653753450623e+11
3.735642938437032656e-01 1.381948740034068604e+11
3.750585510190780902e-01 1.588249873993465271e+11
3.765587852231543908e-01 3.260737890728972778e+11
3.780650203640470441e-01 6.133540356694296875e+11
3.795772804455032068e-01 4.124134830250390015e+11
3.810955895672852312e-01 4.691003699545891724e+11
3.826199719255543585e-01 2.028945131381908875e+11
3.841504518132565771e-01 3.415219250136163330e+11
3.856870536205096456e-01 2.223916170416534424e+11
3.872298018349916715e-01 3.758826708593005371e+11
3.887787210423316320e-01 3.558166734424682617e+11
3.903338359265008939e-01 4.339762979339513550e+11
3.918951712702069545e-01 4.612165654322241821e+11
3.934627519552877928e-01 2.668499260170881348e+11
3.950366029631089404e-01 6.170382072946718750e+11
3.966167493749613859e-01 4.693912248931533813e+11
3.982032163724612550e-01 7.774213609692370605e+11
3.997960292379510450e-01 9.070074701398800049e+11
4.013952133549028578e-01 1.031371217698864624e+12
4.030007942083224659e-01 1.220060323860309082e+12
4.046127973851557647e-01 9.743948775675074463e+11
4.062312485746963908e-01 9.789767318573728027e+11
4.078561735689951728e-01 1.091350381126108521e+12
4.094875982632711353e-01 1.179678509591948486e+12
4.111255486563242245e-01 1.335717538309858887e+12
4.127700508509495880e-01 1.199478684127779785e+12
4.144211310543532978e-01 1.099121128293998413e+12
4.160788155785707931e-01 1.248907301913953857e+12
4.177431308408850463e-01 1.000015358160909424e+12
4.194141033642486138e-01 7.722892625897644043e+11
4.210917597777056320e-01 4.518313852741326904e+11
4.227761268168164221e-01 1.269485723480884094e+11
4.244672313240837602e-01 4.796153837020745239e+11
4.261651002493800910e-01 7.646317550054014893e+11
4.278697606503775730e-01 8.817011902044127197e+11
4.295812396929790666e-01 7.792647495619664307e+11
4.312995646517510107e-01 9.020710344100698242e+11
4.330247629103580187e-01 1.107202271671534668e+12
4.347568619619994745e-01 1.289744619570015381e+12
4.364958894098474596e-01 1.203805249936968994e+12
4.382418729674867897e-01 9.733759508399538574e+11
4.399948404593567730e-01 1.104219110431442871e+12
4.417548198211941890e-01 1.222751694922176514e+12
4.435218391004789873e-01 9.839223056925595703e+11
4.452959264568808750e-01 1.016087707538005737e+12
4.470771101627084021e-01 1.121581317993658936e+12
4.488654186033592119e-01 1.173924384685840088e+12
4.506608802777726241e-01 1.228477663515374756e+12
4.524635237988837710e-01 1.200026855539073975e+12
4.542733778940792333e-01 1.220678136981544434e+12
4.560904714056555065e-01 1.256933395554379639e+12
4.579148332912781894e-01 1.351677118649113281e+12
4.597464926244433370e-01 1.024153440367436157e+12
4.615854785949410899e-01 1.328960169949667969e+12
4.634318205093208576e-01 1.018062826550581543e+12
4.652855477913582227e-01 1.201211654683843262e+12
4.671466899825236219e-01 1.212124343113871826e+12
4.690152767424536906e-01 1.277700629986589844e+12
4.708913378494234969e-01 1.433014375210733643e+12
4.727749032008212171e-01 1.356035446592854248e+12
4.746660028136244769e-01 1.515403400683218018e+12
4.765646668248789131e-01 1.083248663348961060e+12
4.784709254921784560e-01 9.486290004881406250e+11
4.803848091941470555e-01 1.135655746316462158e+12
4.823063484309236815e-01 1.192545916906705811e+12
4.842355738246474361e-01 1.366903576475166016e+12
4.861725161199459966e-01 1.333979814593367920e+12
4.881172061844257226e-01 1.591913937293854004e+12
4.900696750091634302e-01 1.548826097968728271e+12
4.920299537092001074e-01 1.808761514036371582e+12
4.939980735240369625e-01 2.075206711082465820e+12
4.959740658181330253e-01 1.442439205907326416e+12
4.979579620814056362e-01 1.731894134740565186e+12
4.999497939297311566e-01 1.528970702424956787e+12
5.019495931054501758e-01 1.423252419252725342e+12
5.039573914778719965e-01 1.711279844812541260e+12
5.059732210437835054e-01 1.383612611387309814e+12
5.079971139279585435e-01 1.484308567830889404e+12
5.100291023836703852e-01 1.399233530902024170e+12
5.120692187932051054e-01 1.397207702292280029e+12
5.141174956683780550e-01 1.441997593744931641e+12
5.161739656510514473e-01 1.214210267531878906e+12
5.182386615136556074e-01 9.036612389020330811e+11
5.203116161597103329e-01 1.294403260103769775e+12
5.223928626243490303e-01 1.851620238085633301e+12
5.244824340748465152e-01 1.705818522960210938e+12
5.265803638111459239e-01 1.524760737284195312e+12
5.286866852663905103e-01 1.682200963768740967e+12
5.308014320074561088e-01 1.711976654393566162e+12
5.329246377354859288e-01 1.517424934535590088e+12
5.350563362864277916e-01 1.621477169986861084e+12
5.371965616315735881e-01 1.397509102624711182e+12
5.393453478780998456e-01 1.463461748138094727e+12
5.415027292696121819e-01 1.445574416520164307e+12
5.436687401866906466e-01 1.353946135469883789e+12
5.458434151474373941e-01 1.045343824204044678e+12
5.480267888080271321e-01 1.256250775937543945e+12
5.502188959632591247e-01 1.180207983575993408e+12
5.524197715471121928e-01 1.263937126505817627e+12
5.546294506333006025e-01 1.373192211809767822e+12
5.568479684358338400e-01 1.327644237335261963e+12
5.590753603095770519e-01 1.180606125485525635e+12
5.613116617508153716e-01 9.796624311149389648e+11
5.635569083978186899e-01 8.175754657237502441e+11
5.658111360314097560e-01 9.563148468284930420e+11
5.680743805755354980e-01 8.654590859447521973e+11
5.703466780978375672e-01 9.882945984399792480e+11
5.726280648102289872e-01 1.030827590696153931e+12
5.749185770694699160e-01 1.154054894130022705e+12
5.772182513777477375e-01 1.073079989855684204e+12
5.795271243832587071e-01 1.271492271724508789e+12
5.818452328807918184e-01 1.293104592067702393e+12
5.841726138123150003e-01 1.253189212164562012e+12
5.865093042675643131e-01 9.706988775672976074e+11
5.888553414846344758e-01 6.021549283010833740e+11
5.912107628505729462e-01 6.664739877298719482e+11
5.935756059019753339e-01 7.583998356783421631e+11
5.959499083255832552e-01 7.252903869619666748e+11
5.983337079588855190e-01 8.338006029097360840e+11
6.007270427907210886e-01 9.142064459261055908e+11
6.031299509618840426e-01 1.054323350074549438e+12
6.055424707657315331e-01 1.244113571224401123e+12
6.079646406487945187e-01 1.424829285308387451e+12
6.103964992113897203e-01 1.616791017074292969e+12
6.128380852082353503e-01 1.777916875600643555e+12
6.152894375490681744e-01 1.575661779241062500e+12
6.177505952992645710e-01 1.101689020511760254e+12
6.202215976804615893e-01 9.368390381984923096e+11
6.227024840711834486e-01 7.207299946425883789e+11
6.251932940074681477e-01 8.562685724313448486e+11
6.276940671834980723e-01 9.549141426685578613e+11
6.302048434522321552e-01 1.156594446449892090e+12
6.327256628260409244e-01 1.401342804676454834e+12
6.352565654773452142e-01 1.550369624250587646e+12
6.377975917392545435e-01 1.571757227446253174e+12
6.403487821062116003e-01 1.956789909992184082e+12
6.429101772346363930e-01 2.090466343070556885e+12
6.454818179435749537e-01 2.303960622165712891e+12
6.480637452153492628e-01 2.402503785235314453e+12
6.506560001962106154e-01 2.501725449438104492e+12
6.532586241969955410e-01 2.774653411469816406e+12
6.558716586937833881e-01 2.265437564081346191e+12
6.584951453285585732e-01 2.108048942708054443e+12
6.611291259098727169e-01 1.894464779500320068e+12
6.637736424135122215e-01 1.633318123809726807e+12
6.664287369831662922e-01 1.506369441052281494e+12
6.690944519310989547e-01 1.393829853386892334e+12
6.717708297388232941e-01 1.386821216682514160e+12
6.744579130577786907e-01 1.434875121455034668e+12
6.771557447100098326e-01 1.676486376364585693e+12
6.798643676888498355e-01 1.613224886173875732e+12
6.825838251596052508e-01 1.710195423548443848e+12
6.853141604602436265e-01 1.650940518323426025e+12
6.880554171020846210e-01 1.636910862540402100e+12
6.908076387704928933e-01 1.826306196812810059e+12
6.935708693255748791e-01 2.204083952852488770e+12
6.963451528028771209e-01 2.610232085931431152e+12
6.991305334140887062e-01 2.877605709280095703e+12
7.019270555477450380e-01 3.097221727578358398e+12
7.047347637699360456e-01 3.678765029738782227e+12
7.075537028250157290e-01 3.174958195973154785e+12
7.103839176363159202e-01 2.731974541712450684e+12
7.132254533068611568e-01 2.437832668163836426e+12
7.160783551200886610e-01 2.585170733256410156e+12
7.189426685405689854e-01 2.723566078976014160e+12
7.218184392147313222e-01 2.643923781212430176e+12
7.247057129715901436e-01 2.995266111400859863e+12
7.276045358234763949e-01 3.256507735542310059e+12
7.305149539667704639e-01 3.675352666442470703e+12
7.334370137826373703e-01 4.085004130344297363e+12
7.363707618377679509e-01 4.346710858327333008e+12
7.393162448851190449e-01 4.643185744848500000e+12
7.422735098646596752e-01 4.770803440045125977e+12
7.452426039041182282e-01 4.787786842489895508e+12
7.482235743197346300e-01 4.951486934883110352e+12
7.512164686170136330e-01 4.986999544526723633e+12
7.542213344914817652e-01 5.136130033641794922e+12
7.572382198294477229e-01 5.133839500446456055e+12
7.602671727087656484e-01 4.637301050610978516e+12
7.633082413996006288e-01 4.482641530003266602e+12
7.663614743651989691e-01 3.954972529267397949e+12
7.694269202626597970e-01 3.757984388905516113e+12
7.725046279437104424e-01 3.783464199231720703e+12
7.755946464554852593e-01 3.639595654585075684e+12
7.786970250413072225e-01 3.665923512568123535e+12
7.818118131414724115e-01 3.915437084951793457e+12
7.849390603940383793e-01 3.529216195649846680e+12
7.880788166356144098e-01 3.853131584259690918e+12
7.912311319021569922e-01 3.755883388370500488e+12
7.943960564297655180e-01 4.027293965681746094e+12
7.975736406554845281e-01 4.186943469873443848e+12
8.007639352181065151e-01 4.417048579721447266e+12
8.039669909589789443e-01 4.674988655704227539e+12
8.071828589228148276e-01 4.980944097865890625e+12
8.104115903585061842e-01 5.197575714212342773e+12
8.136532367199402760e-01 5.508063510056734375e+12
8.169078496668199518e-01 5.581722526639365234e+12
8.201754810654874328e-01 4.962109908786692383e+12
8.234561829897493190e-01 5.225171784842583984e+12
8.267500077217083687e-01 5.182316069393176758e+12
8.300570077525952772e-01 4.806651596103640625e+12
8.333772357836056743e-01 5.009412258240466797e+12
8.367107447267401188e-01 4.833727415326416016e+12
8.400575877056470908e-01 4.944991282282583984e+12
8.434178180564695371e-01 4.437775288567250000e+12
8.467914893286955236e-01 3.775715835428971680e+12
8.501786552860102208e-01 3.946279130653899902e+12
8.535793699071543283e-01 4.009751683127000000e+12
8.569936873867830540e-01 4.326772735655244141e+12
8.604216621363300899e-01 4.589731344612521484e+12
8.638633487848753623e-01 4.903219308846556641e+12
8.673188021800150027e-01 4.960083381065550781e+12
8.707880773887352044e-01 5.186192840232110352e+12
8.742712296982900755e-01 5.344520585186615234e+12
8.777683146170831563e-01 5.623718273165963867e+12
8.812793878755513788e-01 5.698263003190241211e+12
8.848045054270535781e-01 5.731147271454999023e+12
8.883437234487617795e-01 4.838119928148746094e+12
8.918970983425568155e-01 5.379096134346332031e+12
8.954646867359271623e-01 4.838342374546051758e+12
8.990465454828707736e-01 5.170799077486387695e+12
9.026427316648023558e-01 5.189016326017887695e+12
9.062533025914615292e-01 5.252379141063690430e+12
9.098783158018273198e-01 5.465986943545916992e+12
9.135178290650346478e-01 5.571213577423628906e+12
9.171719003812948134e-01 5.721986327842933594e+12
9.208405879828199803e-01 5.810532775699007812e+12
9.245239503347512100e-01 5.795173206571318359e+12
9.282220461360901620e-01 5.799008440815378906e+12
9.319349343206346781e-01 5.708850512461653320e+12
9.356626740579171431e-01 5.725512811456315430e+12
9.394053247541488405e-01 5.710352501267533203e+12
9.431629460531654185e-01 5.763044978813998047e+12
9.469355978373780180e-01 5.857288897366057617e+12
9.507233402287275092e-01 5.888279449490335938e+12
9.545262335896426142e-01 5.893150272539584961e+12
9.583443385240012491e-01 5.905896164619103516e+12
9.621777158780971950e-01 5.913236422612015625e+12
9.660264267416096562e-01 5.905438488858943359e+12
9.698905324485760371e-01 5.950613878179779297e+12
9.737700945783701600e-01 5.581957589098447266e+12
9.776651749566835914e-01 5.549615178968303711e+12
9.815758356565105203e-01 5.492188020072898438e+12
9.855021389991363012e-01 5.413955320931188477e+12
9.894441475551331022e-01 5.307464596267575195e+12
9.934019241453534432e-01 4.853350262252420898e+12
9.973755318419349480e-01 5.104097126266214844e+12
1.001365033969302543e+00 5.161360296952822266e+12
1.005370494105179757e+00 5.119133804341400391e+12
1.009391976081600362e+00 5.249106121036860352e+12
1.013429543985926884e+00 5.335178071799519531e+12
1.017483262161870350e+00 5.331952795238150391e+12
1.021553195210518128e+00 5.405746067243614258e+12
1.025639407991360219e+00 5.296542962730571289e+12
1.029741965623325539e+00 5.271386736157984375e+12
1.033860933485818867e+00 5.323644995051231445e+12
1.037996377219762012e+00 5.460320648309182617e+12
1.042148362728641198e+00 5.443221204886856445e+12
1.046316956179555557e+00 5.549364873477315430e+12
1.050502224004274066e+00 5.546790944751919922e+12
1.054704232900291139e+00 5.598449310408484375e+12
1.058923049831892227e+00 5.548601139641623047e+12
1.063158742031219628e+00 5.551415287051624023e+12
1.067411376999344741e+00 5.467236817837797852e+12
1.071681022507342096e+00 5.467413453118116211e+12
1.075967746597371377e+00 5.519926910755144531e+12
1.080271617583760779e+00 5.459183925184267578e+12
1.084592704054095913e+00 5.504532411762320312e+12
1.088931074870312044e+00 5.456622500329850586e+12
1.093286799169793433e+00 5.439706898172687500e+12
1.097659946366472461e+00 5.359977978273457031e+12
1.102050586151938294e+00 5.339546963921350586e+12
1.106458788496546219e+00 5.232963267349536133e+12
1.110884623650532532e+00 5.222034080176550781e+12
1.115328162145134749e+00 5.283281704168175781e+12
1.119789474793714934e+00 5.238274133266259766e+12
1.124268632692889902e+00 5.278691187507073242e+12
1.128765707223661430e+00 5.253480932508524414e+12
1.133280770052556230e+00 5.257880677976585938e+12
1.137813893132766374e+00 5.063551257709965820e+12
1.142365148705297484e+00 5.043489777612531250e+12
1.146934609300118479e+00 5.221099056515650391e+12
1.151522347737319096e+00 5.266475567489883789e+12
1.156128437128268516e+00 5.205584707731570312e+12
1.160752950876781542e+00 5.154409632376052734e+12
1.165395962680288999e+00 5.195003807218078125e+12
1.170057546531009907e+00 5.142247288723356445e+12
1.174737776717134086e+00 5.146142635570857422e+12
1.179436727824002773e+00 5.052470099746041016e+12
1.184154474735298557e+00 5.015921131670416016e+12
1.188891092634239977e+00 5.053165927750478516e+12
1.193646657004777012e+00 5.061543113654015625e+12
1.198421243632796118e+00 4.902596914214179688e+12
1.203214928607327261e+00 4.960328241999672852e+12
1.208027788321756724e+00 4.977908085466777344e+12
1.212859899475043468e+00 4.952063638021121094e+12
1.217711339072943710e+00 4.979402751929956055e+12
1.222582184429235275e+00 4.930110943255630859e+12
1.227472513166952384e+00 4.960703856162524414e+12
1.232382403219620226e+00 4.920229326471417969e+12
1.237311932832498407e+00 4.891358033654690430e+12
1.242261180563828615e+00 4.723386571782476562e+12
1.247230225286083849e+00 4.779051241569871094e+12
1.252219146187228072e+00 4.741462188358720703e+12
1.257228022771976983e+00 4.727176500915437500e+12
1.262256934863064783e+00 4.697123545929224609e+12
1.267305962602517155e+00 4.729114081452516602e+12
1.272375186452927354e+00 4.691766590092924805e+12
1.277464687198738957e+00 4.679484862941585938e+12
1.282574545947533950e+00 4.648177149351606445e+12
1.287704844131324133e+00 4.591182323687171875e+12
1.292855663507849417e+00 4.565824694066962891e+12
1.298027086161880783e+00 4.590972425810153320e+12
1.303219194506528344e+00 4.579219426919388672e+12
1.308432071284554521e+00 4.530044364134235352e+12
1.313665799569692760e+00 4.544379703735145508e+12
1.318920462767971591e+00 4.531965545078811523e+12
1.324196144619043336e+00 4.467550617505393555e+12
1.329492929197519491e+00 4.386348997569197266e+12
1.334810900914309650e+00 4.127009859047519043e+12
1.340150144517967101e+00 4.089816568432643555e+12
1.345510745096038852e+00 4.060310266195999512e+12
1.350892788076423212e+00 4.056129888954119141e+12
1.356296359228728932e+00 4.017686713778753418e+12
1.361721544665643879e+00 4.004523573208628418e+12
1.367168430844306393e+00 4.011253305647581055e+12
1.372637104567683730e+00 4.017471808779614258e+12
1.378127652985954299e+00 4.013087959452888672e+12
1.383640163597898098e+00 3.987008292670727539e+12
1.389174724252289828e+00 3.901897729870625488e+12
1.394731423149298877e+00 3.851805508704688965e+12
1.400310348841896202e+00 3.807956331314470215e+12
1.405911590237263642e+00 3.799885680290589844e+12
1.411535236598212784e+00 3.712499289892973633e+12
1.417181377544605603e+00 3.661308413281865234e+12
1.422850103054784210e+00 3.660357713266197266e+12
1.428541503467003038e+00 3.604535203986910156e+12
1.434255669480871243e+00 3.623811654963936523e+12
1.439992692158794885e+00 3.610861399990388184e+12
1.445752662927429988e+00 3.614086197258209473e+12
1.451535673579139596e+00 3.580164111724787598e+12
1.457341816273456159e+00 3.576304413186159668e+12
1.463171183538549913e+00 3.527129427951278320e+12
1.469023868272704147e+00 3.483924972856394043e+12
1.474899963745795128e+00 3.491355212053482910e+12
1.480799563600778246e+00 3.477576420755498047e+12
1.486722761855181485e+00 3.434855873435249512e+12
1.492669652902602007e+00 3.465448564267213379e+12
1.498640331514212276e+00 3.456372550262734375e+12
1.504634892840269300e+00 3.328620964619730469e+12
1.510653432411630304e+00 3.456576856889324707e+12
1.516696046141276843e+00 3.457428707203549316e+12
1.522762830325842032e+00 3.465968700337437988e+12
1.528853881647145307e+00 3.460034810386061523e+12
1.534969297173733649e+00 3.439601495039616211e+12
1.541109174362428780e+00 3.422672171871918945e+12
1.547273611059878373e+00 3.432895510584198730e+12
1.553462705504118135e+00 3.432658428006158203e+12
1.559676556326134556e+00 3.410497195383809570e+12
1.565915262551438980e+00 3.427805459100332520e+12
1.572178923601644795e+00 3.393363638451986328e+12
1.578467639296051495e+00 3.415746081227000488e+12
1.584781509853235626e+00 3.441378380889060547e+12
1.591120635892648405e+00 3.428622934666896484e+12
1.597485118436219098e+00 3.455674308217512207e+12
1.603875058909963958e+00 3.446078542518110352e+12
1.610290559145603595e+00 3.444576896559878418e+12
1.616731721382186127e+00 3.258028016906274414e+12
1.623198648267714761e+00 3.402377377627773926e+12
1.629691442860785600e+00 3.453584430975203125e+12
1.636210208632228769e+00 3.466982094566929688e+12
1.642755049466757766e+00 3.433862556499130371e+12
1.649326069664624805e+00 3.431195200134192383e+12
1.655923373943283039e+00 3.425060808319510254e+12
1.662547067439056336e+00 3.392254466880979004e+12
1.669197255708812611e+00 3.386898004656562012e+12
1.675874044731648027e+00 3.367955209831156250e+12
1.682577540910574321e+00 3.328952280191919922e+12
1.689307851074216771e+00 3.284833051412999023e+12
1.696065082478513508e+00 3.242038462739186035e+12
1.702849342808427480e+00 3.190444958102255859e+12
1.709660740179661298e+00 3.040707197291409180e+12
1.716499383140379864e+00 3.022846706010115234e+12
1.723365380672941427e+00 2.993966653671692383e+12
1.730258842195633306e+00 2.944719382850540039e+12
1.737179877564415831e+00 2.847844413440859863e+12
1.744128597074673603e+00 2.805546400331515137e+12
1.751105111462972097e+00 2.730974420618272461e+12
1.758109531908824241e+00 2.640797282093783691e+12
1.765141970036459451e+00 2.596605150146417480e+12
1.772202537916605314e+00 2.527632496232270508e+12
1.779291348068271716e+00 2.439375516326019531e+12
1.786408513460544745e+00 2.401336775822470215e+12
1.793554147514387020e+00 2.341945560922029297e+12
1.800728364104444257e+00 2.309202441214573730e+12
1.807931277560862249e+00 2.235666988850064453e+12
1.815163002671105641e+00 2.246292833307714844e+12
1.822423654681789795e+00 2.201925952291042480e+12
1.829713349300517100e+00 2.163418931297057861e+12
1.837032202697718830e+00 2.148643636541612793e+12
1.844380331508509885e+00 2.048230366723083008e+12
1.851757852834543527e+00 2.019359179532071533e+12
1.859164884245881888e+00 1.898802466131711426e+12
1.866601543782865358e+00 1.979567146639504883e+12
1.874067949957996859e+00 1.927525032653666016e+12
1.881564221757828781e+00 1.944878981285000732e+12
1.889090478644860127e+00 1.940049450789541016e+12
1.896646840559439662e+00 1.933344760302594727e+12
1.904233427921677269e+00 1.922041789453928955e+12
1.911850361633363971e+00 1.921732284003622314e+12
1.919497763079897279e+00 1.880455954701634521e+12
1.927175754132217200e+00 1.823195284724794434e+12
1.934884457148745796e+00 1.839888502580861572e+12
1.942623994977340729e+00 1.730301092429457520e+12
1.950394490957250149e+00 1.755458829826929443e+12
1.958196068921079336e+00 1.813666221832456055e+12
1.966028853196763793e+00 1.807832165015284668e+12
1.973892968609550991e+00 1.687848426654484131e+12
1.981788540483989447e+00 1.634593091476680664e+12
1.989715694645925126e+00 1.629900012362807617e+12
1.997674557424508723e+00 1.675547865992313721e+12
2.005665255654207169e+00 1.658594555592117920e+12
2.013687916676823786e+00 1.634063006058995605e+12
2.021742668343530891e+00 1.621370091180050781e+12
2.029829639016905052e+00 1.595379933882239746e+12
2.037948957572972564e+00 1.575988759960781006e+12
2.046100753403264694e+00 1.556965255138668945e+12
2.054285156416877811e+00 1.559142528863832031e+12
2.062502297042545507e+00 1.526786281776163086e+12
2.070752306230715600e+00 1.523553317821694336e+12
2.079035315455638244e+00 1.510083961299516602e+12
2.087351456717461140e+00 1.489735714865496826e+12
2.095700862544330967e+00 1.481130643201679443e+12
2.104083665994508134e+00 1.485841146417998779e+12
2.112500000658485977e+00 1.478665515716615967e+12
2.120950000661120161e+00 1.471672800021414307e+12
2.129433800663764753e+00 1.448290460422296387e+12
2.137951535866419839e+00 1.448757726588930908e+12
2.146503342009885351e+00 1.458660995642420166e+12
2.155089355377924676e+00 1.448302499110198975e+12
2.163709712799436691e+00 1.450989940901672119e+12
2.172364551650634468e+00 1.441869220677882812e+12
2.181054009857236853e+00 1.432627161732007568e+12
2.189778225896665376e+00 1.429917064239749512e+12
2.198537338800252705e+00 1.429678039026084717e+12
2.207331488155453325e+00 1.396366474440480225e+12
2.216160814108075083e+00 1.422608443299350098e+12
2.225025457364507631e+00 1.404268980116517578e+12
2.233925559193965515e+00 1.402694531761492676e+12
2.242861261430741493e+00 1.403699376282617188e+12
2.251832706476463830e+00 1.393930371731668457e+12
2.260840037302370042e+00 1.360943531856728027e+12
2.269883397451579299e+00 1.372994898712066406e+12
2.278962931041386142e+00 1.352928290822228027e+12
2.288078782765551100e+00 1.352294901538375000e+12
2.297231097896613505e+00 1.226151825115796387e+12
2.306420022288200311e+00 1.275002573977131836e+12
2.315645702377353121e+00 1.260264275060161377e+12
2.324908285186861878e+00 1.156280481756308105e+12
2.334207918327609654e+00 1.185720722374509277e+12
2.343544750000919663e+00 1.182437254778416992e+12
2.352918929000923143e+00 1.097725254037657471e+12
2.362330604716927240e+00 1.109500303650893555e+12
2.371779927135795329e+00 1.122123637413182373e+12
2.381267046844337987e+00 1.044092541316567383e+12
2.390792115031715070e+00 1.025437481272163452e+12
2.400355283491842240e+00 1.025864150238176636e+12
2.409956704625809465e+00 9.789777724453361816e+11
2.419596531444312859e+00 9.452209347306683350e+11
2.429274917570089620e+00 9.368215034024450684e+11
2.438992017240370291e+00 9.114311673320163574e+11
2.448747985309331465e+00 8.643674150953488770e+11
2.458542977250568917e+00 8.492620263911639404e+11
2.468377149159570738e+00 8.407137051853741455e+11
2.478250657756209563e+00 7.876528652870579834e+11
2.488163660387234355e+00 7.855119204177088623e+11
2.498116315028783063e+00 7.758038855988179932e+11
2.508108780288898387e+00 7.382738675627208252e+11
2.518141215410053757e+00 7.293885083924978027e+11
2.528213780271693967e+00 7.080372873303565674e+11
2.538326635392781139e+00 6.967451261242563477e+11
2.548479941934351789e+00 6.904793035356588135e+11
2.558673861702089436e+00 6.776892804578525391e+11
2.568908557148898097e+00 6.797377039609538574e+11
2.579184191377493551e+00 6.546997715506575928e+11
2.589500928143003478e+00 6.662633135863895264e+11
2.599858931855575594e+00 6.658912766227614746e+11
2.610258367582998229e+00 6.666010033481911621e+11
2.620699401053329769e+00 6.555729049226672363e+11
2.631182198657543214e+00 6.546468797065266113e+11
2.641706927452173392e+00 6.493498027483122559e+11
2.652273755161981938e+00 6.581298753451403809e+11
2.662882850182629824e+00 6.586043673183979492e+11
2.673534381583360542e+00 6.326349065501300049e+11
2.684228519109693956e+00 6.324041246425245361e+11
2.694965433186132575e+00 6.068572351599289551e+11
2.705745294918877164e+00 6.074630703930885010e+11
2.716568276098552559e+00 5.897604203835413818e+11
2.727434549202946812e+00 5.652574073984420166e+11
2.738344287399758326e+00 5.554651738601855469e+11
2.749297664549357201e+00 5.472173770381395264e+11
2.760294855207554576e+00 5.445528904959295654e+11
2.771336034628385292e+00 5.284744644961649780e+11
2.782421378766898545e+00 5.176013255746087646e+11
2.793551064281966312e+00 5.141034881808657837e+11
2.804725268539093985e+00 4.977751840560453491e+11
2.815944169613250558e+00 4.832203400556866455e+11
2.827207946291703244e+00 4.930244364510693970e+11
2.838516778076869862e+00 4.742641555832876587e+11
2.849870845189177437e+00 4.668390425061238403e+11
2.861270328569933685e+00 4.721673171182492065e+11
2.872715409884213589e+00 4.604506139134531860e+11
2.884206271523750420e+00 4.568566544539930420e+11
2.895743096609845413e+00 4.588369780476511841e+11
2.907326068996284985e+00 4.357852863467866821e+11
2.918955373272270393e+00 4.373468545276611328e+11
2.930631194765359826e+00 4.324146598921161499e+11
2.942353719544420709e+00 4.173562488992345581e+11
2.954123134422598440e+00 4.214163044823351440e+11
2.965939626960289122e+00 4.102854639611340942e+11
2.977803385468130504e+00 4.138570949223112793e+11
2.989714599010003138e+00 4.003271939699328003e+11
3.001673457406043077e+00 3.994773245691442871e+11
3.013680151235667015e+00 3.964636080487897949e+11
3.025734871840609408e+00 3.803077819843600464e+11
3.037837811327972037e+00 3.926440397564705200e+11
3.049989162573283785e+00 3.766038020252028809e+11
3.062189119223576395e+00 3.830396059794741821e+11
3.074437875700470890e+00 3.725942156361080933e+11
3.086735627203272880e+00 3.675429638891901245e+11
3.099082569712085622e+00 3.680594097687078247e+11
3.111478899990933744e+00 3.582225672004879761e+11
3.123924815590897186e+00 3.604132013386329346e+11
3.136420514853261121e+00 3.546530405172282715e+11
3.148966196912674320e+00 3.516443313746721802e+11
3.161562061700325277e+00 3.506004625229951172e+11
3.174208309947126327e+00 3.423656995745246582e+11
3.186905143186915090e+00 3.488824649675565796e+11
3.199652763759662566e+00 3.323300308393348389e+11
3.212451374814701222e+00 3.447952748899263306e+11
3.225301180313960625e+00 3.351951911153023682e+11
3.238202385035215958e+00 3.335242151749342651e+11
3.251155194575356955e+00 3.329806359152915649e+11
3.264159815353658622e+00 3.304405365168933716e+11
3.277216454615073271e+00 3.263531639924328613e+11
3.290325320433533207e+00 3.243182113807102051e+11
3.303486621715267635e+00 3.248632788750916138e+11
3.316700568202128441e+00 3.182943667297667847e+11
3.329967370474937294e+00 3.227358876797618408e+11
3.343287239956836743e+00 3.133258229756542358e+11
3.356660388916663962e+00 3.145956319626116333e+11
3.370087030472330714e+00 3.133845342899850464e+11
3.383567378594220187e+00 3.091323757500064697e+11
3.397101648108596716e+00 3.088873360130419922e+11
3.410690054701031482e+00 3.044104329268837280e+11
3.424332814919834878e+00 3.047087044054860840e+11
3.438030146179514634e+00 3.009216177084581909e+11
3.451782266764232610e+00 3.003358480545958862e+11
3.465589395831289998e+00 2.986220290694913940e+11
3.479451753414614767e+00 2.955256790115197754e+11
3.493369560428273068e+00 2.904302002089155273e+11
3.507343038669985980e+00 2.935489108607290649e+11
3.521372410824665788e+00 2.858814133102797241e+11
3.535457900467964709e+00 2.860425395433075562e+11
3.549599732069836477e+00 2.834984610863602905e+11
3.563798130998116154e+00 2.807665781539347534e+11
3.578053323522108364e+00 2.787375665721455688e+11
3.592365536816196858e+00 2.767476141825835571e+11
3.606734998963461614e+00 2.740145084915442810e+11
3.621161938959315041e+00 2.708037987941667175e+11
3.635646586715152839e+00 2.685442658211860657e+11
3.650189173062013293e+00 2.663715358682947693e+11
3.664789929754260545e+00 2.642913566433807373e+11
3.679449089473277645e+00 2.607349901539690247e+11
3.694166885831170699e+00 2.586348690523047180e+11
3.708943553374495661e+00 2.576955012975720215e+11
3.723779327587993571e+00 2.550615557006412048e+11
3.738674444898345328e+00 2.509592957217775574e+11
3.753629142677938901e+00 2.512492804679669800e+11
3.768643659248651190e+00 2.468103057261799316e+11
3.783718233885645432e+00 2.465585810356428223e+11
3.798853106821188153e+00 2.429472841633810425e+11
3.814048519248473657e+00 2.409941189398271484e+11
3.829304713325467180e+00 2.355157689198338623e+11
3.844621932178768908e+00 2.348587427176104126e+11
3.860000419907484215e+00 2.333195186680794373e+11
3.875440421587113882e+00 2.292532043468636780e+11
3.890942183273462529e+00 2.262023861707456360e+11
3.906505952006555926e+00 2.238330555071960449e+11
3.922131975814582727e+00 2.211161143186784668e+11
3.937820503717840648e+00 2.177927960384565735e+11
3.953571785732711508e+00 2.128558679871126404e+11
3.969386072875642490e+00 2.109384050747021484e+11
3.985263617167145167e+00 2.056335742094117126e+11
4.001204671635814059e+00 2.031262014215399475e+11
4.017209490322357190e+00 2.010351770107868347e+11
4.033278328283646630e+00 1.966091246896689453e+11
4.049411441596781458e+00 1.906270994751922302e+11
4.065609087363168506e+00 1.896331472415040283e+11
4.081871523712622185e+00 1.827150517941645813e+11
4.098199009807472315e+00 1.828333780107173157e+11
4.114591805846702144e+00 1.796170259926722717e+11
4.131050173070089038e+00 1.747670951736268311e+11
4.147574373762369149e+00 1.754618246190538635e+11
4.164164671257418959e+00 1.696915212601399841e+11
4.180821329942449260e+00 1.687416064947910156e+11
4.197544615262219558e+00 1.669416467702795715e+11
4.214334793723269357e+00 1.621487718566670532e+11
4.231192132898162761e+00 1.629444896450116272e+11
4.248116901429755288e+00 1.564945726388675537e+11
4.265109369035473996e+00 1.544310677990286865e+11
4.282169806511615384e+00 1.534826243926310730e+11
4.299298485737661935e+00 1.440620412652826538e+11
4.316495679680612874e+00 1.444008754937091370e+11
4.333761662399335357e+00 1.416024810177060547e+11
4.351096709048932532e+00 1.360440194697158051e+11
4.368501095885127583e+00 1.331386125839815216e+11
4.385975100268668214e+00 1.311914805461728973e+11
4.403519000669743555e+00 1.268609203725932617e+11
4.421133076672422391e+00 1.240905293490000305e+11
4.438817608979111817e+00 1.219095584546251373e+11
4.456572879415028332e+00 1.205042804476004333e+11
4.474399170932688463e+00 1.157711001289602203e+11
4.492296767616419828e+00 1.157357490988690491e+11
4.510265954686884626e+00 1.147118018068063354e+11
4.528307018505633330e+00 1.108095944973178101e+11
4.546420246579655711e+00 1.104116949635711670e+11
4.564605927565974497e+00 1.075761741651059875e+11
4.582864351276237258e+00 1.077507854364499969e+11
4.601195808681342925e+00 1.048260824000131378e+11
4.619600591916067422e+00 1.044306726012751465e+11
4.638078994283731937e+00 1.030171459842578125e+11
4.656631310260867629e+00 1.021207291080357361e+11
4.675257835501911430e+00 9.962614808091488647e+10
4.693958866843916944e+00 9.943015775223115540e+10
4.712734702311292878e+00 9.728135845907870483e+10
4.731585641120538810e+00 9.649229261777468872e+10
4.750511983685020923e+00 9.569914016382411194e+10
4.769514031619761063e+00 9.287116986299945068e+10
4.788592087746240011e+00 9.159453345026928711e+10
4.807746456097224730e+00 9.083452157603781128e+10
4.826977441921613377e+00 8.976554232106250000e+10
4.846285351689299858e+00 8.865843672755027771e+10
4.865670493096057925e+00 8.689373194954859924e+10
4.885133175068442135e+00 8.542867824512605286e+10
4.904673707768715474e+00 8.408264158229476929e+10
4.924292402599791174e+00 8.359625961446949768e+10
4.943989572210189642e+00 8.135596189466970825e+10
4.963765530499030021e+00 7.955777896939912415e+10
4.983620592621027079e+00 8.014880346473880005e+10
5.003555074991511198e+00 7.785593662696022034e+10
5.023569295291476777e+00 7.580758844920231628e+10
5.043663572472643075e+00 7.709817778040815735e+10
5.063838226762532813e+00 7.438499390851113892e+10
5.084093579669583640e+00 7.322832088771813965e+10
5.104429953988261381e+00 7.281496380657696533e+10
5.124847673804215020e+00 7.139182604538528442e+10
5.145347064499431688e+00 7.141159006847080994e+10
5.165928452757428957e+00 6.903346191929620361e+10
5.186592166568458673e+00 6.939356128359159851e+10
5.207338535234733001e+00 6.701441664033996582e+10
5.228167889375671784e+00 6.746875568732034302e+10
5.249080560933174766e+00 6.538294344801020050e+10
5.270076883176907145e+00 6.542779156019464874e+10
5.291157190709615321e+00 6.407653320543093872e+10
5.312321819472453299e+00 6.365340510757060242e+10
5.333571106750343738e+00 6.261771165201866913e+10
5.354905391177344320e+00 6.133779008149578857e+10
5.376325012742054099e+00 6.116892530445191193e+10
5.397830312793021612e+00 6.022549347390760040e+10
5.419421634044193858e+00 5.832313182643405914e+10
5.441099320580370602e+00 5.863128040975720215e+10
5.462863717862692425e+00 5.726595104314789581e+10
5.484715172734142996e+00 5.690074740118457031e+10
5.506654033425078865e+00 5.657376531051237488e+10
5.528680649558780580e+00 5.479195638369276428e+10
5.550795372157015350e+00 5.423640786797838593e+10
5.572998553645643227e+00 5.349899982187077332e+10
5.595290547860225949e+00 5.372775826966563416e+10
5.617671710051667766e+00 5.218075120713275909e+10
5.640142396891874021e+00 5.199336758349774933e+10
5.662702966479441713e+00 5.123659085229466248e+10
5.685353778345359821e+00 4.986213036269121552e+10
5.708095193458740724e+00 4.969342883619784546e+10
5.730927574232576482e+00 4.839788603908415222e+10
5.753851284529505783e+00 4.908522049339022827e+10
5.776866689667624399e+00 4.767019364831477356e+10
5.799974156426294769e+00 4.760608720078984833e+10
5.823174053051999977e+00 4.616421728588281250e+10
5.846466749264207508e+00 4.553576675754856873e+10
5.869852616261264977e+00 4.563354236508658600e+10
5.893332026726310069e+00 4.467935797155239105e+10
5.916905354833215114e+00 4.454236748871004486e+10
5.940572976252548543e+00 4.356593011931775665e+10
5.964335268157558545e+00 4.324993105937582397e+10
5.988192609230189589e+00 4.241018582835882568e+10
6.012145379667110490e+00 4.243161738368534088e+10
6.036193961185778889e+00 4.080746136965732574e+10
6.060338737030522616e+00 4.104116874165748596e+10
6.084580091978644134e+00 4.108525637996716309e+10
6.108918412346558746e+00 3.960662774174166107e+10
6.133354085995945226e+00 4.005412318105279541e+10
6.157887502339929320e+00 3.932840301716757202e+10
6.182519052349287669e+00 3.829889357245732880e+10
6.207249128558685491e+00 3.811257903195214081e+10
6.232078125072920471e+00 3.777529857637419891e+10
6.257006437573212843e+00 3.683941068132391357e+10
6.282034463323505236e+00 3.640083117467469025e+10
6.307162601176800720e+00 3.599523808691807556e+10
6.332391251581507063e+00 3.542013009531832123e+10
6.357720816587833390e+00 3.470370785503876495e+10
6.383151699854184180e+00 3.389103648971227646e+10
6.408684306653601226e+00 3.311921084102861404e+10
6.434319043880215361e+00 3.262246594097998810e+10
6.460056320055736379e+00 3.130267272711183167e+10
6.485896545335958052e+00 2.988713033177937698e+10
6.511840131517302233e+00 2.983618128889621353e+10
6.537887492043371829e+00 2.880545133100846100e+10
6.564039042011545533e+00 2.805688165939576340e+10
6.590295198179591196e+00 2.720693803875170898e+10
6.616656378972309405e+00 2.694741215072663116e+10
6.643123004488199257e+00 2.594140852855351639e+10
6.669695496506150789e+00 2.576695678400028992e+10
6.696374278492176479e+00 2.522614144477082443e+10
6.723159775606144528e+00 2.544557635777382660e+10
6.750052414708568094e+00 2.479960406246335602e+10
6.777052624367403411e+00 2.386175699115597153e+10
6.804160834864871887e+00 2.397470911375973511e+10
6.831377478204331055e+00 2.344912753147832108e+10
6.858702988117148180e+00 2.350455105277868271e+10
6.886137800069615622e+00 2.293484634799710846e+10
6.913682351269895499e+00 2.246526801832364655e+10
6.941337080674975013e+00 2.239471710488126755e+10
6.969102428997675069e+00 2.210325640633744431e+10
6.996978838713665994e+00 2.184499275855154037e+10
7.024966754068519670e+00 2.163841598079390335e+10
7.053066621084793653e+00 2.125891201076778412e+10
7.081278887569133929e+00 2.089698503024084473e+10
7.109604003119409654e+00 2.023380554304576874e+10
7.138042419131887861e+00 2.040828552599834061e+10
7.166594588808414379e+00 2.020174743343093872e+10
7.195260967163648047e+00 1.977190749255202103e+10
7.224042011032302923e+00 1.954570314971080780e+10
7.252938179076432235e+00 1.926182996722422028e+10
7.281949931792737196e+00 1.909882228579869843e+10
7.311077731519908696e+00 1.874423712434564972e+10
7.340322042445988515e+00 1.847381933356059265e+10
7.369683330615771411e+00 1.815400749379538345e+10
7.399162063938235612e+00 1.829474783570244598e+10
7.428758712193988423e+00 1.756965195606300735e+10
7.458473747042765112e+00 1.770818805517703247e+10
7.488307642030935796e+00 1.733838274322758484e+10
7.518260872599060285e+00 1.690408001651092720e+10
7.548333916089456253e+00 1.702806825630078506e+10
7.578527251753813587e+00 1.649426716072574615e+10
7.608841360760829176e+00 1.599077479392853546e+10
7.639276726203872769e+00 1.611949656426767731e+10
7.669833833108687493e+00 1.565518255478722763e+10
7.700513168441122325e+00 1.563776093351726913e+10
7.731315221114887670e+00 1.530799725040814400e+10
7.762240481999347352e+00 1.499894504969135666e+10
7.793289443927344351e+00 1.496407369488040733e+10
7.824462601703054077e+00 1.490873610875860405e+10
7.855760452109866065e+00 1.452905311154358482e+10
7.887183493918306532e+00 1.402487912918029976e+10
7.918732227893980458e+00 1.405809866303159904e+10
7.950407156805555431e+00 1.386427025960346222e+10
7.982208785432777454e+00 1.339428687239658356e+10
8.014137620574508958e+00 1.347256932731137466e+10
8.046194171056805899e+00 1.310982283164391136e+10
8.078378947741034821e+00 1.293456358594065857e+10
8.110692463531997021e+00 1.261304732214770699e+10
8.143135233386125549e+00 1.260147442517576981e+10
8.175707774319670662e+00 1.248337903613333130e+10
8.208410605416949224e+00 1.206958712680343437e+10
8.241244247838615422e+00 1.210188553798864746e+10
8.274209224829968790e+00 1.168512113040649796e+10
8.307306061729288871e+00 1.170360476481917763e+10
8.340535285976207192e+00 1.140281797074045181e+10
8.373897427120111203e+00 1.112973978273304749e+10
8.407393016828594412e+00 1.118129860462065125e+10
8.441022588895906509e+00 1.086992429876256561e+10
8.474786679251490540e+00 1.089268388212327957e+10
8.508685825968495209e+00 1.054402081820592117e+10
8.542720569272368891e+00 1.050050375618242455e+10
8.576891451549458978e+00 1.025689589510840607e+10
8.611199017355655627e+00 1.022691721355211067e+10
8.645643813425078150e+00 1.011643037583485794e+10
8.680226388678779159e+00 9.905376616040498734e+09
8.714947294233493125e+00 9.828130082185436249e+09
8.749807083410427566e+00 9.477009719909626007e+09
8.784806311744070229e+00 9.526182027246871948e+09
8.819945536991047774e+00 9.372999951230070114e+09
8.855225319139009343e+00 9.204197408669219971e+09
8.890646220415566958e+00 9.209608129579675674e+09
8.926208805297228821e+00 9.082950575735635757e+09
8.961913640518417878e+00 8.805290830084365845e+09
8.997761295080492161e+00 8.816109768797773361e+09
9.033752340260813085e+00 8.741405470155775070e+09
9.069887349621856387e+00 8.589760996445796967e+09
9.106166899020346150e+00 8.441918871916647911e+09
9.142591566616424359e+00 8.360771048276437759e+09
9.179161932882891506e+00 8.264250557383813858e+09
9.215878580614422333e+00 8.093969833594337463e+09
9.252742094936881045e+00 7.933585272008973122e+09
9.289753063316627646e+00 7.893583428486956596e+09
9.326912075569895322e+00 7.700634539767454147e+09
9.364219723872173162e+00 7.739214375602560997e+09
9.401676602767663482e+00 7.479666955041381836e+09
9.439283309178733816e+00 7.404196925987473488e+09
9.477040442415447075e+00 7.365049122662409782e+09
9.514948604185111236e+00 7.214405347913871765e+09
9.553008398601852136e+00 7.201010203936104774e+09
9.591220432196260859e+00 6.998973348270506859e+09
9.629585313925044687e+00 6.879370127723278046e+09
9.668103655180747324e+00 6.791758237195972443e+09
9.706776069801470896e+00 6.701399574595512390e+09
9.745603174080676112e+00 6.655715539871253967e+09
9.784585586776998412e+00 6.565504527250664711e+09
9.823723929124106746e+00 6.407013818678162575e+09
9.863018824840601440e+00 6.332980459942554474e+09
9.902470900139965337e+00 6.084014069939369202e+09
9.942080783740523842e+00 6.143338293079264641e+09
9.981849106875488431e+00 6.002929414097498894e+09
1.002177650330298952e+01 5.959900983273837090e+09
1.006186360931619994e+01 5.823115493682387352e+09
1.010211106375346723e+01 5.711002113693430901e+09
1.014251950800847979e+01 5.646218944951761246e+09
1.018308958604051284e+01 5.626743512440327644e+09
1.022382194438467451e+01 5.473762161758926392e+09
1.026471723216221399e+01 5.406151344284162521e+09
1.030577610109086173e+01 5.286161100971551895e+09
1.034699920549522467e+01 5.184135418585961342e+09
1.038838720231720458e+01 5.144762451483857155e+09
1.042994075112647501e+01 5.052210288482738495e+09
1.047166051413097954e+01 4.982098297791285515e+09
1.051354715618750468e+01 4.881182298350112915e+09
1.055560134481225454e+01 4.803517497098559380e+09
1.059782375019150358e+01 4.716413296973585129e+09
1.064021504519226902e+01 4.682828122727474213e+09
1.068277590537303823e+01 4.636689537036971092e+09
1.072550700899452991e+01 4.470864818569152832e+09
1.076840903703050856e+01 4.417107413757112503e+09
1.081148267317863088e+01 4.373163632663588524e+09
1.085472860387134553e+01 4.388538714938958168e+09
1.089814751828683015e+01 4.193457349592561722e+09
1.094174010835997635e+01 4.168862855503411770e+09
1.098550706879341909e+01 4.053016446556787014e+09
1.102944909706859100e+01 4.010484005639747143e+09
1.107356689345686540e+01 3.972315886087558746e+09
1.111786116103069233e+01 3.889282736424711227e+09
1.116233260567481622e+01 3.842861456222521305e+09
1.120698193609751492e+01 3.737369914664639950e+09
1.125180986384190440e+01 3.718279015419431686e+09
1.129681710329727373e+01 3.648820902618371487e+09
1.134200437171046083e+01 3.618296578890090942e+09
1.138737238919730466e+01 3.553035216096548557e+09
1.143292187875409383e+01 3.467801780909840584e+09
1.147865356626910938e+01 3.441578266471721649e+09
1.152456818053418530e+01 3.365575543464249134e+09
1.157066645325632237e+01 3.304647675487827778e+09
1.161694911906934635e+01 3.260482332188328743e+09
1.166341691554562487e+01 3.230410951539194584e+09
1.171007058320780736e+01 3.151346327974035740e+09
1.175691086554063958e+01 3.078879573251791477e+09
1.180393850900279951e+01 3.068936167275047779e+09
1.185115426303881137e+01 2.996507094354559898e+09
1.189855888009096674e+01 2.992856065574979305e+09
1.194615311561133097e+01 2.933978920827232361e+09
1.199393772807377623e+01 2.892694975280924797e+09
1.204191347898607134e+01 2.848006561793476582e+09
1.209008113290201614e+01 2.812563316724529266e+09
1.213844145743362368e+01 2.755850826661025524e+09
1.218699522326335938e+01 2.724260422290855885e+09
1.223574320415641381e+01 2.669212851873303413e+09
1.228468617697303777e+01 2.660182065397736549e+09
1.233382492168093059e+01 2.578436343707835674e+09
1.238316022136765504e+01 2.562542826168807507e+09
1.243269286225312520e+01 2.468999160302231789e+09
1.248242363370213859e+01 2.493403453912039280e+09
1.253235332823694748e+01 2.430760133090044975e+09
1.258248274154989410e+01 2.409273805334803581e+09
1.263281267251609385e+01 2.376567800726237297e+09
1.268334392320615756e+01 2.306188690440207958e+09
1.273407729889898299e+01 2.337085075256714344e+09
1.278501360809457665e+01 2.235717495609510422e+09
1.283615366252695544e+01 2.205477187203718662e+09
1.288749827717706253e+01 2.211419736453810215e+09
1.293904827028577031e+01 2.127216679697206020e+09
1.299080446336691352e+01 2.140478504329205751e+09
1.304276768122038099e+01 2.086073349987132788e+09
1.309493875194526424e+01 2.071808731121717453e+09
1.314731850695304693e+01 2.012688169948613405e+09
1.319990778098085649e+01 1.993521344123216867e+09
1.325270741210477965e+01 1.963411027906819344e+09
1.330571824175319939e+01 1.927543760649933577e+09
1.335894111472021173e+01 1.896138193631885767e+09
1.341237687917909227e+01 1.886112899006927490e+09
1.346602638669580898e+01 1.823112349309629440e+09
1.351989049224258999e+01 1.836156210409107685e+09
1.357397005421156067e+01 1.783886182920329094e+09
1.362826593442840917e+01 1.765484632333810806e+09
1.368277899816612297e+01 1.747470019537081003e+09
1.373751011415878942e+01 1.686022024055436134e+09
1.379246015461542463e+01 1.694776636109389782e+09
1.384762999523388416e+01 1.646155909839263439e+09
1.390302051521481808e+01 1.655482506631299019e+09
1.395863259727567751e+01 1.614026571205278158e+09
1.401446712766477987e+01 1.582750732064386845e+09
1.407052499617543972e+01 1.582732969523885489e+09
1.412680709616014063e+01 1.517850310323418617e+09
1.418331432454478147e+01 1.480310654006890535e+09
1.424004758184296193e+01 1.494992456024431229e+09
1.429700777217033369e+01 1.491573073313805103e+09
1.435419580325901379e+01 1.434969558556180000e+09
1.441161258647204946e+01 1.430299177099562645e+09
1.446925903681793812e+01 1.380041668190944910e+09
1.452713607296521126e+01 1.385553753131063938e+09
1.458524461725707155e+01 1.364074536476065397e+09
1.464358559572609764e+01 1.323468788290339231e+09
1.470215993810900557e+01 1.295403199467497826e+09
1.476096857786143879e+01 1.310646372795216799e+09
1.482001245217288599e+01 1.283247886423969746e+09
1.487929250198157760e+01 1.256387479683630943e+09
1.493880967198950316e+01 1.234021221753044844e+09
1.499856491067746056e+01 1.211364368798935890e+09
1.505855917032016933e+01 1.210737358151304722e+09
1.511879340700144958e+01 1.182037380525901079e+09
1.517926858062945605e+01 1.161771932694127560e+09
1.523998565495197433e+01 1.155631193039942741e+09
1.530094559757178274e+01 1.123758045756766319e+09
1.536214937996206764e+01 1.104054850895071745e+09
1.542359797748191674e+01 1.093163195405890226e+09
1.548529236939184450e+01 1.084520417338210583e+09
1.554723353886941339e+01 1.053522816504305959e+09
1.560942247302489072e+01 1.058928549901103139e+09
1.567186016291699069e+01 1.031239505370547771e+09
1.573454760356865556e+01 1.008215776781378031e+09
1.579748579398293096e+01 1.004430826742287636e+09
1.586067573715886247e+01 9.850388619722108841e+08
1.592411844010749888e+01 9.787134794109871387e+08
1.598781491386792730e+01 9.366820353683127165e+08
1.605176617352340074e+01 9.397108428725339174e+08
1.611597323821749228e+01 9.151852550943957567e+08
1.618043713117036120e+01 9.007961781581760645e+08
1.624515887969504391e+01 8.847292857856312990e+08
1.631013951521382310e+01 8.892258127703046799e+08
1.637538007327468037e+01 8.835027620204359293e+08
1.644088159356778078e+01 8.667339332424710989e+08
1.650664511994205341e+01 8.383700602524473667e+08
1.657267170042182158e+01 8.223716109858778715e+08
1.663896238722350418e+01 8.085450893452974558e+08
1.670551823677240222e+01 8.056354618138581514e+08
1.677234030971949608e+01 8.034055658473358154e+08
1.683942967095837062e+01 7.823285074588868618e+08
1.690678738964220429e+01 7.715831552784171104e+08
1.697441453920077237e+01 7.636364424898202419e+08
1.704231219735757108e+01 7.633973423571993113e+08
1.711048144614700561e+01 7.268293167107998133e+08
1.717892337193159236e+01 7.270207473937560320e+08
1.724763906541932101e+01 7.052670837563970089e+08
1.731662962168099895e+01 6.966434402899918556e+08
1.738589614016772344e+01 6.867332114619916677e+08
1.745543972472839300e+01 6.876826441795927286e+08
1.752526148362730751e+01 6.723815917924903631e+08
1.759536252956181812e+01 6.547822831092827320e+08
1.766574397968006238e+01 6.477142706699717045e+08
1.773640695559878466e+01 6.403377566375344992e+08
1.780735258342117433e+01 6.350831810796692371e+08
1.787858199375486024e+01 6.298250475735245943e+08
1.795009632172988034e+01 6.112830290538778305e+08
1.802189670701679702e+01 6.074978842501668930e+08
1.809398429384486562e+01 5.941590535782744884e+08
1.816636023102024211e+01 5.692164011036298275e+08
1.823902567194432578e+01 5.837449125655004978e+08
1.831198177463210186e+01 5.701030287003760338e+08
1.838522970173062987e+01 5.594308249207116365e+08
1.845877062053754969e+01 5.584502262165114880e+08
1.853260570301970134e+01 5.325957907181884050e+08
1.860673612583178027e+01 5.252367495062949657e+08
1.868116307033510637e+01 5.264164806145675182e+08
1.875588772261644976e+01 5.166966686102234721e+08
1.883091127350691352e+01 5.138659618225123286e+08
1.890623491860094063e+01 5.023728258066535592e+08
1.898185985827534594e+01 4.919692953259273171e+08
1.905778729770844748e+01 4.939282506473323703e+08
1.913401844689928311e+01 4.912372880763542056e+08
1.921055452068688041e+01 4.620027240071694851e+08
1.928739673876962968e+01 4.705574642484754324e+08
1.936454632572470658e+01 4.608369936913949251e+08
1.944200451102760141e+01 4.444388930870364904e+08
1.951977252907171589e+01 4.527644472147244215e+08
1.959785161918800256e+01 4.300659955146883726e+08
1.967624302566475691e+01 4.285477207371652722e+08
1.991079942767366973e+01 4.140505857386839986e+08
