# Wavelength (micrometer), Flux (W / m2 / m)
1.000553076518779783e-01 1.159523107406768538e+01
1.004555288824854897e-01 4.824885384900942728e-22
1.008573509980154326e-01 3.794891224882318734e-21
1.012607804020075053e-01 5.823913959745070288e-21
1.016658235236155422e-01 1.017765807289217876e-21
1.020724868177099870e-01 2.803928786944433179e-17
1.024807767649808382e-01 4.157093832051295894e-18
1.028906998720407612e-01 2.719632553273929835e-20
1.033022626715289355e-01 1.799384508465559773e-16
1.037154717222150413e-01 7.413981682805669539e-21
1.041303336091038839e-01 1.643185306074827540e-19
1.045468549435403099e-01 2.530686291839909099e-18
1.049650423633144702e-01 4.864745918213145000e-21
1.053849025327677214e-01 6.347296942794319837e-17
1.058064421428987906e-01 5.664816960449805792e-20
1.062296679114703990e-01 1.356903816978690957e-16
1.066545865831162732e-01 1.137050393567168350e-17
1.070812049294487533e-01 2.763766066391126119e-18
1.075095297491665408e-01 1.533158265519851217e-15
1.079395678681632220e-01 3.566782543948133050e-18
1.083713261396358624e-01 2.664857085915872451e-15
1.088048114441943909e-01 1.176903942240950438e-15
1.092400306899711654e-01 5.600795485724934570e-12
1.096769908127310511e-01 2.468434215530219239e-15
1.101156987759819850e-01 1.999329776156570006e-15
1.105561615710859147e-01 3.153222099839550153e-12
1.109983862173702651e-01 1.906176111970244677e-13
1.114423797622397516e-01 2.001784045629591329e-14
1.118881492812886930e-01 4.905708015146741693e-15
1.123357018784138517e-01 2.650959272705193964e-14
1.127850446859275102e-01 2.297276170173463704e-10
1.132361848646712132e-01 4.915550500750838100e-11
1.136891296041298988e-01 5.767983886051246762e-11
1.141438861225464035e-01 7.548984198260536280e-11
1.146004616670366072e-01 1.030300086255437157e-10
1.150588635137047705e-01 8.648565041775394528e-11
1.155190989677595953e-01 4.358305293961196805e-11
1.159811753636306314e-01 1.607262696448496186e-10
1.164451000650851553e-01 1.710714485618557354e-11
1.169108804653455069e-01 1.685101230941466421e-11
1.173785239872068981e-01 5.072453157538347884e-11
1.178480380831557206e-01 4.843483067992998868e-11
1.183194302354883543e-01 1.170521612284628384e-10
1.187927079564302935e-01 1.398964446925974168e-12
1.192678787882560099e-01 3.075836245491178839e-12
1.197449503034090645e-01 1.590812504233455842e-12
1.202239301046226783e-01 5.921466547835090863e-14
1.207048258250411760e-01 2.555144581019679853e-12
1.211876451283413342e-01 4.232274618138126907e-13
1.216723957088547137e-01 9.420823779496478783e-14
1.221590852916901310e-01 4.696901721302775389e-12
1.226477216328568792e-01 1.983627169608230381e-11
1.231383125193883099e-01 3.084860482836918863e-13
1.236308657694658586e-01 1.129615222815755697e-11
1.241253892325437369e-01 8.829925971222767195e-12
1.246218907894739159e-01 1.418351686322848049e-13
1.251203783526317892e-01 1.949798624413300386e-12
1.256208598660423226e-01 1.439079448544271918e-10
1.261233433055065078e-01 1.209919630639057667e-10
1.266278366787285392e-01 1.216124501609994016e-12
1.271343480254434610e-01 9.097760075877603575e-11
1.276428854175452321e-01 3.362262160811702367e-11
1.281534569592154005e-01 1.051779804460105834e-11
1.286660707870522780e-01 7.291979372456925373e-11
1.291807350702004475e-01 1.325147034097046743e-10
1.296974580104812425e-01 1.268337125412109756e-10
1.302162478425231973e-01 1.327151331002126015e-11
1.307371128338932764e-01 4.743176349819916399e-10
1.312600612852288795e-01 7.366328378844625303e-10
1.317851015303697915e-01 4.231491939107298094e-10
1.323122419364912705e-01 3.479382127274043466e-09
1.328414909042372472e-01 6.471337892268920871e-09
1.333728568678542170e-01 3.555107041572925074e-09
1.339063482953256612e-01 2.326204977392104872e-10
1.344419736885069383e-01 4.170249048776992221e-09
1.349797415832609815e-01 2.026922550384276197e-08
1.355196605495940232e-01 1.176600018674293118e-08
1.360617391917924301e-01 3.597786219594379616e-08
1.366059861485595939e-01 6.107716204645432781e-09
1.371524100931538481e-01 3.842917249573336160e-10
1.377010197335264696e-01 3.042152769361779719e-09
1.382518238124605670e-01 2.994722074144146609e-07
1.388048311077104136e-01 7.394731389885892700e-08
1.393600504321412248e-01 4.780881325456647276e-09
1.399174906338697677e-01 3.196895854868725853e-09
1.404771605964052761e-01 4.059957735883286787e-07
1.410390692387908651e-01 3.167196967636647639e-08
1.416032255157460562e-01 1.577690179681182839e-06
1.421696384178090522e-01 5.312669736572720749e-10
1.427383169714803168e-01 1.807043956436289748e-07
1.433092702393662099e-01 2.249032169265906953e-05
1.438825073203236771e-01 1.049973146940125152e-06
1.444580373496049674e-01 1.565287110324312936e-05
1.450358694990033503e-01 8.239344082202997657e-07
1.456160129769993872e-01 3.486562931669741263e-05
1.461984770289073976e-01 4.760339994394755301e-05
1.467832709370230082e-01 5.752663862819098208e-06
1.473704040207710897e-01 5.314303148141589936e-05
1.479598856368541382e-01 1.756544010430591229e-07
1.485517251794015725e-01 1.473249097121635037e-05
1.491459320801191979e-01 5.228693779443072093e-05
1.497425158084396690e-01 4.880265288372032929e-06
1.503414858716734248e-01 2.841712371510526480e-04
1.509428518151600951e-01 1.590770786726347470e-05
1.515466232224207677e-01 2.823148066484616319e-08
1.521528097153104220e-01 7.208864631961631684e-07
1.527614209541716672e-01 3.032157562278592753e-10
1.533724666379883694e-01 3.021499601847392233e-10
1.539859565045403056e-01 7.809310253296740242e-11
1.546019003305584838e-01 2.527044391187984774e-13
1.552203079318807133e-01 3.570075703599562882e-12
1.558411891636082569e-01 2.196651225434798760e-12
1.564645539202626778e-01 1.099666535195466250e-12
1.570904121359437411e-01 2.273376650165777251e-12
1.577187737844875093e-01 7.061697560352194739e-13
1.583496488796254653e-01 4.027899354746431281e-12
1.589830474751439959e-01 3.968879213129526509e-11
1.596189796650445414e-01 1.533231853578913827e-12
1.602574555837047166e-01 2.830669417841294398e-12
1.608984854060395708e-01 1.563559029884060398e-11
1.615420793476636807e-01 7.525621833666783899e-12
1.621882476650543525e-01 1.611720767641764824e-11
1.628370006557145755e-01 1.375724543091043969e-11
1.634883486583374457e-01 2.842030563888663219e-11
1.641423020529707844e-01 5.130225570186633261e-11
1.647988712611826723e-01 4.228891517615154684e-11
1.654580667462274002e-01 4.095193361197830675e-12
1.661198990132123077e-01 1.417947383620708003e-10
1.667843786092651215e-01 9.076762487156549451e-11
1.674515161237022098e-01 5.328542004057172738e-10
1.681213221881969755e-01 2.430443385430493141e-09
1.687938074769497754e-01 7.011860647565370491e-10
1.694689827068575905e-01 3.363906882697685762e-08
1.701468586376850278e-01 9.738897851378668629e-09
1.708274460722357391e-01 1.031909246352003730e-08
1.715107558565246715e-01 1.777546382469546822e-08
1.721967988799507909e-01 1.271483011957491203e-08
1.728855860754705820e-01 3.036149179524782517e-08
1.735771284197724640e-01 1.376253221025464606e-08
1.742714369334515678e-01 5.967419097487176031e-09
1.749685226811853456e-01 9.934410942741723676e-08
1.756683967719100681e-01 2.433579633990346399e-08
1.763710703589977391e-01 6.539685229884823251e-07
1.770765546404337309e-01 1.092729507654379886e-06
1.777848608589954471e-01 3.130331081787850865e-08
1.784960003024314568e-01 2.502674221274695500e-06
1.792099843036411844e-01 1.302464901965892073e-06
1.799268242408557650e-01 1.093202966905023927e-06
1.806465315378191772e-01 1.195725941495223466e-05
1.813691176639704306e-01 1.668603145131036287e-07
1.820945941346263086e-01 1.401759980752182575e-06
1.828229725111648329e-01 4.516329676339369718e-07
1.835542644012094771e-01 4.253851906379628173e-08
1.842884814588143239e-01 6.826864956478426395e-06
1.850256353846495561e-01 9.271306832455248226e-05
1.857657379261881403e-01 7.186467337400699448e-07
1.865088008778928996e-01 9.144933851821203581e-05
1.872548360814044743e-01 2.276832426865412344e-05
1.880038554257300876e-01 1.067861477748443493e-06
1.887558708474330049e-01 1.778012783786433256e-04
1.895108943308226879e-01 2.629206791034201419e-05
1.902689379081460019e-01 3.258865830902742065e-06
1.910300136597785636e-01 7.030150997949993893e-04
1.917941337144176972e-01 2.634376593530884502e-05
1.925613102492753359e-01 9.649611069393691906e-05
1.933315554902724498e-01 7.985009341415596259e-04
1.941048817122335568e-01 2.041516416475814665e-04
1.948813012390824828e-01 1.230778392707165098e-04
1.956608264440388156e-01 1.341424475509710732e-03
1.964434697498149418e-01 7.693088998449900393e-05
1.972292436288141937e-01 2.864671866910017896e-04
1.980181606033294406e-01 6.910829308829397229e-04
1.988102332457427346e-01 1.800277358431632332e-04
1.996054741787257336e-01 1.064593541914178316e-04
2.004038960754406518e-01 1.378625859164312741e-04
2.012055116597424309e-01 8.672434436477080794e-05
2.020103337063813842e-01 4.113045187145202074e-05
2.028183750412069219e-01 4.325146633808529080e-05
2.036296485413717494e-01 6.513892035755947704e-05
2.044441671355372303e-01 4.557671327320602083e-05
2.052619438040793887e-01 1.870367907235389357e-04
2.060829915792957157e-01 1.099235537450210938e-04
2.069073235456129201e-01 1.100479207001937772e-04
2.077349528397953449e-01 1.397507026731287033e-04
2.085658926511545219e-01 2.342726802275772507e-04
2.094001562217591150e-01 2.750185120842248794e-04
2.102377568466461677e-01 2.442219989095488052e-04
2.110787078740327671e-01 1.470749445196402024e-04
2.119230227055288740e-01 2.820906436484284241e-04
2.127707147963510126e-01 3.969127869842466205e-04
2.136217976555363773e-01 6.145747770983312147e-04
2.144762848461585492e-01 1.290476419625054521e-04
2.153341899855431840e-01 5.653584734288323414e-04
2.161955267454853669e-01 1.239001953158711238e-03
2.170603088524672986e-01 1.672719178612116445e-03
2.179285500878772042e-01 5.382611710583070069e-04
2.188002642882286852e-01 5.412393307995666666e-04
2.196754653453815986e-01 2.579973490120381074e-03
2.205541672067631020e-01 1.190097480120766481e-03
2.214363838755901703e-01 1.936119129201878050e-02
2.223221294110925284e-01 1.212546574332110409e-03
2.232114179287369160e-01 5.215800911484559654e-02
2.241042636004518529e-01 8.159421493023221242e-03
2.250006806548536520e-01 1.775589780259855255e-01
2.259006833774730438e-01 2.866949987569506961e-02
2.268042861109829667e-01 6.202942669758881866e-02
2.277115032554268836e-01 8.521450077268957757e-02
2.286223492684485714e-01 7.156079747659764567e-02
2.295368386655223802e-01 6.266373795560785664e-01
2.304549860201844658e-01 7.838354360437170196e-03
2.313768059642651864e-01 3.924749721356639021e-01
2.323023131881222503e-01 1.721232597854384649e-01
2.332315224408747223e-01 9.911861199326034155e-01
2.341644485306381973e-01 2.115931285672783435e+00
2.351011063247607502e-01 5.405727790546713263e-02
2.360415107500598020e-01 3.959025801767749542e+00
2.369856767930600405e-01 3.252882177397208030e-02
2.379336195002322851e-01 4.717745838258521118e+00
2.388853539782332114e-01 1.858462304266150111e+00
2.398408953941461863e-01 4.050458473205488019e+01
2.408002589757227141e-01 4.007425560792364649e+01
2.417634600116256582e-01 1.135229629237641813e+00
2.427305138516721306e-01 5.351130329818404618e+01
2.437014359070788505e-01 1.930763884675077335e+01
2.446762416507071713e-01 8.367508310331677990e+01
2.456549466173099938e-01 2.327960272734149427e+01
2.466375664037792625e-01 3.183218875463700215e+01
2.476241166693943785e-01 3.818735946233611145e+01
2.486146131360719436e-01 5.221300067798694933e+00
2.496090715886161993e-01 3.804808972578644699e+01
2.506075078749706586e-01 2.419897206971820225e+01
2.516099379064705155e-01 4.594797998889970359e+01
2.526163776580964138e-01 1.089055965905912586e+02
2.536268431687287994e-01 2.442983463555406445e+02
2.546413505414037437e-01 3.017240916417210883e+02
2.556599159435693491e-01 2.743693292142834821e+02
2.566825556073435988e-01 3.825462697732637025e+02
2.577092858297729827e-01 4.735469692429329598e+02
2.587401229730920682e-01 3.652088277890579775e+02
2.597750834649844576e-01 7.209789670280363225e+02
2.608141837988444123e-01 4.376136277090942599e+02
2.618574405340398092e-01 1.156290217167506626e+03
2.629048702961759298e-01 1.898418795080284099e+03
2.639564897773606367e-01 2.181366354758470152e+03
2.650123157364701054e-01 1.773900665825483884e+03
2.660723649994159445e-01 1.344377552166151190e+03
2.671366544594135917e-01 1.018792551231364314e+03
2.682052010772512096e-01 1.282395597629393706e+03
2.692780218815602478e-01 7.380188933772612927e+02
2.703551339690865030e-01 9.251305180495434115e+02
2.714365545049627904e-01 6.728347646902813040e+02
2.725223007229827243e-01 5.559152175711523114e+02
2.736123899258746106e-01 5.259232253652054396e+02
2.747068394855781692e-01 5.648472795881975799e+02
2.758056668435204806e-01 4.236697319497222907e+02
2.769088895108945403e-01 4.250265487473959070e+02
2.780165250689380918e-01 3.035606471565232596e+02
2.791285911692138466e-01 2.460367668367767351e+02
2.802451055338907038e-01 1.684875626610843256e+02
2.813660859560263017e-01 1.171981158819501729e+02
2.824915502998503469e-01 7.866337552756390039e+01
2.836215165010497197e-01 5.283857823209272908e+01
2.847560025670539119e-01 3.990784790697772877e+01
2.858950265773221866e-01 4.793179465504933745e+01
2.870386066836315142e-01 8.348960976561352254e+01
2.881867611103660631e-01 1.575654460377140254e+02
2.893395081548075787e-01 2.942040923231252236e+02
2.904968661874267610e-01 5.501090454595562278e+02
2.916588536521764197e-01 1.007685067930787113e+03
2.928254890667851273e-01 1.729663368066922885e+03
2.939967910230522619e-01 2.788771518581922919e+03
2.951727781871444911e-01 4.277587435783091678e+03
2.963534692998930908e-01 6.276962849069774165e+03
2.975388831770926501e-01 8.679352052155203637e+03
2.987290387098009981e-01 1.226252397539699450e+04
2.999239548646402409e-01 1.556058840172204145e+04
3.011236506840988536e-01 2.184098720159814911e+04
3.023281452868351593e-01 2.401264107399724526e+04
3.035374578679824742e-01 3.665278975173461367e+04
3.047516076994544187e-01 4.555141733362142259e+04
3.059706141302522830e-01 6.005559586272826709e+04
3.071944965867733357e-01 1.358551235163796810e+05
3.084232745731204095e-01 2.403745035506210115e+05
3.096569676714128194e-01 2.853085348322355421e+05
3.108955955420985018e-01 4.964400855784196174e+05
3.121391779242668751e-01 6.638170156694380566e+05
3.133877346359639215e-01 9.144805268611685606e+05
3.146412855745078230e-01 1.135746157235417049e+06
3.158998507168058190e-01 1.618675677312183660e+06
3.171634501196730627e-01 2.057895292763495585e+06
3.184321039201517545e-01 1.146897829286487307e+06
3.197058323358323295e-01 7.958309017097780015e+05
3.209846556651756444e-01 2.708767200135268271e+06
3.222685942878363852e-01 3.288065923755739350e+06
3.235576686649877520e-01 2.994324875745207537e+06
3.248518993396476984e-01 5.956010285822245292e+06
3.261513069370062801e-01 7.355302439417966641e+06
3.274559121647543369e-01 1.043277234647131152e+07
3.287657358134133401e-01 1.013485294271539152e+07
3.300807987566670154e-01 1.837919042796331691e+06
3.314011219516936890e-01 9.366073939159190282e+06
3.327267264395004642e-01 1.934294722298226878e+07
3.340576333452584534e-01 1.814759124690012634e+07
3.353938638786395088e-01 1.722903366222411394e+07
3.367354393341540630e-01 1.745011155766397715e+07
3.380823810914907468e-01 1.773377831216364726e+07
3.394347106158566718e-01 2.928284588013344258e+07
3.407924494583201014e-01 2.406406082405010238e+07
3.421556192561533982e-01 1.299488347714901343e+07
3.435242417331779707e-01 2.340751608576037921e+06
3.448983387001106626e-01 2.915478292353900615e+06
3.462779320549111417e-01 4.078840244061040226e+06
3.476630437831307319e-01 2.800649834886348806e+06
3.490536959582632992e-01 2.936781758877526503e+06
3.504499107420963600e-01 2.163435417565472424e+07
3.518517103850647421e-01 2.369778513515184447e+07
3.532591172266050239e-01 5.071307397446471453e+07
3.546721536955114717e-01 1.011804865897970349e+08
3.560908423102934761e-01 3.404631919256019592e+07
3.575152056795346533e-01 1.474920079011454619e+07
3.589452665022527800e-01 5.315090244052323699e+07
3.603810475682617254e-01 8.470278861046648026e+07
3.618225717585348278e-01 5.997658304720246792e+07
3.632698620455689364e-01 4.771086093805850297e+07
3.647229414937512293e-01 3.434941864832185209e+07
3.661818332597261971e-01 7.805543360929882526e+07
3.676465605927651259e-01 2.446944084418108314e+07
3.691171468351361895e-01 2.260092472249038517e+07
3.705936154224767076e-01 8.379934329996432178e+06
3.720759898841666247e-01 5.460709250575194135e+06
3.735642938437032656e-01 5.961962015561430715e+06
3.750585510190780902e-01 8.323236232936820947e+06
3.765587852231543908e-01 3.025843604903655499e+07
3.780650203640470441e-01 9.616990185580393672e+07
3.795772804455032068e-01 7.151861263603140414e+07
3.810955895672852312e-01 7.856634083933310211e+07
3.826199719255543585e-01 1.608648506520384550e+07
3.841504518132565771e-01 3.330911718035315350e+07
3.856870536205096456e-01 1.155106759534387663e+07
3.872298018349916715e-01 1.852936540402984247e+07
3.887787210423316320e-01 1.600374945804313198e+07
3.903338359265008939e-01 2.775441977669761330e+07
3.918951712702069545e-01 3.843981507551798224e+07
3.934627519552877928e-01 8.599231337333166599e+07
3.950366029631089404e-01 2.793228244275271893e+08
3.966167493749613859e-01 5.131676778851946592e+08
3.982032163724612550e-01 5.614606059675241709e+08
3.997960292379510450e-01 5.996646795305633545e+08
4.013952133549028578e-01 9.185426033631485701e+08
4.030007942083224659e-01 1.087837049720795393e+09
4.046127973851557647e-01 4.083116168450619578e+08
4.062312485746963908e-01 7.903220391645962000e+08
4.078561735689951728e-01 6.524769483596415520e+08
4.094875982632711353e-01 7.671844965837366581e+08
4.111255486563242245e-01 7.808870010252227783e+08
4.127700508509495880e-01 6.582334370671585798e+08
4.144211310543532978e-01 5.857877236257410049e+08
4.160788155785707931e-01 5.563112156933273077e+08
4.177431308408850463e-01 4.315844974178994298e+08
4.194141033642486138e-01 3.643613374890813828e+08
4.210917597777056320e-01 2.670186064627500176e+08
4.227761268168164221e-01 3.090181362021916509e+08
4.244672313240837602e-01 2.275397594798785150e+08
4.261651002493800910e-01 2.092455013869580030e+08
4.278697606503775730e-01 3.326255588433493376e+08
4.295812396929790666e-01 4.696782212197899222e+08
4.312995646517510107e-01 7.238563465776154995e+08
4.330247629103580187e-01 1.006542543431918621e+09
4.347568619619994745e-01 1.275642187578387737e+09
4.364958894098474596e-01 7.876769556453211308e+08
4.382418729674867897e-01 7.395637932038648129e+08
4.399948404593567730e-01 1.679973084978514910e+09
4.417548198211941890e-01 1.989570823660389185e+09
4.435218391004789873e-01 1.506709317693431377e+09
4.452959264568808750e-01 2.337751711532981873e+09
4.470771101627084021e-01 2.226064806820298195e+09
4.488654186033592119e-01 2.671082718503246307e+09
4.506608802777726241e-01 4.193895743320827961e+09
4.524635237988837710e-01 4.036479717430282593e+09
4.542733778940792333e-01 4.260106907815624714e+09
4.560904714056555065e-01 4.818758562046771049e+09
4.579148332912781894e-01 4.751109388811354637e+09
4.597464926244433370e-01 3.351393855491670132e+09
4.615854785949410899e-01 6.979882999178245544e+09
4.634318205093208576e-01 3.819721876009589195e+09
4.652855477913582227e-01 5.695604188306882858e+09
4.671466899825236219e-01 4.878605051541636467e+09
4.690152767424536906e-01 6.031333105446099281e+09
4.708913378494234969e-01 9.029136184300300598e+09
4.727749032008212171e-01 8.470622038376870155e+09
4.746660028136244769e-01 9.750204288943458557e+09
4.765646668248789131e-01 4.187120360305332661e+09
4.784709254921784560e-01 3.176976197025076866e+09
4.803848091941470555e-01 3.986545146322448254e+09
4.823063484309236815e-01 4.867641312857599258e+09
4.842355738246474361e-01 7.980553715107338905e+09
4.861725161199459966e-01 7.292035873240092278e+09
4.881172061844257226e-01 1.085899544299414444e+10
4.900696750091634302e-01 7.895027400341572762e+09
4.920299537092001074e-01 1.132133656129886627e+10
4.939980735240369625e-01 1.403304018618905067e+10
4.959740658181330253e-01 6.387637043787740707e+09
4.979579620814056362e-01 5.979741467483113289e+09
4.999497939297311566e-01 5.118659149454234123e+09
5.019495931054501758e-01 4.124782600523466587e+09
5.039573914778719965e-01 6.130400754621059418e+09
5.059732210437835054e-01 5.126606692861750603e+09
5.079971139279585435e-01 5.701775385363828659e+09
5.100291023836703852e-01 4.876224742690135002e+09
5.120692187932051054e-01 4.541621063209560394e+09
5.141174956683780550e-01 4.045379269055690765e+09
5.161739656510514473e-01 2.860171271177689075e+09
5.182386615136556074e-01 1.419858521418230295e+09
5.203116161597103329e-01 3.071213668765025616e+09
5.223928626243490303e-01 7.543045125654959679e+09
5.244824340748465152e-01 6.457045100975684166e+09
5.265803638111459239e-01 4.751654320532238960e+09
5.286866852663905103e-01 6.814543672254329681e+09
5.308014320074561088e-01 6.569401379071961403e+09
5.329246377354859288e-01 5.029524078199889183e+09
5.350563362864277916e-01 6.199206013738526344e+09
5.371965616315735881e-01 4.916330594463399887e+09
5.393453478780998456e-01 5.431886039907455444e+09
5.415027292696121819e-01 5.323218908862718582e+09
5.436687401866906466e-01 4.479759144060000420e+09
5.458434151474373941e-01 2.949328990714401722e+09
5.480267888080271321e-01 3.929370881680033684e+09
5.502188959632591247e-01 3.630200324364456177e+09
5.524197715471121928e-01 3.860384938791045666e+09
5.546294506333006025e-01 4.093916191724743843e+09
5.568479684358338400e-01 3.602199825205628872e+09
5.590753603095770519e-01 2.952310551794078350e+09
5.613116617508153716e-01 2.384241695261843204e+09
5.635569083978186899e-01 2.119003517136777878e+09
5.658111360314097560e-01 2.272654749285498142e+09
5.680743805755354980e-01 2.003090805754916191e+09
5.703466780978375672e-01 1.995354812867131710e+09
5.726280648102289872e-01 1.779420773775902033e+09
5.749185770694699160e-01 1.554539634195717573e+09
5.772182513777477375e-01 1.255527598398000240e+09
5.795271243832587071e-01 1.006962290684893727e+09
5.818452328807918184e-01 7.260714739659466743e+08
5.841726138123150003e-01 4.792009501579368711e+08
5.865093042675643131e-01 1.821268744467531741e+08
5.888553414846344758e-01 1.338468696823279932e+07
5.912107628505729462e-01 7.976394304446798563e+07
5.935756059019753339e-01 4.222337568398381472e+08
5.959499083255832552e-01 8.552038624173365831e+08
5.983337079588855190e-01 1.352249520789811850e+09
6.007270427907210886e-01 1.967763110159015179e+09
6.031299509618840426e-01 2.785655880822223186e+09
6.055424707657315331e-01 3.840738463574285507e+09
6.079646406487945187e-01 5.123078876835121155e+09
6.103964992113897203e-01 6.570432870562504768e+09
6.128380852082353503e-01 8.342209235848507881e+09
6.152894375490681744e-01 7.790372955764071465e+09
6.177505952992645710e-01 5.038084689537899017e+09
6.202215976804615893e-01 5.080413453606043816e+09
6.227024840711834486e-01 4.811317507427040100e+09
6.251932940074681477e-01 6.161627916626444817e+09
6.276940671834980723e-01 7.533106346934145927e+09
6.302048434522321552e-01 9.649292691995752335e+09
6.327256628260409244e-01 1.259251130581093407e+10
6.352565654773452142e-01 1.418543422410454178e+10
6.377975917392545435e-01 1.499129930034008026e+10
6.403487821062116003e-01 2.197348423106940079e+10
6.429101772346363930e-01 2.342027713930397415e+10
6.454818179435749537e-01 3.203886627918950653e+10
6.480637452153492628e-01 3.572518120835063171e+10
6.506560001962106154e-01 4.089874033510041046e+10
6.532586241969955410e-01 5.202431630073886108e+10
6.558716586937833881e-01 3.498515043580284882e+10
6.584951453285585732e-01 3.074237123540518570e+10
6.611291259098727169e-01 2.756097174034938431e+10
6.637736424135122215e-01 2.250574259785638046e+10
6.664287369831662922e-01 1.859662700898983002e+10
6.690944519310989547e-01 1.799478668527936935e+10
6.717708297388232941e-01 1.794306393122013092e+10
6.744579130577786907e-01 1.970236181220459366e+10
6.771557447100098326e-01 2.863136216129333496e+10
6.798643676888498355e-01 2.368985199780766296e+10
6.825838251596052508e-01 2.867502311448755264e+10
6.853141604602436265e-01 2.944967168926724243e+10
6.880554171020846210e-01 3.014554561511142349e+10
6.908076387704928933e-01 3.265566886501550674e+10
6.935708693255748791e-01 3.734277624593972015e+10
6.963451528028771209e-01 4.925144399080195618e+10
6.991305334140887062e-01 6.197524679301220703e+10
7.019270555477450380e-01 8.145670264074803162e+10
7.047347637699360456e-01 1.022956690703653564e+11
7.075537028250157290e-01 4.762415269681389618e+10
7.103839176363159202e-01 3.236712126167238998e+10
7.132254533068611568e-01 3.299847713477537918e+10
7.160783551200886610e-01 3.581755357584376526e+10
7.189426685405689854e-01 5.193220129287557983e+10
7.218184392147313222e-01 5.203876507024380493e+10
7.247057129715901436e-01 7.983296978341297913e+10
7.276045358234763949e-01 9.758002779600595093e+10
7.305149539667704639e-01 1.273647391585839844e+11
7.334370137826373703e-01 1.492179097932694092e+11
7.363707618377679509e-01 1.565570368875885620e+11
7.393162448851190449e-01 1.538757076964164429e+11
7.422735098646596752e-01 1.491285088042219543e+11
7.452426039041182282e-01 1.392662817762090454e+11
7.482235743197346300e-01 1.341229449092301483e+11
7.512164686170136330e-01 1.240810661006680450e+11
7.542213344914817652e-01 1.176612059972752686e+11
7.572382198294477229e-01 1.041635873642987061e+11
7.602671727087656484e-01 6.442717017734095001e+10
7.633082413996006288e-01 2.779730832453060150e+10
7.663614743651989691e-01 1.772837173481399059e+09
7.694269202626597970e-01 2.411561248462301731e+09
7.725046279437104424e-01 1.745374921730307770e+10
7.755946464554852593e-01 4.212413325517412567e+10
7.786970250413072225e-01 6.971703716687745667e+10
7.818118131414724115e-01 9.508407655469493103e+10
7.849390603940383793e-01 8.950885274914990234e+10
7.880788166356144098e-01 1.174617480831137390e+11
7.912311319021569922e-01 1.253735355115156708e+11
7.943960564297655180e-01 1.576888512908465881e+11
7.975736406554845281e-01 1.803262481031042786e+11
8.007639352181065151e-01 2.214832227331136169e+11
8.039669909589789443e-01 2.416156219540260315e+11
8.071828589228148276e-01 2.709577065438684387e+11
8.104115903585061842e-01 2.982004068236929932e+11
8.136532367199402760e-01 3.380094500468129272e+11
8.169078496668199518e-01 3.191322439981525879e+11
8.201754810654874328e-01 2.301502609196493835e+11
8.234561829897493190e-01 3.266115772403504028e+11
8.267500077217083687e-01 3.353415718781389771e+11
8.300570077525952772e-01 3.132294959567874756e+11
8.333772357836056743e-01 3.556387274836047974e+11
8.367107447267401188e-01 3.419483550961199951e+11
8.400575877056470908e-01 3.516457389177407837e+11
8.434178180564695371e-01 2.745306921190156555e+11
8.467914893286955236e-01 1.515545739704838562e+11
8.501786552860102208e-01 2.069452829204772949e+11
8.535793699071543283e-01 2.338969380514686584e+11
8.569936873867830540e-01 2.974946071078275757e+11
8.604216621363300899e-01 3.484350654699055786e+11
8.638633487848753623e-01 2.843922008167926025e+11
8.673188021800150027e-01 3.747771494493701172e+11
8.707880773887352044e-01 2.395851110786856384e+11
8.742712296982900755e-01 2.702264577186931152e+11
8.777683146170831563e-01 3.439748586477897339e+11
8.812793878755513788e-01 3.630557948713458252e+11
8.848045054270535781e-01 4.170675449123219604e+11
8.883437234487617795e-01 2.494135421789432983e+11
8.918970983425568155e-01 3.796415848839655151e+11
8.954646867359271623e-01 3.506125337488882446e+11
8.990465454828707736e-01 4.274230480651654053e+11
9.026427316648023558e-01 3.757799668073149414e+11
9.062533025914615292e-01 3.748501865318038940e+11
9.098783158018273198e-01 4.585083335370145874e+11
9.135178290650346478e-01 4.824117796848544312e+11
9.171719003812948134e-01 5.364955174587368774e+11
9.208405879828199803e-01 5.798013321524095459e+11
9.245239503347512100e-01 5.528888831765219727e+11
9.282220461360901620e-01 5.646399838596177979e+11
9.319349343206346781e-01 5.326903836527028198e+11
9.356626740579171431e-01 5.442563759397819214e+11
9.394053247541488405e-01 4.546053268005357056e+11
9.431629460531654185e-01 5.393317206063029785e+11
9.469355978373780180e-01 5.946827500192528076e+11
9.507233402287275092e-01 6.299868057837851562e+11
9.545262335896426142e-01 6.489489109407100830e+11
9.583443385240012491e-01 6.071277286488708496e+11
9.621777158780971950e-01 6.299011818620219727e+11
9.660264267416096562e-01 6.183920469960269775e+11
9.698905324485760371e-01 6.684381542303881836e+11
9.737700945783701600e-01 6.042148965723083496e+11
9.776651749566835914e-01 5.763339593097845459e+11
9.815758356565105203e-01 6.333215425120500488e+11
9.855021389991363012e-01 6.152113123758320312e+11
9.894441475551331022e-01 5.097416882537517700e+11
9.934019241453534432e-01 2.412189835293200684e+11
9.973755318419349480e-01 3.204871129706743774e+11
1.001365033969302543e+00 3.232111255223579102e+11
1.005370494105179757e+00 3.174757784053362427e+11
1.009391976081600362e+00 3.906800985124353027e+11
1.013429543985926884e+00 4.093629046857224121e+11
1.017483262161870350e+00 4.217277390175284424e+11
1.021553195210518128e+00 4.417266102713715820e+11
1.025639407991360219e+00 4.275728698443450928e+11
1.029741965623325539e+00 3.939165634667656250e+11
1.033860933485818867e+00 4.018066088001404419e+11
1.037996377219762012e+00 4.994166770754322510e+11
1.042148362728641198e+00 5.039639337535347900e+11
1.046316956179555557e+00 5.702590357042218018e+11
1.050502224004274066e+00 5.585984510485405273e+11
1.054704232900291139e+00 6.349627567044704590e+11
1.058923049831892227e+00 6.297678955589447021e+11
1.063158742031219628e+00 6.318536005811580811e+11
1.067411376999344741e+00 5.906845085316181641e+11
1.071681022507342096e+00 6.133240489891444092e+11
1.075967746597371377e+00 6.833012316339418945e+11
1.080271617583760779e+00 6.947225295916369629e+11
1.084592704054095913e+00 7.435198314547200928e+11
1.088931074870312044e+00 7.142207364019278564e+11
1.093286799169793433e+00 7.632005253346281738e+11
1.097659946366472461e+00 7.500888608292230225e+11
1.102050586151938294e+00 7.797034678275540771e+11
1.106458788496546219e+00 7.636042263573090820e+11
1.110884623650532532e+00 7.383913856400946045e+11
1.115328162145134749e+00 8.118420691676031494e+11
1.119789474793714934e+00 8.201098099909370117e+11
1.124268632692889902e+00 8.598723677019373779e+11
1.128765707223661430e+00 8.630949219265488281e+11
1.133280770052556230e+00 8.496043166961837158e+11
1.137813893132766374e+00 6.880060066427177734e+11
1.142365148705297484e+00 7.411716976786639404e+11
1.146934609300118479e+00 8.938333582879665527e+11
1.151522347737319096e+00 9.468812268034138184e+11
1.156128437128268516e+00 9.331902251323227539e+11
1.160752950876781542e+00 9.444258318341463623e+11
1.165395962680288999e+00 9.370139634540551758e+11
1.170057546531009907e+00 7.248746579009832764e+11
1.174737776717134086e+00 7.775082047072788086e+11
1.179436727824002773e+00 6.634600157904797363e+11
1.184154474735298557e+00 8.853556691465406494e+11
1.188891092634239977e+00 9.597473709199025879e+11
1.193646657004777012e+00 9.278166896200085449e+11
1.198421243632796118e+00 7.606665816162927246e+11
1.203214928607327261e+00 7.855136111509324951e+11
1.208027788321756724e+00 8.941648227934963379e+11
1.212859899475043468e+00 8.346210071882662354e+11
1.217711339072943710e+00 9.088007379021362305e+11
1.222582184429235275e+00 8.626095222594295654e+11
1.227472513166952384e+00 9.481781667952004395e+11
1.232382403219620226e+00 9.216411081632387695e+11
1.237311932832498407e+00 9.007475582810056152e+11
1.242261180563828615e+00 6.468237620898050537e+11
1.247230225286083849e+00 8.588644658471791992e+11
1.252219146187228072e+00 6.543462060342695312e+11
1.257228022771976983e+00 8.629723636909210205e+11
1.262256934863064783e+00 8.752437462765295410e+11
1.267305962602517155e+00 9.483544187211870117e+11
1.272375186452927354e+00 9.313993277954610596e+11
1.277464687198738957e+00 9.354470057148050537e+11
1.282574545947533950e+00 9.507259632166517334e+11
1.287704844131324133e+00 8.516675607663950195e+11
1.292855663507849417e+00 8.489433418947714844e+11
1.298027086161880783e+00 8.925314176211225586e+11
1.303219194506528344e+00 9.182293061033696289e+11
1.308432071284554521e+00 9.090593112933673096e+11
1.313665799569692760e+00 9.493719963097022705e+11
1.318920462767971591e+00 9.485545546418555908e+11
1.324196144619043336e+00 9.068749845353980713e+11
1.329492929197519491e+00 8.727110967947899170e+11
1.334810900914309650e+00 7.166791079555145264e+11
1.340150144517967101e+00 6.635181733186705322e+11
1.345510745096038852e+00 6.392882379164565430e+11
1.350892788076423212e+00 6.387982802992828369e+11
1.356296359228728932e+00 6.081853107530826416e+11
1.361721544665643879e+00 6.628018948509909668e+11
1.367168430844306393e+00 7.046008286405357666e+11
1.372637104567683730e+00 7.206713293150270996e+11
1.378127652985954299e+00 7.485091911026549072e+11
1.383640163597898098e+00 7.145633887344945068e+11
1.389174724252289828e+00 7.037169672540910645e+11
1.394731423149298877e+00 6.753678386929212646e+11
1.400310348841896202e+00 6.629681279386722412e+11
1.405911590237263642e+00 6.798591618621070557e+11
1.411535236598212784e+00 6.227163483667076416e+11
1.417181377544605603e+00 6.227562117888165283e+11
1.422850103054784210e+00 6.253822646229066162e+11
1.428541503467003038e+00 6.215089087773426514e+11
1.434255669480871243e+00 6.211534925208721924e+11
1.439992692158794885e+00 6.355843110968443604e+11
1.445752662927429988e+00 6.583804098338590088e+11
1.451535673579139596e+00 6.700520142172197266e+11
1.457341816273456159e+00 6.930440083400061035e+11
1.463171183538549913e+00 6.827714069890228271e+11
1.469023868272704147e+00 6.726431374741833496e+11
1.474899963745795128e+00 6.969042225478925781e+11
1.480799563600778246e+00 7.052142821784439697e+11
1.486722761855181485e+00 7.064214095667712402e+11
1.492669652902602007e+00 7.167680314465142822e+11
1.498640331514212276e+00 7.247821430499539795e+11
1.504634892840269300e+00 7.347744359184077148e+11
1.510653432411630304e+00 7.354531771324080811e+11
1.516696046141276843e+00 7.333328970117056885e+11
1.522762830325842032e+00 7.624980199937565918e+11
1.528853881647145307e+00 7.695303756513946533e+11
1.534969297173733649e+00 7.664565254347762451e+11
1.541109174362428780e+00 7.719521820022669678e+11
1.547273611059878373e+00 7.834666816664359131e+11
1.553462705504118135e+00 7.830835966065355225e+11
1.559676556326134556e+00 7.769044681427365723e+11
1.565915262551438980e+00 7.876463424463201904e+11
1.572178923601644795e+00 7.887447844379332275e+11
1.578467639296051495e+00 7.889784911528846436e+11
1.584781509853235626e+00 7.913263687474776611e+11
1.591120635892648405e+00 7.897961022065277100e+11
1.597485118436219098e+00 7.862920091893699951e+11
1.603875058909963958e+00 7.797642143652661133e+11
1.610290559145603595e+00 7.770314521677683105e+11
1.616731721382186127e+00 7.743248635184522705e+11
1.623198648267714761e+00 7.662251638225457764e+11
1.629691442860785600e+00 7.639391957333814697e+11
1.636210208632228769e+00 7.610844484715148926e+11
1.642755049466757766e+00 7.528781155643687744e+11
1.649326069664624805e+00 7.495796184773847656e+11
1.655923373943283039e+00 7.424824399998607178e+11
1.662547067439056336e+00 7.339936231810953369e+11
1.669197255708812611e+00 7.262152912472745361e+11
1.675874044731648027e+00 7.193918734134914551e+11
1.682577540910574321e+00 7.125033210075450439e+11
1.689307851074216771e+00 7.008372819236094971e+11
1.696065082478513508e+00 6.884946714312440186e+11
1.702849342808427480e+00 6.770974935226668701e+11
1.709660740179661298e+00 6.595138464061439209e+11
1.716499383140379864e+00 6.331522545232797852e+11
1.723365380672941427e+00 6.213199466960285645e+11
1.730258842195633306e+00 5.983916268998669434e+11
1.737179877564415831e+00 5.771518466386048584e+11
1.744128597074673603e+00 5.505673191585974121e+11
1.751105111462972097e+00 5.362934808980822144e+11
1.758109531908824241e+00 5.060030883985198364e+11
1.765141970036459451e+00 4.816317497285603027e+11
1.772202537916605314e+00 4.685347860139067383e+11
1.779291348068271716e+00 4.352166471961557617e+11
1.786408513460544745e+00 4.186477317263013916e+11
1.793554147514387020e+00 3.962195024328965454e+11
1.800728364104444257e+00 3.961790318959296875e+11
1.807931277560862249e+00 3.725443157934331665e+11
1.815163002671105641e+00 3.813057367483979492e+11
1.822423654681789795e+00 3.829984270321975708e+11
1.829713349300517100e+00 3.619862060206368408e+11
1.837032202697718830e+00 3.686002462810006714e+11
1.844380331508509885e+00 3.494581524160656128e+11
1.851757852834543527e+00 3.313898859339602661e+11
1.859164884245881888e+00 2.956257429131593628e+11
1.866601543782865358e+00 3.228110637945275269e+11
1.874067949957996859e+00 3.210374195319553833e+11
1.881564221757828781e+00 3.433052094972068481e+11
1.889090478644860127e+00 3.505703576784392700e+11
1.896646840559439662e+00 3.656359567659735718e+11
1.904233427921677269e+00 3.558214703163123169e+11
1.911850361633363971e+00 3.679059795671569824e+11
1.919497763079897279e+00 3.507247661334652100e+11
1.927175754132217200e+00 3.411720709923455811e+11
1.934884457148745796e+00 3.334725739958750000e+11
1.942623994977340729e+00 3.017687465749789429e+11
1.950394490957250149e+00 3.204315844434741211e+11
1.958196068921079336e+00 3.006426727779826050e+11
1.966028853196763793e+00 3.128588672141049194e+11
1.973892968609550991e+00 2.957230524282077026e+11
1.981788540483989447e+00 2.976881459868442993e+11
1.989715694645925126e+00 2.974524666722397461e+11
1.997674557424508723e+00 3.015445879435775146e+11
2.005665255654207169e+00 3.065133923201044922e+11
2.013687916676823786e+00 3.038961230704997559e+11
2.021742668343530891e+00 3.148694073551790771e+11
2.029829639016905052e+00 3.089222291959339600e+11
2.037948957572972564e+00 3.150635281847514038e+11
2.046100753403264694e+00 3.173085005906246338e+11
2.054285156416877811e+00 3.241676602565355225e+11
2.062502297042545507e+00 3.213860853977799683e+11
2.070752306230715600e+00 3.260876529481124878e+11
2.079035315455638244e+00 3.251416207358976440e+11
2.087351456717461140e+00 3.244826498883165283e+11
2.095700862544330967e+00 3.243401216477636719e+11
2.104083665994508134e+00 3.244491493667926636e+11
2.112500000658485977e+00 3.228496125406861572e+11
2.120950000661120161e+00 3.202301092448261719e+11
2.129433800663764753e+00 3.169836919668766479e+11
2.137951535866419839e+00 3.146023090176913452e+11
2.146503342009885351e+00 3.124564237122661133e+11
2.155089355377924676e+00 3.083325002770816040e+11
2.163709712799436691e+00 3.045262725837824707e+11
2.172364551650634468e+00 3.006943339009303589e+11
2.181054009857236853e+00 2.960126399293005371e+11
2.189778225896665376e+00 2.913095202115996094e+11
2.198537338800252705e+00 2.859589872736138916e+11
2.207331488155453325e+00 2.796073426572755737e+11
2.216160814108075083e+00 2.771860949766380005e+11
2.225025457364507631e+00 2.736436412815443115e+11
2.233925559193965515e+00 2.695585416424105835e+11
2.242861261430741493e+00 2.649970552225041199e+11
2.251832706476463830e+00 2.609616622600112610e+11
2.260840037302370042e+00 2.568042826802513733e+11
2.269883397451579299e+00 2.529626814227646790e+11
2.278962931041386142e+00 2.489610698697413635e+11
2.288078782765551100e+00 2.452752834606074219e+11
2.297231097896613505e+00 2.089896389650955505e+11
2.306420022288200311e+00 2.171457382051184692e+11
2.315645702377353121e+00 2.167936475434967651e+11
2.324908285186861878e+00 1.992272409446759338e+11
2.334207918327609654e+00 2.030962884562904663e+11
2.343544750000919663e+00 2.042992427642738037e+11
2.352918929000923143e+00 2.009678847330622864e+11
2.362330604716927240e+00 1.977444397552313843e+11
2.371779927135795329e+00 1.979399716182998657e+11
2.381267046844337987e+00 1.935495202910801697e+11
2.390792115031715070e+00 1.902584458009567566e+11
2.400355283491842240e+00 1.904585618080536194e+11
2.409956704625809465e+00 1.838814156662355347e+11
2.419596531444312859e+00 1.816125480381777039e+11
2.429274917570089620e+00 1.785715614817976074e+11
2.438992017240370291e+00 1.733382782286791382e+11
2.448747985309331465e+00 1.644345667489710693e+11
2.458542977250568917e+00 1.627951533720359497e+11
2.468377149159570738e+00 1.594492513834458923e+11
2.478250657756209563e+00 1.443297579953742371e+11
2.488163660387234355e+00 1.456945770812783203e+11
2.498116315028783063e+00 1.451744713242773743e+11
2.508108780288898387e+00 1.286060652053812408e+11
2.518141215410053757e+00 1.300252057751716919e+11
2.528213780271693967e+00 1.206954122152504425e+11
2.538326635392781139e+00 1.195237649499047852e+11
2.548479941934351789e+00 1.171390632497546539e+11
2.558673861702089436e+00 1.200597236277242432e+11
2.568908557148898097e+00 1.223838068872590790e+11
2.579184191377493551e+00 1.177528512761230621e+11
2.589500928143003478e+00 1.228291270314651489e+11
2.599858931855575594e+00 1.267767672136804352e+11
2.610258367582998229e+00 1.365905879599032745e+11
2.620699401053329769e+00 1.338011025749282379e+11
2.631182198657543214e+00 1.334706387727205505e+11
2.641706927452173392e+00 1.406096422731150208e+11
2.652273755161981938e+00 1.443198920487094116e+11
2.662882850182629824e+00 1.413423893931667175e+11
2.673534381583360542e+00 1.177508999466774750e+11
2.684228519109693956e+00 1.119934037319117584e+11
2.694965433186132575e+00 1.075672122236712952e+11
2.705745294918877164e+00 1.068392848937077942e+11
2.716568276098552559e+00 1.046156170540745850e+11
2.727434549202946812e+00 1.077340263483456726e+11
2.738344287399758326e+00 1.044085851363548126e+11
2.749297664549357201e+00 1.136076379820086670e+11
2.760294855207554576e+00 1.094199677126102600e+11
2.771336034628385292e+00 1.052040029121241302e+11
2.782421378766898545e+00 9.934882164518688965e+10
2.793551064281966312e+00 1.126946176624929504e+11
2.804725268539093985e+00 9.704280284291816711e+10
2.815944169613250558e+00 9.960735670438589478e+10
2.827207946291703244e+00 1.130744286184381409e+11
2.838516778076869862e+00 9.678019698054568481e+10
2.849870845189177437e+00 9.848325579732109070e+10
2.861270328569933685e+00 1.063312479206614075e+11
2.872715409884213589e+00 9.870174974345610046e+10
2.884206271523750420e+00 1.008025096528197784e+11
2.895743096609845413e+00 1.021681296675877533e+11
2.907326068996284985e+00 9.805282460506675720e+10
2.918955373272270393e+00 1.019896831823145294e+11
2.930631194765359826e+00 1.014932912664637299e+11
2.942353719544420709e+00 9.882640347039456177e+10
2.954123134422598440e+00 1.008955689799288483e+11
2.965939626960289122e+00 9.852593761863606262e+10
2.977803385468130504e+00 1.032559170273851166e+11
2.989714599010003138e+00 1.018310596952153015e+11
3.001673457406043077e+00 1.023766097404383240e+11
3.013680151235667015e+00 1.069325860754158936e+11
3.025734871840609408e+00 9.774672678756262207e+10
3.037837811327972037e+00 1.091912952025208282e+11
3.049989162573283785e+00 9.886165371764845276e+10
3.062189119223576395e+00 1.055513059191473389e+11
3.074437875700470890e+00 1.007783962664363708e+11
3.086735627203272880e+00 9.836716955223417664e+10
3.099082569712085622e+00 1.016489013122668762e+11
3.111478899990933744e+00 9.478847474300280762e+10
3.123924815590897186e+00 9.841813252428991699e+10
3.136420514853261121e+00 9.381512658128880310e+10
3.148966196912674320e+00 9.303073283236001587e+10
3.161562061700325277e+00 9.190642801869567871e+10
3.174208309947126327e+00 8.997603060885960388e+10
3.186905143186915090e+00 9.399514394346612549e+10
3.199652763759662566e+00 8.774535482966979980e+10
3.212451374814701222e+00 9.738969372380310059e+10
3.225301180313960625e+00 9.679569424270576477e+10
3.238202385035215958e+00 9.806676971482730103e+10
3.251155194575356955e+00 1.039296097247689667e+11
3.264159815353658622e+00 1.051260387685558624e+11
3.277216454615073271e+00 1.059619899110954590e+11
3.290325320433533207e+00 1.084739340860777893e+11
3.303486621715267635e+00 1.047141904256607971e+11
3.316700568202128441e+00 7.812021069576951599e+10
3.329967370474937294e+00 5.782902237644660950e+10
3.343287239956836743e+00 6.323758243332160950e+10
3.356660388916663962e+00 7.959502822104045105e+10
3.370087030472330714e+00 9.596307282141232300e+10
3.383567378594220187e+00 1.002001232808578949e+11
3.397101648108596716e+00 1.025916366044659882e+11
3.410690054701031482e+00 1.000931368726171112e+11
3.424332814919834878e+00 9.870376063892152405e+10
3.438030146179514634e+00 9.684926813868933105e+10
3.451782266764232610e+00 9.639117987218824768e+10
3.465589395831289998e+00 9.870147631189152527e+10
3.479451753414614767e+00 9.826878745519075012e+10
3.493369560428273068e+00 9.582657326584605408e+10
3.507343038669985980e+00 1.001284841942909851e+11
3.521372410824665788e+00 9.774058248733399963e+10
3.535457900467964709e+00 9.815901663911195374e+10
3.549599732069836477e+00 9.786587445976435852e+10
3.563798130998116154e+00 9.774589478610981750e+10
3.578053323522108364e+00 9.885057845909098816e+10
3.592365536816196858e+00 1.015421563082890930e+11
3.606734998963461614e+00 1.016024473847106934e+11
3.621161938959315041e+00 1.021628733539429779e+11
3.635646586715152839e+00 1.031571974682065277e+11
3.650189173062013293e+00 1.036582503851684875e+11
3.664789929754260545e+00 1.038244754039691010e+11
3.679449089473277645e+00 1.036323883409673767e+11
3.694166885831170699e+00 1.040889064867966614e+11
3.708943553374495661e+00 1.046249439140375977e+11
3.723779327587993571e+00 1.047001537852268982e+11
3.738674444898345328e+00 1.023799275342488403e+11
3.753629142677938901e+00 1.038074703043211517e+11
3.768643659248651190e+00 1.023219141788030243e+11
3.783718233885645432e+00 1.022107643056649017e+11
3.798853106821188153e+00 1.013483887970391693e+11
3.814048519248473657e+00 1.001574440132711945e+11
3.829304713325467180e+00 9.855205267313101196e+10
3.844621932178768908e+00 9.860301818470640564e+10
3.860000419907484215e+00 9.784632502807136536e+10
3.875440421587113882e+00 9.657214623790089417e+10
3.890942183273462529e+00 9.519382745950932312e+10
3.906505952006555926e+00 9.427953411861863708e+10
3.922131975814582727e+00 9.334746985856379700e+10
3.937820503717840648e+00 9.184662959217778015e+10
3.953571785732711508e+00 9.044446993416850281e+10
3.969386072875642490e+00 8.882386840432914734e+10
3.985263617167145167e+00 8.692293875342897034e+10
4.001204671635814059e+00 8.427051103789646912e+10
4.017209490322357190e+00 8.265615497117576599e+10
4.033278328283646630e+00 8.104529047201463318e+10
4.049411441596781458e+00 7.762836667634544373e+10
4.065609087363168506e+00 7.708818224640664673e+10
4.081871523712622185e+00 7.259505924940840149e+10
4.098199009807472315e+00 7.287827799174809265e+10
4.114591805846702144e+00 7.198177921204618835e+10
4.131050173070089038e+00 6.883862581489894104e+10
4.147574373762369149e+00 6.996862920750616455e+10
4.164164671257418959e+00 6.635528992232398987e+10
4.180821329942449260e+00 6.622345087446237946e+10
4.197544615262219558e+00 6.632069887623639679e+10
4.214334793723269357e+00 6.335841471107600403e+10
4.231192132898162761e+00 6.530945482264208221e+10
4.248116901429755288e+00 6.043174755087803650e+10
4.265109369035473996e+00 6.143539086251516724e+10
4.282169806511615384e+00 6.070410126336846161e+10
4.299298485737661935e+00 5.563292865570454407e+10
4.316495679680612874e+00 5.097869604732023621e+10
4.333761662399335357e+00 4.758830278009053040e+10
4.351096709048932532e+00 4.496175132394391632e+10
4.368501095885127583e+00 4.143586308365367126e+10
4.385975100268668214e+00 3.812762596748532867e+10
4.403519000669743555e+00 3.575842960165139771e+10
4.421133076672422391e+00 3.431809219259661484e+10
4.438817608979111817e+00 3.156800982589173126e+10
4.456572879415028332e+00 3.007869962084639740e+10
4.474399170932688463e+00 2.812437739547173309e+10
4.492296767616419828e+00 2.780391790596364594e+10
4.510265954686884626e+00 2.683808637363640213e+10
4.528307018505633330e+00 2.633141492920203400e+10
4.546420246579655711e+00 2.596342293303771973e+10
4.564605927565974497e+00 2.445825967863864517e+10
4.582864351276237258e+00 2.541635544721753693e+10
4.601195808681342925e+00 2.617724621227127075e+10
4.619600591916067422e+00 2.594977128545145035e+10
4.638078994283731937e+00 2.570386969636579132e+10
4.656631310260867629e+00 2.867415571074426270e+10
4.675257835501911430e+00 2.758899343265280151e+10
4.693958866843916944e+00 2.769433930537995911e+10
4.712734702311292878e+00 2.707482931278669357e+10
4.731585641120538810e+00 2.711278230368593979e+10
4.750511983685020923e+00 2.508157932015060806e+10
4.769514031619761063e+00 2.490748276007459259e+10
4.788592087746240011e+00 2.475565961586697388e+10
4.807746456097224730e+00 2.514155202866563034e+10
4.826977441921613377e+00 2.515188809351926041e+10
4.846285351689299858e+00 2.433420995837930679e+10
4.865670493096057925e+00 2.467093851481127548e+10
4.885133175068442135e+00 2.364106649346885300e+10
4.904673707768715474e+00 2.367268636931993484e+10
4.924292402599791174e+00 2.233968712990604401e+10
4.943989572210189642e+00 2.330881863982347107e+10
4.963765530499030021e+00 2.195958216682515335e+10
4.983620592621027079e+00 2.435498185035874939e+10
5.003555074991511198e+00 2.267650048129025269e+10
5.023569295291476777e+00 2.137225389533695221e+10
5.043663572472643075e+00 2.349247634239261627e+10
5.063838226762532813e+00 2.354936855158570099e+10
5.084093579669583640e+00 2.260008390033698273e+10
5.104429953988261381e+00 2.350798726402478790e+10
5.124847673804215020e+00 2.302230094836643600e+10
5.145347064499431688e+00 2.263918443598032761e+10
5.165928452757428957e+00 2.141912609746047974e+10
5.186592166568458673e+00 2.356917801662229919e+10
5.207338535234733001e+00 2.108580219656019974e+10
5.228167889375671784e+00 2.264991568565135193e+10
5.249080560933174766e+00 2.159883477734477234e+10
5.270076883176907145e+00 2.179109037243630219e+10
5.291157190709615321e+00 2.150223172011389542e+10
5.312321819472453299e+00 2.246916778814597321e+10
5.333571106750343738e+00 2.241606652688322067e+10
5.354905391177344320e+00 2.127091994012258911e+10
5.376325012742054099e+00 2.133554933921823502e+10
5.397830312793021612e+00 2.145476806784202957e+10
5.419421634044193858e+00 1.883605024327572632e+10
5.441099320580370602e+00 2.147833124714235306e+10
5.462863717862692425e+00 2.021062701137836075e+10
5.484715172734142996e+00 2.045206210611930084e+10
5.506654033425078865e+00 2.015524113165444565e+10
5.528680649558780580e+00 1.890596053989933395e+10
5.550795372157015350e+00 1.867047969542588425e+10
5.572998553645643227e+00 1.819925271779668808e+10
5.595290547860225949e+00 1.952907397670619583e+10
5.617671710051667766e+00 1.845600987351011276e+10
5.640142396891874021e+00 1.903269319493016434e+10
5.662702966479441713e+00 1.817415176771768951e+10
5.685353778345359821e+00 1.704988765712051201e+10
5.708095193458740724e+00 1.726831678176639175e+10
5.730927574232576482e+00 1.648550657373646164e+10
5.753851284529505783e+00 1.767383504329910278e+10
5.776866689667624399e+00 1.612791405749455833e+10
5.799974156426294769e+00 1.737866960725965118e+10
5.823174053051999977e+00 1.530593699694527817e+10
5.846466749264207508e+00 1.610612119435931396e+10
5.869852616261264977e+00 1.573725983886654472e+10
5.893332026726310069e+00 1.544714306056777000e+10
5.916905354833215114e+00 1.657854108261166954e+10
5.940572976252548543e+00 1.481341573190142059e+10
5.964335268157558545e+00 1.584605993049027443e+10
5.988192609230189589e+00 1.593581092217640495e+10
6.012145379667110490e+00 1.616988518291676140e+10
6.036193961185778889e+00 1.484229458818072128e+10
6.060338737030522616e+00 1.480024077328947067e+10
6.084580091978644134e+00 1.604725054639358330e+10
6.108918412346558746e+00 1.484744474024524498e+10
6.133354085995945226e+00 1.703035464760491943e+10
6.157887502339929320e+00 1.509518045905879784e+10
6.182519052349287669e+00 1.495155085619570351e+10
6.207249128558685491e+00 1.524935040652477837e+10
6.232078125072920471e+00 1.534044624667125130e+10
6.257006437573212843e+00 1.504191921988443375e+10
6.282034463323505236e+00 1.527147680476208305e+10
6.307162601176800720e+00 1.485058328538911057e+10
6.332391251581507063e+00 1.491434628403980446e+10
6.357720816587833390e+00 1.455563188965968323e+10
6.383151699854184180e+00 1.357876615927059746e+10
6.408684306653601226e+00 1.226408979579568100e+10
6.434319043880215361e+00 1.284148160413829041e+10
6.460056320055736379e+00 1.135520765111542320e+10
6.485896545335958052e+00 9.988863910038721085e+09
6.511840131517302233e+00 1.019776026567590714e+10
6.537887492043371829e+00 1.029219553941348839e+10
6.564039042011545533e+00 9.473084061616680145e+09
6.590295198179591196e+00 8.977025139299633026e+09
6.616656378972309405e+00 9.037780932054553986e+09
6.643123004488199257e+00 9.029754413777206421e+09
6.669695496506150789e+00 9.153575917408344269e+09
6.696374278492176479e+00 9.174359510919357300e+09
6.723159775606144528e+00 8.748762262062276840e+09
6.750052414708568094e+00 9.383403581287471771e+09
6.777052624367403411e+00 8.589356521388477325e+09
6.804160834864871887e+00 8.428458755844943047e+09
6.831377478204331055e+00 7.996485673973990440e+09
6.858702988117148180e+00 8.276822382157640457e+09
6.886137800069615622e+00 8.759936506016332626e+09
6.913682351269895499e+00 8.572112245953201294e+09
6.941337080674975013e+00 8.517023369901636124e+09
6.969102428997675069e+00 8.282110569006487846e+09
6.996978838713665994e+00 8.479407417219388008e+09
7.024966754068519670e+00 7.944541085000288010e+09
7.053066621084793653e+00 7.720500667355017662e+09
7.081278887569133929e+00 7.735863768293447495e+09
7.109604003119409654e+00 7.485895961771323204e+09
7.138042419131887861e+00 7.712201809796893120e+09
7.166594588808414379e+00 7.491714617852745056e+09
7.195260967163648047e+00 7.425692292538447380e+09
7.224042011032302923e+00 7.112420665581977844e+09
7.252938179076432235e+00 6.981938115630724907e+09
7.281949931792737196e+00 6.895513877714966774e+09
7.311077731519908696e+00 7.134026320180872917e+09
7.340322042445988515e+00 6.466712090677031517e+09
7.369683330615771411e+00 6.464392644416687012e+09
7.399162063938235612e+00 6.717516643732765198e+09
7.428758712193988423e+00 6.325334221794378281e+09
7.458473747042765112e+00 6.302704764909324646e+09
7.488307642030935796e+00 6.398090691592983246e+09
7.518260872599060285e+00 6.574300086568226814e+09
7.548333916089456253e+00 6.414567878951637268e+09
7.578527251753813587e+00 6.130650455463135719e+09
7.608841360760829176e+00 5.900813690817176819e+09
7.639276726203872769e+00 6.491029598063663483e+09
7.669833833108687493e+00 5.815301209090861320e+09
7.700513168441122325e+00 5.628650227394943237e+09
7.731315221114887670e+00 5.326044394477372169e+09
7.762240481999347352e+00 5.200823841618504524e+09
7.793289443927344351e+00 5.251399466588847160e+09
7.824462601703054077e+00 5.335162903933390617e+09
7.855760452109866065e+00 5.281366876705603600e+09
7.887183493918306532e+00 4.913730589826731682e+09
7.918732227893980458e+00 5.190975702321172714e+09
7.950407156805555431e+00 5.169135040608806610e+09
7.982208785432777454e+00 5.064484296865493774e+09
8.014137620574508958e+00 5.048836211354866982e+09
8.046194171056805899e+00 4.811823415391497612e+09
8.078378947741034821e+00 5.033808726734961510e+09
8.110692463531997021e+00 4.871586593415202141e+09
8.143135233386125549e+00 4.888311337376864433e+09
8.175707774319670662e+00 4.739168980670233727e+09
8.208410605416949224e+00 4.690663481634322166e+09
8.241244247838615422e+00 4.752451534315404892e+09
8.274209224829968790e+00 4.639356089746898651e+09
8.307306061729288871e+00 4.685270322885767937e+09
8.340535285976207192e+00 4.452380794302133560e+09
8.373897427120111203e+00 4.418729941081883430e+09
8.407393016828594412e+00 4.731440538599506378e+09
8.441022588895906509e+00 4.415278311232955933e+09
8.474786679251490540e+00 4.538832429770374298e+09
8.508685825968495209e+00 4.366823914856319427e+09
8.542720569272368891e+00 4.445597631759611130e+09
8.576891451549458978e+00 4.421352798505552292e+09
8.611199017355655627e+00 4.487243874117012978e+09
8.645643813425078150e+00 4.396026122528241158e+09
8.680226388678779159e+00 4.375379078547278404e+09
8.714947294233493125e+00 4.371170696103083611e+09
8.749807083410427566e+00 4.233955421732163429e+09
8.784806311744070229e+00 4.357192072198832512e+09
8.819945536991047774e+00 4.217789582544633389e+09
8.855225319139009343e+00 4.245885600015994072e+09
8.890646220415566958e+00 4.368056866619589806e+09
8.926208805297228821e+00 4.280256553163719177e+09
8.961913640518417878e+00 4.111266082463522911e+09
8.997761295080492161e+00 4.183906498301278114e+09
9.033752340260813085e+00 4.104510030670863152e+09
9.069887349621856387e+00 4.153804522947263241e+09
9.106166899020346150e+00 4.034309497175972939e+09
9.142591566616424359e+00 4.102037564084778309e+09
9.179161932882891506e+00 4.049697620663399220e+09
9.215878580614422333e+00 4.048254292494637966e+09
9.252742094936881045e+00 3.916040100542183399e+09
9.289753063316627646e+00 3.915454679514812469e+09
9.326912075569895322e+00 3.936071213624536514e+09
9.364219723872173162e+00 4.004332802158569813e+09
9.401676602767663482e+00 3.729948660684754372e+09
9.439283309178733816e+00 3.631268453715970516e+09
9.477040442415447075e+00 3.687501154660791397e+09
9.514948604185111236e+00 3.694580063833379269e+09
9.553008398601852136e+00 3.846656143523755074e+09
9.591220432196260859e+00 3.584815817808225155e+09
9.629585313925044687e+00 3.583106242289256096e+09
9.668103655180747324e+00 3.568634134985727310e+09
9.706776069801470896e+00 3.566292923577708244e+09
9.745603174080676112e+00 3.587691848051466465e+09
9.784585586776998412e+00 3.643884658740818501e+09
9.823723929124106746e+00 3.343721974016821384e+09
9.863018824840601440e+00 3.427627187368119717e+09
9.902470900139965337e+00 2.891974362619430542e+09
9.942080783740523842e+00 3.329849464760278702e+09
9.981849106875488431e+00 3.246421066125019073e+09
1.002177650330298952e+01 3.252133498293801308e+09
1.006186360931619994e+01 3.143647339038484573e+09
1.010211106375346723e+01 2.992603725884582996e+09
1.014251950800847979e+01 3.168834664151312828e+09
1.018308958604051284e+01 3.082619716395533085e+09
1.022382194438467451e+01 2.995736088873878479e+09
1.026471723216221399e+01 2.885481128035401344e+09
1.030577610109086173e+01 2.869608610427195072e+09
1.034699920549522467e+01 2.750573898462643623e+09
1.038838720231720458e+01 2.622260595085319042e+09
1.042994075112647501e+01 2.583238462620373249e+09
1.047166051413097954e+01 2.540152942985922337e+09
1.051354715618750468e+01 2.676127066044805050e+09
1.055560134481225454e+01 2.579926405029371738e+09
1.059782375019150358e+01 2.489104952755655766e+09
1.064021504519226902e+01 2.538196833290336609e+09
1.068277590537303823e+01 2.561925307419118881e+09
1.072550700899452991e+01 2.440776882711044312e+09
1.076840903703050856e+01 2.378150388705023766e+09
1.081148267317863088e+01 2.442642283031763077e+09
1.085472860387134553e+01 2.434910535700551510e+09
1.089814751828683015e+01 2.184740464721899033e+09
1.094174010835997635e+01 2.257332941660943031e+09
1.098550706879341909e+01 1.995078212128808022e+09
1.102944909706859100e+01 2.045941437805480957e+09
1.107356689345686540e+01 2.075761526936185360e+09
1.111786116103069233e+01 2.118924200674204826e+09
1.116233260567481622e+01 2.025146121711465836e+09
1.120698193609751492e+01 2.017583894678755760e+09
1.125180986384190440e+01 1.970955725183214188e+09
1.129681710329727373e+01 1.953943836262178659e+09
1.134200437171046083e+01 1.905959741935362816e+09
1.138737238919730466e+01 1.972980774795248747e+09
1.143292187875409383e+01 1.887282959709809065e+09
1.147865356626910938e+01 1.840576829274296999e+09
1.152456818053418530e+01 1.796409733464599133e+09
1.157066645325632237e+01 1.698296663645588636e+09
1.161694911906934635e+01 1.674497155633902073e+09
1.166341691554562487e+01 1.745551290096710682e+09
1.171007058320780736e+01 1.606444510528526306e+09
1.175691086554063958e+01 1.477240852668135643e+09
1.180393850900279951e+01 1.594377965438602924e+09
1.185115426303881137e+01 1.551790002990428448e+09
1.189855888009096674e+01 1.542578756093883753e+09
1.194615311561133097e+01 1.543079522284957886e+09
1.199393772807377623e+01 1.519019594486436367e+09
1.204191347898607134e+01 1.514514597783626795e+09
1.209008113290201614e+01 1.375780091644671440e+09
1.213844145743362368e+01 1.388348265129272699e+09
1.218699522326335938e+01 1.473442028312842131e+09
1.223574320415641381e+01 1.353297420669078350e+09
1.228468617697303777e+01 1.367812460757263899e+09
1.233382492168093059e+01 1.325104352626884222e+09
1.238316022136765504e+01 1.276709303591240406e+09
1.243269286225312520e+01 1.173038256125827312e+09
1.248242363370213859e+01 1.283264491544151306e+09
1.253235332823694748e+01 1.157521819718909740e+09
1.258248274154989410e+01 1.198582482431277514e+09
1.263281267251609385e+01 1.181149889449473143e+09
1.268334392320615756e+01 1.186022963464808226e+09
1.273407729889898299e+01 1.193835819607223511e+09
1.278501360809457665e+01 1.093675958817888498e+09
1.283615366252695544e+01 1.072391239144740939e+09
1.288749827717706253e+01 1.168417983711694479e+09
1.293904827028577031e+01 1.044685143135945201e+09
1.299080446336691352e+01 1.079697762498404980e+09
1.304276768122038099e+01 1.002082203991227150e+09
1.309493875194526424e+01 1.039498208318966389e+09
1.314731850695304693e+01 9.865913866867399216e+08
1.319990778098085649e+01 1.023946707374256372e+09
1.325270741210477965e+01 9.102202320715898275e+08
1.330571824175319939e+01 8.910722286538357735e+08
1.335894111472021173e+01 9.455376552608101368e+08
1.341237687917909227e+01 9.308622771392799616e+08
1.346602638669580898e+01 8.492829133970791101e+08
1.351989049224258999e+01 9.090593676502147913e+08
1.357397005421156067e+01 8.716926689538911581e+08
1.362826593442840917e+01 8.609436767677757740e+08
1.368277899816612297e+01 8.500660118846534491e+08
1.373751011415878942e+01 7.932602377349336147e+08
1.379246015461542463e+01 8.491818087697224617e+08
1.384762999523388416e+01 7.477959307165497541e+08
1.390302051521481808e+01 8.257456362028127909e+08
1.395863259727567751e+01 8.052574495056909323e+08
1.401446712766477987e+01 7.327652515886558294e+08
1.407052499617543972e+01 8.224708733519430161e+08
1.412680709616014063e+01 7.291821013996535540e+08
1.418331432454478147e+01 6.819242195194736719e+08
1.424004758184296193e+01 7.021159302268556356e+08
1.429700777217033369e+01 7.514106721460083723e+08
1.435419580325901379e+01 6.703251182237823009e+08
1.441161258647204946e+01 6.600122729890421629e+08
1.446925903681793812e+01 6.365132453578499556e+08
1.452713607296521126e+01 6.483025683916023970e+08
1.458524461725707155e+01 6.530867771542210579e+08
1.464358559572609764e+01 6.261825143131723404e+08
1.470215993810900557e+01 6.238196251454119682e+08
1.476096857786143879e+01 6.682557387729648352e+08
1.482001245217288599e+01 5.956802054106625319e+08
1.487929250198157760e+01 5.603913538385342360e+08
1.493880967198950316e+01 5.936555297476142645e+08
1.499856491067746056e+01 5.710689150776383877e+08
1.505855917032016933e+01 5.692133561375175714e+08
1.511879340700144958e+01 5.543330599666652679e+08
1.517926858062945605e+01 5.392965392443256378e+08
1.523998565495197433e+01 5.727412098741923571e+08
1.530094559757178274e+01 5.619340742235728502e+08
1.536214937996206764e+01 5.241685653330712914e+08
1.542359797748191674e+01 5.016770580162702203e+08
1.548529236939184450e+01 5.091976832341046929e+08
1.554723353886941339e+01 4.740576755759007335e+08
1.560942247302489072e+01 4.909944461900331378e+08
1.567186016291699069e+01 4.996439613665213585e+08
1.573454760356865556e+01 4.496936117738913298e+08
1.579748579398293096e+01 4.728865859858351946e+08
1.586067573715886247e+01 4.628107850483332276e+08
1.592411844010749888e+01 4.967130213466460109e+08
1.598781491386792730e+01 4.102928048506250381e+08
1.605176617352340074e+01 4.396781131341412067e+08
1.611597323821749228e+01 4.173680487054252028e+08
1.618043713117036120e+01 4.512730106970444322e+08
1.624515887969504391e+01 3.918063527865642309e+08
1.631013951521382310e+01 4.215551361167041063e+08
1.637538007327468037e+01 4.229368434235500693e+08
1.644088159356778078e+01 3.989163878469786048e+08
1.650664511994205341e+01 3.852564639637690187e+08
1.657267170042182158e+01 3.856074658191841245e+08
1.663896238722350418e+01 3.470138741142790914e+08
1.670551823677240222e+01 3.785046543564797640e+08
1.677234030971949608e+01 4.015241252880325317e+08
1.683942967095837062e+01 3.785776260618954301e+08
1.690678738964220429e+01 3.550590260150070190e+08
1.697441453920077237e+01 3.488157044536967874e+08
1.704231219735757108e+01 3.859614209105418921e+08
1.711048144614700561e+01 3.121864718033277988e+08
1.717892337193159236e+01 3.511654756252792478e+08
1.724763906541932101e+01 3.223727003344390392e+08
1.731662962168099895e+01 3.198409904109029174e+08
1.738589614016772344e+01 2.926164606377309561e+08
1.745543972472839300e+01 3.279467465806418657e+08
1.752526148362730751e+01 3.174771892409563661e+08
1.759536252956181812e+01 3.032764638758156896e+08
1.766574397968006238e+01 2.947675911708634496e+08
1.773640695559878466e+01 2.930406927518892884e+08
1.780735258342117433e+01 2.883218099435008168e+08
1.787858199375486024e+01 3.067518882678065300e+08
1.795009632172988034e+01 2.708543727900965214e+08
1.802189670701679702e+01 2.971689040500082374e+08
1.809398429384486562e+01 2.808581351683555841e+08
1.816636023102024211e+01 2.474340380776790380e+08
1.823902567194432578e+01 2.756627367748816013e+08
1.831198177463210186e+01 2.793078311701352000e+08
1.838522970173062987e+01 2.594961071889033020e+08
1.845877062053754969e+01 2.528238981192530990e+08
1.853260570301970134e+01 2.331660578317502141e+08
1.860673612583178027e+01 2.237271261268697977e+08
1.868116307033510637e+01 2.422125180580195189e+08
1.875588772261644976e+01 2.326339750097668469e+08
1.883091127350691352e+01 2.566267722858075500e+08
1.890623491860094063e+01 2.334741133890118897e+08
1.898185985827534594e+01 2.175772928423671126e+08
1.905778729770844748e+01 2.394743928971437812e+08
1.913401844689928311e+01 2.333777436969580948e+08
1.921055452068688041e+01 2.088191941462842226e+08
1.928739673876962968e+01 2.084481000010860860e+08
1.936454632572470658e+01 2.166389179528916180e+08
1.944200451102760141e+01 1.839240704729995728e+08
1.951977252907171589e+01 2.191583108247231543e+08
1.959785161918800256e+01 1.928456652786845863e+08
1.967624302566475691e+01 1.953837704633494318e+08
1.991079942767366973e+01 1.910210523783372939e+08
