# Wavelength (micrometer), Flux (W / m2 / m)
1.000553076518779783e-01 1.005170452755883057e+12
1.004555288824854897e-01 1.650171094796029345e-06
1.008573509980154326e-01 3.113069964966344093e-06
1.012607804020075053e-01 2.717553988603849357e-06
1.016658235236155422e-01 6.009296796939019906e-06
1.020724868177099870e-01 5.227910711634992363e-04
1.024807767649808382e-01 7.469259500043474141e-05
1.028906998720407612e-01 1.078250623032715424e-05
1.033022626715289355e-01 5.478606147580978919e-04
1.037154717222150413e-01 1.525275900114700821e-05
1.041303336091038839e-01 1.008176704825101703e-05
1.045468549435403099e-01 6.214918910423841670e-05
1.049650423633144702e-01 5.646440751103212626e-06
1.053849025327677214e-01 1.043452032886047317e-04
1.058064421428987906e-01 1.000521209369045814e-05
1.062296679114703990e-01 1.128173254652246502e-04
1.066545865831162732e-01 1.143619093255736726e-04
1.070812049294487533e-01 3.600249147481886214e-05
1.075095297491665408e-01 8.085966677108671419e-04
1.079395678681632220e-01 3.830388914174538099e-05
1.083713261396358624e-01 4.976790392300537791e-04
1.088048114441943909e-01 2.329851829084788424e-04
1.092400306899711654e-01 2.185614431551041389e-02
1.096769908127310511e-01 3.620061820904210866e-04
1.101156987759819850e-01 4.944665429201640589e-04
1.105561615710859147e-01 1.062750930566143219e-02
1.109983862173702651e-01 3.099786688420520450e-03
1.114423797622397516e-01 1.002134624088084174e-03
1.118881492812886930e-01 3.745123775815877628e-04
1.123357018784138517e-01 1.442148393512279487e-03
1.127850446859275102e-01 2.268893161888384247e-01
1.132361848646712132e-01 2.442610364385909283e-01
1.136891296041298988e-01 1.159082944507751622e-01
1.141438861225464035e-01 9.969608324446009584e-02
1.146004616670366072e-01 6.496131178888127355e-02
1.150588635137047705e-01 7.157657477433558568e-02
1.155190989677595953e-01 4.066819182965063922e-02
1.159811753636306314e-01 1.046499858271476707e-01
1.164451000650851553e-01 2.737100801725474847e-02
1.169108804653455069e-01 3.035648358266307065e-02
1.173785239872068981e-01 1.433788707536289841e-01
1.178480380831557206e-01 5.202980084429398300e-01
1.183194302354883543e-01 2.352074004911514082e-01
1.187927079564302935e-01 1.138513218669938015e-01
1.192678787882560099e-01 2.281103714055439935e-01
1.197449503034090645e-01 3.785522472967087215e-01
1.202239301046226783e-01 4.365376542780936842e-02
1.207048258250411760e-01 2.244928593709278608e-01
1.211876451283413342e-01 1.081663789682208165e-01
1.216723957088547137e-01 7.330043903410563000e-02
1.221590852916901310e-01 1.220685297127044600e-01
1.226477216328568792e-01 1.591209317075288343e-01
1.231383125193883099e-01 1.009241342633255267e-01
1.236308657694658586e-01 9.657739960057834527e-02
1.241253892325437369e-01 5.949240900694269252e-02
1.246218907894739159e-01 7.727025560972168583e-02
1.251203783526317892e-01 8.115879958959845708e-02
1.256208598660423226e-01 1.364018712047304627e-01
1.261233433055065078e-01 1.894805830397253421e-01
1.266278366787285392e-01 3.760614181097080705e-02
1.271343480254434610e-01 1.517536320036724506e-01
1.276428854175452321e-01 1.961832363653925604e-01
1.281534569592154005e-01 6.070838394602822569e-02
1.286660707870522780e-01 1.110979392627727963e-01
1.291807350702004475e-01 2.406094652563985359e-01
1.296974580104812425e-01 1.798590470732895075e-01
1.302162478425231973e-01 1.493430332784312087e-01
1.307371128338932764e-01 3.218679347791024714e-01
1.312600612852288795e-01 3.102406979478458116e-01
1.317851015303697915e-01 3.667703437945564193e-01
1.323122419364912705e-01 8.239374518375128797e-01
1.328414909042372472e-01 7.738433966680128284e-01
1.333728568678542170e-01 6.358974268296168075e-01
1.339063482953256612e-01 3.459815999519449958e-01
1.344419736885069383e-01 7.030388765587703981e-01
1.349797415832609815e-01 1.150124819980540058e+00
1.355196605495940232e-01 1.182191462938243509e+00
1.360617391917924301e-01 1.572841251294009091e+00
1.366059861485595939e-01 9.177716082358934324e-01
1.371524100931538481e-01 6.412367452235574472e-01
1.377010197335264696e-01 1.064977143100571899e+00
1.382518238124605670e-01 3.428619512263860525e+00
1.388048311077104136e-01 2.450491571839564120e+00
1.393600504321412248e-01 1.453228893328902593e+00
1.399174906338697677e-01 1.341165579388557738e+00
1.404771605964052761e-01 3.972345113595741495e+00
1.410390692387908651e-01 2.493711821959662789e+00
1.416032255157460562e-01 7.572936385245195190e+00
1.421696384178090522e-01 1.817387662473666010e+00
1.427383169714803168e-01 4.476130175862174099e+00
1.433092702393662099e-01 3.486359141684310003e+01
1.438825073203236771e-01 1.026655560449325222e+01
1.444580373496049674e-01 2.652627249692540445e+01
1.450358694990033503e-01 1.088535189837072892e+01
1.456160129769993872e-01 4.219763017106586034e+01
1.461984770289073976e-01 7.418905733612548659e+01
1.467832709370230082e-01 2.221648414959578943e+01
1.473704040207710897e-01 4.686164874436155259e+01
1.479598856368541382e-01 1.093148190377784879e+01
1.485517251794015725e-01 3.873985446073083239e+01
1.491459320801191979e-01 7.106713457412926971e+01
1.497425158084396690e-01 3.783185106374071438e+01
1.503414858716734248e-01 2.166626017920384015e+02
1.509428518151600951e-01 6.566650396533655965e+01
1.515466232224207677e-01 3.273983761654607605e+01
1.521528097153104220e-01 1.525062968144216313e+02
1.527614209541716672e-01 4.868151653187842243e+01
1.533724666379883694e-01 4.427751130648677957e+01
1.539859565045403056e-01 6.101757624020297044e+01
1.546019003305584838e-01 2.976838585962338612e+01
1.552203079318807133e-01 4.259201563481819619e+01
1.558411891636082569e-01 4.658280271078280776e+01
1.564645539202626778e-01 4.730285740201744460e+01
1.570904121359437411e-01 5.847583612134965847e+01
1.577187737844875093e-01 6.532643241074251250e+01
1.583496488796254653e-01 7.554616079423985298e+01
1.589830474751439959e-01 9.157399465167327435e+01
1.596189796650445414e-01 8.749353457584675198e+01
1.602574555837047166e-01 9.775098580129638037e+01
1.608984854060395708e-01 1.178351320596507890e+02
1.615420793476636807e-01 1.365483355334211524e+02
1.621882476650543525e-01 1.581080727328732962e+02
1.628370006557145755e-01 1.758096447175441028e+02
1.634883486583374457e-01 2.006140737283350290e+02
1.641423020529707844e-01 2.240373265457952527e+02
1.647988712611826723e-01 2.557473249966333526e+02
1.654580667462274002e-01 2.600945422416923520e+02
1.661198990132123077e-01 3.216809224845926565e+02
1.667843786092651215e-01 3.669022726600967417e+02
1.674515161237022098e-01 4.182028484849363394e+02
1.681213221881969755e-01 4.967270214826033339e+02
1.687938074769497754e-01 5.355201299934170720e+02
1.694689827068575905e-01 6.718423858984248227e+02
1.701468586376850278e-01 7.185034223972047585e+02
1.708274460722357391e-01 8.245212479751054389e+02
1.715107558565246715e-01 9.544004643926224389e+02
1.721967988799507909e-01 1.042708567291189866e+03
1.728855860754705820e-01 1.247349454553800115e+03
1.735771284197724640e-01 1.325551278272900390e+03
1.742714369334515678e-01 1.497473349688603548e+03
1.749685226811853456e-01 1.869313796223594409e+03
1.756683967719100681e-01 1.881387677908445994e+03
1.763710703589977391e-01 2.393557776282562827e+03
1.770765546404337309e-01 2.721691464788011217e+03
1.777848608589954471e-01 2.708519558265856176e+03
1.784960003024314568e-01 3.527157727436982896e+03
1.792099843036411844e-01 3.686924421822275235e+03
1.799268242408557650e-01 4.122607793805086658e+03
1.806465315378191772e-01 5.261722508252382795e+03
1.813691176639704306e-01 4.837834595992263530e+03
1.820945941346263086e-01 6.040841593151565576e+03
1.828229725111648329e-01 7.776644821728456918e+03
1.835542644012094771e-01 6.707033037675359992e+03
1.842884814588143239e-01 8.618269999468544484e+03
1.850256353846495561e-01 1.131537677759072903e+04
1.857657379261881403e-01 9.893733458599479491e+03
1.865088008778928996e-01 1.381002123839076194e+04
1.872548360814044743e-01 1.457214742064259190e+04
1.880038554257300876e-01 1.410909106095518109e+04
1.887558708474330049e-01 1.922531737410472124e+04
1.895108943308226879e-01 1.968142853422064945e+04
1.902689379081460019e-01 2.038195308107200253e+04
1.910300136597785636e-01 2.874350706437890040e+04
1.917941337144176972e-01 2.815144463447169619e+04
1.925613102492753359e-01 3.124506175794798037e+04
1.933315554902724498e-01 4.162648724809058331e+04
1.941048817122335568e-01 4.125595104572383570e+04
1.948813012390824828e-01 4.498187544085711852e+04
1.956608264440388156e-01 6.319087372254303773e+04
1.964434697498149418e-01 5.571293139845435508e+04
1.972292436288141937e-01 6.635218999134351907e+04
1.980181606033294406e-01 8.669517813297490648e+04
1.988102332457427346e-01 8.261514181121099682e+04
1.996054741787257336e-01 8.777112400868504483e+04
2.004038960754406518e-01 1.021776095994355710e+05
2.012055116597424309e-01 1.130615896377981844e+05
2.020103337063813842e-01 1.247908287578312447e+05
2.028183750412069219e-01 1.403260906082360889e+05
2.036296485413717494e-01 1.416314574608073744e+05
2.044441671355372303e-01 1.507215325786910253e+05
2.052619438040793887e-01 1.730068944776329445e+05
2.060829915792957157e-01 1.826002125371982693e+05
2.069073235456129201e-01 1.955320998756808112e+05
2.077349528397953449e-01 2.155235353271899803e+05
2.085658926511545219e-01 2.387673144842804468e+05
2.094001562217591150e-01 2.549192971386642312e+05
2.102377568466461677e-01 2.768546526191892917e+05
2.110787078740327671e-01 2.912845023804581142e+05
2.119230227055288740e-01 3.249363330666639376e+05
2.127707147963510126e-01 3.562185875132655492e+05
2.136217976555363773e-01 3.913273657945768791e+05
2.144762848461585492e-01 4.022890076778520015e+05
2.153341899855431840e-01 4.514982742861422594e+05
2.161955267454853669e-01 5.022332366063665831e+05
2.170603088524672986e-01 5.516076848940971540e+05
2.179285500878772042e-01 5.695211115467624040e+05
2.188002642882286852e-01 6.215987797463885508e+05
2.196754653453815986e-01 7.113998985756639158e+05
2.205541672067631020e-01 7.574219926463901065e+05
2.214363838755901703e-01 8.731895330951493233e+05
2.223221294110925284e-01 8.500503139139942359e+05
2.232114179287369160e-01 1.101033875605355715e+06
2.241042636004518529e-01 1.107314426749387989e+06
2.250006806548536520e-01 1.403236129087710753e+06
2.259006833774730438e-01 1.278699428553057136e+06
2.268042861109829667e-01 1.504619521797657479e+06
2.277115032554268836e-01 1.737301493920472683e+06
2.286223492684485714e-01 1.927249500568386633e+06
2.295368386655223802e-01 2.460062250712851062e+06
2.304549860201844658e-01 1.907066799181109760e+06
2.313768059642651864e-01 2.585658311927020550e+06
2.323023131881222503e-01 2.776133550391151570e+06
2.332315224408747223e-01 3.369640005146631040e+06
2.341644485306381973e-01 3.643764889840960037e+06
2.351011063247607502e-01 2.984804328335981350e+06
2.360415107500598020e-01 4.187491770766479429e+06
2.369856767930600405e-01 3.563448060010781512e+06
2.379336195002322851e-01 4.975911102468477562e+06
2.388853539782332114e-01 5.107038801107797772e+06
2.398408953941461863e-01 7.081627229027437046e+06
2.408002589757227141e-01 8.173115936153575778e+06
2.417634600116256582e-01 5.951586083574394695e+06
2.427305138516721306e-01 1.025710757938586734e+07
2.437014359070788505e-01 1.002730478719270229e+07
2.446762416507071713e-01 1.647815862003723159e+07
2.456549466173099938e-01 1.212768435066153295e+07
2.466375664037792625e-01 1.453289357581844181e+07
2.476241166693943785e-01 1.832619619697520137e+07
2.486146131360719436e-01 1.064284849990253709e+07
2.496090715886161993e-01 1.757149218792267889e+07
2.506075078749706586e-01 1.657964379723267630e+07
2.516099379064705155e-01 2.073225236978422105e+07
2.526163776580964138e-01 3.286176680312651023e+07
2.536268431687287994e-01 6.831862416509617865e+07
2.546413505414037437e-01 8.748087168057288229e+07
2.556599159435693491e-01 4.520845423741744459e+07
2.566825556073435988e-01 3.713200807635611296e+07
2.577092858297729827e-01 4.300495564663017541e+07
2.587401229730920682e-01 3.648269037240969390e+07
2.597750834649844576e-01 5.138348442741962522e+07
2.608141837988444123e-01 5.327745164747860283e+07
2.618574405340398092e-01 9.097498876423791051e+07
2.629048702961759298e-01 1.680002962251541615e+08
2.639564897773606367e-01 1.696549449504603744e+08
2.650123157364701054e-01 1.659727147492865026e+08
2.660723649994159445e-01 1.451856208892939687e+08
2.671366544594135917e-01 1.454367329866656661e+08
2.682052010772512096e-01 1.798552952726604640e+08
2.692780218815602478e-01 1.420861893485335410e+08
2.703551339690865030e-01 2.288404765949420929e+08
2.714365545049627904e-01 2.178847857348902524e+08
2.725223007229827243e-01 2.233600355482361913e+08
2.736123899258746106e-01 2.719145682019393444e+08
2.747068394855781692e-01 3.707411470527604222e+08
2.758056668435204806e-01 4.189719589268522859e+08
2.769088895108945403e-01 7.489922625438797474e+08
2.780165250689380918e-01 6.439483782852636576e+08
2.791285911692138466e-01 8.543832941244637966e+08
2.802451055338907038e-01 8.033860474603486061e+08
2.813660859560263017e-01 7.859218024882270098e+08
2.824915502998503469e-01 7.547507392404503822e+08
2.836215165010497197e-01 7.732430769032081366e+08
2.847560025670539119e-01 3.585624382246349454e+08
2.858950265773221866e-01 5.889218109079927206e+08
2.870386066836315142e-01 1.130505793849653959e+09
2.881867611103660631e-01 1.798448158208099365e+09
2.893395081548075787e-01 2.521115024884721279e+09
2.904968661874267610e-01 2.904647579921967983e+09
2.916588536521764197e-01 3.439705481884259701e+09
2.928254890667851273e-01 3.203135918178024769e+09
2.939967910230522619e-01 3.519687949626994133e+09
2.951727781871444911e-01 3.237708738434843540e+09
2.963534692998930908e-01 3.877928280583548546e+09
2.975388831770926501e-01 4.038416517823344231e+09
2.987290387098009981e-01 5.548391666413818359e+09
2.999239548646402409e-01 4.533841033972643852e+09
3.011236506840988536e-01 8.473041213659172058e+09
3.023281452868351593e-01 4.273034580240512848e+09
3.035374578679824742e-01 1.128162123686123466e+10
3.047516076994544187e-01 1.049076041624427223e+10
3.059706141302522830e-01 1.259284475657737923e+10
3.071944965867733357e-01 1.453509185528622818e+10
3.084232745731204095e-01 1.754878930551670837e+10
3.096569676714128194e-01 1.672703818176031303e+10
3.108955955420985018e-01 2.153683228679554749e+10
3.121391779242668751e-01 2.368722172215721130e+10
3.133877346359639215e-01 2.813872099548635483e+10
3.146412855745078230e-01 3.477995408654357147e+10
3.158998507168058190e-01 3.364860966005309296e+10
3.171634501196730627e-01 5.110365390614953613e+10
3.184321039201517545e-01 4.307764355476731873e+10
3.197058323358323295e-01 4.901428320528708649e+10
3.209846556651756444e-01 5.409456601175109863e+10
3.222685942878363852e-01 6.245658506131735229e+10
3.235576686649877520e-01 6.461272941838167572e+10
3.248518993396476984e-01 7.463714660632374573e+10
3.261513069370062801e-01 8.124519111657818604e+10
3.274559121647543369e-01 9.110421795260995483e+10
3.287657358134133401e-01 1.005944711483970337e+11
3.300807987566670154e-01 1.113401792460071564e+11
3.314011219516936890e-01 1.347967103090078430e+11
3.327267264395004642e-01 1.377069391221925659e+11
3.340576333452584534e-01 1.703603414052308655e+11
3.353938638786395088e-01 1.645414495742955322e+11
3.367354393341540630e-01 1.837041250464834290e+11
3.380823810914907468e-01 1.967466079156846924e+11
3.394347106158566718e-01 2.005051290489744263e+11
3.407924494583201014e-01 2.141619732253828735e+11
3.421556192561533982e-01 2.054869428578970032e+11
3.435242417331779707e-01 1.513836866463919983e+11
3.448983387001106626e-01 1.795863833333788757e+11
3.462779320549111417e-01 2.061901636902231445e+11
3.476630437831307319e-01 1.893429252874772644e+11
3.490536959582632992e-01 2.129286299909369202e+11
3.504499107420963600e-01 3.323236121595552979e+11
3.518517103850647421e-01 2.914837618385030518e+11
3.532591172266050239e-01 3.464862896543762207e+11
3.546721536955114717e-01 4.374768300532202148e+11
3.560908423102934761e-01 2.701874341647235718e+11
3.575152056795346533e-01 2.022454281360979614e+11
3.589452665022527800e-01 3.061559248998559570e+11
3.603810475682617254e-01 3.935903750900767822e+11
3.618225717585348278e-01 3.480068349743168335e+11
3.632698620455689364e-01 3.785124867732031860e+11
3.647229414937512293e-01 3.902025849473746338e+11
3.661818332597261971e-01 6.455676029269598389e+11
3.676465605927651259e-01 4.617149545045184326e+11
3.691171468351361895e-01 5.281945609188619385e+11
3.705936154224767076e-01 3.564587827195127563e+11
3.720759898841666247e-01 1.909181301304143066e+11
3.735642938437032656e-01 1.800034587694466553e+11
3.750585510190780902e-01 2.048755185397334900e+11
3.765587852231543908e-01 4.133759715781179199e+11
3.780650203640470441e-01 7.762670126693122559e+11
3.795772804455032068e-01 5.193981877101118164e+11
3.810955895672852312e-01 5.886869093325959473e+11
3.826199719255543585e-01 2.538853570870183716e+11
3.841504518132565771e-01 4.251210660640778809e+11
3.856870536205096456e-01 2.881474817948846436e+11
3.872298018349916715e-01 4.815851992526935425e+11
3.887787210423316320e-01 4.602713402084111938e+11
3.903338359265008939e-01 5.614930990596491699e+11
3.918951712702069545e-01 6.160880119212968750e+11
3.934627519552877928e-01 3.815842493486398315e+11
3.950366029631089404e-01 8.630030370644565430e+11
3.966167493749613859e-01 6.384721018804027100e+11
3.982032163724612550e-01 1.045851245382080322e+12
3.997960292379510450e-01 1.236837852323454834e+12
4.013952133549028578e-01 1.383414508029788818e+12
4.030007942083224659e-01 1.602491411115002197e+12
4.046127973851557647e-01 1.217021458166182373e+12
4.062312485746963908e-01 1.209313381310457764e+12
4.078561735689951728e-01 1.375926503655082031e+12
4.094875982632711353e-01 1.456814849308617432e+12
4.111255486563242245e-01 1.674188044850953125e+12
4.127700508509495880e-01 1.478077396408081543e+12
4.144211310543532978e-01 1.337768257490225586e+12
4.160788155785707931e-01 1.530862464806869873e+12
4.177431308408850463e-01 1.204453941940686279e+12
4.194141033642486138e-01 9.275427538531210938e+11
4.210917597777056320e-01 5.564313626828208008e+11
4.227761268168164221e-01 1.632476206103949280e+11
4.244672313240837602e-01 5.960961572781093750e+11
4.261651002493800910e-01 9.266989323996973877e+11
4.278697606503775730e-01 1.054572139060299316e+12
4.295812396929790666e-01 9.503648374668867188e+11
4.312995646517510107e-01 1.056284809050316650e+12
4.330247629103580187e-01 1.302573681042340088e+12
4.347568619619994745e-01 1.514160839698279053e+12
4.364958894098474596e-01 1.428109546847337402e+12
4.382418729674867897e-01 1.154136303414223633e+12
4.399948404593567730e-01 1.281575871701582520e+12
4.417548198211941890e-01 1.436953916026156738e+12
4.435218391004789873e-01 1.139083713813531006e+12
4.452959264568808750e-01 1.167089110823834961e+12
4.470771101627084021e-01 1.300769098536702881e+12
4.488654186033592119e-01 1.350909265488599121e+12
4.506608802777726241e-01 1.422712420582242188e+12
4.524635237988837710e-01 1.423489786347096436e+12
4.542733778940792333e-01 1.446258177283717773e+12
4.560904714056555065e-01 1.446110051726530762e+12
4.579148332912781894e-01 1.553365068733195068e+12
4.597464926244433370e-01 1.164846980215680664e+12
4.615854785949410899e-01 1.534952627145777832e+12
4.634318205093208576e-01 1.159097900380129395e+12
4.652855477913582227e-01 1.373421567311554688e+12
4.671466899825236219e-01 1.398705587948915527e+12
4.690152767424536906e-01 1.472436033528452148e+12
4.708913378494234969e-01 1.663361931143613525e+12
4.727749032008212171e-01 1.559426565056048828e+12
4.746660028136244769e-01 1.760032771982601074e+12
4.765646668248789131e-01 1.260548852037705566e+12
4.784709254921784560e-01 1.087701962962140747e+12
4.803848091941470555e-01 1.373490195759121582e+12
4.823063484309236815e-01 1.433980230051718506e+12
4.842355738246474361e-01 1.632859671334179199e+12
4.861725161199459966e-01 1.534083313201780029e+12
4.881172061844257226e-01 1.846305545723684082e+12
4.900696750091634302e-01 1.833921426102619141e+12
4.920299537092001074e-01 2.133946377259685791e+12
4.939980735240369625e-01 2.439949030013731934e+12
4.959740658181330253e-01 1.661303564167700928e+12
4.979579620814056362e-01 2.024421759887873291e+12
4.999497939297311566e-01 1.821091984889884521e+12
5.019495931054501758e-01 1.674866688222216309e+12
5.039573914778719965e-01 2.016315796788448730e+12
5.059732210437835054e-01 1.605204113495201416e+12
5.079971139279585435e-01 1.695133185864927002e+12
5.100291023836703852e-01 1.627736684102654297e+12
5.120692187932051054e-01 1.633305462720300293e+12
5.141174956683780550e-01 1.684746475488242188e+12
5.161739656510514473e-01 1.406988424338348145e+12
5.182386615136556074e-01 1.048803032881861572e+12
5.203116161597103329e-01 1.479145264807816162e+12
5.223928626243490303e-01 2.092977413357594971e+12
5.244824340748465152e-01 1.886314652979637207e+12
5.265803638111459239e-01 1.724942858485611816e+12
5.286866852663905103e-01 1.870738173141935059e+12
5.308014320074561088e-01 1.916666520038343506e+12
5.329246377354859288e-01 1.698918286099104248e+12
5.350563362864277916e-01 1.791702052320958740e+12
5.371965616315735881e-01 1.543310173985062988e+12
5.393453478780998456e-01 1.612238529780232666e+12
5.415027292696121819e-01 1.589723886364745605e+12
5.436687401866906466e-01 1.510919444752120605e+12
5.458434151474373941e-01 1.172760844726383789e+12
5.480267888080271321e-01 1.380335121038227051e+12
5.502188959632591247e-01 1.308334886531678711e+12
5.524197715471121928e-01 1.394136663665338379e+12
5.546294506333006025e-01 1.508040350480391846e+12
5.568479684358338400e-01 1.464584224302307129e+12
5.590753603095770519e-01 1.314352452657091553e+12
5.613116617508153716e-01 1.096594034683797485e+12
5.635569083978186899e-01 9.303935909413443604e+11
5.658111360314097560e-01 1.072463422746975220e+12
5.680743805755354980e-01 9.818779172748187256e+11
5.703466780978375672e-01 1.107944720714570312e+12
5.726280648102289872e-01 1.152558249804182129e+12
5.749185770694699160e-01 1.274641675095022217e+12
5.772182513777477375e-01 1.197395841695672607e+12
5.795271243832587071e-01 1.399733886755541016e+12
5.818452328807918184e-01 1.424072370068378174e+12
5.841726138123150003e-01 1.387649420373088623e+12
5.865093042675643131e-01 1.101717816186753418e+12
5.888553414846344758e-01 7.208143650391091309e+11
5.912107628505729462e-01 7.889460346902518311e+11
5.935756059019753339e-01 8.826468911384836426e+11
5.959499083255832552e-01 8.494567737396354980e+11
5.983337079588855190e-01 9.621550511675915527e+11
6.007270427907210886e-01 1.046443915712216431e+12
6.031299509618840426e-01 1.190682548019661865e+12
6.055424707657315331e-01 1.385486888205216553e+12
6.079646406487945187e-01 1.569684384112720215e+12
6.103964992113897203e-01 1.766328788078707275e+12
6.128380852082353503e-01 1.937312775438352295e+12
6.152894375490681744e-01 1.741197897552481201e+12
6.177505952992645710e-01 1.244805007550960449e+12
6.202215976804615893e-01 1.075514110729099365e+12
6.227024840711834486e-01 8.515336042834206543e+11
6.251932940074681477e-01 9.945719836590222168e+11
6.276940671834980723e-01 1.099268957768581055e+12
6.302048434522321552e-01 1.308591099370873779e+12
6.327256628260409244e-01 1.562347228020265869e+12
6.352565654773452142e-01 1.723280419142851562e+12
6.377975917392545435e-01 1.760300395518260742e+12
6.403487821062116003e-01 2.182852294514677246e+12
6.429101772346363930e-01 2.285695321979418457e+12
6.454818179435749537e-01 2.509899849251482910e+12
6.480637452153492628e-01 2.615512446622500488e+12
6.506560001962106154e-01 2.725401016321494629e+12
6.532586241969955410e-01 3.016035798306559570e+12
6.558716586937833881e-01 2.470094756755536133e+12
6.584951453285585732e-01 2.307446467600617188e+12
6.611291259098727169e-01 2.082117239159602295e+12
6.637736424135122215e-01 1.814296349947260498e+12
6.664287369831662922e-01 1.681277460722218018e+12
6.690944519310989547e-01 1.563770539556507812e+12
6.717708297388232941e-01 1.555174952328433105e+12
6.744579130577786907e-01 1.602945768164774658e+12
6.771557447100098326e-01 1.847668404001038574e+12
6.798643676888498355e-01 1.792147444836223877e+12
6.825838251596052508e-01 1.915689428087106689e+12
6.853141604602436265e-01 1.845543906872632568e+12
6.880554171020846210e-01 1.838734202692935303e+12
6.908076387704928933e-01 2.068523707784129639e+12
6.935708693255748791e-01 2.440856049315074219e+12
6.963451528028771209e-01 2.879108245842680664e+12
6.991305334140887062e-01 3.147052829496681152e+12
7.019270555477450380e-01 3.399972941926258301e+12
7.047347637699360456e-01 4.025211802893757324e+12
7.075537028250157290e-01 3.465840566451246094e+12
7.103839176363159202e-01 2.996702632210104004e+12
7.132254533068611568e-01 2.681197218497367676e+12
7.160783551200886610e-01 2.842299461604913574e+12
7.189426685405689854e-01 2.995507337061472656e+12
7.218184392147313222e-01 2.910678851833231445e+12
7.247057129715901436e-01 3.292345922110072754e+12
7.276045358234763949e-01 3.571314488506057617e+12
7.305149539667704639e-01 4.031168148453732910e+12
7.334370137826373703e-01 4.490053853620030273e+12
7.363707618377679509e-01 4.782251293602393555e+12
7.393162448851190449e-01 5.127935861057920898e+12
7.422735098646596752e-01 5.271920275425648438e+12
7.452426039041182282e-01 5.289774091041129883e+12
7.482235743197346300e-01 5.458667234876877930e+12
7.512164686170136330e-01 5.499515486505419922e+12
7.542213344914817652e-01 5.705879616776025391e+12
7.572382198294477229e-01 5.701365092344664062e+12
7.602671727087656484e-01 5.177788230174224609e+12
7.633082413996006288e-01 4.967512013229897461e+12
7.663614743651989691e-01 4.349905347068486328e+12
7.694269202626597970e-01 4.158280032367942383e+12
7.725046279437104424e-01 4.176995185870872559e+12
7.755946464554852593e-01 4.017697055644268066e+12
7.786970250413072225e-01 4.026770125582958496e+12
7.818118131414724115e-01 4.308266914414026367e+12
7.849390603940383793e-01 3.857595799463527832e+12
7.880788166356144098e-01 4.206963580756075684e+12
7.912311319021569922e-01 4.070608679694414551e+12
7.943960564297655180e-01 4.356444340616582520e+12
7.975736406554845281e-01 4.504430673823985352e+12
8.007639352181065151e-01 4.744464299936808594e+12
8.039669909589789443e-01 5.056929319821183594e+12
8.071828589228148276e-01 5.437655386302405273e+12
8.104115903585061842e-01 5.718198657857663086e+12
8.136532367199402760e-01 6.131199021863356445e+12
8.169078496668199518e-01 6.232250522789320312e+12
8.201754810654874328e-01 5.458113042304734375e+12
8.234561829897493190e-01 5.835058638424256836e+12
8.267500077217083687e-01 5.786412510493517578e+12
8.300570077525952772e-01 5.337994235048395508e+12
8.333772357836056743e-01 5.577832453655172852e+12
8.367107447267401188e-01 5.367687683285916992e+12
8.400575877056470908e-01 5.496391301965804688e+12
8.434178180564695371e-01 4.893413377625088867e+12
8.467914893286955236e-01 4.138160784667036621e+12
8.501786552860102208e-01 4.314412525479073242e+12
8.535793699071543283e-01 4.383187346567989746e+12
8.569936873867830540e-01 4.706485657076342773e+12
8.604216621363300899e-01 4.988000372465189453e+12
8.638633487848753623e-01 5.363026707731674805e+12
8.673188021800150027e-01 5.452968700086179688e+12
8.707880773887352044e-01 5.734978573754125977e+12
8.742712296982900755e-01 5.926360769482841797e+12
8.777683146170831563e-01 6.276046296104262695e+12
8.812793878755513788e-01 6.382255931361821289e+12
8.848045054270535781e-01 6.464437920389242188e+12
8.883437234487617795e-01 5.399640388689835938e+12
8.918970983425568155e-01 6.057023584138703125e+12
8.954646867359271623e-01 5.400939609633231445e+12
8.990465454828707736e-01 5.798969738311826172e+12
9.026427316648023558e-01 5.823839576087773438e+12
9.062533025914615292e-01 5.933368096540000977e+12
9.098783158018273198e-01 6.177010852353681641e+12
9.135178290650346478e-01 6.307676680995702148e+12
9.171719003812948134e-01 6.484717761419443359e+12
9.208405879828199803e-01 6.574006441830088867e+12
9.245239503347512100e-01 6.546938196432373047e+12
9.282220461360901620e-01 6.554927789956890625e+12
9.319349343206346781e-01 6.433708262397811523e+12
9.356626740579171431e-01 6.452744514703083008e+12
9.394053247541488405e-01 6.473992188263045898e+12
9.431629460531654185e-01 6.502292943302108398e+12
9.469355978373780180e-01 6.626075191163122070e+12
9.507233402287275092e-01 6.660796358590915039e+12
9.545262335896426142e-01 6.655769142000371094e+12
9.583443385240012491e-01 6.716177429918913086e+12
9.621777158780971950e-01 6.717819919785361328e+12
9.660264267416096562e-01 6.726473075190004883e+12
9.698905324485760371e-01 6.777002940375533203e+12
9.737700945783701600e-01 6.303501779004016602e+12
9.776651749566835914e-01 6.275987070125142578e+12
9.815758356565105203e-01 6.160901355348039062e+12
9.855021389991363012e-01 6.067627086514814453e+12
9.894441475551331022e-01 5.950131596003031250e+12
9.934019241453534432e-01 5.390385435454434570e+12
9.973755318419349480e-01 5.694941130893107422e+12
1.001365033969302543e+00 5.744593937432106445e+12
1.005370494105179757e+00 5.708544490835156250e+12
1.009391976081600362e+00 5.854700218265258789e+12
1.013429543985926884e+00 5.966929969256487305e+12
1.017483262161870350e+00 5.957951516821277344e+12
1.021553195210518128e+00 6.048326488993036133e+12
1.025639407991360219e+00 5.929616737105101562e+12
1.029741965623325539e+00 5.909754931271036133e+12
1.033860933485818867e+00 5.966735035703071289e+12
1.037996377219762012e+00 6.140549090448405273e+12
1.042148362728641198e+00 6.135981586392897461e+12
1.046316956179555557e+00 6.260797048016727539e+12
1.050502224004274066e+00 6.260768769684964844e+12
1.054704232900291139e+00 6.320418345237390625e+12
1.058923049831892227e+00 6.263472345006336914e+12
1.063158742031219628e+00 6.269146573544519531e+12
1.067411376999344741e+00 6.176358709807023438e+12
1.071681022507342096e+00 6.175582156752536133e+12
1.075967746597371377e+00 6.237192335540884766e+12
1.080271617583760779e+00 6.150118761119441406e+12
1.084592704054095913e+00 6.207774257970786133e+12
1.088931074870312044e+00 6.155509755185753906e+12
1.093286799169793433e+00 6.137975532971442383e+12
1.097659946366472461e+00 6.029271967123986328e+12
1.102050586151938294e+00 5.997462238565590820e+12
1.106458788496546219e+00 5.847382547790578125e+12
1.110884623650532532e+00 5.854836432276302734e+12
1.115328162145134749e+00 5.920003313806430664e+12
1.119789474793714934e+00 5.863720029065507812e+12
1.124268632692889902e+00 5.915882642609017578e+12
1.128765707223661430e+00 5.888667963194019531e+12
1.133280770052556230e+00 5.916138082923284180e+12
1.137813893132766374e+00 5.630252464082426758e+12
1.142365148705297484e+00 5.609223926571576172e+12
1.146934609300118479e+00 5.868691418176341797e+12
1.151522347737319096e+00 5.927166473603960938e+12
1.156128437128268516e+00 5.855867687258671875e+12
1.160752950876781542e+00 5.778470583918005859e+12
1.165395962680288999e+00 5.839309914465001953e+12
1.170057546531009907e+00 5.764029760228774414e+12
1.174737776717134086e+00 5.789102699917817383e+12
1.179436727824002773e+00 5.635139885836074219e+12
1.184154474735298557e+00 5.595795160733822266e+12
1.188891092634239977e+00 5.660198148419010742e+12
1.193646657004777012e+00 5.681400229258046875e+12
1.198421243632796118e+00 5.474928794542145508e+12
1.203214928607327261e+00 5.567086154965265625e+12
1.208027788321756724e+00 5.564772726245554688e+12
1.212859899475043468e+00 5.552554790823759766e+12
1.217711339072943710e+00 5.582375384649350586e+12
1.222582184429235275e+00 5.521961952005639648e+12
1.227472513166952384e+00 5.556148915253090820e+12
1.232382403219620226e+00 5.506292008077132812e+12
1.237311932832498407e+00 5.472451371588569336e+12
1.242261180563828615e+00 5.263266780420915039e+12
1.247230225286083849e+00 5.325783189586083984e+12
1.252219146187228072e+00 5.281927329137953125e+12
1.257228022771976983e+00 5.253837187882633789e+12
1.262256934863064783e+00 5.215138881059246094e+12
1.267305962602517155e+00 5.240937331084614258e+12
1.272375186452927354e+00 5.209426242386412109e+12
1.277464687198738957e+00 5.192595566402284180e+12
1.282574545947533950e+00 5.155678093870249023e+12
1.287704844131324133e+00 5.098301604140149414e+12
1.292855663507849417e+00 5.068825664458982422e+12
1.298027086161880783e+00 5.101123876353048828e+12
1.303219194506528344e+00 5.084942713322718750e+12
1.308432071284554521e+00 5.034787055855980469e+12
1.313665799569692760e+00 5.049242281795130859e+12
1.318920462767971591e+00 5.033265618382359375e+12
1.324196144619043336e+00 4.957492530164240234e+12
1.329492929197519491e+00 4.874579692758335938e+12
1.334810900914309650e+00 4.631591809749989258e+12
1.340150144517967101e+00 4.591685363276782227e+12
1.345510745096038852e+00 4.555992328884668945e+12
1.350892788076423212e+00 4.553099735850746094e+12
1.356296359228728932e+00 4.510623300035774414e+12
1.361721544665643879e+00 4.504777115431359375e+12
1.367168430844306393e+00 4.507868550235352539e+12
1.372637104567683730e+00 4.513859550435672852e+12
1.378127652985954299e+00 4.501524949009918945e+12
1.383640163597898098e+00 4.474476325717198242e+12
1.389174724252289828e+00 4.385286030852501953e+12
1.394731423149298877e+00 4.330461184959313965e+12
1.400310348841896202e+00 4.283175369484516602e+12
1.405911590237263642e+00 4.272296759935972656e+12
1.411535236598212784e+00 4.186988604584653320e+12
1.417181377544605603e+00 4.134505500619640137e+12
1.422850103054784210e+00 4.120701466896586426e+12
1.428541503467003038e+00 4.029093634445472168e+12
1.434255669480871243e+00 4.084944810547851562e+12
1.439992692158794885e+00 4.070079315611469727e+12
1.445752662927429988e+00 4.068855827220494141e+12
1.451535673579139596e+00 4.026007970618351074e+12
1.457341816273456159e+00 4.017483526947874512e+12
1.463171183538549913e+00 3.972718078512548828e+12
1.469023868272704147e+00 3.926657594013332031e+12
1.474899963745795128e+00 3.927962103552136719e+12
1.480799563600778246e+00 3.911581983414821777e+12
1.486722761855181485e+00 3.838643545412143555e+12
1.492669652902602007e+00 3.894892059534526367e+12
1.498640331514212276e+00 3.870124981085296875e+12
1.504634892840269300e+00 3.653957568885945312e+12
1.510653432411630304e+00 3.865688778171854004e+12
1.516696046141276843e+00 3.861455575322167480e+12
1.522762830325842032e+00 3.875387047703086914e+12
1.528853881647145307e+00 3.866955776714749512e+12
1.534969297173733649e+00 3.844527427967513184e+12
1.541109174362428780e+00 3.828160244721751953e+12
1.547273611059878373e+00 3.831533412288966797e+12
1.553462705504118135e+00 3.826541469419199707e+12
1.559676556326134556e+00 3.794683875408206543e+12
1.565915262551438980e+00 3.806658709290570801e+12
1.572178923601644795e+00 3.752575876616962891e+12
1.578467639296051495e+00 3.758829418049964355e+12
1.584781509853235626e+00 3.804954227014494629e+12
1.591120635892648405e+00 3.791145754420602539e+12
1.597485118436219098e+00 3.818935458578053223e+12
1.603875058909963958e+00 3.796026860109116211e+12
1.610290559145603595e+00 3.791473647254064941e+12
1.616731721382186127e+00 3.500259981147449219e+12
1.623198648267714761e+00 3.711044771790664551e+12
1.629691442860785600e+00 3.788831960540169434e+12
1.636210208632228769e+00 3.796863044950711914e+12
1.642755049466757766e+00 3.750997534228516113e+12
1.649326069664624805e+00 3.746795923583965332e+12
1.655923373943283039e+00 3.739397575785691895e+12
1.662547067439056336e+00 3.690911249852390137e+12
1.669197255708812611e+00 3.691687036935774414e+12
1.675874044731648027e+00 3.669516212567209473e+12
1.682577540910574321e+00 3.623580422023473145e+12
1.689307851074216771e+00 3.578290146725550293e+12
1.696065082478513508e+00 3.534183864894088379e+12
1.702849342808427480e+00 3.479044498034949707e+12
1.709660740179661298e+00 3.287264670031243652e+12
1.716499383140379864e+00 3.313621894673332031e+12
1.723365380672941427e+00 3.280360141977679199e+12
1.730258842195633306e+00 3.226445629348911133e+12
1.737179877564415831e+00 3.130271682175537109e+12
1.744128597074673603e+00 3.084916203531424316e+12
1.751105111462972097e+00 2.997834903320964355e+12
1.758109531908824241e+00 2.917754305758647949e+12
1.765141970036459451e+00 2.868572270185319336e+12
1.772202537916605314e+00 2.797397812463160156e+12
1.779291348068271716e+00 2.707878448198213379e+12
1.786408513460544745e+00 2.665189562461120117e+12
1.793554147514387020e+00 2.601092013266320312e+12
1.800728364104444257e+00 2.566602126869501953e+12
1.807931277560862249e+00 2.490076484701420410e+12
1.815163002671105641e+00 2.497296161750688477e+12
1.822423654681789795e+00 2.450344689745704102e+12
1.829713349300517100e+00 2.403796761512631348e+12
1.837032202697718830e+00 2.389617445739290039e+12
1.844380331508509885e+00 2.270679054438827637e+12
1.851757852834543527e+00 2.251790882240243652e+12
1.859164884245881888e+00 2.125393950293965820e+12
1.866601543782865358e+00 2.210301988932497070e+12
1.874067949957996859e+00 2.150568072521840332e+12
1.881564221757828781e+00 2.167924316187135010e+12
1.889090478644860127e+00 2.152498679566299072e+12
1.896646840559439662e+00 2.147672519340964844e+12
1.904233427921677269e+00 2.131858824969438965e+12
1.911850361633363971e+00 2.128201723048189209e+12
1.919497763079897279e+00 2.085361022504103271e+12
1.927175754132217200e+00 1.999537703754182861e+12
1.934884457148745796e+00 2.016155203912115723e+12
1.942623994977340729e+00 1.878893556157562988e+12
1.950394490957250149e+00 1.897549157822531250e+12
1.958196068921079336e+00 1.996885889817811523e+12
1.966028853196763793e+00 1.990931489963174561e+12
1.973892968609550991e+00 1.829536110860676270e+12
1.981788540483989447e+00 1.760096952750865479e+12
1.989715694645925126e+00 1.765286299962361328e+12
1.997674557424508723e+00 1.836717205929639404e+12
2.005665255654207169e+00 1.834973085886388916e+12
2.013687916676823786e+00 1.807520785570017578e+12
2.021742668343530891e+00 1.791169838133786133e+12
2.029829639016905052e+00 1.763573500136872314e+12
2.037948957572972564e+00 1.742088619995642822e+12
2.046100753403264694e+00 1.719710306964290039e+12
2.054285156416877811e+00 1.721171479298710205e+12
2.062502297042545507e+00 1.682063605504475098e+12
2.070752306230715600e+00 1.679459661700156738e+12
2.079035315455638244e+00 1.664851778317212891e+12
2.087351456717461140e+00 1.641766417744560303e+12
2.095700862544330967e+00 1.619658557764720459e+12
2.104083665994508134e+00 1.633143750737667236e+12
2.112500000658485977e+00 1.623767199077919434e+12
2.120950000661120161e+00 1.614589668019699707e+12
2.129433800663764753e+00 1.589000002223045654e+12
2.137951535866419839e+00 1.587161487134611084e+12
2.146503342009885351e+00 1.593736554348611572e+12
2.155089355377924676e+00 1.581891220987659424e+12
2.163709712799436691e+00 1.582954755740607422e+12
2.172364551650634468e+00 1.571302134159550293e+12
2.181054009857236853e+00 1.558891107397474365e+12
2.189778225896665376e+00 1.554372407332454102e+12
2.198537338800252705e+00 1.551486491289211426e+12
2.207331488155453325e+00 1.497255908798753662e+12
2.216160814108075083e+00 1.540978148784435791e+12
2.225025457364507631e+00 1.512895631432738281e+12
2.233925559193965515e+00 1.511388585971713379e+12
2.242861261430741493e+00 1.514605081755629639e+12
2.251832706476463830e+00 1.503967994620148438e+12
2.260840037302370042e+00 1.457612067374108398e+12
2.269883397451579299e+00 1.477840236989805664e+12
2.278962931041386142e+00 1.450090042879181885e+12
2.288078782765551100e+00 1.454647964422650879e+12
2.297231097896613505e+00 1.315397901499792236e+12
2.306420022288200311e+00 1.368245195675781738e+12
2.315645702377353121e+00 1.355388397101949219e+12
2.324908285186861878e+00 1.239185675650118896e+12
2.334207918327609654e+00 1.264241806717331055e+12
2.343544750000919663e+00 1.267345561047551025e+12
2.352918929000923143e+00 1.179546673079174316e+12
2.362330604716927240e+00 1.192828865378278076e+12
2.371779927135795329e+00 1.207018609658048096e+12
2.381267046844337987e+00 1.124459941219463867e+12
2.390792115031715070e+00 1.104188600926198730e+12
2.400355283491842240e+00 1.104791970890013916e+12
2.409956704625809465e+00 1.056297191800300537e+12
2.419596531444312859e+00 1.015451070412021484e+12
2.429274917570089620e+00 1.011805914806012085e+12
2.438992017240370291e+00 9.888403158906994629e+11
2.448747985309331465e+00 9.313607988181514893e+11
2.458542977250568917e+00 9.205142728050036621e+11
2.468377149159570738e+00 9.140686005645639648e+11
2.478250657756209563e+00 8.547646383242659912e+11
2.488163660387234355e+00 8.527075006763291016e+11
2.498116315028783063e+00 8.439377137181613770e+11
2.508108780288898387e+00 8.044883266566024170e+11
2.518141215410053757e+00 7.937294794674049072e+11
2.528213780271693967e+00 7.716512831348509521e+11
2.538326635392781139e+00 7.599102072142967529e+11
2.548479941934351789e+00 7.515594007580462646e+11
2.558673861702089436e+00 7.390503894559472656e+11
2.568908557148898097e+00 7.414223320081802979e+11
2.579184191377493551e+00 7.146174969088094482e+11
2.589500928143003478e+00 7.262245072550233154e+11
2.599858931855575594e+00 7.257000185665297852e+11
2.610258367582998229e+00 7.267483776726448975e+11
2.620699401053329769e+00 7.144642889688524170e+11
2.631182198657543214e+00 7.137595261620133057e+11
2.641706927452173392e+00 7.071414423755871582e+11
2.652273755161981938e+00 7.168297786032623291e+11
2.662882850182629824e+00 7.164861319770433350e+11
2.673534381583360542e+00 6.895729605484619141e+11
2.684228519109693956e+00 6.881717825327502441e+11
2.694965433186132575e+00 6.607345304292438965e+11
2.705745294918877164e+00 6.609854129888630371e+11
2.716568276098552559e+00 6.412208666426499023e+11
2.727434549202946812e+00 6.148262409498538818e+11
2.738344287399758326e+00 6.037993617899536133e+11
2.749297664549357201e+00 5.948986251399594727e+11
2.760294855207554576e+00 5.916184807345728760e+11
2.771336034628385292e+00 5.741251316758850098e+11
2.782421378766898545e+00 5.625180079150324707e+11
2.793551064281966312e+00 5.587387473076590576e+11
2.804725268539093985e+00 5.406753478898348389e+11
2.815944169613250558e+00 5.246069651402937622e+11
2.827207946291703244e+00 5.352074974952805176e+11
2.838516778076869862e+00 5.147295147393630981e+11
2.849870845189177437e+00 5.062813626338000488e+11
2.861270328569933685e+00 5.124185478036537476e+11
2.872715409884213589e+00 4.990958769559297485e+11
2.884206271523750420e+00 4.953277491636181030e+11
2.895743096609845413e+00 4.973224898523777466e+11
2.907326068996284985e+00 4.721008613141721802e+11
2.918955373272270393e+00 4.738122476003772583e+11
2.930631194765359826e+00 4.671459419168555908e+11
2.942353719544420709e+00 4.512978745116016846e+11
2.954123134422598440e+00 4.561120721017329102e+11
2.965939626960289122e+00 4.437180333579476318e+11
2.977803385468130504e+00 4.473404109747807617e+11
2.989714599010003138e+00 4.327172593259141235e+11
3.001673457406043077e+00 4.315760014116290283e+11
3.013680151235667015e+00 4.282257888720828247e+11
3.025734871840609408e+00 4.102058921856875610e+11
3.037837811327972037e+00 4.239911556957588501e+11
3.049989162573283785e+00 4.061342573954680786e+11
3.062189119223576395e+00 4.129828763182078857e+11
3.074437875700470890e+00 4.016199088194337158e+11
3.086735627203272880e+00 3.957630836468909912e+11
3.099082569712085622e+00 3.965998951674678955e+11
3.111478899990933744e+00 3.857422515369058838e+11
3.123924815590897186e+00 3.880868540575491333e+11
3.136420514853261121e+00 3.815561353832929077e+11
3.148966196912674320e+00 3.782953633488997192e+11
3.161562061700325277e+00 3.770138732428291016e+11
3.174208309947126327e+00 3.681015385980075684e+11
3.186905143186915090e+00 3.748517364090393066e+11
3.199652763759662566e+00 3.571350557252012939e+11
3.212451374814701222e+00 3.706689522927958374e+11
3.225301180313960625e+00 3.600443082274120483e+11
3.238202385035215958e+00 3.582916512144567871e+11
3.251155194575356955e+00 3.575244657782124023e+11
3.264159815353658622e+00 3.546381908419884033e+11
3.277216454615073271e+00 3.503686418328493652e+11
3.290325320433533207e+00 3.480024933445136719e+11
3.303486621715267635e+00 3.485183321913067017e+11
3.316700568202128441e+00 3.414385533092774658e+11
3.329967370474937294e+00 3.460781282877530518e+11
3.343287239956836743e+00 3.361779322305467529e+11
3.356660388916663962e+00 3.373886656738478394e+11
3.370087030472330714e+00 3.359059424332924805e+11
3.383567378594220187e+00 3.313987831593616333e+11
3.397101648108596716e+00 3.309477158347545166e+11
3.410690054701031482e+00 3.257602275772172852e+11
3.424332814919834878e+00 3.263774053005020142e+11
3.438030146179514634e+00 3.222585822826019897e+11
3.451782266764232610e+00 3.214240036622123413e+11
3.465589395831289998e+00 3.194532888720183716e+11
3.479451753414614767e+00 3.161189542263961792e+11
3.493369560428273068e+00 3.107879184834920654e+11
3.507343038669985980e+00 3.136758241115310669e+11
3.521372410824665788e+00 3.056688944084008789e+11
3.535457900467964709e+00 3.056235661684307251e+11
3.549599732069836477e+00 3.028505327025178223e+11
3.563798130998116154e+00 2.997493568948015747e+11
3.578053323522108364e+00 2.974491506195473633e+11
3.592365536816196858e+00 2.952413710825592041e+11
3.606734998963461614e+00 2.922169256260106201e+11
3.621161938959315041e+00 2.887576614513382568e+11
3.635646586715152839e+00 2.861892240937925415e+11
3.650189173062013293e+00 2.837388790780943604e+11
3.664789929754260545e+00 2.813223567483388062e+11
3.679449089473277645e+00 2.772638929380178223e+11
3.694166885831170699e+00 2.751529707772131348e+11
3.708943553374495661e+00 2.737815465173690186e+11
3.723779327587993571e+00 2.709716702131137695e+11
3.738674444898345328e+00 2.666168228626207275e+11
3.753629142677938901e+00 2.666439584383114014e+11
3.768643659248651190e+00 2.619399844972780151e+11
3.783718233885645432e+00 2.613652103110576172e+11
3.798853106821188153e+00 2.575342702817357483e+11
3.814048519248473657e+00 2.552931432928395996e+11
3.829304713325467180e+00 2.496834434681083374e+11
3.844621932178768908e+00 2.485930303566985474e+11
3.860000419907484215e+00 2.468637066296578369e+11
3.875440421587113882e+00 2.425926719559207764e+11
3.890942183273462529e+00 2.392218635437767639e+11
3.906505952006555926e+00 2.367282615327881470e+11
3.922131975814582727e+00 2.338085484292729187e+11
3.937820503717840648e+00 2.301914417157372742e+11
3.953571785732711508e+00 2.240802977290088501e+11
3.969386072875642490e+00 2.230123223939627991e+11
3.985263617167145167e+00 2.171779784212034607e+11
4.001204671635814059e+00 2.143420767277526855e+11
4.017209490322357190e+00 2.124557051291497498e+11
4.033278328283646630e+00 2.080645258941914978e+11
4.049411441596781458e+00 2.008149659361262817e+11
4.065609087363168506e+00 2.007041922314998169e+11
4.081871523712622185e+00 1.931406483506128235e+11
4.098199009807472315e+00 1.932892283870756531e+11
4.114591805846702144e+00 1.903209319112247925e+11
4.131050173070089038e+00 1.843129091569978943e+11
4.147574373762369149e+00 1.854795890617857361e+11
4.164164671257418959e+00 1.793463191122991943e+11
4.180821329942449260e+00 1.783006882458979797e+11
4.197544615262219558e+00 1.763576784162897034e+11
4.214334793723269357e+00 1.703703846585215149e+11
4.231192132898162761e+00 1.699960879151602783e+11
4.248116901429755288e+00 1.630403055538760376e+11
4.265109369035473996e+00 1.604669365774291687e+11
4.282169806511615384e+00 1.590316325267985229e+11
4.299298485737661935e+00 1.490458630569656982e+11
4.316495679680612874e+00 1.491225426097254944e+11
4.333761662399335357e+00 1.461570345122975159e+11
4.351096709048932532e+00 1.402728636235371399e+11
4.368501095885127583e+00 1.373448117906310425e+11
4.385975100268668214e+00 1.351470869529571686e+11
4.403519000669743555e+00 1.307634265935082245e+11
4.421133076672422391e+00 1.279609385393781586e+11
4.438817608979111817e+00 1.258640575277246704e+11
4.456572879415028332e+00 1.243243400902663574e+11
4.474399170932688463e+00 1.194995034051420135e+11
4.492296767616419828e+00 1.194678282611889801e+11
4.510265954686884626e+00 1.184489731344328308e+11
4.528307018505633330e+00 1.144645944745812378e+11
4.546420246579655711e+00 1.140103156404962463e+11
4.564605927565974497e+00 1.113843584957176208e+11
4.582864351276237258e+00 1.113133110161011047e+11
4.601195808681342925e+00 1.086133015073625946e+11
4.619600591916067422e+00 1.082748421420175323e+11
4.638078994283731937e+00 1.068004620133435974e+11
4.656631310260867629e+00 1.061780805413052063e+11
4.675257835501911430e+00 1.038086131429454346e+11
4.693958866843916944e+00 1.034623578388320465e+11
4.712734702311292878e+00 1.013716723792020721e+11
4.731585641120538810e+00 1.006738932966526184e+11
4.750511983685020923e+00 9.989082527317762756e+10
4.769514031619761063e+00 9.705804628590669250e+10
4.788592087746240011e+00 9.579318185083270264e+10
4.807746456097224730e+00 9.507603455456918335e+10
4.826977441921613377e+00 9.402829504744783020e+10
4.846285351689299858e+00 9.287357342016865540e+10
4.865670493096057925e+00 9.111597457329618835e+10
4.885133175068442135e+00 8.949210137343963623e+10
4.904673707768715474e+00 8.808668984604412842e+10
4.924292402599791174e+00 8.760790569697145081e+10
4.943989572210189642e+00 8.530862999012754822e+10
4.963765530499030021e+00 8.341357368840890503e+10
4.983620592621027079e+00 8.404710877652133179e+10
5.003555074991511198e+00 8.166500423324992371e+10
5.023569295291476777e+00 7.948191479501585388e+10
5.043663572472643075e+00 8.081163254993807983e+10
5.063838226762532813e+00 7.813767593628369141e+10
5.084093579669583640e+00 7.669944352172109985e+10
5.104429953988261381e+00 7.632777131406701660e+10
5.124847673804215020e+00 7.484317912892936707e+10
5.145347064499431688e+00 7.493216339343353271e+10
5.165928452757428957e+00 7.232433050397354126e+10
5.186592166568458673e+00 7.279083069835423279e+10
5.207338535234733001e+00 7.024618700825065613e+10
5.228167889375671784e+00 7.075046161462420654e+10
5.249080560933174766e+00 6.858923092481299591e+10
5.270076883176907145e+00 6.866624843726645660e+10
5.291157190709615321e+00 6.712390660637682343e+10
5.312321819472453299e+00 6.678817689673223877e+10
5.333571106750343738e+00 6.564667527279156494e+10
5.354905391177344320e+00 6.439716652632593536e+10
5.376325012742054099e+00 6.413911422116882324e+10
5.397830312793021612e+00 6.326671651530756378e+10
5.419421634044193858e+00 6.120733949900466919e+10
5.441099320580370602e+00 6.159013616214913940e+10
5.462863717862692425e+00 6.007779765631084442e+10
5.484715172734142996e+00 5.973628297533625793e+10
5.506654033425078865e+00 5.934987702248443604e+10
5.528680649558780580e+00 5.770980943436856842e+10
5.550795372157015350e+00 5.699927813553919983e+10
5.572998553645643227e+00 5.623053794491683197e+10
5.595290547860225949e+00 5.645487913741503143e+10
5.617671710051667766e+00 5.488761390376911926e+10
5.640142396891874021e+00 5.464506931338195801e+10
5.662702966479441713e+00 5.392361219599849701e+10
5.685353778345359821e+00 5.244384316809997559e+10
5.708095193458740724e+00 5.226959910328729248e+10
5.730927574232576482e+00 5.096504525540628815e+10
5.753851284529505783e+00 5.164131770518144226e+10
5.776866689667624399e+00 5.023098961311981201e+10
5.799974156426294769e+00 5.011583714116783142e+10
5.823174053051999977e+00 4.859885727940272522e+10
5.846466749264207508e+00 4.792320780796630859e+10
5.869852616261264977e+00 4.803992289634770203e+10
5.893332026726310069e+00 4.704604050351057434e+10
5.916905354833215114e+00 4.689685710024447632e+10
5.940572976252548543e+00 4.589547404417740631e+10
5.964335268157558545e+00 4.551305703300558472e+10
5.988192609230189589e+00 4.463114371919384766e+10
6.012145379667110490e+00 4.464478671732141876e+10
6.036193961185778889e+00 4.297006490910837555e+10
6.060338737030522616e+00 4.319592070611876678e+10
6.084580091978644134e+00 4.321070273709747314e+10
6.108918412346558746e+00 4.167759138491286469e+10
6.133354085995945226e+00 4.210840176964236450e+10
6.157887502339929320e+00 4.136781138652642059e+10
6.182519052349287669e+00 4.028383922872531128e+10
6.207249128558685491e+00 4.006907178934374237e+10
6.232078125072920471e+00 3.970425221021721649e+10
6.257006437573212843e+00 3.872723746857354736e+10
6.282034463323505236e+00 3.827326153073593903e+10
6.307162601176800720e+00 3.782019697782061768e+10
6.332391251581507063e+00 3.721234606269297028e+10
6.357720816587833390e+00 3.646434643453829956e+10
6.383151699854184180e+00 3.560634900152368927e+10
6.408684306653601226e+00 3.481399540222703552e+10
6.434319043880215361e+00 3.427619288466261292e+10
6.460056320055736379e+00 3.289896823900086212e+10
6.485896545335958052e+00 3.141916039544780350e+10
6.511840131517302233e+00 3.132121685714939499e+10
6.537887492043371829e+00 3.024066311338465881e+10
6.564039042011545533e+00 2.945929928487657928e+10
6.590295198179591196e+00 2.857570460834798050e+10
6.616656378972309405e+00 2.830144002039326477e+10
6.643123004488199257e+00 2.723857418426243591e+10
6.669695496506150789e+00 2.704755472016985703e+10
6.696374278492176479e+00 2.646582196744227219e+10
6.723159775606144528e+00 2.668844464129291916e+10
6.750052414708568094e+00 2.600701560299248505e+10
6.777052624367403411e+00 2.502711309783481216e+10
6.804160834864871887e+00 2.514451858810690689e+10
6.831377478204331055e+00 2.458238631607638550e+10
6.858702988117148180e+00 2.463791738605883789e+10
6.886137800069615622e+00 2.402462706281334686e+10
6.913682351269895499e+00 2.352494943353950119e+10
6.941337080674975013e+00 2.343767664628608704e+10
6.969102428997675069e+00 2.313994274782053757e+10
6.996978838713665994e+00 2.287015940390589523e+10
7.024966754068519670e+00 2.266598914577114868e+10
7.053066621084793653e+00 2.226473560784152222e+10
7.081278887569133929e+00 2.188298789164537430e+10
7.109604003119409654e+00 2.117448093901807785e+10
7.138042419131887861e+00 2.137001524079758835e+10
7.166594588808414379e+00 2.113752721739027023e+10
7.195260967163648047e+00 2.068648637550582886e+10
7.224042011032302923e+00 2.043787228233015823e+10
7.252938179076432235e+00 2.014278785964296722e+10
7.281949931792737196e+00 1.998196226551134872e+10
7.311077731519908696e+00 1.960024560788357544e+10
7.340322042445988515e+00 1.934098824476084900e+10
7.369683330615771411e+00 1.899495338842958832e+10
7.399162063938235612e+00 1.913329062642385101e+10
7.428758712193988423e+00 1.837357942207935715e+10
7.458473747042765112e+00 1.852187804290216446e+10
7.488307642030935796e+00 1.813963289151485825e+10
7.518260872599060285e+00 1.767609020578223038e+10
7.548333916089456253e+00 1.780471787245339584e+10
7.578527251753813587e+00 1.724069693742063141e+10
7.608841360760829176e+00 1.671279280286762810e+10
7.639276726203872769e+00 1.684575925776848793e+10
7.669833833108687493e+00 1.637775406811838150e+10
7.700513168441122325e+00 1.633944763962821007e+10
7.731315221114887670e+00 1.598680673108036613e+10
7.762240481999347352e+00 1.566614107004546356e+10
7.793289443927344351e+00 1.562037694589860725e+10
7.824462601703054077e+00 1.556435285512107849e+10
7.855760452109866065e+00 1.517269889428647804e+10
7.887183493918306532e+00 1.464875606791449165e+10
7.918732227893980458e+00 1.466759683951153374e+10
7.950407156805555431e+00 1.445767515568235016e+10
7.982208785432777454e+00 1.397636749143336678e+10
8.014137620574508958e+00 1.404739119575493240e+10
8.046194171056805899e+00 1.366006552723081779e+10
8.078378947741034821e+00 1.348406287759396553e+10
8.110692463531997021e+00 1.315380180985621071e+10
8.143135233386125549e+00 1.314316977433748436e+10
8.175707774319670662e+00 1.301478632750085831e+10
8.208410605416949224e+00 1.258664814314110947e+10
8.241244247838615422e+00 1.261783012859751511e+10
8.274209224829968790e+00 1.218357035801389122e+10
8.307306061729288871e+00 1.220084876246092415e+10
8.340535285976207192e+00 1.188342297430449295e+10
8.373897427120111203e+00 1.160454510898688316e+10
8.407393016828594412e+00 1.164778510976801491e+10
8.441022588895906509e+00 1.133010527559242439e+10
8.474786679251490540e+00 1.135145545502109146e+10
8.508685825968495209e+00 1.098513304157152939e+10
8.542720569272368891e+00 1.093844072755947685e+10
8.576891451549458978e+00 1.067789265956449890e+10
8.611199017355655627e+00 1.064922040034020615e+10
8.645643813425078150e+00 1.052919180501296997e+10
8.680226388678779159e+00 1.030973014459976959e+10
8.714947294233493125e+00 1.023407577782785225e+10
8.749807083410427566e+00 9.868243284862499237e+09
8.784806311744070229e+00 9.911139159630731583e+09
8.819945536991047774e+00 9.751683056107650757e+09
8.855225319139009343e+00 9.579049426983963013e+09
8.890646220415566958e+00 9.577798014108482361e+09
8.926208805297228821e+00 9.447924339858724594e+09
8.961913640518417878e+00 9.157022860004701614e+09
8.997761295080492161e+00 9.170355760551570892e+09
9.033752340260813085e+00 9.088319202075462341e+09
9.069887349621856387e+00 8.931718694487508774e+09
9.106166899020346150e+00 8.772114676668674469e+09
9.142591566616424359e+00 8.690903847662712097e+09
9.179161932882891506e+00 8.588430009312964439e+09
9.215878580614422333e+00 8.415351261799382210e+09
9.252742094936881045e+00 8.242796856981284142e+09
9.289753063316627646e+00 8.210304294159543991e+09
9.326912075569895322e+00 7.994557081144270897e+09
9.364219723872173162e+00 8.036062893042786598e+09
9.401676602767663482e+00 7.769447876497989655e+09
9.439283309178733816e+00 7.691673019824998856e+09
9.477040442415447075e+00 7.648844228120563507e+09
9.514948604185111236e+00 7.492226129347359657e+09
9.553008398601852136e+00 7.472586376383543968e+09
9.591220432196260859e+00 7.264179406763569832e+09
9.629585313925044687e+00 7.141050940471300125e+09
9.668103655180747324e+00 7.041806812373153687e+09
9.706776069801470896e+00 6.956663864091007233e+09
9.745603174080676112e+00 6.904008077960856438e+09
9.784585586776998412e+00 6.809581358820631027e+09
9.823723929124106746e+00 6.645665814021861076e+09
9.863018824840601440e+00 6.566049701208346367e+09
9.902470900139965337e+00 6.313461911207784653e+09
9.942080783740523842e+00 6.369403518191749573e+09
9.981849106875488431e+00 6.222012864095286369e+09
1.002177650330298952e+01 6.175215950102550507e+09
1.006186360931619994e+01 6.033789380123632431e+09
1.010211106375346723e+01 5.918532770978130341e+09
1.014251950800847979e+01 5.848644101795462608e+09
1.018308958604051284e+01 5.824069834995216370e+09
1.022382194438467451e+01 5.669987566759311676e+09
1.026471723216221399e+01 5.599008366442582130e+09
1.030577610109086173e+01 5.473274511328392982e+09
1.034699920549522467e+01 5.363952654813335419e+09
1.038838720231720458e+01 5.328855727734459877e+09
1.042994075112647501e+01 5.233221009113624573e+09
1.047166051413097954e+01 5.161698649559178352e+09
1.051354715618750468e+01 5.049403642241339684e+09
1.055560134481225454e+01 4.970408749243906021e+09
1.059782375019150358e+01 4.883910412130825996e+09
1.064021504519226902e+01 4.848580321866096497e+09
1.068277590537303823e+01 4.797175846850694656e+09
1.072550700899452991e+01 4.625536123005414009e+09
1.076840903703050856e+01 4.570898093187307358e+09
1.081148267317863088e+01 4.524139393354139328e+09
1.085472860387134553e+01 4.539242326929792404e+09
1.089814751828683015e+01 4.335669111646786690e+09
1.094174010835997635e+01 4.313243765340094566e+09
1.098550706879341909e+01 4.190966134424073219e+09
1.102944909706859100e+01 4.146380825488224506e+09
1.107356689345686540e+01 4.110808983916049957e+09
1.111786116103069233e+01 4.021578553785363674e+09
1.116233260567481622e+01 3.978865550744342804e+09
1.120698193609751492e+01 3.862840080748922825e+09
1.125180986384190440e+01 3.848349984057574272e+09
1.129681710329727373e+01 3.774712338340101242e+09
1.134200437171046083e+01 3.741412077711343288e+09
1.138737238919730466e+01 3.673615541373576164e+09
1.143292187875409383e+01 3.584587246084953785e+09
1.147865356626910938e+01 3.556608504387202263e+09
1.152456818053418530e+01 3.477215813120932102e+09
1.157066645325632237e+01 3.416137811527471542e+09
1.161694911906934635e+01 3.367487758503258705e+09
1.166341691554562487e+01 3.337005924864308834e+09
1.171007058320780736e+01 3.262779461857636452e+09
1.175691086554063958e+01 3.182924274768226147e+09
1.180393850900279951e+01 3.178834648078650475e+09
1.185115426303881137e+01 3.093335641428214073e+09
1.189855888009096674e+01 3.094224966487118244e+09
1.194615311561133097e+01 3.031744915215690136e+09
1.199393772807377623e+01 2.990267962635247707e+09
1.204191347898607134e+01 2.943649468137654781e+09
1.209008113290201614e+01 2.910252028783392906e+09
1.213844145743362368e+01 2.850677337196055412e+09
1.218699522326335938e+01 2.817491619428571701e+09
1.223574320415641381e+01 2.759369565209995747e+09
1.228468617697303777e+01 2.751096544616248608e+09
1.233382492168093059e+01 2.665888573963765144e+09
1.238316022136765504e+01 2.646402662005518436e+09
1.243269286225312520e+01 2.552549141772002220e+09
1.248242363370213859e+01 2.579403718027708054e+09
1.253235332823694748e+01 2.513116636014651775e+09
1.258248274154989410e+01 2.489107176714215279e+09
1.263281267251609385e+01 2.458594720124946117e+09
1.268334392320615756e+01 2.382957356946818352e+09
1.273407729889898299e+01 2.415136358240991592e+09
1.278501360809457665e+01 2.312672742237880707e+09
1.283615366252695544e+01 2.281012321139347076e+09
1.288749827717706253e+01 2.286102542628721237e+09
1.293904827028577031e+01 2.199197318514933109e+09
1.299080446336691352e+01 2.212437351797336578e+09
1.304276768122038099e+01 2.157422345196208477e+09
1.309493875194526424e+01 2.139859323193166733e+09
1.314731850695304693e+01 2.077787182635971069e+09
1.319990778098085649e+01 2.060225751672889948e+09
1.325270741210477965e+01 2.028292098420237541e+09
1.330571824175319939e+01 1.991461383954668045e+09
1.335894111472021173e+01 1.957563963231108665e+09
1.341237687917909227e+01 1.947932948568820953e+09
1.346602638669580898e+01 1.885572086659903526e+09
1.351989049224258999e+01 1.896560054883123398e+09
1.357397005421156067e+01 1.843281928144173384e+09
1.362826593442840917e+01 1.826261271287400007e+09
1.368277899816612297e+01 1.804859961591029167e+09
1.373751011415878942e+01 1.740684455097648382e+09
1.379246015461542463e+01 1.751575296991568089e+09
1.384762999523388416e+01 1.702394995429609299e+09
1.390302051521481808e+01 1.709270261728521109e+09
1.395863259727567751e+01 1.665897876562418699e+09
1.401446712766477987e+01 1.635165738826705217e+09
1.407052499617543972e+01 1.632975855345327616e+09
1.412680709616014063e+01 1.569286167130239248e+09
1.418331432454478147e+01 1.531601834193466663e+09
1.424004758184296193e+01 1.542905218105292320e+09
1.429700777217033369e+01 1.541166893299060106e+09
1.435419580325901379e+01 1.480785831136979103e+09
1.441161258647204946e+01 1.480362044348776579e+09
1.446925903681793812e+01 1.425082855238809109e+09
1.452713607296521126e+01 1.433407196864950895e+09
1.458524461725707155e+01 1.408962618471920490e+09
1.464358559572609764e+01 1.365327127733372450e+09
1.470215993810900557e+01 1.338664029703603268e+09
1.476096857786143879e+01 1.352672905267224550e+09
1.482001245217288599e+01 1.325064690989508867e+09
1.487929250198157760e+01 1.299091569566661596e+09
1.493880967198950316e+01 1.274966647004298925e+09
1.499856491067746056e+01 1.250477860304171085e+09
1.505855917032016933e+01 1.250143134226911306e+09
1.511879340700144958e+01 1.222266604187945366e+09
1.517926858062945605e+01 1.198671784119195223e+09
1.523998565495197433e+01 1.192219181273947954e+09
1.530094559757178274e+01 1.160784860227840900e+09
1.536214937996206764e+01 1.139739574710514545e+09
1.542359797748191674e+01 1.129577295866789341e+09
1.548529236939184450e+01 1.120700613887622118e+09
1.554723353886941339e+01 1.088408220859599829e+09
1.560942247302489072e+01 1.092843597430567980e+09
1.567186016291699069e+01 1.065018116944101214e+09
1.573454760356865556e+01 1.039781362759816647e+09
1.579748579398293096e+01 1.037628223487241864e+09
1.586067573715886247e+01 1.016881031778776050e+09
1.592411844010749888e+01 1.010524529930781960e+09
1.598781491386792730e+01 9.664023047884308100e+08
1.605176617352340074e+01 9.707793032261370420e+08
1.611597323821749228e+01 9.460730938664308786e+08
1.618043713117036120e+01 9.305008933815677166e+08
1.624515887969504391e+01 9.148293076080415249e+08
1.631013951521382310e+01 9.177383717322392464e+08
1.637538007327468037e+01 9.104730823549433947e+08
1.644088159356778078e+01 8.941399151332782507e+08
1.650664511994205341e+01 8.659101226510947943e+08
1.657267170042182158e+01 8.490009371523809433e+08
1.663896238722350418e+01 8.360862317500885725e+08
1.670551823677240222e+01 8.323984550037375689e+08
1.677234030971949608e+01 8.286743174209192991e+08
1.683942967095837062e+01 8.088108017863521576e+08
1.690678738964220429e+01 7.975693451202626228e+08
1.697441453920077237e+01 7.885591840819717646e+08
1.704231219735757108e+01 7.876025800436385870e+08
1.711048144614700561e+01 7.506127034357900620e+08
1.717892337193159236e+01 7.504902447144379616e+08
1.724763906541932101e+01 7.283343274726400375e+08
1.731662962168099895e+01 7.191378178340040445e+08
1.738589614016772344e+01 7.098767080940748453e+08
1.745543972472839300e+01 7.095974220802429914e+08
1.752526148362730751e+01 6.937337809496669769e+08
1.759536252956181812e+01 6.766915315672601461e+08
1.766574397968006238e+01 6.684790515109332800e+08
1.773640695559878466e+01 6.619281821322834492e+08
1.780735258342117433e+01 6.562818249653570652e+08
1.787858199375486024e+01 6.502494226260737181e+08
1.795009632172988034e+01 6.310328632597110271e+08
1.802189670701679702e+01 6.270438263074402809e+08
1.809398429384486562e+01 6.140085324482363462e+08
1.816636023102024211e+01 5.878615481673936844e+08
1.823902567194432578e+01 6.026130380919337273e+08
1.831198177463210186e+01 5.883204251793420315e+08
1.838522970173062987e+01 5.782539556972339153e+08
1.845877062053754969e+01 5.763272940864915848e+08
1.853260570301970134e+01 5.505116862204358578e+08
1.860673612583178027e+01 5.428191029006702900e+08
1.868116307033510637e+01 5.430192567915621996e+08
1.875588772261644976e+01 5.335846658332725167e+08
1.883091127350691352e+01 5.315083077231584191e+08
1.890623491860094063e+01 5.191879068271338940e+08
1.898185985827534594e+01 5.079367214110065699e+08
1.905778729770844748e+01 5.106622319002720118e+08
1.913401844689928311e+01 5.070612091632784605e+08
1.921055452068688041e+01 4.780071028041740656e+08
1.928739673876962968e+01 4.858176367453616858e+08
1.936454632572470658e+01 4.766990546378827095e+08
1.944200451102760141e+01 4.598604866885396242e+08
1.951977252907171589e+01 4.680085510628985763e+08
1.959785161918800256e+01 4.444652288008319736e+08
1.967624302566475691e+01 4.433753035420048237e+08
1.991079942767366973e+01 4.279253806927260160e+08
