# Wavelength (micrometer), Flux (W / m2 / m)
1.000553076518779783e-01 7.337503964970240133e+01
1.004555288824854897e-01 1.091045031651672365e-19
1.008573509980154326e-01 4.047412572629704588e-19
1.012607804020075053e-01 5.642703876685321844e-19
1.016658235236155422e-01 2.268225578756163693e-19
1.020724868177099870e-01 1.554821241094703327e-15
1.024807767649808382e-01 1.318789352808608428e-17
1.028906998720407612e-01 2.177281636996380615e-18
1.033022626715289355e-01 1.324870912735006243e-14
1.037154717222150413e-01 1.380911940179264909e-18
1.041303336091038839e-01 8.768888930773246619e-18
1.045468549435403099e-01 3.998862383675764541e-17
1.049650423633144702e-01 9.638850412528217294e-19
1.053849025327677214e-01 6.198265811619482138e-16
1.058064421428987906e-01 8.269909574725801603e-18
1.062296679114703990e-01 1.530899042947074752e-15
1.066545865831162732e-01 1.877108722038583502e-16
1.070812049294487533e-01 1.023303465862626623e-16
1.075095297491665408e-01 8.421007363819630527e-14
1.079395678681632220e-01 1.597363752594537339e-16
1.083713261396358624e-01 8.144340199269356801e-14
1.088048114441943909e-01 1.165870543392627640e-14
1.092400306899711654e-01 2.306776646677194877e-11
1.096769908127310511e-01 2.858916730457013901e-14
1.101156987759819850e-01 1.976574515807167670e-14
1.105561615710859147e-01 2.367879467719037648e-11
1.109983862173702651e-01 6.106929773749460819e-12
1.114423797622397516e-01 4.763248573976025435e-13
1.118881492812886930e-01 2.906593510591533268e-14
1.123357018784138517e-01 4.009252063671362252e-13
1.127850446859275102e-01 1.565222099345818987e-09
1.132361848646712132e-01 2.086907511004458141e-10
1.136891296041298988e-01 2.452873343596447009e-10
1.141438861225464035e-01 3.125650430441527306e-10
1.146004616670366072e-01 4.125784837198947395e-10
1.150588635137047705e-01 4.153610277988217131e-10
1.155190989677595953e-01 3.294741466919206104e-10
1.159811753636306314e-01 7.580804804669091280e-10
1.164451000650851553e-01 2.727712168411943538e-10
1.169108804653455069e-01 3.038912940427982287e-10
1.173785239872068981e-01 9.120660994705056969e-10
1.178480380831557206e-01 1.528990305927147173e-09
1.183194302354883543e-01 1.727618818907527461e-09
1.187927079564302935e-01 2.768938557664704367e-10
1.192678787882560099e-01 5.293362728800965690e-10
1.197449503034090645e-01 4.782341048144814805e-10
1.202239301046226783e-01 1.057350135866775473e-11
1.207048258250411760e-01 5.850903278609019297e-11
1.211876451283413342e-01 2.205538583636898017e-12
1.216723957088547137e-01 1.029883546351216733e-12
1.221590852916901310e-01 2.907650302188167255e-11
1.226477216328568792e-01 8.006775859149025637e-10
1.231383125193883099e-01 1.584535714489292516e-10
1.236308657694658586e-01 1.577763119567665968e-09
1.241253892325437369e-01 6.628685772281928230e-10
1.246218907894739159e-01 6.426035068941021905e-11
1.251203783526317892e-01 9.491831758837332220e-11
1.256208598660423226e-01 6.116873476910076732e-09
1.261233433055065078e-01 6.830771364153800601e-09
1.266278366787285392e-01 2.836832922700609283e-11
1.271343480254434610e-01 3.157479298257545201e-09
1.276428854175452321e-01 5.875800162455600425e-09
1.281534569592154005e-01 1.061538003661361431e-10
1.286660707870522780e-01 6.920470233065896322e-10
1.291807350702004475e-01 1.626546569498355485e-08
1.296974580104812425e-01 4.779507382603179660e-09
1.302162478425231973e-01 1.920386758218381447e-09
1.307371128338932764e-01 3.119289539531686389e-08
1.312600612852288795e-01 1.529226594759941942e-08
1.317851015303697915e-01 4.357994959713749942e-08
1.323122419364912705e-01 1.778275696273145537e-07
1.328414909042372472e-01 2.240337850634369912e-07
1.333728568678542170e-01 1.803761870138731192e-07
1.339063482953256612e-01 2.961597889466240884e-08
1.344419736885069383e-01 1.648676531332697316e-07
1.349797415832609815e-01 8.940879734086446265e-07
1.355196605495940232e-01 6.641522422056625722e-07
1.360617391917924301e-01 1.803531726218952159e-06
1.366059861485595939e-01 4.829088599532369206e-07
1.371524100931538481e-01 5.461368042562418189e-08
1.377010197335264696e-01 4.211570615155652647e-07
1.382518238124605670e-01 4.357240549624184507e-06
1.388048311077104136e-01 3.358616022366077274e-06
1.393600504321412248e-01 6.917287426827753157e-07
1.399174906338697677e-01 3.993755522689691500e-07
1.404771605964052761e-01 1.329460096108156773e-05
1.410390692387908651e-01 3.375041715652042256e-06
1.416032255157460562e-01 3.639522408259217599e-05
1.421696384178090522e-01 8.227036632848120240e-08
1.427383169714803168e-01 1.246449559632457324e-05
1.433092702393662099e-01 4.102725111428685823e-04
1.438825073203236771e-01 3.917200583421935541e-05
1.444580373496049674e-01 1.983330438156473993e-04
1.450358694990033503e-01 4.774630169531892109e-05
1.456160129769993872e-01 7.132318443515420691e-04
1.461984770289073976e-01 3.477514636261616978e-04
1.467832709370230082e-01 1.703132155207461409e-04
1.473704040207710897e-01 8.004430672563809862e-04
1.479598856368541382e-01 1.912700600095461096e-05
1.485517251794015725e-01 3.506006639481056529e-04
1.491459320801191979e-01 1.262254435293235031e-03
1.497425158084396690e-01 2.158848816018570907e-04
1.503414858716734248e-01 5.531504004582322824e-03
1.509428518151600951e-01 4.902757515491602304e-04
1.515466232224207677e-01 2.312456503254277771e-06
1.521528097153104220e-01 6.034564458661884154e-05
1.527614209541716672e-01 6.356167495452136768e-08
1.533724666379883694e-01 2.124499895300738533e-08
1.539859565045403056e-01 1.099285548677966014e-08
1.546019003305584838e-01 3.230245577688067999e-11
1.552203079318807133e-01 5.351353478041379542e-10
1.558411891636082569e-01 3.480180643437698238e-10
1.564645539202626778e-01 2.019834525783326948e-10
1.570904121359437411e-01 3.628567664047135035e-10
1.577187737844875093e-01 7.501092313297355280e-11
1.583496488796254653e-01 6.403218948008072382e-10
1.589830474751439959e-01 3.339319077212235941e-09
1.596189796650445414e-01 2.399786240332710802e-10
1.602574555837047166e-01 4.322043839843590115e-10
1.608984854060395708e-01 1.761236933114682405e-09
1.615420793476636807e-01 9.431548806431393572e-10
1.621882476650543525e-01 1.316657607402914869e-09
1.628370006557145755e-01 1.187319378745995142e-09
1.634883486583374457e-01 2.350819387480429285e-09
1.641423020529707844e-01 3.989403677215142768e-09
1.647988712611826723e-01 3.890285555138030351e-09
1.654580667462274002e-01 7.183491379958430164e-10
1.661198990132123077e-01 1.067357415470581485e-08
1.667843786092651215e-01 9.467652239296236519e-09
1.674515161237022098e-01 3.159156845779620524e-08
1.681213221881969755e-01 1.060773500842841490e-07
1.687938074769497754e-01 4.330060546041967576e-08
1.694689827068575905e-01 6.138373155396102772e-07
1.701468586376850278e-01 3.179374404909611326e-07
1.708274460722357391e-01 3.586898989320283542e-07
1.715107558565246715e-01 5.336745655576838749e-07
1.721967988799507909e-01 4.702323795556225345e-07
1.728855860754705820e-01 9.145118950034868572e-07
1.735771284197724640e-01 5.260560078333022335e-07
1.742714369334515678e-01 2.966957133636798062e-07
1.749685226811853456e-01 2.072822013234387567e-06
1.756683967719100681e-01 9.050257600853899969e-07
1.763710703589977391e-01 6.722182478570443610e-06
1.770765546404337309e-01 1.261465522632718480e-05
1.777848608589954471e-01 1.243420852413683553e-06
1.784960003024314568e-01 3.617304272142129746e-05
1.792099843036411844e-01 1.749295418583841289e-05
1.799268242408557650e-01 1.561254630377562972e-05
1.806465315378191772e-01 1.906035857887952831e-04
1.813691176639704306e-01 5.038462169842611866e-06
1.820945941346263086e-01 2.049510169390522218e-05
1.828229725111648329e-01 8.904312848964605824e-06
1.835542644012094771e-01 1.984778798592117531e-06
1.842884814588143239e-01 8.612041711604208685e-05
1.850256353846495561e-01 7.472459711636758508e-04
1.857657379261881403e-01 1.829864801204752841e-05
1.865088008778928996e-01 4.005531540635359072e-04
1.872548360814044743e-01 1.524082476469891057e-04
1.880038554257300876e-01 2.722977839261904738e-05
1.887558708474330049e-01 1.331897239514554746e-03
1.895108943308226879e-01 3.003920120386770415e-04
1.902689379081460019e-01 6.517569540661065797e-05
1.910300136597785636e-01 7.221059871940556374e-03
1.917941337144176972e-01 3.447496016312831925e-04
1.925613102492753359e-01 1.241869748994010956e-03
1.933315554902724498e-01 6.162068428544628315e-03
1.941048817122335568e-01 2.099781212191602180e-03
1.948813012390824828e-01 1.029160771555074705e-03
1.956608264440388156e-01 9.686648763736314602e-03
1.964434697498149418e-01 1.035948366247290385e-03
1.972292436288141937e-01 4.293869981458062028e-03
1.980181606033294406e-01 9.799220594676305574e-03
1.988102332457427346e-01 2.491980263231855994e-03
1.996054741787257336e-01 1.594878981942159189e-03
2.004038960754406518e-01 1.960431980944554210e-03
2.012055116597424309e-01 1.453567180290923260e-03
2.020103337063813842e-01 7.701320159328480094e-04
2.028183750412069219e-01 7.440668063109902395e-04
2.036296485413717494e-01 1.283498126772451148e-03
2.044441671355372303e-01 1.055814390321909097e-03
2.052619438040793887e-01 2.777634488227761350e-03
2.060829915792957157e-01 2.039786586740290932e-03
2.069073235456129201e-01 2.088341718133901372e-03
2.077349528397953449e-01 2.495193331170493956e-03
2.085658926511545219e-01 3.628401940939460744e-03
2.094001562217591150e-01 4.160875232134488358e-03
2.102377568466461677e-01 3.951872838299563817e-03
2.110787078740327671e-01 2.777141912596065888e-03
2.119230227055288740e-01 4.728732775281307282e-03
2.127707147963510126e-01 6.015882608692567877e-03
2.136217976555363773e-01 8.096870098886333952e-03
2.144762848461585492e-01 2.752075197471505388e-03
2.153341899855431840e-01 8.411557796134939285e-03
2.161955267454853669e-01 1.422631914228794994e-02
2.170603088524672986e-01 1.813443033812606187e-02
2.179285500878772042e-01 8.854804898359399865e-03
2.188002642882286852e-01 9.375381992444050891e-03
2.196754653453815986e-01 2.771554425900463192e-02
2.205541672067631020e-01 1.772949603968833679e-02
2.214363838755901703e-01 1.482759269774628907e-01
2.223221294110925284e-01 1.852088338040171547e-02
2.232114179287369160e-01 4.323553732459448073e-01
2.241042636004518529e-01 7.781729339022472325e-02
2.250006806548536520e-01 1.336653706173177802e+00
2.259006833774730438e-01 2.147187394915799630e-01
2.268042861109829667e-01 3.995861319061033701e-01
2.277115032554268836e-01 5.224048750855159184e-01
2.286223492684485714e-01 4.362947627034589604e-01
2.295368386655223802e-01 1.622349574547031104e+00
2.304549860201844658e-01 1.010916695674915766e-01
2.313768059642651864e-01 2.560109855096787346e+00
2.323023131881222503e-01 1.298044375957397412e+00
2.332315224408747223e-01 6.623935942977589697e+00
2.341644485306381973e-01 1.251578616401904931e+01
2.351011063247607502e-01 4.353983194321873751e-01
2.360415107500598020e-01 2.023320222157065018e+01
2.369856767930600405e-01 3.266985999388035133e-01
2.379336195002322851e-01 2.200386659533104350e+01
2.388853539782332114e-01 1.177368559222096245e+01
2.398408953941461863e-01 1.264199346466451317e+02
2.408002589757227141e-01 1.618689495463282242e+02
2.417634600116256582e-01 8.051916259450132785e+00
2.427305138516721306e-01 2.070127732866820338e+02
2.437014359070788505e-01 7.994431175753781815e+01
2.446762416507071713e-01 2.004555664223077542e+02
2.456549466173099938e-01 5.826186530744706715e+01
2.466375664037792625e-01 4.431761470234091860e+01
2.476241166693943785e-01 4.342807254537106587e+01
2.486146131360719436e-01 8.159981103241468858e+00
2.496090715886161993e-01 4.486723263642477377e+01
2.506075078749706586e-01 4.268949609017214897e+01
2.516099379064705155e-01 5.932452814368734550e+01
2.526163776580964138e-01 9.300685856448438926e+01
2.536268431687287994e-01 2.870728301603513728e+02
2.546413505414037437e-01 3.232918366553539045e+02
2.556599159435693491e-01 6.988271928597721399e+02
2.566825556073435988e-01 1.274252302375396766e+03
2.577092858297729827e-01 1.763396320367824501e+03
2.587401229730920682e-01 1.374162030601617744e+03
2.597750834649844576e-01 2.886246756186172661e+03
2.608141837988444123e-01 1.737419286418544289e+03
2.618574405340398092e-01 4.422712532135666152e+03
2.629048702961759298e-01 7.088640110922607164e+03
2.639564897773606367e-01 9.077395640959039156e+03
2.650123157364701054e-01 7.532960739526431098e+03
2.660723649994159445e-01 5.929118081242037078e+03
2.671366544594135917e-01 4.528650355221744576e+03
2.682052010772512096e-01 5.559553702701382463e+03
2.692780218815602478e-01 3.139072737082819913e+03
2.703551339690865030e-01 3.714701521506476183e+03
2.714365545049627904e-01 1.939274490291390748e+03
2.725223007229827243e-01 1.662398998799798619e+03
2.736123899258746106e-01 1.676386822268119658e+03
2.747068394855781692e-01 1.689855415134592477e+03
2.758056668435204806e-01 1.847834587445451916e+03
2.769088895108945403e-01 2.069878264632422542e+03
2.780165250689380918e-01 1.469832921710219352e+03
2.791285911692138466e-01 1.145486002658881034e+03
2.802451055338907038e-01 8.096822631692623418e+02
2.813660859560263017e-01 5.974132994457531822e+02
2.824915502998503469e-01 4.053183948853126140e+02
2.836215165010497197e-01 2.612465176898689379e+02
2.847560025670539119e-01 1.887941465624161594e+02
2.858950265773221866e-01 2.258815245344795812e+02
2.870386066836315142e-01 4.061555387720937915e+02
2.881867611103660631e-01 7.768107177052888801e+02
2.893395081548075787e-01 1.399187479692047418e+03
2.904968661874267610e-01 2.444420604520183133e+03
2.916588536521764197e-01 4.271655229061057980e+03
2.928254890667851273e-01 7.149853029417212383e+03
2.939967910230522619e-01 9.600045963673288497e+03
2.951727781871444911e-01 1.189026486939129791e+04
2.963534692998930908e-01 1.650416964239964364e+04
2.975388831770926501e-01 1.948404188717700163e+04
2.987290387098009981e-01 2.676819726793005248e+04
2.999239548646402409e-01 2.816345904950470867e+04
3.011236506840988536e-01 4.320491778141042596e+04
3.023281452868351593e-01 3.026799201786970298e+04
3.035374578679824742e-01 7.111482444254512666e+04
3.047516076994544187e-01 8.144888808165749651e+04
3.059706141302522830e-01 1.109790161436282506e+05
3.071944965867733357e-01 4.143096122553111636e+05
3.084232745731204095e-01 8.203001383583397837e+05
3.096569676714128194e-01 9.414394456902252277e+05
3.108955955420985018e-01 1.694563109157909872e+06
3.121391779242668751e-01 2.186572648531468119e+06
3.133877346359639215e-01 2.943604322915851604e+06
3.146412855745078230e-01 3.561443638765121344e+06
3.158998507168058190e-01 5.017916458203422837e+06
3.171634501196730627e-01 6.290851671777311713e+06
3.184321039201517545e-01 3.474139013603745028e+06
3.197058323358323295e-01 2.212175535260343459e+06
3.209846556651756444e-01 8.147363358263468370e+06
3.222685942878363852e-01 9.188297058890916407e+06
3.235576686649877520e-01 8.253243943564559333e+06
3.248518993396476984e-01 1.653929868075948581e+07
3.261513069370062801e-01 2.014886786513657868e+07
3.274559121647543369e-01 2.839909322289896384e+07
3.287657358134133401e-01 2.752842135000810772e+07
3.300807987566670154e-01 5.126308995715892874e+06
3.314011219516936890e-01 2.536426327480059117e+07
3.327267264395004642e-01 5.095266199258764833e+07
3.340576333452584534e-01 5.049286421602917463e+07
3.353938638786395088e-01 5.004380790329342335e+07
3.367354393341540630e-01 5.096223376972191036e+07
3.380823810914907468e-01 5.364462108023401350e+07
3.394347106158566718e-01 7.531988481760527194e+07
3.407924494583201014e-01 5.952776467989565432e+07
3.421556192561533982e-01 3.220237657068367302e+07
3.435242417331779707e-01 3.886781741629526950e+06
3.448983387001106626e-01 5.521240459836497903e+06
3.462779320549111417e-01 8.046221474397109821e+06
3.476630437831307319e-01 4.190061131104086060e+06
3.490536959582632992e-01 4.220974830039579421e+06
3.504499107420963600e-01 5.074383637735555321e+07
3.518517103850647421e-01 5.318125596294588596e+07
3.532591172266050239e-01 1.162252170866472125e+08
3.546721536955114717e-01 2.251023321786671579e+08
3.560908423102934761e-01 7.067488960492855310e+07
3.575152056795346533e-01 2.917679399574408308e+07
3.589452665022527800e-01 1.108647513744686246e+08
3.603810475682617254e-01 1.809805743907914460e+08
3.618225717585348278e-01 1.230382238554654270e+08
3.632698620455689364e-01 1.133465422309193164e+08
3.647229414937512293e-01 8.915866145795714855e+07
3.661818332597261971e-01 1.944850253150419891e+08
3.676465605927651259e-01 5.131096142876517773e+07
3.691171468351361895e-01 4.706565505400647968e+07
3.705936154224767076e-01 1.074367171675911546e+07
3.720759898841666247e-01 3.967686210582331754e+06
3.735642938437032656e-01 4.426938919553327374e+06
3.750585510190780902e-01 8.684301847956277430e+06
3.765587852231543908e-01 5.857781030290184170e+07
3.780650203640470441e-01 2.037889888396871388e+08
3.795772804455032068e-01 1.424948441888360083e+08
3.810955895672852312e-01 1.594778299091743529e+08
3.826199719255543585e-01 2.233725034862748533e+07
3.841504518132565771e-01 6.140344908965895325e+07
3.856870536205096456e-01 9.644698543208824471e+06
3.872298018349916715e-01 2.273897426912433282e+07
3.887787210423316320e-01 1.615480538455444388e+07
3.903338359265008939e-01 4.233666492476131022e+07
3.918951712702069545e-01 6.657662214849008620e+07
3.934627519552877928e-01 1.678662592458207905e+08
3.950366029631089404e-01 6.594676371553140879e+08
3.966167493749613859e-01 1.028989516215812683e+09
3.982032163724612550e-01 1.269587141603199720e+09
3.997960292379510450e-01 1.357572074375644445e+09
4.013952133549028578e-01 1.833387141161991835e+09
4.030007942083224659e-01 2.047206785663628817e+09
4.046127973851557647e-01 7.396588467005662918e+08
4.062312485746963908e-01 1.378868644030645847e+09
4.078561735689951728e-01 1.222735138171458006e+09
4.094875982632711353e-01 1.348270071275752544e+09
4.111255486563242245e-01 1.284758406530565500e+09
4.127700508509495880e-01 1.004267009085466027e+09
4.144211310543532978e-01 8.193294593552973270e+08
4.160788155785707931e-01 6.855396708917090893e+08
4.177431308408850463e-01 4.808648532418867946e+08
4.194141033642486138e-01 3.502586763964319229e+08
4.210917597777056320e-01 2.327917475285988152e+08
4.227761268168164221e-01 2.407253054692988396e+08
4.244672313240837602e-01 2.930910792972168326e+08
4.261651002493800910e-01 3.713938678366687298e+08
4.278697606503775730e-01 5.273495101976152062e+08
4.295812396929790666e-01 7.195300694248825312e+08
4.312995646517510107e-01 1.076455888099819660e+09
4.330247629103580187e-01 1.544385395383227110e+09
4.347568619619994745e-01 2.089753153760593653e+09
4.364958894098474596e-01 1.516189487836545706e+09
4.382418729674867897e-01 1.327491359528875828e+09
4.399948404593567730e-01 2.857409908406399250e+09
4.417548198211941890e-01 3.299142821965650558e+09
4.435218391004789873e-01 2.660233044385147095e+09
4.452959264568808750e-01 3.873696775183566570e+09
4.470771101627084021e-01 3.835400977261636734e+09
4.488654186033592119e-01 4.617340283922319412e+09
4.506608802777726241e-01 6.976121135357865334e+09
4.524635237988837710e-01 6.990551710817780495e+09
4.542733778940792333e-01 7.800504946128324509e+09
4.560904714056555065e-01 8.226833793217156410e+09
4.579148332912781894e-01 8.068963847377544403e+09
4.597464926244433370e-01 5.653450972063941956e+09
4.615854785949410899e-01 1.121145991005038643e+10
4.634318205093208576e-01 6.235433949184734344e+09
4.652855477913582227e-01 9.495098427109718323e+09
4.671466899825236219e-01 8.660370413500230789e+09
4.690152767424536906e-01 1.044631829849141121e+10
4.708913378494234969e-01 1.444527317741255760e+10
4.727749032008212171e-01 1.315668514211521149e+10
4.746660028136244769e-01 1.543649528192631531e+10
4.765646668248789131e-01 6.973723935359749794e+09
4.784709254921784560e-01 5.227026880840630531e+09
4.803848091941470555e-01 6.472906370787315369e+09
4.823063484309236815e-01 7.468063578831538200e+09
4.842355738246474361e-01 1.214987405923200607e+10
4.861725161199459966e-01 1.123903753044169617e+10
4.881172061844257226e-01 1.651538631291481972e+10
4.900696750091634302e-01 1.166971310056700516e+10
4.920299537092001074e-01 1.681591751917472076e+10
4.939980735240369625e-01 2.237182402182845688e+10
4.959740658181330253e-01 1.016434143307364464e+10
4.979579620814056362e-01 9.938631625357620239e+09
4.999497939297311566e-01 9.276217049016286850e+09
5.019495931054501758e-01 7.335977494314786911e+09
5.039573914778719965e-01 1.090528036141348457e+10
5.059732210437835054e-01 8.363576001922612190e+09
5.079971139279585435e-01 9.191738477054813385e+09
5.100291023836703852e-01 8.083577520731721878e+09
5.120692187932051054e-01 7.365666086949983597e+09
5.141174956683780550e-01 6.874116136273120880e+09
5.161739656510514473e-01 4.912790068998802185e+09
5.182386615136556074e-01 2.497701744664382458e+09
5.203116161597103329e-01 5.511508002828191757e+09
5.223928626243490303e-01 1.300789543297006035e+10
5.244824340748465152e-01 1.090753706603628731e+10
5.265803638111459239e-01 8.145316528224843979e+09
5.286866852663905103e-01 1.204154311293493080e+10
5.308014320074561088e-01 1.220368174791344452e+10
5.329246377354859288e-01 9.081625208381935120e+09
5.350563362864277916e-01 1.159053255404724884e+10
5.371965616315735881e-01 9.138351063881343842e+09
5.393453478780998456e-01 9.841527836349086761e+09
5.415027292696121819e-01 9.719577937600292206e+09
5.436687401866906466e-01 7.981046599767847061e+09
5.458434151474373941e-01 5.502048866333254814e+09
5.480267888080271321e-01 6.770890804992782593e+09
5.502188959632591247e-01 6.656690729973825455e+09
5.524197715471121928e-01 6.997671122901258469e+09
5.546294506333006025e-01 7.375958016580498695e+09
5.568479684358338400e-01 6.670666151351284981e+09
5.590753603095770519e-01 5.560122167117821693e+09
5.613116617508153716e-01 4.505719551878355980e+09
5.635569083978186899e-01 3.994143421423104286e+09
5.658111360314097560e-01 4.231855936593844414e+09
5.680743805755354980e-01 3.696779662076827049e+09
5.703466780978375672e-01 3.622210223591767788e+09
5.726280648102289872e-01 3.180769327078598976e+09
5.749185770694699160e-01 2.641110975508277416e+09
5.772182513777477375e-01 2.094245166031440020e+09
5.795271243832587071e-01 1.628493297766801834e+09
5.818452328807918184e-01 1.123110392964115620e+09
5.841726138123150003e-01 6.873532289680567980e+08
5.865093042675643131e-01 2.217261730113427937e+08
5.888553414846344758e-01 9.032766962509386241e+06
5.912107628505729462e-01 8.119356745262756944e+07
5.935756059019753339e-01 5.664255809304884672e+08
5.959499083255832552e-01 1.260659342394928694e+09
5.983337079588855190e-01 2.131918348493222713e+09
6.007270427907210886e-01 3.258062154819877625e+09
6.031299509618840426e-01 4.765288875025636673e+09
6.055424707657315331e-01 6.702953924899232864e+09
6.079646406487945187e-01 8.969472835721326828e+09
6.103964992113897203e-01 1.121076045475974274e+10
6.128380852082353503e-01 1.421882240475277328e+10
6.152894375490681744e-01 1.335159166439441872e+10
6.177505952992645710e-01 8.263968158242135048e+09
6.202215976804615893e-01 8.206621869496973038e+09
6.227024840711834486e-01 7.426517020960686684e+09
6.251932940074681477e-01 1.032680988650338936e+10
6.276940671834980723e-01 1.318441400448394585e+10
6.302048434522321552e-01 1.672824287094514847e+10
6.327256628260409244e-01 2.096860320626507568e+10
6.352565654773452142e-01 2.265520766951402283e+10
6.377975917392545435e-01 2.199547140919138718e+10
6.403487821062116003e-01 3.189137503473796844e+10
6.429101772346363930e-01 3.772765407401670074e+10
6.454818179435749537e-01 5.001418224239978790e+10
6.480637452153492628e-01 5.539611231472692871e+10
6.506560001962106154e-01 6.211174091502542877e+10
6.532586241969955410e-01 7.690812220979132080e+10
6.558716586937833881e-01 5.534291354702210236e+10
6.584951453285585732e-01 4.913918565594435883e+10
6.611291259098727169e-01 4.569533020059391022e+10
6.637736424135122215e-01 3.856731180231759644e+10
6.664287369831662922e-01 3.153651403683227539e+10
6.690944519310989547e-01 3.013153810749110413e+10
6.717708297388232941e-01 2.959102058824118805e+10
6.744579130577786907e-01 3.214406114163909912e+10
6.771557447100098326e-01 4.463817060271569061e+10
6.798643676888498355e-01 3.675227617421041107e+10
6.825838251596052508e-01 3.944914980773731995e+10
6.853141604602436265e-01 3.926904736000404358e+10
6.880554171020846210e-01 3.727598815092416382e+10
6.908076387704928933e-01 3.944548225876149750e+10
6.935708693255748791e-01 4.616461358419075012e+10
6.963451528028771209e-01 6.232490125635430908e+10
6.991305334140887062e-01 8.193550623428327942e+10
7.019270555477450380e-01 1.055859068628585815e+11
7.047347637699360456e-01 1.428024967535011902e+11
7.075537028250157290e-01 6.913730434285273743e+10
7.103839176363159202e-01 4.784613010452770996e+10
7.132254533068611568e-01 4.796914956437640381e+10
7.160783551200886610e-01 5.347497963093618774e+10
7.189426685405689854e-01 7.555506891813882446e+10
7.218184392147313222e-01 7.691519462301171875e+10
7.247057129715901436e-01 1.142393335178787231e+11
7.276045358234763949e-01 1.391990206947174988e+11
7.305149539667704639e-01 1.784458093379340820e+11
7.334370137826373703e-01 2.103504809615381470e+11
7.363707618377679509e-01 2.180812908383174744e+11
7.393162448851190449e-01 2.162417889906979065e+11
7.422735098646596752e-01 2.084092582313930054e+11
7.452426039041182282e-01 1.918590014610553589e+11
7.482235743197346300e-01 1.859029337044043884e+11
7.512164686170136330e-01 1.745541755767449951e+11
7.542213344914817652e-01 1.681675134742676086e+11
7.572382198294477229e-01 1.511633964969389648e+11
7.602671727087656484e-01 9.765547264649539185e+10
7.633082413996006288e-01 4.360380110824160004e+10
7.663614743651989691e-01 2.005234212775306225e+09
7.694269202626597970e-01 2.770751600519601822e+09
7.725046279437104424e-01 2.635534558319118500e+10
7.755946464554852593e-01 6.459470080834141541e+10
7.786970250413072225e-01 1.047676977778351593e+11
7.818118131414724115e-01 1.388749040039577942e+11
7.849390603940383793e-01 1.356417069392234192e+11
7.880788166356144098e-01 1.671401447970575256e+11
7.912311319021569922e-01 1.780284608840559387e+11
7.943960564297655180e-01 2.161223920978295898e+11
7.975736406554845281e-01 2.416081562001289368e+11
8.007639352181065151e-01 2.924706007639544067e+11
8.039669909589789443e-01 3.213467541721636353e+11
8.071828589228148276e-01 3.563788043484298096e+11
8.104115903585061842e-01 3.935412377834860840e+11
8.136532367199402760e-01 4.438876576465394897e+11
8.169078496668199518e-01 4.126536219202739868e+11
8.201754810654874328e-01 2.840960747368827515e+11
8.234561829897493190e-01 4.272152659198615112e+11
8.267500077217083687e-01 4.413649418203844604e+11
8.300570077525952772e-01 4.045300780143918457e+11
8.333772357836056743e-01 4.587869683311013184e+11
8.367107447267401188e-01 4.458025629235624390e+11
8.400575877056470908e-01 4.618128143708534546e+11
8.434178180564695371e-01 3.667477891101107788e+11
8.467914893286955236e-01 2.173887552973168335e+11
8.501786552860102208e-01 2.818388294243640747e+11
8.535793699071543283e-01 3.167256857505526123e+11
8.569936873867830540e-01 3.904428071235181885e+11
8.604216621363300899e-01 4.457601362221276245e+11
8.638633487848753623e-01 3.713525879952831421e+11
8.673188021800150027e-01 4.719966132080719604e+11
8.707880773887352044e-01 3.083296327417404785e+11
8.742712296982900755e-01 3.450243230564112549e+11
8.777683146170831563e-01 4.406057221631563721e+11
8.812793878755513788e-01 4.604716122100772705e+11
8.848045054270535781e-01 5.208544582032589111e+11
8.883437234487617795e-01 3.075088762015303345e+11
8.918970983425568155e-01 4.661336845221760864e+11
8.954646867359271623e-01 4.319196077464614258e+11
8.990465454828707736e-01 5.201892191995945435e+11
9.026427316648023558e-01 4.680919136657073364e+11
9.062533025914615292e-01 4.674117635449288940e+11
9.098783158018273198e-01 5.691709279129553223e+11
9.135178290650346478e-01 6.007524116792694092e+11
9.171719003812948134e-01 6.630465602388024902e+11
9.208405879828199803e-01 7.117830125822969971e+11
9.245239503347512100e-01 6.875641840083454590e+11
9.282220461360901620e-01 6.668698483028292236e+11
9.319349343206346781e-01 6.398829716896682129e+11
9.356626740579171431e-01 6.588758367596274414e+11
9.394053247541488405e-01 5.924759047887385254e+11
9.431629460531654185e-01 6.847845380848156738e+11
9.469355978373780180e-01 7.494430552522888184e+11
9.507233402287275092e-01 7.787804086837043457e+11
9.545262335896426142e-01 8.009252853098603516e+11
9.583443385240012491e-01 7.644542637913424072e+11
9.621777158780971950e-01 7.859204865953919678e+11
9.660264267416096562e-01 7.869841279283890381e+11
9.698905324485760371e-01 8.381816226421098633e+11
9.737700945783701600e-01 7.542624749496398926e+11
9.776651749566835914e-01 7.306009938331469727e+11
9.815758356565105203e-01 7.755431177157059326e+11
9.855021389991363012e-01 7.406540092466247559e+11
9.894441475551331022e-01 6.049510351039960938e+11
9.934019241453534432e-01 2.874039682695474243e+11
9.973755318419349480e-01 3.838318141796164551e+11
1.001365033969302543e+00 3.951220336656643066e+11
1.005370494105179757e+00 3.828638448338079224e+11
1.009391976081600362e+00 4.740964206124373779e+11
1.013429543985926884e+00 4.915506285821353760e+11
1.017483262161870350e+00 5.045056116985739136e+11
1.021553195210518128e+00 5.309411485649166870e+11
1.025639407991360219e+00 5.135230810532058105e+11
1.029741965623325539e+00 4.732989858721799927e+11
1.033860933485818867e+00 4.859839956578460083e+11
1.037996377219762012e+00 6.018697582954074707e+11
1.042148362728641198e+00 6.055550070150628662e+11
1.046316956179555557e+00 6.823978970961177979e+11
1.050502224004274066e+00 6.673182703358068848e+11
1.054704232900291139e+00 7.545309605794056396e+11
1.058923049831892227e+00 7.477510902578807373e+11
1.063158742031219628e+00 7.545811201425875244e+11
1.067411376999344741e+00 7.064611670365939941e+11
1.071681022507342096e+00 7.342976854536112061e+11
1.075967746597371377e+00 8.165671507418988037e+11
1.080271617583760779e+00 8.286366527743677979e+11
1.084592704054095913e+00 8.846742010211066895e+11
1.088931074870312044e+00 8.869835326249615479e+11
1.093286799169793433e+00 8.941200153828492432e+11
1.097659946366472461e+00 8.637212570077185059e+11
1.102050586151938294e+00 8.818060437213449707e+11
1.106458788496546219e+00 8.562690804975057373e+11
1.110884623650532532e+00 8.383097257734309082e+11
1.115328162145134749e+00 8.927136310562697754e+11
1.119789474793714934e+00 9.044576120477817383e+11
1.124268632692889902e+00 9.534236550939034424e+11
1.128765707223661430e+00 9.612293758392562256e+11
1.133280770052556230e+00 9.197477408439238281e+11
1.137813893132766374e+00 7.569253995161052246e+11
1.142365148705297484e+00 8.081377869729858398e+11
1.146934609300118479e+00 9.878178732906301270e+11
1.151522347737319096e+00 1.034257633570938110e+12
1.156128437128268516e+00 1.013474328977145020e+12
1.160752950876781542e+00 1.020694031420140259e+12
1.165395962680288999e+00 1.016332711037338623e+12
1.170057546531009907e+00 7.931797707180482178e+11
1.174737776717134086e+00 8.663996693730222168e+11
1.179436727824002773e+00 7.339033182182172852e+11
1.184154474735298557e+00 9.826805729080228271e+11
1.188891092634239977e+00 1.047782767665290039e+12
1.193646657004777012e+00 1.020824173828252808e+12
1.198421243632796118e+00 8.546146366197116699e+11
1.203214928607327261e+00 8.868815582732315674e+11
1.208027788321756724e+00 1.003737710999106689e+12
1.212859899475043468e+00 9.452965665975787354e+11
1.217711339072943710e+00 1.029666031621940430e+12
1.222582184429235275e+00 9.795303401415432129e+11
1.227472513166952384e+00 1.072711452109926758e+12
1.232382403219620226e+00 1.043785867503662476e+12
1.237311932832498407e+00 1.024640816315004150e+12
1.242261180563828615e+00 7.534364325295052490e+11
1.247230225286083849e+00 9.814939105643128662e+11
1.252219146187228072e+00 7.629242338121755371e+11
1.257228022771976983e+00 9.904955896201492920e+11
1.262256934863064783e+00 1.002090125308174316e+12
1.267305962602517155e+00 1.080023443680285767e+12
1.272375186452927354e+00 1.060031954796159058e+12
1.277464687198738957e+00 1.065812866393816528e+12
1.282574545947533950e+00 1.085262658911804443e+12
1.287704844131324133e+00 9.754968518362078857e+11
1.292855663507849417e+00 9.706029016428728027e+11
1.298027086161880783e+00 1.015939973834789795e+12
1.303219194506528344e+00 1.044462917562208252e+12
1.308432071284554521e+00 1.025363489069135742e+12
1.313665799569692760e+00 1.063113254016217163e+12
1.318920462767971591e+00 1.055595181432679688e+12
1.324196144619043336e+00 9.945823131346358643e+11
1.329492929197519491e+00 9.050543329240778809e+11
1.334810900914309650e+00 6.192537677911071777e+11
1.340150144517967101e+00 5.370997136857956543e+11
1.345510745096038852e+00 5.002834547576063843e+11
1.350892788076423212e+00 4.896555043896091919e+11
1.356296359228728932e+00 4.429536501363225708e+11
1.361721544665643879e+00 5.020503459488987427e+11
1.367168430844306393e+00 5.452959061243605347e+11
1.372637104567683730e+00 5.457643035062358398e+11
1.378127652985954299e+00 6.001717297120919189e+11
1.383640163597898098e+00 5.613062372109350586e+11
1.389174724252289828e+00 5.465627630118954468e+11
1.394731423149298877e+00 5.035952655885732422e+11
1.400310348841896202e+00 4.858722615457756348e+11
1.405911590237263642e+00 5.083902948019439697e+11
1.411535236598212784e+00 4.409904805953602905e+11
1.417181377544605603e+00 4.391925647322551880e+11
1.422850103054784210e+00 4.398450211545426636e+11
1.428541503467003038e+00 4.417838348337702026e+11
1.434255669480871243e+00 4.361244320840277100e+11
1.439992692158794885e+00 4.543987827774464111e+11
1.445752662927429988e+00 4.820074018738836060e+11
1.451535673579139596e+00 5.002872052337299805e+11
1.457341816273456159e+00 5.356626766618395996e+11
1.463171183538549913e+00 5.176567147589077759e+11
1.469023868272704147e+00 5.071275166987957764e+11
1.474899963745795128e+00 5.361897323222033691e+11
1.480799563600778246e+00 5.512208190633201904e+11
1.486722761855181485e+00 5.556959875901000977e+11
1.492669652902602007e+00 5.697481457781488037e+11
1.498640331514212276e+00 5.847772920080947266e+11
1.504634892840269300e+00 6.028457139176838379e+11
1.510653432411630304e+00 6.104697468888371582e+11
1.516696046141276843e+00 6.300450014127451172e+11
1.522762830325842032e+00 6.592548813068869629e+11
1.528853881647145307e+00 6.729331682409569092e+11
1.534969297173733649e+00 6.771393547143140869e+11
1.541109174362428780e+00 6.890682091930960693e+11
1.547273611059878373e+00 7.197140096528094482e+11
1.553462705504118135e+00 7.277313198237188721e+11
1.559676556326134556e+00 7.350128530801791992e+11
1.565915262551438980e+00 7.539659086044279785e+11
1.572178923601644795e+00 7.610973071318571777e+11
1.578467639296051495e+00 7.797221490365504150e+11
1.584781509853235626e+00 7.890317812538419189e+11
1.591120635892648405e+00 7.897465185081060791e+11
1.597485118436219098e+00 7.999711303212072754e+11
1.603875058909963958e+00 8.033071581641402588e+11
1.610290559145603595e+00 8.031123343575599365e+11
1.616731721382186127e+00 8.097732300962565918e+11
1.623198648267714761e+00 8.074697216169108887e+11
1.629691442860785600e+00 8.087632237953530273e+11
1.636210208632228769e+00 8.125149152104411621e+11
1.642755049466757766e+00 8.092382548984754639e+11
1.649326069664624805e+00 8.069547673231444092e+11
1.655923373943283039e+00 8.027506733828051758e+11
1.662547067439056336e+00 7.960524368835916748e+11
1.669197255708812611e+00 7.926543870795577393e+11
1.675874044731648027e+00 7.886754425954071045e+11
1.682577540910574321e+00 7.825061511677175293e+11
1.689307851074216771e+00 7.638353299866086426e+11
1.696065082478513508e+00 7.452894865177987061e+11
1.702849342808427480e+00 7.276346310541600342e+11
1.709660740179661298e+00 6.948751704480421143e+11
1.716499383140379864e+00 6.427176212226373291e+11
1.723365380672941427e+00 6.280360638102375488e+11
1.730258842195633306e+00 5.896321205135236816e+11
1.737179877564415831e+00 5.553867379699455566e+11
1.744128597074673603e+00 5.148164278263167725e+11
1.751105111462972097e+00 4.967052333278690186e+11
1.758109531908824241e+00 4.521336006050548096e+11
1.765141970036459451e+00 4.236441661206745605e+11
1.772202537916605314e+00 4.032191286655839233e+11
1.779291348068271716e+00 3.607782396325305786e+11
1.786408513460544745e+00 3.427539839571984863e+11
1.793554147514387020e+00 3.163620065205880737e+11
1.800728364104444257e+00 3.176817577474780273e+11
1.807931277560862249e+00 2.898932120058000488e+11
1.815163002671105641e+00 3.051717661328588257e+11
1.822423654681789795e+00 3.065771621309510498e+11
1.829713349300517100e+00 2.842948891738187256e+11
1.837032202697718830e+00 2.914512495961764526e+11
1.844380331508509885e+00 2.673340425077492676e+11
1.851757852834543527e+00 2.514924604248500977e+11
1.859164884245881888e+00 2.110902165994489136e+11
1.866601543782865358e+00 2.410760466878692932e+11
1.874067949957996859e+00 2.435487502146212769e+11
1.881564221757828781e+00 2.702875414018874817e+11
1.889090478644860127e+00 2.807123324610080566e+11
1.896646840559439662e+00 3.026379763312562866e+11
1.904233427921677269e+00 2.940082134240819702e+11
1.911850361633363971e+00 3.131217540461373901e+11
1.919497763079897279e+00 2.947333504794553223e+11
1.927175754132217200e+00 2.872801405834542236e+11
1.934884457148745796e+00 2.761280323006992798e+11
1.942623994977340729e+00 2.429551187463563843e+11
1.950394490957250149e+00 2.680726526664158936e+11
1.958196068921079336e+00 2.406703454442757263e+11
1.966028853196763793e+00 2.554644791147893677e+11
1.973892968609550991e+00 2.431320999095548706e+11
1.981788540483989447e+00 2.438123144261672668e+11
1.989715694645925126e+00 2.455242705731611328e+11
1.997674557424508723e+00 2.493871741184898682e+11
2.005665255654207169e+00 2.567184600509245605e+11
2.013687916676823786e+00 2.561576040746566467e+11
2.021742668343530891e+00 2.754801186095676270e+11
2.029829639016905052e+00 2.692586700192730408e+11
2.037948957572972564e+00 2.813477496251179810e+11
2.046100753403264694e+00 2.876678508070502319e+11
2.054285156416877811e+00 3.023680457465894775e+11
2.062502297042545507e+00 3.020858014405946045e+11
2.070752306230715600e+00 3.140729557577446289e+11
2.079035315455638244e+00 3.166491780818934937e+11
2.087351456717461140e+00 3.202297904659556274e+11
2.095700862544330967e+00 3.253811879136408691e+11
2.104083665994508134e+00 3.314915160728176270e+11
2.112500000658485977e+00 3.341137670934860840e+11
2.120950000661120161e+00 3.342167751072914429e+11
2.129433800663764753e+00 3.331427546751463013e+11
2.137951535866419839e+00 3.344151869653833008e+11
2.146503342009885351e+00 3.365984504763062744e+11
2.155089355377924676e+00 3.334812437126008911e+11
2.163709712799436691e+00 3.315850395871502686e+11
2.172364551650634468e+00 3.294857201297612305e+11
2.181054009857236853e+00 3.252334477575114746e+11
2.189778225896665376e+00 3.214409029731901855e+11
2.198537338800252705e+00 3.176257546902538452e+11
2.207331488155453325e+00 3.125989613701276245e+11
2.216160814108075083e+00 3.093383392466893311e+11
2.225025457364507631e+00 3.053017731233056641e+11
2.233925559193965515e+00 3.014559725430443726e+11
2.242861261430741493e+00 2.966082494237680054e+11
2.251832706476463830e+00 2.921574173932770996e+11
2.260840037302370042e+00 2.878585887176126709e+11
2.269883397451579299e+00 2.830237489763522339e+11
2.278962931041386142e+00 2.795301009279421997e+11
2.288078782765551100e+00 2.764756061132976074e+11
2.297231097896613505e+00 2.455121520921119080e+11
2.306420022288200311e+00 2.504991994634203491e+11
2.315645702377353121e+00 2.430878730673750305e+11
2.324908285186861878e+00 2.335945242300573425e+11
2.334207918327609654e+00 2.351511574287459717e+11
2.343544750000919663e+00 2.297319080167009888e+11
2.352918929000923143e+00 2.254397765334578247e+11
2.362330604716927240e+00 2.188916379007605591e+11
2.371779927135795329e+00 2.205600290185222778e+11
2.381267046844337987e+00 2.131640539905342712e+11
2.390792115031715070e+00 2.094176378074450684e+11
2.400355283491842240e+00 2.055868214780457764e+11
2.409956704625809465e+00 1.919977377187052917e+11
2.419596531444312859e+00 1.849453741372503967e+11
2.429274917570089620e+00 1.731778278160805054e+11
2.438992017240370291e+00 1.604124145085959778e+11
2.448747985309331465e+00 1.463381662293910828e+11
2.458542977250568917e+00 1.457758311032297058e+11
2.468377149159570738e+00 1.366907972804588776e+11
2.478250657756209563e+00 1.167126745360674286e+11
2.488163660387234355e+00 1.188736040446071777e+11
2.498116315028783063e+00 1.171151710903536682e+11
2.508108780288898387e+00 9.781361765502474976e+10
2.518141215410053757e+00 9.858183685777589417e+10
2.528213780271693967e+00 8.897010386406373596e+10
2.538326635392781139e+00 8.747149385755895996e+10
2.548479941934351789e+00 8.426561807932897949e+10
2.558673861702089436e+00 8.736251883409593201e+10
2.568908557148898097e+00 8.997019198393885803e+10
2.579184191377493551e+00 8.570264070231010437e+10
2.589500928143003478e+00 8.972134446468495178e+10
2.599858931855575594e+00 9.333802300988725281e+10
2.610258367582998229e+00 1.034020732187438202e+11
2.620699401053329769e+00 1.002286324599023438e+11
2.631182198657543214e+00 9.954400808171228027e+10
2.641706927452173392e+00 1.073663039677218170e+11
2.652273755161981938e+00 1.111374239791270752e+11
2.662882850182629824e+00 1.086962649285195312e+11
2.673534381583360542e+00 8.452498836487329102e+10
2.684228519109693956e+00 7.905152489307379150e+10
2.694965433186132575e+00 7.601915538702536011e+10
2.705745294918877164e+00 7.507942702839607239e+10
2.716568276098552559e+00 7.360323036010386658e+10
2.727434549202946812e+00 7.741745230163464355e+10
2.738344287399758326e+00 7.420552335858033752e+10
2.749297664549357201e+00 8.285927077839248657e+10
2.760294855207554576e+00 7.900024470187948608e+10
2.771336034628385292e+00 7.543908285078346252e+10
2.782421378766898545e+00 6.949951542682948303e+10
2.793551064281966312e+00 8.112714703984843445e+10
2.804725268539093985e+00 6.844030692940077972e+10
2.815944169613250558e+00 7.061882985268832397e+10
2.827207946291703244e+00 8.301210642453297424e+10
2.838516778076869862e+00 6.865662771009589386e+10
2.849870845189177437e+00 7.004741359205940247e+10
2.861270328569933685e+00 7.718831997881944275e+10
2.872715409884213589e+00 7.154066853182537842e+10
2.884206271523750420e+00 7.268723646735409546e+10
2.895743096609845413e+00 7.454663499058592224e+10
2.907326068996284985e+00 7.113208630247427368e+10
2.918955373272270393e+00 7.400323971173475647e+10
2.930631194765359826e+00 7.515175676541204834e+10
2.942353719544420709e+00 7.301799885770053101e+10
2.954123134422598440e+00 7.443745508151083374e+10
2.965939626960289122e+00 7.302362636385391235e+10
2.977803385468130504e+00 7.726315338222802734e+10
2.989714599010003138e+00 7.664448765053694153e+10
3.001673457406043077e+00 7.751578766477645874e+10
3.013680151235667015e+00 8.214166565367608643e+10
3.025734871840609408e+00 7.488278728482176208e+10
3.037837811327972037e+00 8.558044310353379822e+10
3.049989162573283785e+00 7.696717063675474548e+10
3.062189119223576395e+00 8.562622017486546326e+10
3.074437875700470890e+00 8.324502226680880737e+10
3.086735627203272880e+00 8.341315911732395935e+10
3.099082569712085622e+00 8.905197730714907837e+10
3.111478899990933744e+00 8.362328947786048889e+10
3.123924815590897186e+00 8.998111843576478577e+10
3.136420514853261121e+00 8.734029637826185608e+10
3.148966196912674320e+00 8.869374646816741943e+10
3.161562061700325277e+00 8.990661880564366150e+10
3.174208309947126327e+00 8.696717904083294678e+10
3.186905143186915090e+00 9.537728855371166992e+10
3.199652763759662566e+00 8.456666202612057495e+10
3.212451374814701222e+00 9.612550718485350037e+10
3.225301180313960625e+00 9.550631185119879150e+10
3.238202385035215958e+00 9.455289280271292114e+10
3.251155194575356955e+00 1.014815227936742859e+11
3.264159815353658622e+00 1.009232913901552124e+11
3.277216454615073271e+00 9.907321221758732605e+10
3.290325320433533207e+00 1.026190232900135803e+11
3.303486621715267635e+00 9.991230964989422607e+10
3.316700568202128441e+00 9.150071790020762634e+10
3.329967370474937294e+00 9.033877129224234009e+10
3.343287239956836743e+00 8.744189196324435425e+10
3.356660388916663962e+00 9.518331362445690918e+10
3.370087030472330714e+00 1.025230436840854645e+11
3.383567378594220187e+00 9.983528769273889160e+10
3.397101648108596716e+00 1.026032964881095276e+11
3.410690054701031482e+00 9.939130251949314880e+10
3.424332814919834878e+00 1.011164198499562378e+11
3.438030146179514634e+00 1.013247382933322601e+11
3.451782266764232610e+00 1.002242801497655945e+11
3.465589395831289998e+00 1.026794420243137665e+11
3.479451753414614767e+00 1.018971339268289642e+11
3.493369560428273068e+00 9.752424460754136658e+10
3.507343038669985980e+00 1.062419721802812500e+11
3.521372410824665788e+00 1.011943619741743622e+11
3.535457900467964709e+00 1.029018148774382324e+11
3.549599732069836477e+00 1.031913237757725830e+11
3.563798130998116154e+00 1.028092525220493774e+11
3.578053323522108364e+00 1.033180024132900391e+11
3.592365536816196858e+00 1.060234834425996552e+11
3.606734998963461614e+00 1.050036499367789764e+11
3.621161938959315041e+00 1.041835548905493774e+11
3.635646586715152839e+00 1.052265864723789215e+11
3.650189173062013293e+00 1.056812654594238586e+11
3.664789929754260545e+00 1.053434146570652313e+11
3.679449089473277645e+00 1.038755482548396301e+11
3.694166885831170699e+00 1.046387618508640289e+11
3.708943553374495661e+00 1.059410509513237915e+11
3.723779327587993571e+00 1.066338980501121674e+11
3.738674444898345328e+00 1.019489867550446014e+11
3.753629142677938901e+00 1.053197470482771912e+11
3.768643659248651190e+00 1.032026565357208405e+11
3.783718233885645432e+00 1.044989575166210327e+11
3.798853106821188153e+00 1.033486899062727814e+11
3.814048519248473657e+00 1.016985501988047791e+11
3.829304713325467180e+00 9.922418705101080322e+10
3.844621932178768908e+00 1.006044429097424316e+11
3.860000419907484215e+00 1.004344927478032379e+11
3.875440421587113882e+00 9.870149683316108704e+10
3.890942183273462529e+00 9.702077042169032288e+10
3.906505952006555926e+00 9.636029838660260010e+10
3.922131975814582727e+00 9.579333208592298889e+10
3.937820503717840648e+00 9.383524015205950928e+10
3.953571785732711508e+00 9.217222898983177185e+10
3.969386072875642490e+00 9.002665915287840271e+10
3.985263617167145167e+00 8.739174691281559753e+10
4.001204671635814059e+00 8.536806438346414185e+10
4.017209490322357190e+00 8.389902872049322510e+10
4.033278328283646630e+00 8.084909461800148010e+10
4.049411441596781458e+00 7.817765777789587402e+10
4.065609087363168506e+00 7.678230059960523987e+10
4.081871523712622185e+00 7.044622178583061218e+10
4.098199009807472315e+00 7.169367484394309998e+10
4.114591805846702144e+00 6.921217994915563965e+10
4.131050173070089038e+00 6.575726931205213165e+10
4.147574373762369149e+00 6.742227332619751740e+10
4.164164671257418959e+00 6.124153170831289673e+10
4.180821329942449260e+00 6.183282733481620026e+10
4.197544615262219558e+00 6.232088127534086609e+10
4.214334793723269357e+00 5.797912796692044067e+10
4.231192132898162761e+00 6.181431876652228546e+10
4.248116901429755288e+00 5.373834078703367615e+10
4.265109369035473996e+00 5.602794022258288574e+10
4.282169806511615384e+00 5.547764616677595520e+10
4.299298485737661935e+00 5.173861152616286469e+10
4.316495679680612874e+00 5.040870035420928192e+10
4.333761662399335357e+00 4.757924060733459473e+10
4.351096709048932532e+00 4.529228770107945251e+10
4.368501095885127583e+00 4.272577282272260284e+10
4.385975100268668214e+00 4.010477520318193054e+10
4.403519000669743555e+00 3.752175898484851074e+10
4.421133076672422391e+00 3.688363793299391937e+10
4.438817608979111817e+00 3.368527151682118607e+10
4.456572879415028332e+00 3.333918866709766006e+10
4.474399170932688463e+00 3.075042140323942184e+10
4.492296767616419828e+00 3.059951339601842880e+10
4.510265954686884626e+00 3.019559228425376511e+10
4.528307018505633330e+00 2.878047913751849365e+10
4.546420246579655711e+00 2.920262915793038940e+10
4.564605927565974497e+00 2.715235581429394531e+10
4.582864351276237258e+00 2.858670354702610016e+10
4.601195808681342925e+00 2.870037296186777878e+10
4.619600591916067422e+00 2.801375605048659897e+10
4.638078994283731937e+00 2.817581396627185059e+10
4.656631310260867629e+00 2.995199247027088547e+10
4.675257835501911430e+00 2.854454695293766403e+10
4.693958866843916944e+00 3.034303516328216934e+10
4.712734702311292878e+00 2.814300188576440430e+10
4.731585641120538810e+00 2.833523932545764542e+10
4.750511983685020923e+00 2.711867443169738770e+10
4.769514031619761063e+00 2.595338834876993179e+10
4.788592087746240011e+00 2.509168715900663757e+10
4.807746456097224730e+00 2.627142477191012573e+10
4.826977441921613377e+00 2.614378530141823959e+10
4.846285351689299858e+00 2.480995116561708832e+10
4.865670493096057925e+00 2.525671069555867767e+10
4.885133175068442135e+00 2.421068817541397095e+10
4.904673707768715474e+00 2.379603744865854263e+10
4.924292402599791174e+00 2.280416301409894562e+10
4.943989572210189642e+00 2.322103730785843277e+10
4.963765530499030021e+00 2.119766631227471161e+10
4.983620592621027079e+00 2.497239944230665970e+10
5.003555074991511198e+00 2.206410460174419022e+10
5.023569295291476777e+00 2.048787182073584366e+10
5.043663572472643075e+00 2.220573719109556580e+10
5.063838226762532813e+00 2.247479229695206451e+10
5.084093579669583640e+00 2.090980844769249344e+10
5.104429953988261381e+00 2.239340368506670761e+10
5.124847673804215020e+00 2.124170215537784576e+10
5.145347064499431688e+00 2.122791591703189850e+10
5.165928452757428957e+00 2.007255964683292770e+10
5.186592166568458673e+00 2.255290041259346390e+10
5.207338535234733001e+00 1.974859514870669556e+10
5.228167889375671784e+00 2.126582025948332977e+10
5.249080560933174766e+00 2.000493942635480118e+10
5.270076883176907145e+00 1.985797450140414429e+10
5.291157190709615321e+00 1.949584211257038498e+10
5.312321819472453299e+00 1.985184142142731094e+10
5.333571106750343738e+00 2.060304052740077209e+10
5.354905391177344320e+00 1.808080403794755173e+10
5.376325012742054099e+00 1.817469803685023880e+10
5.397830312793021612e+00 1.831446021194593430e+10
5.419421634044193858e+00 1.526657377673011971e+10
5.441099320580370602e+00 1.818244766597198105e+10
5.462863717862692425e+00 1.694640089547364235e+10
5.484715172734142996e+00 1.723375149778430939e+10
5.506654033425078865e+00 1.685972129897916412e+10
5.528680649558780580e+00 1.542776721878320312e+10
5.550795372157015350e+00 1.542481547510501671e+10
5.572998553645643227e+00 1.493339152443533325e+10
5.595290547860225949e+00 1.635962692450783539e+10
5.617671710051667766e+00 1.531413639798155785e+10
5.640142396891874021e+00 1.592410558952430725e+10
5.662702966479441713e+00 1.511714830774832916e+10
5.685353778345359821e+00 1.391372055370484734e+10
5.708095193458740724e+00 1.415254907224503708e+10
5.730927574232576482e+00 1.347379003383008766e+10
5.753851284529505783e+00 1.491985841228369331e+10
5.776866689667624399e+00 1.320681460306538963e+10
5.799974156426294769e+00 1.453436065683135986e+10
5.823174053051999977e+00 1.245583893426487350e+10
5.846466749264207508e+00 1.336647399365188408e+10
5.869852616261264977e+00 1.292556288254496384e+10
5.893332026726310069e+00 1.262946204474734306e+10
5.916905354833215114e+00 1.394431808173967934e+10
5.940572976252548543e+00 1.204888177650525093e+10
5.964335268157558545e+00 1.337683427015127754e+10
5.988192609230189589e+00 1.348439279481019783e+10
6.012145379667110490e+00 1.386568380396943092e+10
6.036193961185778889e+00 1.235855240697823524e+10
6.060338737030522616e+00 1.230035916568337250e+10
6.084580091978644134e+00 1.393093705385871124e+10
6.108918412346558746e+00 1.255906899797753525e+10
6.133354085995945226e+00 1.533817436623349762e+10
6.157887502339929320e+00 1.281884110197443771e+10
6.182519052349287669e+00 1.294377189025313759e+10
6.207249128558685491e+00 1.331572401247408485e+10
6.232078125072920471e+00 1.351590894289673615e+10
6.257006437573212843e+00 1.319506178065811920e+10
6.282034463323505236e+00 1.355177592127488518e+10
6.307162601176800720e+00 1.323663935940751839e+10
6.332391251581507063e+00 1.330050550654436111e+10
6.357720816587833390e+00 1.293155578166088486e+10
6.383151699854184180e+00 1.174225579786232948e+10
6.408684306653601226e+00 1.034595121749531937e+10
6.434319043880215361e+00 1.098653581207552910e+10
6.460056320055736379e+00 9.570967030049755096e+09
6.485896545335958052e+00 8.131280109869147301e+09
6.511840131517302233e+00 8.373877941275276184e+09
6.537887492043371829e+00 8.507468137928609848e+09
6.564039042011545533e+00 7.704560542169781685e+09
6.590295198179591196e+00 7.255556878033152580e+09
6.616656378972309405e+00 7.327894847546650887e+09
6.643123004488199257e+00 7.340441107527163506e+09
6.669695496506150789e+00 7.518466565618214607e+09
6.696374278492176479e+00 7.580998116999439240e+09
6.723159775606144528e+00 7.150995225170451164e+09
6.750052414708568094e+00 7.856333832710491180e+09
6.777052624367403411e+00 7.085551810124615669e+09
6.804160834864871887e+00 6.937126973129722595e+09
6.831377478204331055e+00 6.559076364463150978e+09
6.858702988117148180e+00 6.795146668026364326e+09
6.886137800069615622e+00 7.346528158813248634e+09
6.913682351269895499e+00 7.226822606143195152e+09
6.941337080674975013e+00 7.205545975753493309e+09
6.969102428997675069e+00 6.931954473242472649e+09
6.996978838713665994e+00 7.208566404988931656e+09
7.024966754068519670e+00 6.715360778100228310e+09
7.053066621084793653e+00 6.478507285368048668e+09
7.081278887569133929e+00 6.603216249280469894e+09
7.109604003119409654e+00 6.366508287040832520e+09
7.138042419131887861e+00 6.735043157695488930e+09
7.166594588808414379e+00 6.558320170366128922e+09
7.195260967163648047e+00 6.619432499229363441e+09
7.224042011032302923e+00 6.307379311525300980e+09
7.252938179076432235e+00 6.292962054125231743e+09
7.281949931792737196e+00 6.205340618049814224e+09
7.311077731519908696e+00 6.669620233145458221e+09
7.340322042445988515e+00 5.813654099156077385e+09
7.369683330615771411e+00 5.860497107745844841e+09
7.399162063938235612e+00 6.243466814898374557e+09
7.428758712193988423e+00 5.707095331467125893e+09
7.458473747042765112e+00 5.674214219466135025e+09
7.488307642030935796e+00 5.765860247640327454e+09
7.518260872599060285e+00 5.966817673417958260e+09
7.548333916089456253e+00 5.703699822387372971e+09
7.578527251753813587e+00 5.329481108501381874e+09
7.608841360760829176e+00 5.038328972448821068e+09
7.639276726203872769e+00 5.742824878359643936e+09
7.669833833108687493e+00 5.378516020354115486e+09
7.700513168441122325e+00 5.262377684249643326e+09
7.731315221114887670e+00 5.051948044085814476e+09
7.762240481999347352e+00 4.919626363370436668e+09
7.793289443927344351e+00 5.079973433238691330e+09
7.824462601703054077e+00 5.215703566599722862e+09
7.855760452109866065e+00 5.017457463326789856e+09
7.887183493918306532e+00 4.356503628174211502e+09
7.918732227893980458e+00 4.844546204987803459e+09
7.950407156805555431e+00 4.806675173635806084e+09
7.982208785432777454e+00 4.757679246859978676e+09
8.014137620574508958e+00 4.816271764712595940e+09
8.046194171056805899e+00 4.365884728457483292e+09
8.078378947741034821e+00 4.780137819012503624e+09
8.110692463531997021e+00 4.415303256224548340e+09
8.143135233386125549e+00 4.510032897366282463e+09
8.175707774319670662e+00 4.391251964135115623e+09
8.208410605416949224e+00 4.256908864900245190e+09
8.241244247838615422e+00 4.439776351108349800e+09
8.274209224829968790e+00 4.265919579736277103e+09
8.307306061729288871e+00 4.489687038267271042e+09
8.340535285976207192e+00 4.067114729842394352e+09
8.373897427120111203e+00 4.041019406120934010e+09
8.407393016828594412e+00 4.605085578337453842e+09
8.441022588895906509e+00 4.026144554119072914e+09
8.474786679251490540e+00 4.370920500900308609e+09
8.508685825968495209e+00 4.000849794415360928e+09
8.542720569272368891e+00 4.171652455771380424e+09
8.576891451549458978e+00 4.121626766022501469e+09
8.611199017355655627e+00 4.221261996113950253e+09
8.645643813425078150e+00 4.190569264360280037e+09
8.680226388678779159e+00 4.021762020269907475e+09
8.714947294233493125e+00 4.070891555225056648e+09
8.749807083410427566e+00 3.834754816500683784e+09
8.784806311744070229e+00 3.986859341606029034e+09
8.819945536991047774e+00 3.886133637356333733e+09
8.855225319139009343e+00 3.880645664199296951e+09
8.890646220415566958e+00 4.093838527182589054e+09
8.926208805297228821e+00 3.988375579804951668e+09
8.961913640518417878e+00 3.721505927019819260e+09
8.997761295080492161e+00 3.856417293965043545e+09
9.033752340260813085e+00 3.724289439593662739e+09
9.069887349621856387e+00 3.803673495654562950e+09
9.106166899020346150e+00 3.677893984629335880e+09
9.142591566616424359e+00 3.763846456234613895e+09
9.179161932882891506e+00 3.707011115362028122e+09
9.215878580614422333e+00 3.730810245436367035e+09
9.252742094936881045e+00 3.554779637068475723e+09
9.289753063316627646e+00 3.553975932367551327e+09
9.326912075569895322e+00 3.598628551312026501e+09
9.364219723872173162e+00 3.695306127250678539e+09
9.401676602767663482e+00 3.367723044494749546e+09
9.439283309178733816e+00 3.254659259680765629e+09
9.477040442415447075e+00 3.333203622023430347e+09
9.514948604185111236e+00 3.354054015681637764e+09
9.553008398601852136e+00 3.576701885732784748e+09
9.591220432196260859e+00 3.237169791175103188e+09
9.629585313925044687e+00 3.254124575514607430e+09
9.668103655180747324e+00 3.247203562490262032e+09
9.706776069801470896e+00 3.255434250035480022e+09
9.745603174080676112e+00 3.312105830245784760e+09
9.784585586776998412e+00 3.403966275960335255e+09
9.823723929124106746e+00 3.013790317667834759e+09
9.863018824840601440e+00 3.154059675638889313e+09
9.902470900139965337e+00 2.554361828903646469e+09
9.942080783740523842e+00 3.056933261179461956e+09
9.981849106875488431e+00 2.978486195720847130e+09
1.002177650330298952e+01 2.978914937559010983e+09
1.006186360931619994e+01 2.869197778413928986e+09
1.010211106375346723e+01 2.722768638998114109e+09
1.014251950800847979e+01 2.938758418619930744e+09
1.018308958604051284e+01 2.862942006321974754e+09
1.022382194438467451e+01 2.759157064218255997e+09
1.026471723216221399e+01 2.639906798333204269e+09
1.030577610109086173e+01 2.620398122258028507e+09
1.034699920549522467e+01 2.497679003859484673e+09
1.038838720231720458e+01 2.373496324949841022e+09
1.042994075112647501e+01 2.333351170110936642e+09
1.047166051413097954e+01 2.298323756150681973e+09
1.051354715618750468e+01 2.482830709264995575e+09
1.055560134481225454e+01 2.366146411798691273e+09
1.059782375019150358e+01 2.254678157249997139e+09
1.064021504519226902e+01 2.321097201874573231e+09
1.068277590537303823e+01 2.386667231019692421e+09
1.072550700899452991e+01 2.244930535694767475e+09
1.076840903703050856e+01 2.173107841373656273e+09
1.081148267317863088e+01 2.276027033686980724e+09
1.085472860387134553e+01 2.233097608944731712e+09
1.089814751828683015e+01 1.989771371425216913e+09
1.094174010835997635e+01 2.060550538781379223e+09
1.098550706879341909e+01 1.769938742311864614e+09
1.102944909706859100e+01 1.825030976728031397e+09
1.107356689345686540e+01 1.883818242389888763e+09
1.111786116103069233e+01 1.942198751138740540e+09
1.116233260567481622e+01 1.839538948547134161e+09
1.120698193609751492e+01 1.843238392568737984e+09
1.125180986384190440e+01 1.786076503681476831e+09
1.129681710329727373e+01 1.782861476770226717e+09
1.134200437171046083e+01 1.735096809218013763e+09
1.138737238919730466e+01 1.810755643810573578e+09
1.143292187875409383e+01 1.735382025248501778e+09
1.147865356626910938e+01 1.680369532902341127e+09
1.152456818053418530e+01 1.644882101960679054e+09
1.157066645325632237e+01 1.529582027283568144e+09
1.161694911906934635e+01 1.513770613407473564e+09
1.166341691554562487e+01 1.583097558961544514e+09
1.171007058320780736e+01 1.437985460510187864e+09
1.175691086554063958e+01 1.314092520118348122e+09
1.180393850900279951e+01 1.443076914230509043e+09
1.185115426303881137e+01 1.412584495894919872e+09
1.189855888009096674e+01 1.386834649957710505e+09
1.194615311561133097e+01 1.400608065953765154e+09
1.199393772807377623e+01 1.382909349255624533e+09
1.204191347898607134e+01 1.381582143321706057e+09
1.209008113290201614e+01 1.234338336087832689e+09
1.213844145743362368e+01 1.258889937760060072e+09
1.218699522326335938e+01 1.351220074292137384e+09
1.223574320415641381e+01 1.226871104706991196e+09
1.228468617697303777e+01 1.227623514667914867e+09
1.233382492168093059e+01 1.204559871533050060e+09
1.238316022136765504e+01 1.136763156978365421e+09
1.243269286225312520e+01 1.045508516770665169e+09
1.248242363370213859e+01 1.161300668797703266e+09
1.253235332823694748e+01 1.031758390489061475e+09
1.258248274154989410e+01 1.072808947878135085e+09
1.263281267251609385e+01 1.063858752976532698e+09
1.268334392320615756e+01 1.073949134797754288e+09
1.273407729889898299e+01 1.073013869608470321e+09
1.278501360809457665e+01 9.866418330825839043e+08
1.283615366252695544e+01 9.654668798701058626e+08
1.288749827717706253e+01 1.059924726807865620e+09
1.293904827028577031e+01 9.385926573277449608e+08
1.299080446336691352e+01 9.778607957662991285e+08
1.304276768122038099e+01 8.994388143297423124e+08
1.309493875194526424e+01 9.404068861054561138e+08
1.314731850695304693e+01 8.825752603706583977e+08
1.319990778098085649e+01 9.277504442918320894e+08
1.325270741210477965e+01 8.114516083027726412e+08
1.330571824175319939e+01 7.909205476244728565e+08
1.335894111472021173e+01 8.570455237770569324e+08
1.341237687917909227e+01 8.328743599020164013e+08
1.346602638669580898e+01 7.500585052618691921e+08
1.351989049224258999e+01 8.151236352215129137e+08
1.357397005421156067e+01 7.827252058709542751e+08
1.362826593442840917e+01 7.713458240013600588e+08
1.368277899816612297e+01 7.620038842280058861e+08
1.373751011415878942e+01 7.096419852879434824e+08
1.379246015461542463e+01 7.662238946684094667e+08
1.384762999523388416e+01 6.641391350283360481e+08
1.390302051521481808e+01 7.430404911697812080e+08
1.395863259727567751e+01 7.269850392287110090e+08
1.401446712766477987e+01 6.498792206250354052e+08
1.407052499617543972e+01 7.423903280795758963e+08
1.412680709616014063e+01 6.532477551228827238e+08
1.418331432454478147e+01 6.037396914915974140e+08
1.424004758184296193e+01 6.269303201910914183e+08
1.429700777217033369e+01 6.799202908965268135e+08
1.435419580325901379e+01 5.947159078813152313e+08
1.441161258647204946e+01 5.836037131470017433e+08
1.446925903681793812e+01 5.647325253469560146e+08
1.452713607296521126e+01 5.706668799839608669e+08
1.458524461725707155e+01 5.843300658646010160e+08
1.464358559572609764e+01 5.594034773357195854e+08
1.470215993810900557e+01 5.558883050328029394e+08
1.476096857786143879e+01 5.993886212570767403e+08
1.482001245217288599e+01 5.286840407214906216e+08
1.487929250198157760e+01 4.939633484415546060e+08
1.493880967198950316e+01 5.284724165847683549e+08
1.499856491067746056e+01 5.072133828022615910e+08
1.505855917032016933e+01 5.081587648168063164e+08
1.511879340700144958e+01 4.945080911941496134e+08
1.517926858062945605e+01 4.765136656300878525e+08
1.523998565495197433e+01 5.157616669284344316e+08
1.530094559757178274e+01 5.039382362278606892e+08
1.536214937996206764e+01 4.665550231363155842e+08
1.542359797748191674e+01 4.457630007243599892e+08
1.548529236939184450e+01 4.523088621331366301e+08
1.554723353886941339e+01 4.166392312132476568e+08
1.560942247302489072e+01 4.353030389578252435e+08
1.567186016291699069e+01 4.460772256991710663e+08
1.573454760356865556e+01 3.949337555989741087e+08
1.579748579398293096e+01 4.191981318675504327e+08
1.586067573715886247e+01 4.125208303209878206e+08
1.592411844010749888e+01 4.485275274786645770e+08
1.598781491386792730e+01 3.586577739819851518e+08
1.605176617352340074e+01 3.919450469952964783e+08
1.611597323821749228e+01 3.686542041316308975e+08
1.618043713117036120e+01 4.041973097316920757e+08
1.624515887969504391e+01 3.441588379979776144e+08
1.631013951521382310e+01 3.741404263917486072e+08
1.637538007327468037e+01 3.756927848109559417e+08
1.644088159356778078e+01 3.540174368570864797e+08
1.650664511994205341e+01 3.410700265757104158e+08
1.657267170042182158e+01 3.420511274158058763e+08
1.663896238722350418e+01 3.036023790037615299e+08
1.670551823677240222e+01 3.350782869347073436e+08
1.677234030971949608e+01 3.603545017862612009e+08
1.683942967095837062e+01 3.372750670530015826e+08
1.690678738964220429e+01 3.126162891686144471e+08
1.697441453920077237e+01 3.090845138305467367e+08
1.704231219735757108e+01 3.465136763637580276e+08
1.711048144614700561e+01 2.727149655427365303e+08
1.717892337193159236e+01 3.121591143171995878e+08
1.724763906541932101e+01 2.847825015872719288e+08
1.731662962168099895e+01 2.831824546620550156e+08
1.738589614016772344e+01 2.549391763863408566e+08
1.745543972472839300e+01 2.915672834710036516e+08
1.752526148362730751e+01 2.806310863751978278e+08
1.759536252956181812e+01 2.677059537566172481e+08
1.766574397968006238e+01 2.614625714427842796e+08
1.773640695559878466e+01 2.586734401835179031e+08
1.780735258342117433e+01 2.553087049000541866e+08
1.787858199375486024e+01 2.732421359372661710e+08
1.795009632172988034e+01 2.379500471749870479e+08
1.802189670701679702e+01 2.646031438752790093e+08
1.809398429384486562e+01 2.493625763874726593e+08
1.816636023102024211e+01 2.161675347285917997e+08
1.823902567194432578e+01 2.446527193919819593e+08
1.831198177463210186e+01 2.476492109573806822e+08
1.838522970173062987e+01 2.298518639827905893e+08
1.845877062053754969e+01 2.241427546076605618e+08
1.853260570301970134e+01 2.041520599224514663e+08
1.860673612583178027e+01 1.954851746054162383e+08
1.868116307033510637e+01 2.141668494868493974e+08
1.875588772261644976e+01 2.043729267424879372e+08
1.883091127350691352e+01 2.310481546078361869e+08
1.890623491860094063e+01 2.070144052176825106e+08
1.898185985827534594e+01 1.910260752634415925e+08
1.905778729770844748e+01 2.146432221246914268e+08
1.913401844689928311e+01 2.083947282351226807e+08
1.921055452068688041e+01 1.838983503510251641e+08
1.928739673876962968e+01 1.830327764488858283e+08
1.936454632572470658e+01 1.909040908310562074e+08
1.944200451102760141e+01 1.593021015037773550e+08
1.951977252907171589e+01 1.942539737294169664e+08
1.959785161918800256e+01 1.689013838034583628e+08
1.967624302566475691e+01 1.723197941404761374e+08
1.991079942767366973e+01 1.688916235663240850e+08
