# Wavelength (micrometer), Flux (W / m2 / m)
1.000553076518779783e-01 5.799213396110005379e+08
1.004555288824854897e-01 8.413018253649112886e-10
1.008573509980154326e-01 1.533338802994496006e-09
1.012607804020075053e-01 1.282831829321581709e-09
1.016658235236155422e-01 2.302951668687855790e-09
1.020724868177099870e-01 8.319231628528941866e-07
1.024807767649808382e-01 1.152510376874873493e-07
1.028906998720407612e-01 6.759406229385616032e-09
1.033022626715289355e-01 1.274951114824487030e-06
1.037154717222150413e-01 6.581004929736498060e-09
1.041303336091038839e-01 5.259143686840666984e-09
1.045468549435403099e-01 6.339738124318432469e-08
1.049650423633144702e-01 1.513120995726669720e-09
1.053849025327677214e-01 1.499996194481170244e-07
1.058064421428987906e-01 3.504883643892818752e-09
1.062296679114703990e-01 1.841900038486132671e-07
1.066545865831162732e-01 1.084928887921506731e-07
1.070812049294487533e-01 2.399245818352251043e-08
1.075095297491665408e-01 2.869152325477330756e-06
1.079395678681632220e-01 2.922778917590718117e-08
1.083713261396358624e-01 1.223040863505890513e-06
1.088048114441943909e-01 4.269504210038131704e-07
1.092400306899711654e-01 1.262762431897849959e-04
1.096769908127310511e-01 7.443080746636967693e-07
1.101156987759819850e-01 1.042277119608455177e-06
1.105561615710859147e-01 6.460941518502094335e-05
1.109983862173702651e-01 1.355874337644843713e-05
1.114423797622397516e-01 2.970717358106823415e-06
1.118881492812886930e-01 6.271988564103216961e-07
1.123357018784138517e-01 4.027158684638441563e-06
1.127850446859275102e-01 2.051323263505062684e-03
1.132361848646712132e-01 1.319153363533180764e-03
1.136891296041298988e-01 7.379893991987380693e-04
1.141438861225464035e-01 8.524038401799071503e-04
1.146004616670366072e-01 5.179901045860100649e-04
1.150588635137047705e-01 5.511937657441113008e-04
1.155190989677595953e-01 2.791496595846427293e-04
1.159811753636306314e-01 9.449440908172020365e-04
1.164451000650851553e-01 1.827692379566787733e-04
1.169108804653455069e-01 1.977464993492794826e-04
1.173785239872068981e-01 1.386475119730829495e-03
1.178480380831557206e-01 6.460000892937972292e-03
1.183194302354883543e-01 2.457471099049129710e-03
1.187927079564302935e-01 1.051758651380934727e-03
1.192678787882560099e-01 3.275455386348363924e-03
1.197449503034090645e-01 6.749618799724159922e-03
1.202239301046226783e-01 3.838506513006717936e-04
1.207048258250411760e-01 5.020930153423593979e-03
1.211876451283413342e-01 2.131373642170896528e-03
1.216723957088547137e-01 1.198887474969672360e-03
1.221590852916901310e-01 6.743376063275730720e-03
1.226477216328568792e-01 1.647101633061482870e-02
1.231383125193883099e-01 1.824783314634701500e-03
1.236308657694658586e-01 3.575186174216335964e-03
1.241253892325437369e-01 1.776178823432169457e-03
1.246218907894739159e-01 6.231171937186101269e-04
1.251203783526317892e-01 1.201425248822781061e-03
1.256208598660423226e-01 1.471472002060227784e-03
1.261233433055065078e-01 1.616769530572145135e-03
1.266278366787285392e-01 1.717864292775550159e-04
1.271343480254434610e-01 8.971390658804180573e-03
1.276428854175452321e-01 4.003386977708778792e-03
1.281534569592154005e-01 2.202420703976735268e-04
1.286660707870522780e-01 6.108082890303809112e-04
1.291807350702004475e-01 2.074836680351788837e-02
1.296974580104812425e-01 8.838272982859185847e-03
1.302162478425231973e-01 1.907147430193911622e-03
1.307371128338932764e-01 4.743340542225330143e-03
1.312600612852288795e-01 5.660434310693462923e-03
1.317851015303697915e-01 8.385066997990605134e-03
1.323122419364912705e-01 2.375012970637648338e-02
1.328414909042372472e-01 1.308483554755425493e-02
1.333728568678542170e-01 1.270908856826078077e-02
1.339063482953256612e-01 7.550109208490590404e-03
1.344419736885069383e-01 1.112062335776800581e-02
1.349797415832609815e-01 4.880770726631054879e-02
1.355196605495940232e-01 3.722333604609225771e-02
1.360617391917924301e-01 1.001677552167394569e-01
1.366059861485595939e-01 2.992905389147037729e-02
1.371524100931538481e-01 1.462859368573355724e-02
1.377010197335264696e-01 4.810854297978106597e-02
1.382518238124605670e-01 1.476744100682263194e-01
1.388048311077104136e-01 1.344048158385982017e-01
1.393600504321412248e-01 6.817717220198797612e-02
1.399174906338697677e-01 3.832654096784006426e-02
1.404771605964052761e-01 3.759750026347524199e-01
1.410390692387908651e-01 1.524668939721829930e-01
1.416032255157460562e-01 9.080788117033153917e-01
1.421696384178090522e-01 2.767475715180697446e-02
1.427383169714803168e-01 3.212578320021412526e-01
1.433092702393662099e-01 6.609557760826145767e+00
1.438825073203236771e-01 1.043901346681740172e+00
1.444580373496049674e-01 4.065373056216920133e+00
1.450358694990033503e-01 1.438830812304414231e+00
1.456160129769993872e-01 8.692030576975051659e+00
1.461984770289073976e-01 5.266242774875959043e+00
1.467832709370230082e-01 2.916109193010963274e+00
1.473704040207710897e-01 7.994156734597728686e+00
1.479598856368541382e-01 6.082720502507561466e-01
1.485517251794015725e-01 5.160324077985729119e+00
1.491459320801191979e-01 1.627745882911965936e+01
1.497425158084396690e-01 4.559106750364455785e+00
1.503414858716734248e-01 5.674146341963518836e+01
1.509428518151600951e-01 1.177666675502343274e+01
1.515466232224207677e-01 1.859046069048443606e+00
1.521528097153104220e-01 6.791323811805082045e+00
1.527614209541716672e-01 6.254858436812043010e-01
1.533724666379883694e-01 5.247369062271275419e-01
1.539859565045403056e-01 8.953055245251479999e-01
1.546019003305584838e-01 1.234960167948398989e-02
1.552203079318807133e-01 4.701774721757129988e-02
1.558411891636082569e-01 2.913794045238844721e-02
1.564645539202626778e-01 1.606921675185413872e-02
1.570904121359437411e-01 1.777421612222447600e-02
1.577187737844875093e-01 7.071427310022378350e-03
1.583496488796254653e-01 1.823570843778314632e-02
1.589830474751439959e-01 4.512593160493551248e-02
1.596189796650445414e-01 9.721578366722036235e-03
1.602574555837047166e-01 1.138066043317182037e-02
1.608984854060395708e-01 2.336052768470641555e-02
1.615420793476636807e-01 1.707878285710237587e-02
1.621882476650543525e-01 1.844523553324528206e-02
1.628370006557145755e-01 1.753784004802249816e-02
1.634883486583374457e-01 2.451022565706652973e-02
1.641423020529707844e-01 2.931794670024629249e-02
1.647988712611826723e-01 3.707907716999774006e-02
1.654580667462274002e-01 1.969893094536916828e-02
1.661198990132123077e-01 6.067499498304902011e-02
1.667843786092651215e-01 6.552619491934566498e-02
1.674515161237022098e-01 1.020468675013727344e-01
1.681213221881969755e-01 2.772922427309748028e-01
1.687938074769497754e-01 1.582406833753424169e-01
1.694689827068575905e-01 9.627034205263530486e-01
1.701468586376850278e-01 6.565593277708757780e-01
1.708274460722357391e-01 8.681222919836738550e-01
1.715107558565246715e-01 1.097871807276320055e+00
1.721967988799507909e-01 1.061081293788839197e+00
1.728855860754705820e-01 1.766588218330354065e+00
1.735771284197724640e-01 1.030352746179097778e+00
1.742714369334515678e-01 8.086140400958973240e-01
1.749685226811853456e-01 3.856663112339873134e+00
1.756683967719100681e-01 1.520688372023525581e+00
1.763710703589977391e-01 6.569798987600607099e+00
1.770765546404337309e-01 8.659067304411873778e+00
1.777848608589954471e-01 2.125705781178630627e+00
1.784960003024314568e-01 1.246650532155403823e+01
1.792099843036411844e-01 9.298031112745338334e+00
1.799268242408557650e-01 1.032818974562776404e+01
1.806465315378191772e-01 2.964116359741591822e+01
1.813691176639704306e-01 4.957954790390554756e+00
1.820945941346263086e-01 1.985541112007441455e+01
1.828229725111648329e-01 5.519640328711889055e+01
1.835542644012094771e-01 3.717316891203809703e+00
1.842884814588143239e-01 3.030806387595190543e+01
1.850256353846495561e-01 1.144739312217076730e+02
1.857657379261881403e-01 1.353733362424168796e+01
1.865088008778928996e-01 1.228773079778444952e+02
1.872548360814044743e-01 7.572650618046031923e+01
1.880038554257300876e-01 2.003938333371101876e+01
1.887558708474330049e-01 1.638402295727238993e+02
1.895108943308226879e-01 7.824551075392909638e+01
1.902689379081460019e-01 4.243070853434755207e+01
1.910300136597785636e-01 3.292505753778787607e+02
1.917941337144176972e-01 1.254325459111935430e+02
1.925613102492753359e-01 1.838610794378219282e+02
1.933315554902724498e-01 5.920581048987148733e+02
1.941048817122335568e-01 3.172468943232238985e+02
1.948813012390824828e-01 3.191945622009077965e+02
1.956608264440388156e-01 1.276625802563520438e+03
1.964434697498149418e-01 3.326024447922799254e+02
1.972292436288141937e-01 7.212171088853503989e+02
1.980181606033294406e-01 1.424855674028726071e+03
1.988102332457427346e-01 7.621286356892519507e+02
1.996054741787257336e-01 6.944959971660016436e+02
2.004038960754406518e-01 8.843209833233894415e+02
2.012055116597424309e-01 9.117159990965134284e+02
2.020103337063813842e-01 1.071526012004276481e+03
2.028183750412069219e-01 1.198361219722075020e+03
2.036296485413717494e-01 7.761215493838293469e+02
2.044441671355372303e-01 6.836533103127773074e+02
2.052619438040793887e-01 1.037326662556576593e+03
2.060829915792957157e-01 8.279834742652956265e+02
2.069073235456129201e-01 7.744820180742982529e+02
2.077349528397953449e-01 8.447790651513132616e+02
2.085658926511545219e-01 1.076901912515540062e+03
2.094001562217591150e-01 1.044628472932920431e+03
2.102377568466461677e-01 1.049877030659385809e+03
2.110787078740327671e-01 6.960067559628065510e+02
2.119230227055288740e-01 9.916856872620369359e+02
2.127707147963510126e-01 1.107803531116087925e+03
2.136217976555363773e-01 1.329343424566351359e+03
2.144762848461585492e-01 6.685227089982997768e+02
2.153341899855431840e-01 1.215643240256208401e+03
2.161955267454853669e-01 1.779642658771766037e+03
2.170603088524672986e-01 2.098005195722853387e+03
2.179285500878772042e-01 1.227062596991735518e+03
2.188002642882286852e-01 1.407277995402259421e+03
2.196754653453815986e-01 2.700098413636465466e+03
2.205541672067631020e-01 2.101790259508669806e+03
2.214363838755901703e-01 5.516590568784632524e+03
2.223221294110925284e-01 1.929375909032540221e+03
2.232114179287369160e-01 1.115791040101781982e+04
2.241042636004518529e-01 5.674011416914736401e+03
2.250006806548536520e-01 1.964853059365675654e+04
2.259006833774730438e-01 8.533814062374278365e+03
2.268042861109829667e-01 1.514227207942243331e+04
2.277115032554268836e-01 2.048652020167754381e+04
2.286223492684485714e-01 2.130024158837402501e+04
2.295368386655223802e-01 6.139223586429324496e+04
2.304549860201844658e-01 9.958047381204170961e+03
2.313768059642651864e-01 4.456221456985171972e+04
2.323023131881222503e-01 3.726821615976490284e+04
2.332315224408747223e-01 7.207471084168225934e+04
2.341644485306381973e-01 9.536125117703297292e+04
2.351011063247607502e-01 1.627361909380604629e+04
2.360415107500598020e-01 1.120726655687028397e+05
2.369856767930600405e-01 1.601791496119132535e+04
2.379336195002322851e-01 1.338002136539305211e+05
2.388853539782332114e-01 9.857560975807484647e+04
2.398408953941461863e-01 3.762937140528045711e+05
2.408002589757227141e-01 4.478200359744823654e+05
2.417634600116256582e-01 9.615514511336012220e+04
2.427305138516721306e-01 7.211890722048383905e+05
2.437014359070788505e-01 4.697198303848382784e+05
2.446762416507071713e-01 1.707839408359674504e+06
2.456549466173099938e-01 6.215597269568473566e+05
2.466375664037792625e-01 1.045205456051790854e+06
2.476241166693943785e-01 1.445973282300866675e+06
2.486146131360719436e-01 1.254206517905835790e+05
2.496090715886161993e-01 1.338196091626044363e+06
2.506075078749706586e-01 8.168099756853231229e+05
2.516099379064705155e-01 1.456736540620032931e+06
2.526163776580964138e-01 1.998163590805925662e+06
2.536268431687287994e-01 1.394724956314239651e+07
2.546413505414037437e-01 1.712891007018170506e+07
2.556599159435693491e-01 6.501441319517192431e+06
2.566825556073435988e-01 4.769095164542137645e+06
2.577092858297729827e-01 5.592824860725933686e+06
2.587401229730920682e-01 3.371473028142475523e+06
2.597750834649844576e-01 6.848032068619458936e+06
2.608141837988444123e-01 6.237082270313725807e+06
2.618574405340398092e-01 1.972468862195137516e+07
2.629048702961759298e-01 4.970039308691705763e+07
2.639564897773606367e-01 4.943031291272999346e+07
2.650123157364701054e-01 4.755296546740742773e+07
2.660723649994159445e-01 3.493732089464974403e+07
2.671366544594135917e-01 3.715486941593191028e+07
2.682052010772512096e-01 4.552154209408202022e+07
2.692780218815602478e-01 2.917208358187308162e+07
2.703551339690865030e-01 6.231668301917879283e+07
2.714365545049627904e-01 4.916126975178027153e+07
2.725223007229827243e-01 4.419814135689262301e+07
2.736123899258746106e-01 6.182459808398023248e+07
2.747068394855781692e-01 8.544483136117121577e+07
2.758056668435204806e-01 1.177817202795262486e+08
2.769088895108945403e-01 2.562789161306408048e+08
2.780165250689380918e-01 2.032642979858034253e+08
2.791285911692138466e-01 2.722811712966735363e+08
2.802451055338907038e-01 2.292876359313651323e+08
2.813660859560263017e-01 2.008950834455189705e+08
2.824915502998503469e-01 1.662541443800864220e+08
2.836215165010497197e-01 1.251436741007189900e+08
2.847560025670539119e-01 2.748142069025535136e+07
2.858950265773221866e-01 5.333569889624238014e+07
2.870386066836315142e-01 1.982245481408848464e+08
2.881867611103660631e-01 4.315490734245821834e+08
2.893395081548075787e-01 7.062537443652451038e+08
2.904968661874267610e-01 8.847505020114129782e+08
2.916588536521764197e-01 1.155811635841264009e+09
2.928254890667851273e-01 1.096708375666464090e+09
2.939967910230522619e-01 1.116972446615165234e+09
2.951727781871444911e-01 8.548042639127794504e+08
2.963534692998930908e-01 9.542015487629121542e+08
2.975388831770926501e-01 1.005401921851679325e+09
2.987290387098009981e-01 1.450325737499136925e+09
2.999239548646402409e-01 1.156096173188308477e+09
3.011236506840988536e-01 2.300756630445357323e+09
3.023281452868351593e-01 1.023301709117465019e+09
3.035374578679824742e-01 3.217877252372046471e+09
3.047516076994544187e-01 2.926067254879243374e+09
3.059706141302522830e-01 3.565314036320266724e+09
3.071944965867733357e-01 6.474782430722280502e+09
3.084232745731204095e-01 8.385178913684415817e+09
3.096569676714128194e-01 7.504704404499361992e+09
3.108955955420985018e-01 1.086579937525578499e+10
3.121391779242668751e-01 1.198694645404797173e+10
3.133877346359639215e-01 1.443615109340766716e+10
3.146412855745078230e-01 1.798145537183115768e+10
3.158998507168058190e-01 1.757992936152250671e+10
3.171634501196730627e-01 2.614410610182799149e+10
3.184321039201517545e-01 2.072566694424449921e+10
3.197058323358323295e-01 1.778065279873345947e+10
3.209846556651756444e-01 2.614491985423226547e+10
3.222685942878363852e-01 3.048090436991337585e+10
3.235576686649877520e-01 2.888832952711478424e+10
3.248518993396476984e-01 3.836505062398626709e+10
3.261513069370062801e-01 4.246304293736962891e+10
3.274559121647543369e-01 4.881375670295382690e+10
3.287657358134133401e-01 5.266373214887974548e+10
3.300807987566670154e-01 4.549827604356590271e+10
3.314011219516936890e-01 7.078380346962089539e+10
3.327267264395004642e-01 7.276996789079296875e+10
3.340576333452584534e-01 8.482743135797441101e+10
3.353938638786395088e-01 7.922748523544699097e+10
3.367354393341540630e-01 7.921681240617547607e+10
3.380823810914907468e-01 8.673029565512356567e+10
3.394347106158566718e-01 9.759080049937034607e+10
3.407924494583201014e-01 9.497185710574722290e+10
3.421556192561533982e-01 9.059487661896043396e+10
3.435242417331779707e-01 5.545292633939384460e+10
3.448983387001106626e-01 6.444692352620637512e+10
3.462779320549111417e-01 7.660027641641560364e+10
3.476630437831307319e-01 6.137358780323961639e+10
3.490536959582632992e-01 6.700739028901944733e+10
3.504499107420963600e-01 1.344929619398162537e+11
3.518517103850647421e-01 1.153762703548290253e+11
3.532591172266050239e-01 1.544474480921875000e+11
3.546721536955114717e-01 1.880761203977708435e+11
3.560908423102934761e-01 9.797787143734169006e+10
3.575152056795346533e-01 6.383155528621731567e+10
3.589452665022527800e-01 1.182636924289335175e+11
3.603810475682617254e-01 1.595009114382670593e+11
3.618225717585348278e-01 1.295454698972921143e+11
3.632698620455689364e-01 1.393252474135344849e+11
3.647229414937512293e-01 1.303219803595876007e+11
3.661818332597261971e-01 2.432243660563519287e+11
3.676465605927651259e-01 1.676892861571808167e+11
3.691171468351361895e-01 1.886429441761007996e+11
3.705936154224767076e-01 1.032271295963155060e+11
3.720759898841666247e-01 4.429088182156360626e+10
3.735642938437032656e-01 4.273671062213674927e+10
3.750585510190780902e-01 5.469731393822450256e+10
3.765587852231543908e-01 1.342357609569779358e+11
3.780650203640470441e-01 2.872084864412333374e+11
3.795772804455032068e-01 1.797255619309722595e+11
3.810955895672852312e-01 2.093954660076053772e+11
3.826199719255543585e-01 7.945153334984811401e+10
3.841504518132565771e-01 1.455610974020486145e+11
3.856870536205096456e-01 7.257682787533607483e+10
3.872298018349916715e-01 1.426113790045134583e+11
3.887787210423316320e-01 1.266562246941251984e+11
3.903338359265008939e-01 1.716333477883786621e+11
3.918951712702069545e-01 1.986853691219832153e+11
3.934627519552877928e-01 1.506826264230892334e+11
3.950366029631089404e-01 3.127757693554029541e+11
3.966167493749613859e-01 2.523615892181815796e+11
3.982032163724612550e-01 4.176192558089349976e+11
3.997960292379510450e-01 4.729081255748496704e+11
4.013952133549028578e-01 5.500291718613582764e+11
4.030007942083224659e-01 6.387638052127683105e+11
4.046127973851557647e-01 4.732870140951293335e+11
4.062312485746963908e-01 4.873540889512014160e+11
4.078561735689951728e-01 5.498990007313121338e+11
4.094875982632711353e-01 5.850583609574602051e+11
4.111255486563242245e-01 6.694775692142613525e+11
4.127700508509495880e-01 5.872392420464656982e+11
4.144211310543532978e-01 5.220143101987623901e+11
4.160788155785707931e-01 5.686007022164357910e+11
4.177431308408850463e-01 4.289751573347677002e+11
4.194141033642486138e-01 3.067328419668995972e+11
4.210917597777056320e-01 1.609604500800932922e+11
4.227761268168164221e-01 3.606448893518249512e+10
4.244672313240837602e-01 1.758859971592514648e+11
4.261651002493800910e-01 3.018903631359029541e+11
4.278697606503775730e-01 3.826516780273026123e+11
4.295812396929790666e-01 3.652275520901932983e+11
4.312995646517510107e-01 4.350452273894768066e+11
4.330247629103580187e-01 5.564277909587054443e+11
4.347568619619994745e-01 6.781515281142091064e+11
4.364958894098474596e-01 6.158549674371641846e+11
4.382418729674867897e-01 4.827344633807780762e+11
4.399948404593567730e-01 5.884414825211682129e+11
4.417548198211941890e-01 6.572510232645817871e+11
4.435218391004789873e-01 5.112480717548889160e+11
4.452959264568808750e-01 5.343885374952653198e+11
4.470771101627084021e-01 6.233181000970140381e+11
4.488654186033592119e-01 6.642670698502264404e+11
4.506608802777726241e-01 7.042916599742698975e+11
4.524635237988837710e-01 6.937586928184035645e+11
4.542733778940792333e-01 7.085588455736126709e+11
4.560904714056555065e-01 7.345468850998020020e+11
4.579148332912781894e-01 7.826639253672058105e+11
4.597464926244433370e-01 5.890695960144796143e+11
4.615854785949410899e-01 7.863084691964599609e+11
4.634318205093208576e-01 5.883304032765108643e+11
4.652855477913582227e-01 7.099931223923697510e+11
4.671466899825236219e-01 7.095657169699073486e+11
4.690152767424536906e-01 7.605519748129100342e+11
4.708913378494234969e-01 8.590410305238829346e+11
4.727749032008212171e-01 8.080397612778204346e+11
4.746660028136244769e-01 9.061015539226213379e+11
4.765646668248789131e-01 6.164523776966734619e+11
4.784709254921784560e-01 4.990097551871117554e+11
4.803848091941470555e-01 6.281328409331068115e+11
4.823063484309236815e-01 6.575674538460081787e+11
4.842355738246474361e-01 7.781937603448760986e+11
4.861725161199459966e-01 7.960299535166782227e+11
4.881172061844257226e-01 9.715226896905928955e+11
4.900696750091634302e-01 8.696354904599272461e+11
4.920299537092001074e-01 1.052951268501619141e+12
4.939980735240369625e-01 1.262766858497191895e+12
4.959740658181330253e-01 8.494862372446619873e+11
4.979579620814056362e-01 1.031523590901953857e+12
4.999497939297311566e-01 9.029382436311259766e+11
5.019495931054501758e-01 8.378950550465919189e+11
5.039573914778719965e-01 1.026243297682083008e+12
5.059732210437835054e-01 7.901367322175627441e+11
5.079971139279585435e-01 8.390327199197231445e+11
5.100291023836703852e-01 7.696275325299193115e+11
5.120692187932051054e-01 8.043500299554171143e+11
5.141174956683780550e-01 8.024203000060573730e+11
5.161739656510514473e-01 6.897454164968515625e+11
5.182386615136556074e-01 4.848588894386853638e+11
5.203116161597103329e-01 6.965117884983367920e+11
5.223928626243490303e-01 1.132562953601562256e+12
5.244824340748465152e-01 1.054933765176341064e+12
5.265803638111459239e-01 8.978935951307601318e+11
5.286866852663905103e-01 1.049226403036239014e+12
5.308014320074561088e-01 1.074117166060842041e+12
5.329246377354859288e-01 9.286367934707050781e+11
5.350563362864277916e-01 1.023504897620608276e+12
5.371965616315735881e-01 8.659062929701755371e+11
5.393453478780998456e-01 9.130649824207485352e+11
5.415027292696121819e-01 9.027462645462792969e+11
5.436687401866906466e-01 8.254169402356550293e+11
5.458434151474373941e-01 6.254243506486558838e+11
5.480267888080271321e-01 7.686765256731607666e+11
5.502188959632591247e-01 7.243824277973836670e+11
5.524197715471121928e-01 7.828867614383798828e+11
5.546294506333006025e-01 8.607515631896676025e+11
5.568479684358338400e-01 8.266577158080402832e+11
5.590753603095770519e-01 7.222451027780532227e+11
5.613116617508153716e-01 5.891944357289824219e+11
5.635569083978186899e-01 4.808390709889989014e+11
5.658111360314097560e-01 5.823958936197967529e+11
5.680743805755354980e-01 5.168846537861785278e+11
5.703466780978375672e-01 6.085995100363304443e+11
5.726280648102289872e-01 6.373482010516430664e+11
5.749185770694699160e-01 7.223017799676237793e+11
5.772182513777477375e-01 6.623636684477927246e+11
5.795271243832587071e-01 7.971422401713168945e+11
5.818452328807918184e-01 8.006178700412774658e+11
5.841726138123150003e-01 7.454123792321247559e+11
5.865093042675643131e-01 5.158513108374030151e+11
5.888553414846344758e-01 2.120580177503798218e+11
5.912107628505729462e-01 3.142812169028924561e+11
5.935756059019753339e-01 4.103340329709785156e+11
5.959499083255832552e-01 4.002508345927089844e+11
5.983337079588855190e-01 4.833849050087390137e+11
6.007270427907210886e-01 5.461914615445942383e+11
6.031299509618840426e-01 6.524430853346932373e+11
6.055424707657315331e-01 7.933431976542344971e+11
6.079646406487945187e-01 9.296433452339855957e+11
6.103964992113897203e-01 1.064934856692668579e+12
6.128380852082353503e-01 1.178018925103508057e+12
6.152894375490681744e-01 1.006167091043323242e+12
6.177505952992645710e-01 6.555889531950552979e+11
6.202215976804615893e-01 5.359712650272104492e+11
6.227024840711834486e-01 3.814462247723513794e+11
6.251932940074681477e-01 4.836965812201159058e+11
6.276940671834980723e-01 5.610581282762332764e+11
6.302048434522321552e-01 7.112779335931359863e+11
6.327256628260409244e-01 8.950805387135151367e+11
6.352565654773452142e-01 9.879587088077814941e+11
6.377975917392545435e-01 9.319211786056586914e+11
6.403487821062116003e-01 1.255819498880662354e+12
6.429101772346363930e-01 1.398215161027027588e+12
6.454818179435749537e-01 1.563471312876738770e+12
6.480637452153492628e-01 1.645577102098773193e+12
6.506560001962106154e-01 1.726433174969720947e+12
6.532586241969955410e-01 1.939983891821040527e+12
6.558716586937833881e-01 1.539107114937048584e+12
6.584951453285585732e-01 1.415106337762197754e+12
6.611291259098727169e-01 1.254265154397602295e+12
6.637736424135122215e-01 1.057032023294711304e+12
6.664287369831662922e-01 9.613487595076676025e+11
6.690944519310989547e-01 8.819951252284942627e+11
6.717708297388232941e-01 8.774618920139724121e+11
6.744579130577786907e-01 9.206186854702583008e+11
6.771557447100098326e-01 1.110926476235770508e+12
6.798643676888498355e-01 1.038225480873094727e+12
6.825838251596052508e-01 1.076076315740656250e+12
6.853141604602436265e-01 1.018147469892209229e+12
6.880554171020846210e-01 9.985726546407126465e+11
6.908076387704928933e-01 1.127703873738217529e+12
6.935708693255748791e-01 1.350403567325064697e+12
6.963451528028771209e-01 1.647044454890501465e+12
6.991305334140887062e-01 1.844897025257483643e+12
7.019270555477450380e-01 2.035220521630924072e+12
7.047347637699360456e-01 2.601715557977244629e+12
7.075537028250157290e-01 2.191113757535028320e+12
7.103839176363159202e-01 1.828222848572503662e+12
7.132254533068611568e-01 1.603763005633965088e+12
7.160783551200886610e-01 1.732171880139959229e+12
7.189426685405689854e-01 1.863492628156606445e+12
7.218184392147313222e-01 1.807122602956362061e+12
7.247057129715901436e-01 2.103493866072080811e+12
7.276045358234763949e-01 2.321880525776742188e+12
7.305149539667704639e-01 2.662937644981054199e+12
7.334370137826373703e-01 2.990298937789921387e+12
7.363707618377679509e-01 3.200503937689979980e+12
7.393162448851190449e-01 3.379421089372783203e+12
7.422735098646596752e-01 3.409974539890487793e+12
7.452426039041182282e-01 3.431080854936208984e+12
7.482235743197346300e-01 3.533647147975559082e+12
7.512164686170136330e-01 3.554200188983809082e+12
7.542213344914817652e-01 3.679932697322082031e+12
7.572382198294477229e-01 3.685217021171541016e+12
7.602671727087656484e-01 3.318453035530830566e+12
7.633082413996006288e-01 3.242438354062151855e+12
7.663614743651989691e-01 2.285448185394656738e+12
7.694269202626597970e-01 2.423599538561912109e+12
7.725046279437104424e-01 2.726942168951640137e+12
7.755946464554852593e-01 2.628453003622152344e+12
7.786970250413072225e-01 2.671474056771969238e+12
7.818118131414724115e-01 2.891026279856570312e+12
7.849390603940383793e-01 2.566454387561764160e+12
7.880788166356144098e-01 2.838665917781208984e+12
7.912311319021569922e-01 2.759823866510554688e+12
7.943960564297655180e-01 2.990342964886498047e+12
7.975736406554845281e-01 3.109529339241083984e+12
8.007639352181065151e-01 3.308799273062166016e+12
8.039669909589789443e-01 3.518481961673121582e+12
8.071828589228148276e-01 3.760767765949613770e+12
8.104115903585061842e-01 3.930710302143806641e+12
8.136532367199402760e-01 4.169953352209175781e+12
8.169078496668199518e-01 4.089138102936839355e+12
8.201754810654874328e-01 3.386490248861859375e+12
8.234561829897493190e-01 3.961119259099413086e+12
8.267500077217083687e-01 3.936754507527694824e+12
8.300570077525952772e-01 3.638345084093369141e+12
8.333772357836056743e-01 3.814632996197461426e+12
8.367107447267401188e-01 3.686034728539395020e+12
8.400575877056470908e-01 3.778441872944663574e+12
8.434178180564695371e-01 3.342572067479529785e+12
8.467914893286955236e-01 2.757533735294857910e+12
8.501786552860102208e-01 2.933005493213762695e+12
8.535793699071543283e-01 3.008761639482485840e+12
8.569936873867830540e-01 3.275230210755535156e+12
8.604216621363300899e-01 3.505882630800412598e+12
8.638633487848753623e-01 3.728209178590640137e+12
8.673188021800150027e-01 3.839642959403270508e+12
8.707880773887352044e-01 3.885149136421461426e+12
8.742712296982900755e-01 4.023677170566717773e+12
8.777683146170831563e-01 4.254247765299700684e+12
8.812793878755513788e-01 4.339046895988614258e+12
8.848045054270535781e-01 4.374447176723830078e+12
8.883437234487617795e-01 3.651879775907978027e+12
8.918970983425568155e-01 4.127866529496493652e+12
8.954646867359271623e-01 3.710887521361652344e+12
8.990465454828707736e-01 4.007862292199777344e+12
9.026427316648023558e-01 3.941377943813250000e+12
9.062533025914615292e-01 3.941966459848923340e+12
9.098783158018273198e-01 4.148263553107139648e+12
9.135178290650346478e-01 4.250764365301443848e+12
9.171719003812948134e-01 4.395036936495328125e+12
9.208405879828199803e-01 4.505996108854626953e+12
9.245239503347512100e-01 4.496808432982199219e+12
9.282220461360901620e-01 4.477709240339087891e+12
9.319349343206346781e-01 4.398118783409345703e+12
9.356626740579171431e-01 4.419132939372827148e+12
9.394053247541488405e-01 4.393373912124275879e+12
9.431629460531654185e-01 4.464788063686476562e+12
9.469355978373780180e-01 4.556794061946945312e+12
9.507233402287275092e-01 4.593002254486975586e+12
9.545262335896426142e-01 4.613818011581917969e+12
9.583443385240012491e-01 4.607945105391851562e+12
9.621777158780971950e-01 4.612772463322655273e+12
9.660264267416096562e-01 4.611212817411306641e+12
9.698905324485760371e-01 4.657374154071612305e+12
9.737700945783701600e-01 4.321389162291131348e+12
9.776651749566835914e-01 4.299478101567961426e+12
9.815758356565105203e-01 4.282067370521215332e+12
9.855021389991363012e-01 4.217568116056885254e+12
9.894441475551331022e-01 4.065631546406517578e+12
9.934019241453534432e-01 3.633598666576158691e+12
9.973755318419349480e-01 3.886942268509476562e+12
1.001365033969302543e+00 3.947772437876434082e+12
1.005370494105179757e+00 3.908030038061798340e+12
1.009391976081600362e+00 4.033760183952612793e+12
1.013429543985926884e+00 4.120915215495428223e+12
1.017483262161870350e+00 4.133067500100057617e+12
1.021553195210518128e+00 4.206477843443654785e+12
1.025639407991360219e+00 4.095051428452961426e+12
1.029741965623325539e+00 4.071177776804331543e+12
1.033860933485818867e+00 4.110412075010247559e+12
1.037996377219762012e+00 4.270268805992505371e+12
1.042148362728641198e+00 4.241878788180133301e+12
1.046316956179555557e+00 4.367130667037992188e+12
1.050502224004274066e+00 4.363650270810223145e+12
1.054704232900291139e+00 4.421870682223016602e+12
1.058923049831892227e+00 4.385216917620767578e+12
1.063158742031219628e+00 4.382374761602141113e+12
1.067411376999344741e+00 4.304090328864956055e+12
1.071681022507342096e+00 4.308140202418921875e+12
1.075967746597371377e+00 4.379944766983094238e+12
1.080271617583760779e+00 4.340936688493647461e+12
1.084592704054095913e+00 4.392349514782893555e+12
1.088931074870312044e+00 4.352518720716377441e+12
1.093286799169793433e+00 4.327558551048906250e+12
1.097659946366472461e+00 4.240856995653517578e+12
1.102050586151938294e+00 4.222974607923312500e+12
1.106458788496546219e+00 4.143644491309850586e+12
1.110884623650532532e+00 4.111248937469240234e+12
1.115328162145134749e+00 4.177487437496170898e+12
1.119789474793714934e+00 4.140180489867237305e+12
1.124268632692889902e+00 4.190173710853216797e+12
1.128765707223661430e+00 4.173387679590671387e+12
1.133280770052556230e+00 4.160279015132073242e+12
1.137813893132766374e+00 3.846657902929361328e+12
1.142365148705297484e+00 3.864158755018686035e+12
1.146934609300118479e+00 4.153188334025553223e+12
1.151522347737319096e+00 4.196751607574830566e+12
1.156128437128268516e+00 4.147549190467692383e+12
1.160752950876781542e+00 4.112002254259287598e+12
1.165395962680288999e+00 4.156021370772438965e+12
1.170057546531009907e+00 4.033104344255500488e+12
1.174737776717134086e+00 4.104619489046051270e+12
1.179436727824002773e+00 3.915517962380117676e+12
1.184154474735298557e+00 4.011188919986863770e+12
1.188891092634239977e+00 4.040481593347679688e+12
1.193646657004777012e+00 4.047286274924289062e+12
1.198421243632796118e+00 3.891799454811385254e+12
1.203214928607327261e+00 3.940880769473739746e+12
1.208027788321756724e+00 3.994052307017922852e+12
1.212859899475043468e+00 3.953650610316148926e+12
1.217711339072943710e+00 3.997802036278893555e+12
1.222582184429235275e+00 3.953143611789077637e+12
1.227472513166952384e+00 4.000056237860978516e+12
1.232382403219620226e+00 3.965775825800952637e+12
1.237311932832498407e+00 3.942653405339546875e+12
1.242261180563828615e+00 3.758105548939798340e+12
1.247230225286083849e+00 3.854315808735586426e+12
1.252219146187228072e+00 3.765215818044323730e+12
1.257228022771976983e+00 3.822134852139464355e+12
1.262256934863064783e+00 3.798780256312043457e+12
1.267305962602517155e+00 3.814244453680769043e+12
1.272375186452927354e+00 3.811987255702981445e+12
1.277464687198738957e+00 3.811159440188039062e+12
1.282574545947533950e+00 3.802208112548760742e+12
1.287704844131324133e+00 3.712127001837886230e+12
1.292855663507849417e+00 3.698389151382880859e+12
1.298027086161880783e+00 3.726220898596470215e+12
1.303219194506528344e+00 3.724964969467680664e+12
1.308432071284554521e+00 3.674743364683368652e+12
1.313665799569692760e+00 3.697681661665020996e+12
1.318920462767971591e+00 3.679453124611315918e+12
1.324196144619043336e+00 3.599903693678251953e+12
1.329492929197519491e+00 3.478826171811075195e+12
1.334810900914309650e+00 3.112850926295771973e+12
1.340150144517967101e+00 3.065752736810257812e+12
1.345510745096038852e+00 3.025376963666271484e+12
1.350892788076423212e+00 3.013821086656940430e+12
1.356296359228728932e+00 2.960102280240467285e+12
1.361721544665643879e+00 2.938110161998066895e+12
1.367168430844306393e+00 2.965084647558509277e+12
1.372637104567683730e+00 2.959301993506411621e+12
1.378127652985954299e+00 2.980192046442900879e+12
1.383640163597898098e+00 2.949392667892269043e+12
1.389174724252289828e+00 2.851281914935205566e+12
1.394731423149298877e+00 2.792392570484687012e+12
1.400310348841896202e+00 2.743099438314223145e+12
1.405911590237263642e+00 2.748763052147371582e+12
1.411535236598212784e+00 2.640599506510979980e+12
1.417181377544605603e+00 2.580672892338314453e+12
1.422850103054784210e+00 2.591139712989487305e+12
1.428541503467003038e+00 2.556548121256198242e+12
1.434255669480871243e+00 2.551378368628812012e+12
1.439992692158794885e+00 2.550597337642960449e+12
1.445752662927429988e+00 2.561309566504608398e+12
1.451535673579139596e+00 2.532356479413884766e+12
1.457341816273456159e+00 2.549109919460385742e+12
1.463171183538549913e+00 2.483623562824454102e+12
1.469023868272704147e+00 2.444327518693948730e+12
1.474899963745795128e+00 2.454871251730388184e+12
1.480799563600778246e+00 2.447902964583572754e+12
1.486722761855181485e+00 2.435858794115327637e+12
1.492669652902602007e+00 2.441845824708356445e+12
1.498640331514212276e+00 2.443131526268052246e+12
1.504634892840269300e+00 2.429224929839027832e+12
1.510653432411630304e+00 2.451747899179106934e+12
1.516696046141276843e+00 2.451169081031084961e+12
1.522762830325842032e+00 2.468133020163443359e+12
1.528853881647145307e+00 2.465410814219188965e+12
1.534969297173733649e+00 2.446490607011105957e+12
1.541109174362428780e+00 2.426541161969376465e+12
1.547273611059878373e+00 2.445937197801540527e+12
1.553462705504118135e+00 2.453629294811763672e+12
1.559676556326134556e+00 2.432111001798979004e+12
1.565915262551438980e+00 2.455670455700082031e+12
1.572178923601644795e+00 2.449164750009592773e+12
1.578467639296051495e+00 2.483435261911153320e+12
1.584781509853235626e+00 2.484457287944749512e+12
1.591120635892648405e+00 2.474437818019098145e+12
1.597485118436219098e+00 2.492226510956804688e+12
1.603875058909963958e+00 2.494056196307545898e+12
1.610290559145603595e+00 2.488092500664295898e+12
1.616731721382186127e+00 2.432750985030379883e+12
1.623198648267714761e+00 2.489656804617888184e+12
1.629691442860785600e+00 2.509356518147187500e+12
1.636210208632228769e+00 2.529389669106413086e+12
1.642755049466757766e+00 2.534847502644465820e+12
1.649326069664624805e+00 2.533572096950297852e+12
1.655923373943283039e+00 2.542255515752566406e+12
1.662547067439056336e+00 2.535949987626600586e+12
1.669197255708812611e+00 2.535198099801037109e+12
1.675874044731648027e+00 2.533720993712057129e+12
1.682577540910574321e+00 2.509934814403788574e+12
1.689307851074216771e+00 2.466355131889644043e+12
1.696065082478513508e+00 2.427453650002286621e+12
1.702849342808427480e+00 2.384263991230935059e+12
1.709660740179661298e+00 2.296430503634560059e+12
1.716499383140379864e+00 2.207280393005754883e+12
1.723365380672941427e+00 2.188037449063709229e+12
1.730258842195633306e+00 2.149462289627810303e+12
1.737179877564415831e+00 2.054377621476030273e+12
1.744128597074673603e+00 2.022229999245618896e+12
1.751105111462972097e+00 1.963666249047383545e+12
1.758109531908824241e+00 1.873104611881837158e+12
1.765141970036459451e+00 1.838194801883798584e+12
1.772202537916605314e+00 1.778372039800316895e+12
1.779291348068271716e+00 1.704772108560882324e+12
1.786408513460544745e+00 1.675938684213469727e+12
1.793554147514387020e+00 1.629066209881082520e+12
1.800728364104444257e+00 1.603502979865541504e+12
1.807931277560862249e+00 1.543903424752495605e+12
1.815163002671105641e+00 1.561168670178575928e+12
1.822423654681789795e+00 1.529294239659302002e+12
1.829713349300517100e+00 1.502948784096475830e+12
1.837032202697718830e+00 1.491251468886845215e+12
1.844380331508509885e+00 1.414907844257455322e+12
1.851757852834543527e+00 1.392015037104200439e+12
1.859164884245881888e+00 1.296560736913833252e+12
1.866601543782865358e+00 1.363929177320741211e+12
1.874067949957996859e+00 1.332933429157363525e+12
1.881564221757828781e+00 1.348541810087128418e+12
1.889090478644860127e+00 1.356601208315385986e+12
1.896646840559439662e+00 1.354384029937774170e+12
1.904233427921677269e+00 1.351416932480453125e+12
1.911850361633363971e+00 1.353905821146235352e+12
1.919497763079897279e+00 1.323884786840737793e+12
1.927175754132217200e+00 1.305893679662360352e+12
1.934884457148745796e+00 1.315485101873381348e+12
1.942623994977340729e+00 1.255283156394841553e+12
1.950394490957250149e+00 1.278536171815298828e+12
1.958196068921079336e+00 1.288795400574852783e+12
1.966028853196763793e+00 1.283619935503290039e+12
1.973892968609550991e+00 1.228869044202890381e+12
1.981788540483989447e+00 1.196148042032052490e+12
1.989715694645925126e+00 1.189417387285624512e+12
1.997674557424508723e+00 1.192780442245480713e+12
2.005665255654207169e+00 1.175219144769987305e+12
2.013687916676823786e+00 1.158650158611590820e+12
2.021742668343530891e+00 1.157537665110187012e+12
2.029829639016905052e+00 1.139011540421577637e+12
2.037948957572972564e+00 1.128910940667569092e+12
2.046100753403264694e+00 1.118719003632001709e+12
2.054285156416877811e+00 1.125104792474016113e+12
2.062502297042545507e+00 1.106535694639920654e+12
2.070752306230715600e+00 1.107520830628514160e+12
2.079035315455638244e+00 1.101613708437538086e+12
2.087351456717461140e+00 1.090178289556513794e+12
2.095700862544330967e+00 1.092592380577612671e+12
2.104083665994508134e+00 1.097275726673092773e+12
2.112500000658485977e+00 1.095768092750620605e+12
2.120950000661120161e+00 1.094254156190885864e+12
2.129433800663764753e+00 1.079224945575458862e+12
2.137951535866419839e+00 1.084049082623109985e+12
2.146503342009885351e+00 1.097540692495558105e+12
2.155089355377924676e+00 1.092404803297568481e+12
2.163709712799436691e+00 1.099368152044532349e+12
2.172364551650634468e+00 1.095844128459683716e+12
2.181054009857236853e+00 1.093947853753226807e+12
2.189778225896665376e+00 1.094593512411983398e+12
2.198537338800252705e+00 1.099324950287195679e+12
2.207331488155453325e+00 1.073409733231130615e+12
2.216160814108075083e+00 1.099782455628504395e+12
2.225025457364507631e+00 1.099130638979288940e+12
2.233925559193965515e+00 1.096921227897292847e+12
2.242861261430741493e+00 1.100105566134491699e+12
2.251832706476463830e+00 1.093672299888663086e+12
2.260840037302370042e+00 1.079068585821804321e+12
2.269883397451579299e+00 1.084775391526381958e+12
2.278962931041386142e+00 1.074990603443256226e+12
2.288078782765551100e+00 1.074717235807710205e+12
2.297231097896613505e+00 9.882931456488593750e+11
2.306420022288200311e+00 1.022133862449426880e+12
2.315645702377353121e+00 9.997654062311063232e+11
2.324908285186861878e+00 9.307387186512166748e+11
2.334207918327609654e+00 9.480514328051544189e+11
2.343544750000919663e+00 9.393443740176518555e+11
2.352918929000923143e+00 8.799892201150961914e+11
2.362330604716927240e+00 8.918256371129840088e+11
2.371779927135795329e+00 8.929700955113841553e+11
2.381267046844337987e+00 8.432716531517697754e+11
2.390792115031715070e+00 8.230514619757421875e+11
2.400355283491842240e+00 8.013250846350245361e+11
2.409956704625809465e+00 7.583575206197237549e+11
2.419596531444312859e+00 7.487511895698017578e+11
2.429274917570089620e+00 7.140203193254101562e+11
2.438992017240370291e+00 6.879461714413662109e+11
2.448747985309331465e+00 6.638656507910356445e+11
2.458542977250568917e+00 6.400996505909055176e+11
2.468377149159570738e+00 6.303764796280989990e+11
2.478250657756209563e+00 5.891719445984125977e+11
2.488163660387234355e+00 5.883689860058430176e+11
2.498116315028783063e+00 5.799558259680249023e+11
2.508108780288898387e+00 5.468598419362842407e+11
2.518141215410053757e+00 5.428046814414194336e+11
2.528213780271693967e+00 5.240112420512147217e+11
2.538326635392781139e+00 5.161004348598356323e+11
2.548479941934351789e+00 5.130720237925424194e+11
2.558673861702089436e+00 5.021871564834786987e+11
2.568908557148898097e+00 5.055627304838898926e+11
2.579184191377493551e+00 4.843630745480969238e+11
2.589500928143003478e+00 4.959207139314563599e+11
2.599858931855575594e+00 4.967815645172294312e+11
2.610258367582998229e+00 4.985032750494520874e+11
2.620699401053329769e+00 4.894072771348640747e+11
2.631182198657543214e+00 4.894276721123414307e+11
2.641706927452173392e+00 4.863508683769925537e+11
2.652273755161981938e+00 4.951473641857670288e+11
2.662882850182629824e+00 4.961543242161781006e+11
2.673534381583360542e+00 4.720356925701027832e+11
2.684228519109693956e+00 4.713508862210812988e+11
2.694965433186132575e+00 4.517428506018189087e+11
2.705745294918877164e+00 4.510961586898388062e+11
2.716568276098552559e+00 4.380915210157892456e+11
2.727434549202946812e+00 4.199632173318636475e+11
2.738344287399758326e+00 4.130391084718513184e+11
2.749297664549357201e+00 4.090326735567063599e+11
2.760294855207554576e+00 4.080690357203075562e+11
2.771336034628385292e+00 3.955660549880788574e+11
2.782421378766898545e+00 3.866270866019631958e+11
2.793551064281966312e+00 3.865098771580166016e+11
2.804725268539093985e+00 3.725628782648298950e+11
2.815944169613250558e+00 3.629710323321369629e+11
2.827207946291703244e+00 3.730766169889986572e+11
2.838516778076869862e+00 3.571475872239726562e+11
2.849870845189177437e+00 3.523074642488045044e+11
2.861270328569933685e+00 3.576404352050280151e+11
2.872715409884213589e+00 3.485684001633341675e+11
2.884206271523750420e+00 3.462714435549140015e+11
2.895743096609845413e+00 3.481950362453045044e+11
2.907326068996284985e+00 3.298948074863408813e+11
2.918955373272270393e+00 3.321028004072705078e+11
2.930631194765359826e+00 3.299654695711647949e+11
2.942353719544420709e+00 3.186337306960866089e+11
2.954123134422598440e+00 3.219839118308087158e+11
2.965939626960289122e+00 3.137950073594962769e+11
2.977803385468130504e+00 3.175179438732214355e+11
2.989714599010003138e+00 3.073520068298430786e+11
3.001673457406043077e+00 3.071939513209354248e+11
3.013680151235667015e+00 3.055949262094541626e+11
3.025734871840609408e+00 2.932120306855840454e+11
3.037837811327972037e+00 3.043784990206477661e+11
3.049989162573283785e+00 2.914310540039790649e+11
3.062189119223576395e+00 2.979084091313472900e+11
3.074437875700470890e+00 2.896909070573933105e+11
3.086735627203272880e+00 2.865855604220784912e+11
3.099082569712085622e+00 2.881404435553190308e+11
3.111478899990933744e+00 2.799226421545151367e+11
3.123924815590897186e+00 2.828690728444348145e+11
3.136420514853261121e+00 2.787595142312249146e+11
3.148966196912674320e+00 2.769378429668179932e+11
3.161562061700325277e+00 2.767741977361879883e+11
3.174208309947126327e+00 2.700512749827475281e+11
3.186905143186915090e+00 2.770745092362448120e+11
3.199652763759662566e+00 2.628670171572004395e+11
3.212451374814701222e+00 2.739674578388218384e+11
3.225301180313960625e+00 2.668584439467052002e+11
3.238202385035215958e+00 2.654412022599402466e+11
3.251155194575356955e+00 2.660721221453852844e+11
3.264159815353658622e+00 2.643685506438468018e+11
3.277216454615073271e+00 2.612646422358793335e+11
3.290325320433533207e+00 2.602535670820234985e+11
3.303486621715267635e+00 2.608267911985016174e+11
3.316700568202128441e+00 2.557897504791013184e+11
3.329967370474937294e+00 2.603571198758237305e+11
3.343287239956836743e+00 2.518139808115601196e+11
3.356660388916663962e+00 2.538815543784337463e+11
3.370087030472330714e+00 2.529888569176477356e+11
3.383567378594220187e+00 2.494707212217510376e+11
3.397101648108596716e+00 2.498034860144950867e+11
3.410690054701031482e+00 2.466058909209358521e+11
3.424332814919834878e+00 2.468003773288149109e+11
3.438030146179514634e+00 2.440275389522684631e+11
3.451782266764232610e+00 2.437104624013990173e+11
3.465589395831289998e+00 2.429236262839756775e+11
3.479451753414614767e+00 2.404634775610136414e+11
3.493369560428273068e+00 2.358664557775059204e+11
3.507343038669985980e+00 2.397994800771908875e+11
3.521372410824665788e+00 2.328169974512046204e+11
3.535457900467964709e+00 2.336172034725831299e+11
3.549599732069836477e+00 2.317656606751249084e+11
3.563798130998116154e+00 2.297871295784244080e+11
3.578053323522108364e+00 2.286013302089711609e+11
3.592365536816196858e+00 2.272545269453732300e+11
3.606734998963461614e+00 2.253294673069330750e+11
3.621161938959315041e+00 2.227832257779616394e+11
3.635646586715152839e+00 2.213895408159664917e+11
3.650189173062013293e+00 2.200115288934262390e+11
3.664789929754260545e+00 2.187445988586640930e+11
3.679449089473277645e+00 2.160164514791979065e+11
3.694166885831170699e+00 2.144268874026354980e+11
3.708943553374495661e+00 2.148339983907955017e+11
3.723779327587993571e+00 2.128816509000098267e+11
3.738674444898345328e+00 2.091445159289411011e+11
3.753629142677938901e+00 2.104551687971911621e+11
3.768643659248651190e+00 2.068717921286829529e+11
3.783718233885645432e+00 2.076634123452821045e+11
3.798853106821188153e+00 2.047419794044753723e+11
3.814048519248473657e+00 2.035417703549004822e+11
3.829304713325467180e+00 1.981599891427752075e+11
3.844621932178768908e+00 1.987764583938169250e+11
3.860000419907484215e+00 1.982928961757474060e+11
3.875440421587113882e+00 1.946954518269233093e+11
3.890942183273462529e+00 1.921422317573107300e+11
3.906505952006555926e+00 1.904423207689523926e+11
3.922131975814582727e+00 1.883853816304889221e+11
3.937820503717840648e+00 1.855438830254096069e+11
3.953571785732711508e+00 1.814486252305365601e+11
3.969386072875642490e+00 1.792455402873960876e+11
3.985263617167145167e+00 1.740906585657994690e+11
4.001204671635814059e+00 1.723424912870116882e+11
4.017209490322357190e+00 1.707693505041118164e+11
4.033278328283646630e+00 1.662632696419744263e+11
4.049411441596781458e+00 1.633887312007656860e+11
4.065609087363168506e+00 1.599040496267597961e+11
4.081871523712622185e+00 1.534628749146256409e+11
4.098199009807472315e+00 1.541184169933752747e+11
4.114591805846702144e+00 1.505141660765699158e+11
4.131050173070089038e+00 1.486009945071342468e+11
4.147574373762369149e+00 1.477492217628557739e+11
4.164164671257418959e+00 1.421091329774807739e+11
4.180821329942449260e+00 1.418673173168256836e+11
4.197544615262219558e+00 1.401252374928000488e+11
4.214334793723269357e+00 1.363887850167848663e+11
4.231192132898162761e+00 1.377719375451172180e+11
4.248116901429755288e+00 1.307702160111462097e+11
4.265109369035473996e+00 1.295745512600624390e+11
4.282169806511615384e+00 1.291242237994509888e+11
4.299298485737661935e+00 1.242906664771370392e+11
4.316495679680612874e+00 1.235270432267281342e+11
4.333761662399335357e+00 1.208419749883360291e+11
4.351096709048932532e+00 1.170489839798412781e+11
4.368501095885127583e+00 1.140351181140579834e+11
4.385975100268668214e+00 1.123489448853425598e+11
4.403519000669743555e+00 1.092091347556408081e+11
4.421133076672422391e+00 1.067581724499797363e+11
4.438817608979111817e+00 1.043938848565844269e+11
4.456572879415028332e+00 1.037833632076776428e+11
4.474399170932688463e+00 1.001643253783388519e+11
4.492296767616419828e+00 9.941125515141374207e+10
4.510265954686884626e+00 9.887800174487301636e+10
4.528307018505633330e+00 9.533106496307003784e+10
4.546420246579655711e+00 9.521218982133374023e+10
4.564605927565974497e+00 9.225527971270172119e+10
4.582864351276237258e+00 9.348632363546452332e+10
4.601195808681342925e+00 9.000059110707688904e+10
4.619600591916067422e+00 8.982418002156950378e+10
4.638078994283731937e+00 8.870081113836219788e+10
4.656631310260867629e+00 8.760946072909161377e+10
4.675257835501911430e+00 8.493923717512168884e+10
4.693958866843916944e+00 8.532813957285742188e+10
4.712734702311292878e+00 8.345635647918455505e+10
4.731585641120538810e+00 8.277864130438592529e+10
4.750511983685020923e+00 8.195039410162799072e+10
4.769514031619761063e+00 7.968682251817364502e+10
4.788592087746240011e+00 7.846599970111642456e+10
4.807746456097224730e+00 7.782678328538973999e+10
4.826977441921613377e+00 7.687297894203141785e+10
4.846285351689299858e+00 7.608284216055303955e+10
4.865670493096057925e+00 7.461789769796925354e+10
4.885133175068442135e+00 7.330550781961376953e+10
4.904673707768715474e+00 7.242243970632667542e+10
4.924292402599791174e+00 7.143233503618916321e+10
4.943989572210189642e+00 7.004456120493382263e+10
4.963765530499030021e+00 6.805512625486731720e+10
4.983620592621027079e+00 6.884599897426216125e+10
5.003555074991511198e+00 6.688168846098402405e+10
5.023569295291476777e+00 6.489576737050494385e+10
5.043663572472643075e+00 6.611573463653462219e+10
5.063838226762532813e+00 6.372167191460269928e+10
5.084093579669583640e+00 6.270470792182102966e+10
5.104429953988261381e+00 6.224958246257389832e+10
5.124847673804215020e+00 6.124605126263409424e+10
5.145347064499431688e+00 6.070888224711487579e+10
5.165928452757428957e+00 5.861206512807781219e+10
5.186592166568458673e+00 5.922564934026604462e+10
5.207338535234733001e+00 5.741546988701207733e+10
5.228167889375671784e+00 5.729750437821792603e+10
5.249080560933174766e+00 5.537663476514141846e+10
5.270076883176907145e+00 5.524543052709355927e+10
5.291157190709615321e+00 5.449043609658203125e+10
5.312321819472453299e+00 5.373521400644786835e+10
5.333571106750343738e+00 5.346643588586415863e+10
5.354905391177344320e+00 5.165298593713892365e+10
5.376325012742054099e+00 5.177447824872829437e+10
5.397830312793021612e+00 5.061573229903817749e+10
5.419421634044193858e+00 4.869676467171345520e+10
5.441099320580370602e+00 4.929540273531327057e+10
5.462863717862692425e+00 4.818150730660875702e+10
5.484715172734142996e+00 4.774389477526058960e+10
5.506654033425078865e+00 4.770706163289151001e+10
5.528680649558780580e+00 4.548989833982032013e+10
5.550795372157015350e+00 4.521477621576505280e+10
5.572998553645643227e+00 4.460414671449890137e+10
5.595290547860225949e+00 4.510422807650600433e+10
5.617671710051667766e+00 4.356613671279949188e+10
5.640142396891874021e+00 4.358537770967018127e+10
5.662702966479441713e+00 4.276375158216783905e+10
5.685353778345359821e+00 4.152833476023838043e+10
5.708095193458740724e+00 4.155020616336697388e+10
5.730927574232576482e+00 4.017706409582777405e+10
5.753851284529505783e+00 4.119921275458993530e+10
5.776866689667624399e+00 3.961767285670803833e+10
5.799974156426294769e+00 3.988486526785070038e+10
5.823174053051999977e+00 3.843716460769420624e+10
5.846466749264207508e+00 3.804315478789796448e+10
5.869852616261264977e+00 3.815929872196516418e+10
5.893332026726310069e+00 3.730925621140718079e+10
5.916905354833215114e+00 3.739968659639305878e+10
5.940572976252548543e+00 3.630354209098125458e+10
5.964335268157558545e+00 3.634190294621042633e+10
5.988192609230189589e+00 3.563068311098189545e+10
6.012145379667110490e+00 3.575933311184672546e+10
6.036193961185778889e+00 3.420152679991709900e+10
6.060338737030522616e+00 3.451876761775708771e+10
6.084580091978644134e+00 3.477507603194799805e+10
6.108918412346558746e+00 3.327598518538042450e+10
6.133354085995945226e+00 3.415401246541909409e+10
6.157887502339929320e+00 3.332940223567829514e+10
6.182519052349287669e+00 3.247754322296049500e+10
6.207249128558685491e+00 3.242286364494026566e+10
6.232078125072920471e+00 3.214863298181455231e+10
6.257006437573212843e+00 3.130799536682339478e+10
6.282034463323505236e+00 3.094436025987568665e+10
6.307162601176800720e+00 3.063953252719125366e+10
6.332391251581507063e+00 3.022508087127320099e+10
6.357720816587833390e+00 2.954349078195727539e+10
6.383151699854184180e+00 2.878821492305009842e+10
6.408684306653601226e+00 2.799724277342580414e+10
6.434319043880215361e+00 2.773547075659368134e+10
6.460056320055736379e+00 2.632522458421728134e+10
6.485896545335958052e+00 2.492792574424803925e+10
6.511840131517302233e+00 2.502186293840534210e+10
6.537887492043371829e+00 2.413006798152499008e+10
6.564039042011545533e+00 2.335619536474176407e+10
6.590295198179591196e+00 2.262277773387885666e+10
6.616656378972309405e+00 2.240807846506707764e+10
6.643123004488199257e+00 2.163260097185576248e+10
6.669695496506150789e+00 2.152307920338687515e+10
6.696374278492176479e+00 2.106831485046300507e+10
6.723159775606144528e+00 2.130290614717140579e+10
6.750052414708568094e+00 2.084822163489892960e+10
6.777052624367403411e+00 1.998998333308792114e+10
6.804160834864871887e+00 2.008408507883489609e+10
6.831377478204331055e+00 1.962108652291785812e+10
6.858702988117148180e+00 1.975101505400995255e+10
6.886137800069615622e+00 1.933184062499976730e+10
6.913682351269895499e+00 1.891581751730619812e+10
6.941337080674975013e+00 1.889691781160564804e+10
6.969102428997675069e+00 1.869206527137281418e+10
6.996978838713665994e+00 1.850671944630669022e+10
7.024966754068519670e+00 1.824573440945459366e+10
7.053066621084793653e+00 1.793532013694256592e+10
7.081278887569133929e+00 1.765218166319869995e+10
7.109604003119409654e+00 1.708042726667377090e+10
7.138042419131887861e+00 1.729023731494112396e+10
7.166594588808414379e+00 1.713889019435006905e+10
7.195260967163648047e+00 1.679181515262563133e+10
7.224042011032302923e+00 1.654424835674272346e+10
7.252938179076432235e+00 1.633368688314950943e+10
7.281949931792737196e+00 1.621739807161693954e+10
7.311077731519908696e+00 1.597287320236186028e+10
7.340322042445988515e+00 1.562502682162798882e+10
7.369683330615771411e+00 1.537289182912051392e+10
7.399162063938235612e+00 1.559256935803421021e+10
7.428758712193988423e+00 1.488425443748312187e+10
7.458473747042765112e+00 1.502996510650229073e+10
7.488307642030935796e+00 1.477030118483680153e+10
7.518260872599060285e+00 1.438093004620946121e+10
7.548333916089456253e+00 1.453332085411117554e+10
7.578527251753813587e+00 1.401830701301196671e+10
7.608841360760829176e+00 1.353207932734135437e+10
7.639276726203872769e+00 1.372296440813599777e+10
7.669833833108687493e+00 1.331193534044834328e+10
7.700513168441122325e+00 1.334476844038145828e+10
7.731315221114887670e+00 1.305795275612512016e+10
7.762240481999347352e+00 1.275768914074448776e+10
7.793289443927344351e+00 1.275084015705984497e+10
7.824462601703054077e+00 1.274367182356279945e+10
7.855760452109866065e+00 1.238973421892192650e+10
7.887183493918306532e+00 1.189650942150693512e+10
7.918732227893980458e+00 1.199988656587038994e+10
7.950407156805555431e+00 1.183701056607389069e+10
7.982208785432777454e+00 1.138444895943162727e+10
8.014137620574508958e+00 1.155759973390258217e+10
8.046194171056805899e+00 1.118677161851388550e+10
8.078378947741034821e+00 1.105458918491409111e+10
8.110692463531997021e+00 1.077640317903386497e+10
8.143135233386125549e+00 1.077102421869153595e+10
8.175707774319670662e+00 1.067084790405355644e+10
8.208410605416949224e+00 1.028013228572296333e+10
8.241244247838615422e+00 1.036863019010106087e+10
8.274209224829968790e+00 9.944217575915252686e+09
8.307306061729288871e+00 1.000350259631956482e+10
8.340535285976207192e+00 9.694744264724363327e+09
8.373897427120111203e+00 9.479683383631160736e+09
8.407393016828594412e+00 9.617883378035469055e+09
8.441022588895906509e+00 9.285059242026714325e+09
8.474786679251490540e+00 9.376549614630830765e+09
8.508685825968495209e+00 9.083282296217187881e+09
8.542720569272368891e+00 9.046347436318225861e+09
8.576891451549458978e+00 8.828050601907537460e+09
8.611199017355655627e+00 8.848231082416591644e+09
8.645643813425078150e+00 8.785086516360649109e+09
8.680226388678779159e+00 8.561613548112042427e+09
8.714947294233493125e+00 8.483196445659026146e+09
8.749807083410427566e+00 8.157041851005719185e+09
8.784806311744070229e+00 8.257018984668196678e+09
8.819945536991047774e+00 8.116129720851848602e+09
8.855225319139009343e+00 7.964196107781826019e+09
8.890646220415566958e+00 8.016656622759458542e+09
8.926208805297228821e+00 7.912694822572178841e+09
8.961913640518417878e+00 7.638272832765566826e+09
8.997761295080492161e+00 7.687897710058026314e+09
9.033752340260813085e+00 7.604262996456314087e+09
9.069887349621856387e+00 7.490700389252888680e+09
9.106166899020346150e+00 7.360983959008631706e+09
9.142591566616424359e+00 7.303878260274708748e+09
9.179161932882891506e+00 7.231442540780879974e+09
9.215878580614422333e+00 7.062424421678417206e+09
9.252742094936881045e+00 6.911152467571768761e+09
9.289753063316627646e+00 6.883889832205798149e+09
9.326912075569895322e+00 6.755191522994330406e+09
9.364219723872173162e+00 6.821552638575124741e+09
9.401676602767663482e+00 6.557190535831577301e+09
9.439283309178733816e+00 6.477346124137613297e+09
9.477040442415447075e+00 6.466109433482146263e+09
9.514948604185111236e+00 6.345866953990789413e+09
9.553008398601852136e+00 6.360123239764075279e+09
9.591220432196260859e+00 6.146254864883153915e+09
9.629585313925044687e+00 6.033854826428917885e+09
9.668103655180747324e+00 5.984066238410503387e+09
9.706776069801470896e+00 5.887742131317816734e+09
9.745603174080676112e+00 5.865975221343399048e+09
9.784585586776998412e+00 5.804492611999626160e+09
9.823723929124106746e+00 5.662784825855553627e+09
9.863018824840601440e+00 5.595357995502846718e+09
9.902470900139965337e+00 5.320942445170785904e+09
9.942080783740523842e+00 5.430713852477040291e+09
9.981849106875488431e+00 5.305983346632098198e+09
1.002177650330298952e+01 5.273658357014523506e+09
1.006186360931619994e+01 5.145599665451473236e+09
1.010211106375346723e+01 5.024876019521622658e+09
1.014251950800847979e+01 5.006195605565555573e+09
1.018308958604051284e+01 4.985430513802322388e+09
1.022382194438467451e+01 4.838850937887895584e+09
1.026471723216221399e+01 4.788077885405334473e+09
1.030577610109086173e+01 4.678193935607620239e+09
1.034699920549522467e+01 4.595436037490836143e+09
1.038838720231720458e+01 4.551720163443963051e+09
1.042994075112647501e+01 4.467328290178581238e+09
1.047166051413097954e+01 4.393962639602020264e+09
1.051354715618750468e+01 4.338828858539414406e+09
1.055560134481225454e+01 4.252987242022623539e+09
1.059782375019150358e+01 4.155472429488866329e+09
1.064021504519226902e+01 4.149896114433568001e+09
1.068277590537303823e+01 4.112870747814611912e+09
1.072550700899452991e+01 3.960086756704697609e+09
1.076840903703050856e+01 3.900261313010331631e+09
1.081148267317863088e+01 3.874062190468183041e+09
1.085472860387134553e+01 3.910664060893623352e+09
1.089814751828683015e+01 3.691985884200428009e+09
1.094174010835997635e+01 3.689069560108089447e+09
1.098550706879341909e+01 3.567747367376391411e+09
1.102944909706859100e+01 3.541956373875147820e+09
1.107356689345686540e+01 3.514559858546057224e+09
1.111786116103069233e+01 3.435517391721180916e+09
1.116233260567481622e+01 3.390657434628177643e+09
1.120698193609751492e+01 3.304674000493218899e+09
1.125180986384190440e+01 3.282572614119266033e+09
1.129681710329727373e+01 3.219266966142608643e+09
1.134200437171046083e+01 3.193099289982260704e+09
1.138737238919730466e+01 3.141128792259856224e+09
1.143292187875409383e+01 3.064680139240359783e+09
1.147865356626910938e+01 3.047524227285316944e+09
1.152456818053418530e+01 2.973696590243285179e+09
1.157066645325632237e+01 2.912650711008200645e+09
1.161694911906934635e+01 2.875388813361668587e+09
1.166341691554562487e+01 2.864183222961568356e+09
1.171007058320780736e+01 2.781296355774608135e+09
1.175691086554063958e+01 2.700142590186739445e+09
1.180393850900279951e+01 2.697229300914397240e+09
1.185115426303881137e+01 2.639890586519848347e+09
1.189855888009096674e+01 2.635867023978334427e+09
1.194615311561133097e+01 2.587890721030735970e+09
1.199393772807377623e+01 2.549489052601544857e+09
1.204191347898607134e+01 2.513180634888567924e+09
1.209008113290201614e+01 2.472863240290060520e+09
1.213844145743362368e+01 2.409697307135717392e+09
1.218699522326335938e+01 2.410136112629328728e+09
1.223574320415641381e+01 2.339981514592350960e+09
1.228468617697303777e+01 2.354832298385144234e+09
1.233382492168093059e+01 2.263405207754579544e+09
1.238316022136765504e+01 2.261364579155032635e+09
1.243269286225312520e+01 2.152007505300344944e+09
1.248242363370213859e+01 2.192052821972698689e+09
1.253235332823694748e+01 2.122028568833996296e+09
1.258248274154989410e+01 2.122611242484392166e+09
1.263281267251609385e+01 2.087806939592830420e+09
1.268334392320615756e+01 2.031837990211561441e+09
1.273407729889898299e+01 2.061850468611501932e+09
1.278501360809457665e+01 1.956090127857315063e+09
1.283615366252695544e+01 1.923378108871426344e+09
1.288749827717706253e+01 1.954138103435472727e+09
1.293904827028577031e+01 1.858787145651978970e+09
1.299080446336691352e+01 1.879251973730982542e+09
1.304276768122038099e+01 1.824467698939616680e+09
1.309493875194526424e+01 1.819343408497537613e+09
1.314731850695304693e+01 1.770693995327076197e+09
1.319990778098085649e+01 1.740421917288236141e+09
1.325270741210477965e+01 1.713376312902312517e+09
1.330571824175319939e+01 1.685964866666245222e+09
1.335894111472021173e+01 1.658147181029599905e+09
1.341237687917909227e+01 1.655617709739249706e+09
1.346602638669580898e+01 1.590770374317796946e+09
1.351989049224258999e+01 1.611498671645818472e+09
1.357397005421156067e+01 1.558841811471611977e+09
1.362826593442840917e+01 1.543575619866076946e+09
1.368277899816612297e+01 1.528316833337303400e+09
1.373751011415878942e+01 1.476814951783204794e+09
1.379246015461542463e+01 1.493156432808926344e+09
1.384762999523388416e+01 1.433610851778331518e+09
1.390302051521481808e+01 1.459072203548008680e+09
1.395863259727567751e+01 1.417677084765979767e+09
1.401446712766477987e+01 1.376612341586173773e+09
1.407052499617543972e+01 1.396752568943187237e+09
1.412680709616014063e+01 1.318809304922199726e+09
1.418331432454478147e+01 1.293555381445978165e+09
1.424004758184296193e+01 1.308930954696062803e+09
1.429700777217033369e+01 1.300553263861964226e+09
1.435419580325901379e+01 1.254329617529181480e+09
1.441161258647204946e+01 1.249009634446553230e+09
1.446925903681793812e+01 1.201662219322017193e+09
1.452713607296521126e+01 1.212700991164302111e+09
1.458524461725707155e+01 1.194260938720685482e+09
1.464358559572609764e+01 1.150286071654433727e+09
1.470215993810900557e+01 1.133269306822870255e+09
1.476096857786143879e+01 1.156357384308759451e+09
1.482001245217288599e+01 1.119476549141017437e+09
1.487929250198157760e+01 1.091839879620540857e+09
1.493880967198950316e+01 1.079236912868160248e+09
1.499856491067746056e+01 1.063111291071612358e+09
1.505855917032016933e+01 1.057875367746323943e+09
1.511879340700144958e+01 1.033513706079858303e+09
1.517926858062945605e+01 1.011843119024014115e+09
1.523998565495197433e+01 1.012902717775323033e+09
1.530094559757178274e+01 9.807292489227819443e+08
1.536214937996206764e+01 9.664413556821914911e+08
1.542359797748191674e+01 9.523202153573566675e+08
1.548529236939184450e+01 9.452189522809127569e+08
1.554723353886941339e+01 9.160368998710633516e+08
1.560942247302489072e+01 9.259306616941269636e+08
1.567186016291699069e+01 9.023598879351723194e+08
1.573454760356865556e+01 8.833858845708366632e+08
1.579748579398293096e+01 8.813267509743696451e+08
1.586067573715886247e+01 8.588379398923511505e+08
1.592411844010749888e+01 8.612764426059190035e+08
1.598781491386792730e+01 8.165065924146066904e+08
1.605176617352340074e+01 8.213712999878554344e+08
1.611597323821749228e+01 7.965649556545993090e+08
1.618043713117036120e+01 7.901943924283900261e+08
1.624515887969504391e+01 7.705689569884701967e+08
1.631013951521382310e+01 7.836725490988763571e+08
1.637538007327468037e+01 7.732789941355733871e+08
1.644088159356778078e+01 7.608107125523222685e+08
1.650664511994205341e+01 7.308459811025440693e+08
1.657267170042182158e+01 7.144173196781889200e+08
1.663896238722350418e+01 7.003016970868796110e+08
1.670551823677240222e+01 7.056036037155537605e+08
1.677234030971949608e+01 7.087941196303457022e+08
1.683942967095837062e+01 6.809748609343370199e+08
1.690678738964220429e+01 6.701409540362962484e+08
1.697441453920077237e+01 6.702818652938114405e+08
1.704231219735757108e+01 6.765057885689350367e+08
1.711048144614700561e+01 6.291000878761717081e+08
1.717892337193159236e+01 6.354191112648150921e+08
1.724763906541932101e+01 6.100999137405630350e+08
1.731662962168099895e+01 6.034114917227849960e+08
1.738589614016772344e+01 5.986342442358363867e+08
1.745543972472839300e+01 6.027273895459611416e+08
1.752526148362730751e+01 5.890272493255082369e+08
1.759536252956181812e+01 5.725645733694453239e+08
1.766574397968006238e+01 5.614383806250349283e+08
1.773640695559878466e+01 5.559434851577227116e+08
1.780735258342117433e+01 5.542583354849989414e+08
1.787858199375486024e+01 5.503923961149038076e+08
1.795009632172988034e+01 5.293926934001378417e+08
1.802189670701679702e+01 5.331793935690073967e+08
1.809398429384486562e+01 5.212201463809439540e+08
1.816636023102024211e+01 4.926705116742409468e+08
1.823902567194432578e+01 5.118719456324024200e+08
1.831198177463210186e+01 5.022033272214822769e+08
1.838522970173062987e+01 4.888875520590261817e+08
1.845877062053754969e+01 4.870778337554745078e+08
1.853260570301970134e+01 4.603074839337768555e+08
1.860673612583178027e+01 4.518314487012414932e+08
1.868116307033510637e+01 4.574888781124141216e+08
1.875588772261644976e+01 4.487853629369717836e+08
1.883091127350691352e+01 4.514446711623101234e+08
1.890623491860094063e+01 4.362606065170880556e+08
1.898185985827534594e+01 4.271661994845918417e+08
1.905778729770844748e+01 4.357994567380475402e+08
1.913401844689928311e+01 4.305489162401800752e+08
1.921055452068688041e+01 3.999452711917534471e+08
1.928739673876962968e+01 4.094326783622026443e+08
1.936454632572470658e+01 4.023444659575591683e+08
1.944200451102760141e+01 3.814413588218377233e+08
1.951977252907171589e+01 3.983937876606438160e+08
1.959785161918800256e+01 3.741992732697635889e+08
1.967624302566475691e+01 3.739452101192405224e+08
1.991079942767366973e+01 3.607453556310754418e+08
