# Wavelength (micrometer), Flux (W / m2 / m)
1.000553076518779783e-01 6.647790729628645020e+11
1.004555288824854897e-01 6.551704850948471617e-04
1.008573509980154326e-01 1.256673697814392242e-03
1.012607804020075053e-01 1.027021913867799717e-03
1.016658235236155422e-01 2.091417400640467345e-03
1.020724868177099870e-01 1.415283481580279466e-02
1.024807767649808382e-01 7.210776899878728295e-03
1.028906998720407612e-01 3.136858546540667071e-03
1.033022626715289355e-01 1.840767634973494021e-02
1.037154717222150413e-01 5.095837696467491081e-03
1.041303336091038839e-01 3.476355302435733992e-03
1.045468549435403099e-01 1.014968637199839020e-02
1.049650423633144702e-01 2.539274540251207270e-03
1.053849025327677214e-01 1.438647129943394776e-02
1.058064421428987906e-01 3.817475349396989067e-03
1.062296679114703990e-01 1.774439856273997765e-02
1.066545865831162732e-01 2.066067612437370860e-02
1.070812049294487533e-01 1.086841738223560429e-02
1.075095297491665408e-01 4.920401966544244582e-02
1.079395678681632220e-01 1.217615337601158330e-02
1.083713261396358624e-01 5.203118113111415005e-02
1.088048114441943909e-01 3.716613691538619979e-02
1.092400306899711654e-01 2.621448688686551232e-01
1.096769908127310511e-01 5.375517626368742780e-02
1.101156987759819850e-01 6.756561462028658205e-02
1.105561615710859147e-01 2.579621195331338046e-01
1.109983862173702651e-01 1.746838594440848214e-01
1.114423797622397516e-01 1.127951136917980796e-01
1.118881492812886930e-01 6.921015318910091196e-02
1.123357018784138517e-01 1.552129084892018840e-01
1.127850446859275102e-01 1.365024050788792076e+00
1.132361848646712132e-01 1.541739909732759983e+00
1.136891296041298988e-01 1.322996457858790054e+00
1.141438861225464035e-01 1.337329434466828282e+00
1.146004616670366072e-01 1.234510954661786286e+00
1.150588635137047705e-01 1.397705443715469675e+00
1.155190989677595953e-01 1.287936664008514809e+00
1.159811753636306314e-01 1.937470505564822920e+00
1.164451000650851553e-01 1.243933273041099241e+00
1.169108804653455069e-01 1.499605782119849851e+00
1.173785239872068981e-01 3.130301634998635674e+00
1.178480380831557206e-01 5.161596196046867924e+00
1.183194302354883543e-01 4.340908078108306256e+00
1.187927079564302935e-01 4.152780523812547031e+00
1.192678787882560099e-01 5.502304420240493599e+00
1.197449503034090645e-01 7.917327689422574366e+00
1.202239301046226783e-01 3.834069833902342239e+00
1.207048258250411760e-01 1.007046895279402321e+01
1.211876451283413342e-01 8.531915946383206162e+00
1.216723957088547137e-01 1.564983155131454140e+01
1.221590852916901310e-01 2.223017251226108826e+01
1.226477216328568792e-01 4.006796774595152755e+01
1.231383125193883099e-01 3.023128708273771892e+01
1.236308657694658586e-01 3.834810691978800179e+01
1.241253892325437369e-01 2.752336522321275325e+01
1.246218907894739159e-01 2.815420095009838519e+01
1.251203783526317892e-01 3.651300365451874796e+01
1.256208598660423226e-01 3.087358256632712639e+01
1.261233433055065078e-01 4.700566418118955170e+01
1.266278366787285392e-01 3.319421505070143752e+01
1.271343480254434610e-01 7.236606479561825722e+01
1.276428854175452321e-01 5.657820208832740150e+01
1.281534569592154005e-01 4.748207387564764304e+01
1.286660707870522780e-01 5.892457749577916104e+01
1.291807350702004475e-01 1.024428086680005663e+02
1.296974580104812425e-01 9.818113737967962606e+01
1.302162478425231973e-01 7.346498560988848681e+01
1.307371128338932764e-01 9.329584790025621999e+01
1.312600612852288795e-01 1.562901577115464420e+02
1.317851015303697915e-01 1.143258837023638961e+02
1.323122419364912705e-01 1.216436240826650845e+02
1.328414909042372472e-01 1.219292081485822905e+02
1.333728568678542170e-01 1.586859044458403218e+02
1.339063482953256612e-01 1.416281762835940299e+02
1.344419736885069383e-01 1.170007572881221023e+02
1.349797415832609815e-01 2.250297342523628572e+02
1.355196605495940232e-01 2.291385897984113456e+02
1.360617391917924301e-01 3.368931974371711249e+02
1.366059861485595939e-01 2.465264471641475836e+02
1.371524100931538481e-01 2.897669776220996027e+02
1.377010197335264696e-01 4.362851739774265525e+02
1.382518238124605670e-01 4.573810742429691913e+02
1.388048311077104136e-01 5.808377369862225805e+02
1.393600504321412248e-01 6.470083874268347017e+02
1.399174906338697677e-01 4.845507113728366448e+02
1.404771605964052761e-01 9.289797623086644762e+02
1.410390692387908651e-01 9.058836405565822361e+02
1.416032255157460562e-01 1.623032260531210113e+03
1.421696384178090522e-01 7.337134853201059741e+02
1.427383169714803168e-01 1.163172561178716933e+03
1.433092702393662099e-01 3.692165378900550422e+03
1.438825073203236771e-01 2.059180347036292915e+03
1.444580373496049674e-01 3.641275604600761199e+03
1.450358694990033503e-01 2.684203228694429527e+03
1.456160129769993872e-01 4.721761006136952346e+03
1.461984770289073976e-01 4.444575333490815865e+03
1.467832709370230082e-01 3.966870939566014385e+03
1.473704040207710897e-01 5.608757407136939946e+03
1.479598856368541382e-01 3.506793876278252810e+03
1.485517251794015725e-01 7.071831968102107567e+03
1.491459320801191979e-01 1.299934438359375417e+04
1.497425158084396690e-01 9.158288206203083973e+03
1.503414858716734248e-01 2.114906602215431849e+04
1.509428518151600951e-01 1.643830255327074337e+04
1.515466232224207677e-01 1.021535455870384430e+04
1.521528097153104220e-01 2.668975589737846167e+04
1.527614209541716672e-01 2.206958693394381771e+04
1.533724666379883694e-01 2.691856059744044614e+04
1.539859565045403056e-01 3.465843890388989530e+04
1.546019003305584838e-01 8.212329309698345241e+03
1.552203079318807133e-01 1.888829401251808304e+04
1.558411891636082569e-01 1.843066405295585355e+04
1.564645539202626778e-01 1.266634027814406727e+04
1.570904121359437411e-01 1.982987800441071886e+04
1.577187737844875093e-01 1.601558850612140668e+04
1.583496488796254653e-01 1.801211750366710112e+04
1.589830474751439959e-01 2.251870906456149532e+04
1.596189796650445414e-01 1.376752377608205279e+04
1.602574555837047166e-01 1.285244408442795429e+04
1.608984854060395708e-01 1.764635934438628101e+04
1.615420793476636807e-01 2.089039705748104461e+04
1.621882476650543525e-01 2.480491782694194626e+04
1.628370006557145755e-01 2.187958907480144626e+04
1.634883486583374457e-01 2.625480335623970313e+04
1.641423020529707844e-01 2.975570404460191639e+04
1.647988712611826723e-01 3.039953909013546217e+04
1.654580667462274002e-01 1.899998773780031115e+04
1.661198990132123077e-01 3.253132658764714506e+04
1.667843786092651215e-01 3.902922889003639284e+04
1.674515161237022098e-01 5.027492419988800975e+04
1.681213221881969755e-01 7.659945589795667911e+04
1.687938074769497754e-01 7.032317523910976888e+04
1.694689827068575905e-01 1.256392969959295297e+05
1.701468586376850278e-01 1.130184321183873690e+05
1.708274460722357391e-01 1.274169436141437764e+05
1.715107558565246715e-01 1.460486003711670055e+05
1.721967988799507909e-01 1.559154977432448941e+05
1.728855860754705820e-01 2.038953734911824868e+05
1.735771284197724640e-01 1.949965030716837791e+05
1.742714369334515678e-01 2.232618312741171685e+05
1.749685226811853456e-01 3.468209729598855483e+05
1.756683967719100681e-01 2.674381437221977976e+05
1.763710703589977391e-01 4.420085468551835511e+05
1.770765546404337309e-01 4.838118779253215762e+05
1.777848608589954471e-01 3.586991698202984408e+05
1.784960003024314568e-01 6.465799847961391788e+05
1.792099843036411844e-01 5.484872240205031121e+05
1.799268242408557650e-01 5.937407290765004000e+05
1.806465315378191772e-01 9.187878893018311355e+05
1.813691176639704306e-01 5.343518673369276803e+05
1.820945941346263086e-01 8.762332924171837512e+05
1.828229725111648329e-01 1.363645421738078352e+06
1.835542644012094771e-01 6.552635490693488391e+05
1.842884814588143239e-01 1.227759761874800781e+06
1.850256353846495561e-01 1.851032774089418584e+06
1.857657379261881403e-01 1.115641079146945151e+06
1.865088008778928996e-01 2.171682410528101958e+06
1.872548360814044743e-01 2.240857995533062145e+06
1.880038554257300876e-01 1.644004743084724527e+06
1.887558708474330049e-01 3.015779713798956480e+06
1.895108943308226879e-01 2.792675372993730009e+06
1.902689379081460019e-01 2.457323347327682190e+06
1.910300136597785636e-01 4.652524511185447685e+06
1.917941337144176972e-01 4.050329348595721181e+06
1.925613102492753359e-01 4.178272819010193460e+06
1.933315554902724498e-01 6.485899258101526648e+06
1.941048817122335568e-01 6.024509792917945422e+06
1.948813012390824828e-01 6.372351057062117383e+06
1.956608264440388156e-01 1.002460796091002598e+07
1.964434697498149418e-01 8.032332566560940817e+06
1.972292436288141937e-01 9.046162006820995361e+06
1.980181606033294406e-01 1.389815615910909697e+07
1.988102332457427346e-01 1.252058429175779969e+07
1.996054741787257336e-01 1.213036956791666523e+07
2.004038960754406518e-01 1.549498894070927054e+07
2.012055116597424309e-01 1.731542540417629853e+07
2.020103337063813842e-01 1.813548047978127003e+07
2.028183750412069219e-01 2.138967162818762287e+07
2.036296485413717494e-01 1.971271648383236304e+07
2.044441671355372303e-01 1.944412361011971161e+07
2.052619438040793887e-01 2.345610715522615612e+07
2.060829915792957157e-01 2.289699182337285578e+07
2.069073235456129201e-01 2.246422137951035425e+07
2.077349528397953449e-01 2.494338715636411309e+07
2.085658926511545219e-01 2.708981173091229424e+07
2.094001562217591150e-01 2.606081281462257355e+07
2.102377568466461677e-01 2.655126715814769268e+07
2.110787078740327671e-01 2.456885109362309799e+07
2.119230227055288740e-01 2.696887162122827768e+07
2.127707147963510126e-01 2.875502847879295424e+07
2.136217976555363773e-01 3.078557727217535675e+07
2.144762848461585492e-01 2.528106573405001685e+07
2.153341899855431840e-01 2.923532950215478987e+07
2.161955267454853669e-01 3.318164926723089814e+07
2.170603088524672986e-01 3.552317915569648892e+07
2.179285500878772042e-01 3.069397844709474966e+07
2.188002642882286852e-01 3.268151309058094397e+07
2.196754653453815986e-01 4.139723514365289360e+07
2.205541672067631020e-01 3.932604758416558057e+07
2.214363838755901703e-01 5.153305364319827408e+07
2.223221294110925284e-01 3.665640863788212836e+07
2.232114179287369160e-01 6.874556804271380603e+07
2.241042636004518529e-01 5.825052067735198140e+07
2.250006806548536520e-01 9.278066111147046089e+07
2.259006833774730438e-01 6.177042994120763242e+07
2.268042861109829667e-01 8.386225202199222147e+07
2.277115032554268836e-01 1.039106278068128228e+08
2.286223492684485714e-01 1.200752144107054919e+08
2.295368386655223802e-01 1.706210892883590162e+08
2.304549860201844658e-01 8.190556768858312070e+07
2.313768059642651864e-01 1.586675163757003248e+08
2.323023131881222503e-01 1.699241903501190841e+08
2.332315224408747223e-01 2.270488012520742416e+08
2.341644485306381973e-01 2.194707921801227629e+08
2.351011063247607502e-01 1.165745374026287645e+08
2.360415107500598020e-01 2.299673396379314959e+08
2.369856767930600405e-01 1.351557194188455045e+08
2.379336195002322851e-01 2.649111198996454477e+08
2.388853539782332114e-01 2.553716352668626606e+08
2.398408953941461863e-01 3.897327751557233334e+08
2.408002589757227141e-01 4.770337995823728442e+08
2.417634600116256582e-01 2.507166861065610945e+08
2.427305138516721306e-01 5.392061181823177338e+08
2.437014359070788505e-01 5.897691967418607473e+08
2.446762416507071713e-01 9.086328365484598875e+08
2.456549466173099938e-01 7.192335968949100971e+08
2.466375664037792625e-01 7.976468317216449976e+08
2.476241166693943785e-01 1.000588341580050468e+09
2.486146131360719436e-01 4.485889831807487011e+08
2.496090715886161993e-01 7.936116937109377384e+08
2.506075078749706586e-01 8.113315449257891178e+08
2.516099379064705155e-01 9.814023860342109203e+08
2.526163776580964138e-01 1.446612597677704573e+09
2.536268431687287994e-01 2.254231105818675041e+09
2.546413505414037437e-01 2.687224401350894928e+09
2.556599159435693491e-01 1.977580630531675816e+09
2.566825556073435988e-01 1.503252213825236082e+09
2.577092858297729827e-01 1.807446276805639505e+09
2.587401229730920682e-01 1.555275407199865341e+09
2.597750834649844576e-01 2.108978802226451159e+09
2.608141837988444123e-01 2.328174341651228905e+09
2.618574405340398092e-01 3.116940574426668644e+09
2.629048702961759298e-01 4.401019840288794518e+09
2.639564897773606367e-01 4.467530066870814323e+09
2.650123157364701054e-01 4.386608994538558960e+09
2.660723649994159445e-01 4.402564353396559715e+09
2.671366544594135917e-01 4.164145322222012043e+09
2.682052010772512096e-01 5.072571438329366684e+09
2.692780218815602478e-01 4.626444514356026649e+09
2.703551339690865030e-01 6.013038977900194168e+09
2.714365545049627904e-01 6.242769551584478378e+09
2.725223007229827243e-01 6.514571529467617989e+09
2.736123899258746106e-01 7.337322011441704750e+09
2.747068394855781692e-01 8.488063186636092186e+09
2.758056668435204806e-01 9.011504338380346298e+09
2.769088895108945403e-01 1.215998636808946991e+10
2.780165250689380918e-01 1.122957473332705307e+10
2.791285911692138466e-01 1.341869629098141479e+10
2.802451055338907038e-01 1.348293724206382751e+10
2.813660859560263017e-01 1.381489517855282021e+10
2.824915502998503469e-01 1.416647449108182144e+10
2.836215165010497197e-01 1.425182242501978683e+10
2.847560025670539119e-01 9.646150828333801270e+09
2.858950265773221866e-01 1.305787700603406334e+10
2.870386066836315142e-01 1.777142123020116806e+10
2.881867611103660631e-01 2.195792098671397781e+10
2.893395081548075787e-01 2.729530416283554077e+10
2.904968661874267610e-01 3.027728539075109100e+10
2.916588536521764197e-01 3.608832645799237823e+10
2.928254890667851273e-01 3.519816278810224152e+10
2.939967910230522619e-01 3.725507891076267242e+10
2.951727781871444911e-01 3.402945993274289322e+10
2.963534692998930908e-01 3.746079166851673126e+10
2.975388831770926501e-01 3.869189851287261200e+10
2.987290387098009981e-01 4.665544228118433380e+10
2.999239548646402409e-01 4.163310106607466888e+10
3.011236506840988536e-01 6.022564777833206940e+10
3.023281452868351593e-01 4.179051753442979431e+10
3.035374578679824742e-01 7.504479521783978271e+10
3.047516076994544187e-01 7.341350901500617981e+10
3.059706141302522830e-01 8.237971478614579773e+10
3.071944965867733357e-01 1.146177198176992950e+11
3.084232745731204095e-01 1.460717040830642700e+11
3.096569676714128194e-01 1.182369274351583557e+11
3.108955955420985018e-01 1.833459102059811707e+11
3.121391779242668751e-01 1.929935318874231567e+11
3.133877346359639215e-01 2.244693350394356689e+11
3.146412855745078230e-01 2.678015822992189636e+11
3.158998507168058190e-01 2.508927538154274597e+11
3.171634501196730627e-01 3.555875350467504883e+11
3.184321039201517545e-01 2.823942267040836182e+11
3.197058323358323295e-01 2.618088686719981079e+11
3.209846556651756444e-01 3.260306492054273682e+11
3.222685942878363852e-01 3.627021057670485840e+11
3.235576686649877520e-01 3.623281309193996582e+11
3.248518993396476984e-01 4.649521811155424805e+11
3.261513069370062801e-01 5.359129970382142334e+11
3.274559121647543369e-01 6.087050576941967773e+11
3.287657358134133401e-01 6.162158643383825684e+11
3.300807987566670154e-01 6.980316027107349854e+11
3.314011219516936890e-01 8.154731343085712891e+11
3.327267264395004642e-01 7.785828206022036133e+11
3.340576333452584534e-01 8.458835923258856201e+11
3.353938638786395088e-01 8.032982939012167969e+11
3.367354393341540630e-01 7.340406113661789551e+11
3.380823810914907468e-01 8.053939339905729980e+11
3.394347106158566718e-01 9.599604833683374023e+11
3.407924494583201014e-01 9.161652240677010498e+11
3.421556192561533982e-01 8.952429092725161133e+11
3.435242417331779707e-01 6.618080973282736816e+11
3.448983387001106626e-01 7.291029724448481445e+11
3.462779320549111417e-01 8.512067785046571045e+11
3.476630437831307319e-01 7.156940338215433350e+11
3.490536959582632992e-01 7.675500312086622314e+11
3.504499107420963600e-01 1.266677490968383057e+12
3.518517103850647421e-01 1.053514714337196777e+12
3.532591172266050239e-01 1.276034234177720947e+12
3.546721536955114717e-01 1.492389409698245361e+12
3.560908423102934761e-01 8.103631134281733398e+11
3.575152056795346533e-01 5.828352118566744385e+11
3.589452665022527800e-01 9.548804759586076660e+11
3.603810475682617254e-01 1.201495457657696777e+12
3.618225717585348278e-01 9.801647622036364746e+11
3.632698620455689364e-01 1.068010981531702271e+12
3.647229414937512293e-01 9.620821815791481934e+11
3.661818332597261971e-01 1.754808687413755615e+12
3.676465605927651259e-01 1.328936056778366699e+12
3.691171468351361895e-01 1.470514476895426514e+12
3.705936154224767076e-01 9.793477728424055176e+11
3.720759898841666247e-01 5.692341906254993896e+11
3.735642938437032656e-01 5.306414975826490479e+11
3.750585510190780902e-01 5.794710888364603271e+11
3.765587852231543908e-01 1.050326003868055664e+12
3.780650203640470441e-01 1.956284921365555420e+12
3.795772804455032068e-01 1.286150896614792725e+12
3.810955895672852312e-01 1.403419505096268066e+12
3.826199719255543585e-01 6.291396965895863037e+11
3.841504518132565771e-01 9.553954904270878906e+11
3.856870536205096456e-01 7.917088548045380859e+11
3.872298018349916715e-01 1.210922832527591309e+12
3.887787210423316320e-01 1.177178253022481445e+12
3.903338359265008939e-01 1.340564011280602051e+12
3.918951712702069545e-01 1.286036580291275635e+12
3.934627519552877928e-01 6.730548304596690674e+11
3.950366029631089404e-01 1.526149584195605469e+12
3.966167493749613859e-01 1.047661895274833618e+12
3.982032163724612550e-01 2.032947123530614746e+12
3.997960292379510450e-01 2.471831174933507324e+12
4.013952133549028578e-01 2.934973419864022949e+12
4.030007942083224659e-01 3.405404015452813477e+12
4.046127973851557647e-01 2.761770249534875000e+12
4.062312485746963908e-01 2.779655683176134766e+12
4.078561735689951728e-01 3.162043183282341309e+12
4.094875982632711353e-01 3.624790890614916992e+12
4.111255486563242245e-01 4.027959215263642578e+12
4.127700508509495880e-01 3.651880385535652832e+12
4.144211310543532978e-01 3.523487935290168945e+12
4.160788155785707931e-01 4.102409167349492188e+12
4.177431308408850463e-01 3.666020421833741211e+12
4.194141033642486138e-01 2.989661823820935059e+12
4.210917597777056320e-01 2.182281440445307617e+12
4.227761268168164221e-01 8.235929304010775146e+11
4.244672313240837602e-01 2.169303781545750977e+12
4.261651002493800910e-01 3.153085098800945801e+12
4.278697606503775730e-01 3.337759730500695801e+12
4.295812396929790666e-01 2.498471135276511230e+12
4.312995646517510107e-01 3.315930414421042480e+12
4.330247629103580187e-01 4.011179982792005859e+12
4.347568619619994745e-01 4.814061874566661133e+12
4.364958894098474596e-01 4.732199108325828125e+12
4.382418729674867897e-01 3.457090127633327637e+12
4.399948404593567730e-01 4.318510904212439941e+12
4.417548198211941890e-01 4.493871893565021484e+12
4.435218391004789873e-01 3.956904972259095215e+12
4.452959264568808750e-01 4.133802482540894531e+12
4.470771101627084021e-01 5.218938841750446289e+12
4.488654186033592119e-01 5.152507229926220703e+12
4.506608802777726241e-01 5.754161356084475586e+12
4.524635237988837710e-01 4.708475661024680664e+12
4.542733778940792333e-01 5.132547368796117188e+12
4.560904714056555065e-01 5.735669684747837891e+12
4.579148332912781894e-01 5.405495766549163086e+12
4.597464926244433370e-01 5.876468296054362305e+12
4.615854785949410899e-01 6.109209660468839844e+12
4.634318205093208576e-01 5.913588070818658203e+12
4.652855477913582227e-01 6.030466779738552734e+12
4.671466899825236219e-01 5.973626598813435547e+12
4.690152767424536906e-01 5.932494552176198242e+12
4.708913378494234969e-01 6.308628791874910156e+12
4.727749032008212171e-01 6.235718557196136719e+12
4.746660028136244769e-01 6.377750632288213867e+12
4.765646668248789131e-01 5.950527985887922852e+12
4.784709254921784560e-01 5.008433121610857422e+12
4.803848091941470555e-01 5.849940071514249023e+12
4.823063484309236815e-01 6.047602349062341797e+12
4.842355738246474361e-01 6.209815839018923828e+12
4.861725161199459966e-01 6.674323886725659180e+12
4.881172061844257226e-01 6.580264296466322266e+12
4.900696750091634302e-01 6.595033513106083008e+12
4.920299537092001074e-01 6.584832616027497070e+12
4.939980735240369625e-01 6.984175938580791992e+12
4.959740658181330253e-01 6.629801374944243164e+12
4.979579620814056362e-01 6.229694653593233398e+12
4.999497939297311566e-01 5.531035420039489258e+12
5.019495931054501758e-01 5.419678654468426758e+12
5.039573914778719965e-01 5.893603717493154297e+12
5.059732210437835054e-01 6.007994569271898438e+12
5.079971139279585435e-01 5.896608843292685547e+12
5.100291023836703852e-01 5.386719369375489258e+12
5.120692187932051054e-01 5.184721234722016602e+12
5.141174956683780550e-01 5.067489737088886719e+12
5.161739656510514473e-01 4.179142090058952637e+12
5.182386615136556074e-01 3.620244058556512207e+12
5.203116161597103329e-01 5.480912111125429688e+12
5.223928626243490303e-01 6.663409592388702148e+12
5.244824340748465152e-01 7.230037589562632812e+12
5.265803638111459239e-01 5.792655593567821289e+12
5.286866852663905103e-01 7.447963307032359375e+12
5.308014320074561088e-01 7.634849981715433594e+12
5.329246377354859288e-01 6.505916996268033203e+12
5.350563362864277916e-01 7.661615395677039062e+12
5.371965616315735881e-01 6.973131833516931641e+12
5.393453478780998456e-01 7.087232961390257812e+12
5.415027292696121819e-01 7.245410149905701172e+12
5.436687401866906466e-01 6.391158615649633789e+12
5.458434151474373941e-01 7.074537912179791016e+12
5.480267888080271321e-01 7.573332823445067383e+12
5.502188959632591247e-01 7.301553992984083008e+12
5.524197715471121928e-01 7.755587463133070312e+12
5.546294506333006025e-01 8.001782962734508789e+12
5.568479684358338400e-01 7.909728354665362305e+12
5.590753603095770519e-01 7.051568935338943359e+12
5.613116617508153716e-01 7.922082595755544922e+12
5.635569083978186899e-01 8.412855218073977539e+12
5.658111360314097560e-01 8.540161292513182617e+12
5.680743805755354980e-01 8.380324346171553711e+12
5.703466780978375672e-01 8.715886132943324219e+12
5.726280648102289872e-01 8.806450094162845703e+12
5.749185770694699160e-01 8.926901591635273438e+12
5.772182513777477375e-01 8.887657793635072266e+12
5.795271243832587071e-01 9.011511881916685547e+12
5.818452328807918184e-01 9.003056550337816406e+12
5.841726138123150003e-01 9.045822142409750000e+12
5.865093042675643131e-01 8.422437873789470703e+12
5.888553414846344758e-01 5.331426078006159180e+12
5.912107628505729462e-01 7.895570213741773438e+12
5.935756059019753339e-01 8.628859206209337891e+12
5.959499083255832552e-01 8.648651189428946289e+12
5.983337079588855190e-01 8.813495114363828125e+12
6.007270427907210886e-01 9.003098449162099609e+12
6.031299509618840426e-01 9.219340259503214844e+12
6.055424707657315331e-01 9.316489531499292969e+12
6.079646406487945187e-01 9.498854094731283203e+12
6.103964992113897203e-01 9.255155552380917969e+12
6.128380852082353503e-01 8.956182792293861328e+12
6.152894375490681744e-01 8.549036067643082031e+12
6.177505952992645710e-01 8.610600808505589844e+12
6.202215976804615893e-01 8.860418120547597656e+12
6.227024840711834486e-01 8.449856394938146484e+12
6.251932940074681477e-01 8.674819674040541016e+12
6.276940671834980723e-01 8.989249374562117188e+12
6.302048434522321552e-01 9.161562254687732422e+12
6.327256628260409244e-01 9.318470145075287109e+12
6.352565654773452142e-01 9.173701940116142578e+12
6.377975917392545435e-01 8.260747768961373047e+12
6.403487821062116003e-01 9.001171220254378906e+12
6.429101772346363930e-01 9.295768007853402344e+12
6.454818179435749537e-01 9.370000886383689453e+12
6.480637452153492628e-01 9.878046021880599609e+12
6.506560001962106154e-01 9.664816183882412109e+12
6.532586241969955410e-01 1.034230299786338477e+13
6.558716586937833881e-01 1.011439206970138086e+13
6.584951453285585732e-01 1.006435002081306250e+13
6.611291259098727169e-01 1.018030654758362109e+13
6.637736424135122215e-01 1.014438888120895703e+13
6.664287369831662922e-01 9.978317681039708984e+12
6.690944519310989547e-01 9.809569961337949219e+12
6.717708297388232941e-01 9.605851985527939453e+12
6.744579130577786907e-01 9.446631038227878906e+12
6.771557447100098326e-01 9.353686344099753906e+12
6.798643676888498355e-01 8.901482392795308594e+12
6.825838251596052508e-01 8.683651620783098633e+12
6.853141604602436265e-01 8.091656266628817383e+12
6.880554171020846210e-01 7.565628474921262695e+12
6.908076387704928933e-01 7.566114586186360352e+12
6.935708693255748791e-01 8.840335358669537109e+12
6.963451528028771209e-01 9.200897152388210938e+12
6.991305334140887062e-01 9.333682528718603516e+12
7.019270555477450380e-01 9.572067114733392578e+12
7.047347637699360456e-01 1.038884053745386328e+13
7.075537028250157290e-01 1.028598449165033008e+13
7.103839176363159202e-01 1.000765917365106250e+13
7.132254533068611568e-01 9.842411249429814453e+12
7.160783551200886610e-01 9.826451064104228516e+12
7.189426685405689854e-01 1.013924445033229883e+13
7.218184392147313222e-01 1.019143460136894531e+13
7.247057129715901436e-01 1.028234488802925586e+13
7.276045358234763949e-01 1.052171999378496484e+13
7.305149539667704639e-01 1.060628112824031055e+13
7.334370137826373703e-01 1.050857995090954883e+13
7.363707618377679509e-01 1.055251791019597070e+13
7.393162448851190449e-01 1.061090478141868750e+13
7.422735098646596752e-01 1.058122853994099023e+13
7.452426039041182282e-01 1.062939737425388281e+13
7.482235743197346300e-01 1.067501247267666211e+13
7.512164686170136330e-01 1.068581689670581055e+13
7.542213344914817652e-01 1.071655586850797461e+13
7.572382198294477229e-01 1.072351387539522070e+13
7.602671727087656484e-01 1.070335381030833008e+13
7.633082413996006288e-01 1.074856983142084180e+13
7.663614743651989691e-01 1.036048624837581836e+13
7.694269202626597970e-01 1.045330922747781250e+13
7.725046279437104424e-01 1.062450797496702344e+13
7.755946464554852593e-01 1.056778900353618555e+13
7.786970250413072225e-01 1.058030190341690430e+13
7.818118131414724115e-01 1.054405959554133984e+13
7.849390603940383793e-01 1.056316391510979688e+13
7.880788166356144098e-01 1.060243392860336914e+13
7.912311319021569922e-01 1.058649119158400781e+13
7.943960564297655180e-01 1.052212772258279688e+13
7.975736406554845281e-01 1.061864974345072852e+13
8.007639352181065151e-01 1.062759733399017188e+13
8.039669909589789443e-01 1.055529605189650195e+13
8.071828589228148276e-01 1.055568947996782812e+13
8.104115903585061842e-01 1.057693444147760742e+13
8.136532367199402760e-01 1.056851507987952930e+13
8.169078496668199518e-01 1.045532302099487109e+13
8.201754810654874328e-01 1.000885978135586328e+13
8.234561829897493190e-01 1.046614361698660547e+13
8.267500077217083687e-01 1.051090791640520117e+13
8.300570077525952772e-01 1.046672715207085742e+13
8.333772357836056743e-01 1.030660397629972656e+13
8.367107447267401188e-01 1.019047898388916602e+13
8.400575877056470908e-01 1.013091902088402148e+13
8.434178180564695371e-01 1.001394264715939062e+13
8.467914893286955236e-01 1.015793987733637500e+13
8.501786552860102208e-01 9.855914360869503906e+12
8.535793699071543283e-01 9.437186601777187500e+12
8.569936873867830540e-01 1.018822855321265820e+13
8.604216621363300899e-01 1.021415458924855078e+13
8.638633487848753623e-01 1.008180478105509570e+13
8.673188021800150027e-01 9.193603465608302734e+12
8.707880773887352044e-01 9.817038428671894531e+12
8.742712296982900755e-01 9.850174403049871094e+12
8.777683146170831563e-01 9.941974572034615234e+12
8.812793878755513788e-01 9.714041379069902344e+12
8.848045054270535781e-01 9.960410900747466797e+12
8.883437234487617795e-01 9.756768629385197266e+12
8.918970983425568155e-01 9.853790787279148438e+12
8.954646867359271623e-01 9.832818416568367188e+12
8.990465454828707736e-01 9.776707956235832031e+12
9.026427316648023558e-01 9.688409323251867188e+12
9.062533025914615292e-01 9.584087029469642578e+12
9.098783158018273198e-01 9.621945814490220703e+12
9.135178290650346478e-01 9.647456745860445312e+12
9.171719003812948134e-01 9.671495644654814453e+12
9.208405879828199803e-01 9.686102548935927734e+12
9.245239503347512100e-01 9.654706871678470703e+12
9.282220461360901620e-01 9.607578008198810547e+12
9.319349343206346781e-01 9.536536187076294922e+12
9.356626740579171431e-01 9.482656246357791016e+12
9.394053247541488405e-01 9.362270525768269531e+12
9.431629460531654185e-01 9.423995650015023438e+12
9.469355978373780180e-01 9.428765101944736328e+12
9.507233402287275092e-01 9.426688214652900391e+12
9.545262335896426142e-01 9.361135862039613281e+12
9.583443385240012491e-01 9.306747508345634766e+12
9.621777158780971950e-01 9.234318278539259766e+12
9.660264267416096562e-01 9.129263603184933594e+12
9.698905324485760371e-01 9.172186627732523438e+12
9.737700945783701600e-01 9.068288436951136719e+12
9.776651749566835914e-01 8.977599842877392578e+12
9.815758356565105203e-01 9.140683968406193359e+12
9.855021389991363012e-01 9.076507451903359375e+12
9.894441475551331022e-01 8.806958036686179688e+12
9.934019241453534432e-01 8.308657278922414062e+12
9.973755318419349480e-01 8.495325367573115234e+12
1.001365033969302543e+00 8.586351187472026367e+12
1.005370494105179757e+00 8.461093702082960938e+12
1.009391976081600362e+00 8.565238381305362305e+12
1.013429543985926884e+00 8.547160340166916992e+12
1.017483262161870350e+00 8.511143593066128906e+12
1.021553195210518128e+00 8.512337840434089844e+12
1.025639407991360219e+00 8.312328564065231445e+12
1.029741965623325539e+00 8.228484005653844727e+12
1.033860933485818867e+00 8.228829520973851562e+12
1.037996377219762012e+00 8.341249375783763672e+12
1.042148362728641198e+00 8.265466023650215820e+12
1.046316956179555557e+00 8.331662673008904297e+12
1.050502224004274066e+00 8.278929320569083984e+12
1.054704232900291139e+00 8.318151535411936523e+12
1.058923049831892227e+00 8.219286215468794922e+12
1.063158742031219628e+00 8.224943164415323242e+12
1.067411376999344741e+00 8.094373728630454102e+12
1.071681022507342096e+00 8.084249546758750977e+12
1.075967746597371377e+00 8.107514897231287109e+12
1.080271617583760779e+00 8.052270212076990234e+12
1.084592704054095913e+00 8.060049263366882812e+12
1.088931074870312044e+00 8.053020780929195312e+12
1.093286799169793433e+00 8.014327417722920898e+12
1.097659946366472461e+00 7.951587765765852539e+12
1.102050586151938294e+00 7.942496787478316406e+12
1.106458788496546219e+00 7.915673134485643555e+12
1.110884623650532532e+00 7.852043294546654297e+12
1.115328162145134749e+00 7.874385477098868164e+12
1.119789474793714934e+00 7.816895084104958984e+12
1.124268632692889902e+00 7.802108974262034180e+12
1.128765707223661430e+00 7.747076858300390625e+12
1.133280770052556230e+00 7.744634464266056641e+12
1.137813893132766374e+00 7.557684551027087891e+12
1.142365148705297484e+00 7.475795737209090820e+12
1.146934609300118479e+00 7.605373759916812500e+12
1.151522347737319096e+00 7.631291941508428711e+12
1.156128437128268516e+00 7.538814963553968750e+12
1.160752950876781542e+00 7.407367200419982422e+12
1.165395962680288999e+00 7.443626018924947266e+12
1.170057546531009907e+00 7.385905014527402344e+12
1.174737776717134086e+00 7.389118092481146484e+12
1.179436727824002773e+00 7.290814636757450195e+12
1.184154474735298557e+00 7.124337348851025391e+12
1.188891092634239977e+00 7.184361667547551758e+12
1.193646657004777012e+00 7.217034439224452148e+12
1.198421243632796118e+00 6.971284018794958984e+12
1.203214928607327261e+00 7.078362614522951172e+12
1.208027788321756724e+00 7.026077146639125977e+12
1.212859899475043468e+00 7.045510921320203125e+12
1.217711339072943710e+00 7.037312387934575195e+12
1.222582184429235275e+00 6.975441013354618164e+12
1.227472513166952384e+00 6.977223506628280273e+12
1.232382403219620226e+00 6.916377992584598633e+12
1.237311932832498407e+00 6.872394941526062500e+12
1.242261180563828615e+00 6.718841334110831055e+12
1.247230225286083849e+00 6.754547203739104492e+12
1.252219146187228072e+00 6.695431972463572266e+12
1.257228022771976983e+00 6.690718338003456055e+12
1.262256934863064783e+00 6.648782918576053711e+12
1.267305962602517155e+00 6.641294327667818359e+12
1.272375186452927354e+00 6.589617119103300781e+12
1.277464687198738957e+00 6.556491130168759766e+12
1.282574545947533950e+00 6.459431873898849609e+12
1.287704844131324133e+00 6.429096446525082031e+12
1.292855663507849417e+00 6.377200116483780273e+12
1.298027086161880783e+00 6.386257930531594727e+12
1.303219194506528344e+00 6.354781004676015625e+12
1.308432071284554521e+00 6.303693412790139648e+12
1.313665799569692760e+00 6.295596778248740234e+12
1.318920462767971591e+00 6.266195009650896484e+12
1.324196144619043336e+00 6.204217175476958984e+12
1.329492929197519491e+00 6.144800201176202148e+12
1.334810900914309650e+00 6.097451648898472656e+12
1.340150144517967101e+00 6.057734624498560547e+12
1.345510745096038852e+00 6.037941814138292969e+12
1.350892788076423212e+00 6.013652236764915039e+12
1.356296359228728932e+00 5.977907916735294922e+12
1.361721544665643879e+00 5.959540337652504883e+12
1.367168430844306393e+00 5.925385761353649414e+12
1.372637104567683730e+00 5.911951685884775391e+12
1.378127652985954299e+00 5.868791134447635742e+12
1.383640163597898098e+00 5.845661098276352539e+12
1.389174724252289828e+00 5.804750032322206055e+12
1.394731423149298877e+00 5.773369327070727539e+12
1.400310348841896202e+00 5.738180536499068359e+12
1.405911590237263642e+00 5.701819073642071289e+12
1.411535236598212784e+00 5.675233492134875000e+12
1.417181377544605603e+00 5.643705062203940430e+12
1.422850103054784210e+00 5.601421093274346680e+12
1.428541503467003038e+00 5.497020027198014648e+12
1.434255669480871243e+00 5.565441496310352539e+12
1.439992692158794885e+00 5.523365066221100586e+12
1.445752662927429988e+00 5.503592204108896484e+12
1.451535673579139596e+00 5.467705546902156250e+12
1.457341816273456159e+00 5.434462154081618164e+12
1.463171183538549913e+00 5.424229293977955078e+12
1.469023868272704147e+00 5.382282967088230469e+12
1.474899963745795128e+00 5.367315880797173828e+12
1.480799563600778246e+00 5.337896253637929688e+12
1.486722761855181485e+00 5.205741462096542969e+12
1.492669652902602007e+00 5.293413770258615234e+12
1.498640331514212276e+00 5.241597381313034180e+12
1.504634892840269300e+00 4.833113364426282227e+12
1.510653432411630304e+00 5.214698560232890625e+12
1.516696046141276843e+00 5.200220382871982422e+12
1.522762830325842032e+00 5.181902592378448242e+12
1.528853881647145307e+00 5.154988086968329102e+12
1.534969297173733649e+00 5.128626922120527344e+12
1.541109174362428780e+00 5.126066179391378906e+12
1.547273611059878373e+00 5.103099514039510742e+12
1.553462705504118135e+00 5.071617548354280273e+12
1.559676556326134556e+00 5.049699596416389648e+12
1.565915262551438980e+00 5.036049382715109375e+12
1.572178923601644795e+00 4.960480842347161133e+12
1.578467639296051495e+00 4.923735597402930664e+12
1.584781509853235626e+00 4.969839367574291016e+12
1.591120635892648405e+00 4.923338274494604492e+12
1.597485118436219098e+00 4.951874813709807617e+12
1.603875058909963958e+00 4.919953655204959961e+12
1.610290559145603595e+00 4.899388779872390625e+12
1.616731721382186127e+00 4.659091728433264648e+12
1.623198648267714761e+00 4.813542218104549805e+12
1.629691442860785600e+00 4.826597334099264648e+12
1.636210208632228769e+00 4.799563246897334961e+12
1.642755049466757766e+00 4.730946936277124023e+12
1.649326069664624805e+00 4.691686394965416016e+12
1.655923373943283039e+00 4.650810199454742188e+12
1.662547067439056336e+00 4.592926254845747070e+12
1.669197255708812611e+00 4.553092870324178711e+12
1.675874044731648027e+00 4.504360111685215820e+12
1.682577540910574321e+00 4.449139472945551758e+12
1.689307851074216771e+00 4.403180598518824219e+12
1.696065082478513508e+00 4.352578134141838867e+12
1.702849342808427480e+00 4.297245217333408203e+12
1.709660740179661298e+00 4.102481706969777832e+12
1.716499383140379864e+00 4.187851044030166992e+12
1.723365380672941427e+00 4.141355240327014648e+12
1.730258842195633306e+00 4.089311547662021973e+12
1.737179877564415831e+00 4.031454172469864746e+12
1.744128597074673603e+00 3.984923077239407227e+12
1.751105111462972097e+00 3.930824246906767578e+12
1.758109531908824241e+00 3.872381275846500977e+12
1.765141970036459451e+00 3.830464835790392090e+12
1.772202537916605314e+00 3.772806116734165527e+12
1.779291348068271716e+00 3.721036574817853027e+12
1.786408513460544745e+00 3.673015476431631836e+12
1.793554147514387020e+00 3.620752833164009277e+12
1.800728364104444257e+00 3.576674113957825195e+12
1.807931277560862249e+00 3.525024737196251465e+12
1.815163002671105641e+00 3.492352259708163086e+12
1.822423654681789795e+00 3.447459609916502930e+12
1.829713349300517100e+00 3.401759772199165039e+12
1.837032202697718830e+00 3.363837451462153809e+12
1.844380331508509885e+00 3.270499770583315430e+12
1.851757852834543527e+00 3.265225801567201172e+12
1.859164884245881888e+00 3.201470210797596680e+12
1.866601543782865358e+00 3.195673860482145508e+12
1.874067949957996859e+00 3.143792756234279297e+12
1.881564221757828781e+00 3.119110589079379395e+12
1.889090478644860127e+00 3.060344012207701660e+12
1.896646840559439662e+00 3.039554673483024902e+12
1.904233427921677269e+00 3.010084908909770020e+12
1.911850361633363971e+00 2.981855858678777344e+12
1.919497763079897279e+00 2.943536453137060059e+12
1.927175754132217200e+00 2.816216762210984375e+12
1.934884457148745796e+00 2.823955811836832520e+12
1.942623994977340729e+00 2.648452648954442871e+12
1.950394490957250149e+00 2.670559201358043457e+12
1.958196068921079336e+00 2.769234286934435547e+12
1.966028853196763793e+00 2.740269997969670898e+12
1.973892968609550991e+00 2.548779827226292969e+12
1.981788540483989447e+00 2.500280614853598145e+12
1.989715694645925126e+00 2.477731087979228516e+12
1.997674557424508723e+00 2.575781977626483887e+12
2.005665255654207169e+00 2.570053361773553223e+12
2.013687916676823786e+00 2.536312145604597168e+12
2.021742668343530891e+00 2.506827707728806152e+12
2.029829639016905052e+00 2.472805542273177246e+12
2.037948957572972564e+00 2.442205366365529297e+12
2.046100753403264694e+00 2.410604850022629395e+12
2.054285156416877811e+00 2.387581905657864746e+12
2.062502297042545507e+00 2.341412773568788574e+12
2.070752306230715600e+00 2.327209318557778320e+12
2.079035315455638244e+00 2.299510392671303711e+12
2.087351456717461140e+00 2.270118116548041992e+12
2.095700862544330967e+00 2.232159512694432617e+12
2.104083665994508134e+00 2.219292039018737305e+12
2.112500000658485977e+00 2.193246556383564209e+12
2.120950000661120161e+00 2.168128784838140869e+12
2.129433800663764753e+00 2.139685850344853271e+12
2.137951535866419839e+00 2.115396468316291748e+12
2.146503342009885351e+00 2.093902279129143066e+12
2.155089355377924676e+00 2.069456160437281006e+12
2.163709712799436691e+00 2.046607413298147705e+12
2.172364551650634468e+00 2.022009116286011963e+12
2.181054009857236853e+00 1.987804628998793457e+12
2.189778225896665376e+00 1.968254178780708984e+12
2.198537338800252705e+00 1.949758437508529785e+12
2.207331488155453325e+00 1.897374921052455811e+12
2.216160814108075083e+00 1.907640401639375244e+12
2.225025457364507631e+00 1.866719592191151611e+12
2.233925559193965515e+00 1.856752251493094727e+12
2.242861261430741493e+00 1.839083116802683350e+12
2.251832706476463830e+00 1.818509872170699219e+12
2.260840037302370042e+00 1.779354378653023193e+12
2.269883397451579299e+00 1.773683907656248291e+12
2.278962931041386142e+00 1.744299021987121826e+12
2.288078782765551100e+00 1.731130653937096924e+12
2.297231097896613505e+00 1.623306345561915039e+12
2.306420022288200311e+00 1.652407868110452637e+12
2.315645702377353121e+00 1.639423130014164795e+12
2.324908285186861878e+00 1.540522730600312256e+12
2.334207918327609654e+00 1.562924481452111572e+12
2.343544750000919663e+00 1.562398953233340820e+12
2.352918929000923143e+00 1.487736865051139160e+12
2.362330604716927240e+00 1.494330548544436035e+12
2.371779927135795329e+00 1.496012439187754883e+12
2.381267046844337987e+00 1.439917440235242920e+12
2.390792115031715070e+00 1.421524765549389160e+12
2.400355283491842240e+00 1.421102701718833740e+12
2.409956704625809465e+00 1.388644025271034912e+12
2.419596531444312859e+00 1.351664795906051514e+12
2.429274917570089620e+00 1.347482854312803467e+12
2.438992017240370291e+00 1.333851417378409912e+12
2.448747985309331465e+00 1.280290810214616211e+12
2.458542977250568917e+00 1.271816130857205566e+12
2.468377149159570738e+00 1.271840777013636475e+12
2.478250657756209563e+00 1.221659560267623535e+12
2.488163660387234355e+00 1.210513189396033203e+12
2.498116315028783063e+00 1.210439485925213867e+12
2.508108780288898387e+00 1.182085913276130127e+12
2.518141215410053757e+00 1.164355665883720459e+12
2.528213780271693967e+00 1.146498796376294189e+12
2.538326635392781139e+00 1.138614642581191162e+12
2.548479941934351789e+00 1.118859642065050049e+12
2.558673861702089436e+00 1.109625088917601074e+12
2.568908557148898097e+00 1.102470734055172119e+12
2.579184191377493551e+00 1.084244246949910767e+12
2.589500928143003478e+00 1.076076446954395386e+12
2.599858931855575594e+00 1.068563219144770630e+12
2.610258367582998229e+00 1.061804846204332764e+12
2.620699401053329769e+00 1.042233817043670410e+12
2.631182198657543214e+00 1.037422808120124390e+12
2.641706927452173392e+00 1.024052511764912720e+12
2.652273755161981938e+00 1.018783318610786011e+12
2.662882850182629824e+00 1.003279342089497559e+12
2.673534381583360542e+00 9.866311146902154541e+11
2.684228519109693956e+00 9.736306712405322266e+11
2.694965433186132575e+00 9.543945292766793213e+11
2.705745294918877164e+00 9.429196050882468262e+11
2.716568276098552559e+00 9.246447987248437500e+11
2.727434549202946812e+00 9.062204788883043213e+11
2.738344287399758326e+00 8.921659625713221436e+11
2.749297664549357201e+00 8.831771611083597412e+11
2.760294855207554576e+00 8.718651795167254639e+11
2.771336034628385292e+00 8.563731083018267822e+11
2.782421378766898545e+00 8.447462642910902100e+11
2.793551064281966312e+00 8.387841058685037842e+11
2.804725268539093985e+00 8.180271783747110596e+11
2.815944169613250558e+00 8.030894978716370850e+11
2.827207946291703244e+00 8.043655469660229492e+11
2.838516778076869862e+00 7.824499803363504639e+11
2.849870845189177437e+00 7.706212697002478027e+11
2.861270328569933685e+00 7.716907467367822266e+11
2.872715409884213589e+00 7.510655164887669678e+11
2.884206271523750420e+00 7.442277433426298828e+11
2.895743096609845413e+00 7.377648038074436035e+11
2.907326068996284985e+00 7.159950849354969482e+11
2.918955373272270393e+00 7.162334529743778076e+11
2.930631194765359826e+00 6.980677825411401367e+11
2.942353719544420709e+00 6.872042240719959717e+11
2.954123134422598440e+00 6.852945302759241943e+11
2.965939626960289122e+00 6.699576806429702148e+11
2.977803385468130504e+00 6.677468701735493164e+11
2.989714599010003138e+00 6.526029433885971680e+11
3.001673457406043077e+00 6.476831074890878906e+11
3.013680151235667015e+00 6.398736631159260254e+11
3.025734871840609408e+00 6.218410259467956543e+11
3.037837811327972037e+00 6.280317250441541748e+11
3.049989162573283785e+00 6.090160674239515381e+11
3.062189119223576395e+00 6.088455478470946045e+11
3.074437875700470890e+00 5.961105626589970703e+11
3.086735627203272880e+00 5.885515765686201172e+11
3.099082569712085622e+00 5.849681864916540527e+11
3.111478899990933744e+00 5.727199544950828857e+11
3.123924815590897186e+00 5.696816503740560303e+11
3.136420514853261121e+00 5.605686619495961914e+11
3.148966196912674320e+00 5.543461771088544922e+11
3.161562061700325277e+00 5.480575160818769531e+11
3.174208309947126327e+00 5.392490641683736572e+11
3.186905143186915090e+00 5.363670428003224487e+11
3.199652763759662566e+00 5.245609583208733521e+11
3.212451374814701222e+00 5.247621130340270996e+11
3.225301180313960625e+00 5.155089105325476685e+11
3.238202385035215958e+00 5.094133682358583984e+11
3.251155194575356955e+00 5.039537945001821289e+11
3.264159815353658622e+00 4.974421523179701538e+11
3.277216454615073271e+00 4.916038104139782715e+11
3.290325320433533207e+00 4.851760654933206177e+11
3.303486621715267635e+00 4.805597117646656494e+11
3.316700568202128441e+00 4.724170692841478271e+11
3.329967370474937294e+00 4.698135172742688599e+11
3.343287239956836743e+00 4.619010640944107666e+11
3.356660388916663962e+00 4.572210383673921509e+11
3.370087030472330714e+00 4.516431303401652222e+11
3.383567378594220187e+00 4.454801090314534302e+11
3.397101648108596716e+00 4.400010428099266357e+11
3.410690054701031482e+00 4.328666122236989136e+11
3.424332814919834878e+00 4.295881983899970703e+11
3.438030146179514634e+00 4.237392953532500610e+11
3.451782266764232610e+00 4.185747009223136597e+11
3.465589395831289998e+00 4.132764882751310425e+11
3.479451753414614767e+00 4.078064868948741455e+11
3.493369560428273068e+00 4.020644795474541016e+11
3.507343038669985980e+00 3.979068951224378662e+11
3.521372410824665788e+00 3.915492353679581299e+11
3.535457900467964709e+00 3.869635020684193726e+11
3.549599732069836477e+00 3.819685474619660034e+11
3.563798130998116154e+00 3.767196594412600708e+11
3.578053323522108364e+00 3.718617572621127930e+11
3.592365536816196858e+00 3.670364692130109863e+11
3.606734998963461614e+00 3.620657476040532227e+11
3.621161938959315041e+00 3.571225248038141479e+11
3.635646586715152839e+00 3.523184060567073975e+11
3.650189173062013293e+00 3.476227148559526367e+11
3.664789929754260545e+00 3.429418040066632690e+11
3.679449089473277645e+00 3.376473908953262939e+11
3.694166885831170699e+00 3.336287163718284302e+11
3.708943553374495661e+00 3.292030023322293091e+11
3.723779327587993571e+00 3.248248038365592041e+11
3.738674444898345328e+00 3.201495637018065186e+11
3.753629142677938901e+00 3.162073382078109741e+11
3.768643659248651190e+00 3.115768470015914917e+11
3.783718233885645432e+00 3.076263488570878906e+11
3.798853106821188153e+00 3.032546677794456787e+11
3.814048519248473657e+00 2.991437178377532349e+11
3.829304713325467180e+00 2.946021253846821899e+11
3.844621932178768908e+00 2.907446929725223999e+11
3.860000419907484215e+00 2.868162447962719727e+11
3.875440421587113882e+00 2.826254008573836060e+11
3.890942183273462529e+00 2.785948722574275513e+11
3.906505952006555926e+00 2.747907460688002625e+11
3.922131975814582727e+00 2.709393375189966431e+11
3.937820503717840648e+00 2.669673489591579285e+11
3.953571785732711508e+00 2.622807383815372314e+11
3.969386072875642490e+00 2.593287560192243347e+11
3.985263617167145167e+00 2.546988297855722351e+11
4.001204671635814059e+00 2.514569108751585693e+11
4.017209490322357190e+00 2.480875853505915222e+11
4.033278328283646630e+00 2.443791682262971191e+11
4.049411441596781458e+00 2.392980699784192505e+11
4.065609087363168506e+00 2.371463667639250488e+11
4.081871523712622185e+00 2.326115591792406006e+11
4.098199009807472315e+00 2.300022503194853516e+11
4.114591805846702144e+00 2.268324743183112183e+11
4.131050173070089038e+00 2.225779239239722290e+11
4.147574373762369149e+00 2.203279665186976624e+11
4.164164671257418959e+00 2.162782523715299683e+11
4.180821329942449260e+00 2.135807646858384399e+11
4.197544615262219558e+00 2.103748008655614929e+11
4.214334793723269357e+00 2.068821780652232056e+11
4.231192132898162761e+00 2.048587217008525696e+11
4.248116901429755288e+00 2.010621671331546631e+11
4.265109369035473996e+00 1.983677611817362976e+11
4.282169806511615384e+00 1.959753816238732910e+11
4.299298485737661935e+00 1.828983849590702820e+11
4.316495679680612874e+00 1.820970084131321411e+11
4.333761662399335357e+00 1.792101888276503906e+11
4.351096709048932532e+00 1.721778299865000610e+11
4.368501095885127583e+00 1.679919623320197449e+11
4.385975100268668214e+00 1.649631944606014404e+11
4.403519000669743555e+00 1.604470486221515503e+11
4.421133076672422391e+00 1.568072294736520691e+11
4.438817608979111817e+00 1.543447949004185791e+11
4.456572879415028332e+00 1.518250302037937622e+11
4.474399170932688463e+00 1.461627519951625671e+11
4.492296767616419828e+00 1.458559590771609497e+11
4.510265954686884626e+00 1.445363039291341553e+11
4.528307018505633330e+00 1.398511421168361816e+11
4.546420246579655711e+00 1.388294013926632080e+11
4.564605927565974497e+00 1.367623964530752716e+11
4.582864351276237258e+00 1.348298499510897064e+11
4.601195808681342925e+00 1.327257792771527100e+11
4.619600591916067422e+00 1.327594501137878265e+11
4.638078994283731937e+00 1.302559950499530182e+11
4.656631310260867629e+00 1.304361919203852234e+11
4.675257835501911430e+00 1.279584335131150665e+11
4.693958866843916944e+00 1.262973698837320099e+11
4.712734702311292878e+00 1.246920826139659119e+11
4.731585641120538810e+00 1.240177934640951843e+11
4.750511983685020923e+00 1.217103924442648163e+11
4.769514031619761063e+00 1.198823152362148132e+11
4.788592087746240011e+00 1.183231904744723206e+11
4.807746456097224730e+00 1.166353692535797577e+11
4.826977441921613377e+00 1.161466484462268066e+11
4.846285351689299858e+00 1.143395604014412231e+11
4.865670493096057925e+00 1.127967575294978027e+11
4.885133175068442135e+00 1.103754597910995636e+11
4.904673707768715474e+00 1.094515818118635254e+11
4.924292402599791174e+00 1.070671897505012970e+11
4.943989572210189642e+00 1.057546892115808563e+11
4.963765530499030021e+00 1.034516225861941528e+11
4.983620592621027079e+00 1.031152535740986633e+11
5.003555074991511198e+00 1.011504739704978027e+11
5.023569295291476777e+00 9.910077601792883301e+10
5.043663572472643075e+00 9.949699161216294861e+10
5.063838226762532813e+00 9.746756927027351379e+10
5.084093579669583640e+00 9.521871332016804504e+10
5.104429953988261381e+00 9.462685746966908264e+10
5.124847673804215020e+00 9.317921544596659851e+10
5.145347064499431688e+00 9.298907044986439514e+10
5.165928452757428957e+00 9.015526750603019714e+10
5.186592166568458673e+00 9.043628682487339783e+10
5.207338535234733001e+00 8.774459910223278809e+10
5.228167889375671784e+00 8.768756171356791687e+10
5.249080560933174766e+00 8.535432360203218079e+10
5.270076883176907145e+00 8.522562774441349792e+10
5.291157190709615321e+00 8.316280016356198120e+10
5.312321819472453299e+00 8.284081551783168030e+10
5.333571106750343738e+00 8.140114978340014648e+10
5.354905391177344320e+00 8.040775437732412720e+10
5.376325012742054099e+00 7.917572816542575073e+10
5.397830312793021612e+00 7.864097361104315186e+10
5.419421634044193858e+00 7.640726580070664978e+10
5.441099320580370602e+00 7.652492881141487122e+10
5.462863717862692425e+00 7.475236462794491577e+10
5.484715172734142996e+00 7.403388154314723206e+10
5.506654033425078865e+00 7.303572296172479248e+10
5.528680649558780580e+00 7.269396354898515320e+10
5.550795372157015350e+00 7.095759254016323853e+10
5.572998553645643227e+00 7.012654041968156433e+10
5.595290547860225949e+00 6.952126796034017944e+10
5.617671710051667766e+00 6.847540305526137543e+10
5.640142396891874021e+00 6.765444714764556122e+10
5.662702966479441713e+00 6.689321897251522064e+10
5.685353778345359821e+00 6.515944500933611298e+10
5.708095193458740724e+00 6.498005374587094116e+10
5.730927574232576482e+00 6.392779293611929321e+10
5.753851284529505783e+00 6.350159253195687103e+10
5.776866689667624399e+00 6.257679086934973907e+10
5.799974156426294769e+00 6.179253597659520721e+10
5.823174053051999977e+00 6.053510176345008850e+10
5.846466749264207508e+00 5.976749708583441162e+10
5.869852616261264977e+00 5.921616202583671570e+10
5.893332026726310069e+00 5.821800601922734833e+10
5.916905354833215114e+00 5.771573228748279572e+10
5.940572976252548543e+00 5.677795822176158905e+10
5.964335268157558545e+00 5.601744244297056580e+10
5.988192609230189589e+00 5.521003340362708282e+10
6.012145379667110490e+00 5.456905954979589844e+10
6.036193961185778889e+00 5.355314485796574402e+10
6.060338737030522616e+00 5.299328786400094604e+10
6.084580091978644134e+00 5.238941985988993835e+10
6.108918412346558746e+00 5.141149247361973572e+10
6.133354085995945226e+00 5.093353620114497375e+10
6.157887502339929320e+00 5.021424755213353729e+10
6.182519052349287669e+00 4.934757633720284271e+10
6.207249128558685491e+00 4.869811997595025635e+10
6.232078125072920471e+00 4.805451708364379883e+10
6.257006437573212843e+00 4.727560981206352997e+10
6.282034463323505236e+00 4.659943188449362946e+10
6.307162601176800720e+00 4.590771177727225494e+10
6.332391251581507063e+00 4.525011154167899323e+10
6.357720816587833390e+00 4.449756475968533325e+10
6.383151699854184180e+00 4.377085537453527832e+10
6.408684306653601226e+00 4.299841718520269012e+10
6.434319043880215361e+00 4.237807394942904663e+10
6.460056320055736379e+00 4.124571423356336975e+10
6.485896545335958052e+00 4.026493374978762817e+10
6.511840131517302233e+00 3.976403583376936340e+10
6.537887492043371829e+00 3.900947759511842346e+10
6.564039042011545533e+00 3.821897206847164917e+10
6.590295198179591196e+00 3.739665382531382751e+10
6.616656378972309405e+00 3.692482336407383728e+10
6.643123004488199257e+00 3.622884517147741699e+10
6.669695496506150789e+00 3.572391501668681335e+10
6.696374278492176479e+00 3.508519211368167114e+10
6.723159775606144528e+00 3.477300317033209991e+10
6.750052414708568094e+00 3.425348025799116516e+10
6.777052624367403411e+00 3.332251927809231949e+10
6.804160834864871887e+00 3.303323561870634079e+10
6.831377478204331055e+00 3.241777892899055481e+10
6.858702988117148180e+00 3.223180373897653198e+10
6.886137800069615622e+00 3.171285334807141113e+10
6.913682351269895499e+00 3.105145869916100693e+10
6.941337080674975013e+00 3.065520726511051178e+10
6.969102428997675069e+00 3.024361247001417160e+10
6.996978838713665994e+00 2.985454187035257339e+10
7.024966754068519670e+00 2.940491029663161087e+10
7.053066621084793653e+00 2.897258318446872711e+10
7.081278887569133929e+00 2.851063963743666840e+10
7.109604003119409654e+00 2.800045707257210159e+10
7.138042419131887861e+00 2.775614570006348419e+10
7.166594588808414379e+00 2.735280969804668427e+10
7.195260967163648047e+00 2.688224626647618103e+10
7.224042011032302923e+00 2.642876006973564529e+10
7.252938179076432235e+00 2.604894814780596924e+10
7.281949931792737196e+00 2.576639696571490860e+10
7.311077731519908696e+00 2.540238527201544189e+10
7.340322042445988515e+00 2.489242631150389099e+10
7.369683330615771411e+00 2.453331186591120529e+10
7.399162063938235612e+00 2.437396043891030502e+10
7.428758712193988423e+00 2.377718158871311188e+10
7.458473747042765112e+00 2.360925486148529816e+10
7.488307642030935796e+00 2.323172318128352356e+10
7.518260872599060285e+00 2.283165900771257782e+10
7.548333916089456253e+00 2.260821792060485458e+10
7.578527251753813587e+00 2.209180167829997253e+10
7.608841360760829176e+00 2.164313052486576843e+10
7.639276726203872769e+00 2.140659534435156250e+10
7.669833833108687493e+00 2.104174780900951767e+10
7.700513168441122325e+00 2.079769638140261459e+10
7.731315221114887670e+00 2.030429859586091232e+10
7.762240481999347352e+00 1.999571470687268448e+10
7.793289443927344351e+00 1.964879735206895828e+10
7.824462601703054077e+00 1.951187286503699493e+10
7.855760452109866065e+00 1.905270602211596680e+10
7.887183493918306532e+00 1.867807935328086090e+10
7.918732227893980458e+00 1.845775819841255188e+10
7.950407156805555431e+00 1.821684578731785583e+10
7.982208785432777454e+00 1.777147013135073853e+10
8.014137620574508958e+00 1.766572317216448212e+10
8.046194171056805899e+00 1.721316791324491119e+10
8.078378947741034821e+00 1.703008592865131950e+10
8.110692463531997021e+00 1.674474461427942085e+10
8.143135233386125549e+00 1.660273442501451302e+10
8.175707774319670662e+00 1.632148588360685539e+10
8.208410605416949224e+00 1.604557165050541306e+10
8.241244247838615422e+00 1.586415057861390686e+10
8.274209224829968790e+00 1.555585949149837112e+10
8.307306061729288871e+00 1.538034060305352402e+10
8.340535285976207192e+00 1.510623882328501320e+10
8.373897427120111203e+00 1.483869701737858200e+10
8.407393016828594412e+00 1.474912744826099777e+10
8.441022588895906509e+00 1.444693691946917915e+10
8.474786679251490540e+00 1.429244134764925385e+10
8.508685825968495209e+00 1.401810644475443077e+10
8.542720569272368891e+00 1.386612283615583992e+10
8.576891451549458978e+00 1.361664992191906357e+10
8.611199017355655627e+00 1.348460381190153122e+10
8.645643813425078150e+00 1.327617261861632156e+10
8.680226388678779159e+00 1.307319410277178955e+10
8.714947294233493125e+00 1.289387436942890549e+10
8.749807083410427566e+00 1.261332377874007988e+10
8.784806311744070229e+00 1.251986362029961586e+10
8.819945536991047774e+00 1.229524673216532326e+10
8.855225319139009343e+00 1.210989666892523003e+10
8.890646220415566958e+00 1.198201894870478821e+10
8.926208805297228821e+00 1.182620959873278809e+10
8.961913640518417878e+00 1.157288434374559784e+10
8.997761295080492161e+00 1.143854172500494385e+10
9.033752340260813085e+00 1.129885078603301620e+10
9.069887349621856387e+00 1.113972035522693443e+10
9.106166899020346150e+00 1.092035743677595139e+10
9.142591566616424359e+00 1.079192066790945244e+10
9.179161932882891506e+00 1.061405003832879448e+10
9.215878580614422333e+00 1.045359050473072624e+10
9.252742094936881045e+00 1.027786118136287498e+10
9.289753063316627646e+00 1.017787578968151283e+10
9.326912075569895322e+00 9.964890536862598419e+09
9.364219723872173162e+00 9.890680089784919739e+09
9.401676602767663482e+00 9.691908319039464951e+09
9.439283309178733816e+00 9.533526691857662201e+09
9.477040442415447075e+00 9.414662029197214127e+09
9.514948604185111236e+00 9.276765907828046799e+09
9.553008398601852136e+00 9.148372715710065842e+09
9.591220432196260859e+00 8.969105162425582886e+09
9.629585313925044687e+00 8.834786835331710815e+09
9.668103655180747324e+00 8.711269602469430923e+09
9.706776069801470896e+00 8.589786179974079132e+09
9.745603174080676112e+00 8.464640578585607529e+09
9.784585586776998412e+00 8.345975006393203735e+09
9.823723929124106746e+00 8.202878274698570251e+09
9.863018824840601440e+00 8.076522953382620811e+09
9.902470900139965337e+00 7.866315042917900085e+09
9.942080783740523842e+00 7.818893002080433846e+09
9.981849106875488431e+00 7.685369417735217094e+09
1.002177650330298952e+01 7.586905947740245819e+09
1.006186360931619994e+01 7.443176562481007576e+09
1.010211106375346723e+01 7.318441994597719193e+09
1.014251950800847979e+01 7.208586021023209572e+09
1.018308958604051284e+01 7.122302761588698387e+09
1.022382194438467451e+01 6.998199370027955055e+09
1.026471723216221399e+01 6.874836453855089188e+09
1.030577610109086173e+01 6.750906318003583908e+09
1.034699920549522467e+01 6.657018638190850258e+09
1.038838720231720458e+01 6.552547378707574844e+09
1.042994075112647501e+01 6.447483498516451836e+09
1.047166051413097954e+01 6.340730980951181412e+09
1.051354715618750468e+01 6.225293217820724487e+09
1.055560134481225454e+01 6.130650929255513191e+09
1.059782375019150358e+01 6.036264512646510124e+09
1.064021504519226902e+01 5.977201573102732658e+09
1.068277590537303823e+01 5.868848811041463852e+09
1.072550700899452991e+01 5.724286268342488289e+09
1.076840903703050856e+01 5.654344820056136131e+09
1.081148267317863088e+01 5.569492930904757500e+09
1.085472860387134553e+01 5.562044663043913841e+09
1.089814751828683015e+01 5.357754392108906746e+09
1.094174010835997635e+01 5.320234018839497566e+09
1.098550706879341909e+01 5.194868538676001549e+09
1.102944909706859100e+01 5.134133759980142593e+09
1.107356689345686540e+01 5.066606497620455742e+09
1.111786116103069233e+01 4.975283995602221489e+09
1.116233260567481622e+01 4.913728534749478340e+09
1.120698193609751492e+01 4.797340144173129082e+09
1.125180986384190440e+01 4.753698782084769249e+09
1.129681710329727373e+01 4.665728688997779846e+09
1.134200437171046083e+01 4.610016696965582848e+09
1.138737238919730466e+01 4.543593735388990402e+09
1.143292187875409383e+01 4.433559986172004700e+09
1.147865356626910938e+01 4.391657708088621140e+09
1.152456818053418530e+01 4.298124625600046158e+09
1.157066645325632237e+01 4.239574027134433746e+09
1.161694911906934635e+01 4.156048535587268353e+09
1.166341691554562487e+01 4.134180322811391830e+09
1.171007058320780736e+01 4.049128723539746761e+09
1.175691086554063958e+01 3.947338802974607944e+09
1.180393850900279951e+01 3.925948245469031811e+09
1.185115426303881137e+01 3.843883001653417110e+09
1.189855888009096674e+01 3.813243043074177742e+09
1.194615311561133097e+01 3.757057228260472298e+09
1.199393772807377623e+01 3.686188695853643417e+09
1.204191347898607134e+01 3.631727446747961044e+09
1.209008113290201614e+01 3.567071495036822796e+09
1.213844145743362368e+01 3.504773525711213112e+09
1.218699522326335938e+01 3.470085188466810703e+09
1.223574320415641381e+01 3.409319145740438461e+09
1.228468617697303777e+01 3.383947995471109390e+09
1.233382492168093059e+01 3.286210375623881817e+09
1.238316022136765504e+01 3.255073024472105503e+09
1.243269286225312520e+01 3.159864944753262520e+09
1.248242363370213859e+01 3.169810180942826271e+09
1.253235332823694748e+01 3.091354639223272324e+09
1.258248274154989410e+01 3.065786231834200382e+09
1.263281267251609385e+01 3.021078873509421825e+09
1.268334392320615756e+01 2.955338164873691082e+09
1.273407729889898299e+01 2.948312837321459293e+09
1.278501360809457665e+01 2.854901150704016685e+09
1.283615366252695544e+01 2.800432849572224617e+09
1.288749827717706253e+01 2.802927662677065849e+09
1.293904827028577031e+01 2.720129203699983120e+09
1.299080446336691352e+01 2.710070538402729988e+09
1.304276768122038099e+01 2.648085091114774704e+09
1.309493875194526424e+01 2.615853987263862133e+09
1.314731850695304693e+01 2.572539902471895695e+09
1.319990778098085649e+01 2.524120164986076355e+09
1.325270741210477965e+01 2.488449991941112041e+09
1.330571824175319939e+01 2.447075155260629654e+09
1.335894111472021173e+01 2.403956019710416794e+09
1.341237687917909227e+01 2.393273992389811039e+09
1.346602638669580898e+01 2.329272692550736427e+09
1.351989049224258999e+01 2.319431993219116688e+09
1.357397005421156067e+01 2.259808172016250134e+09
1.362826593442840917e+01 2.230982125557997704e+09
1.368277899816612297e+01 2.203468114200861454e+09
1.373751011415878942e+01 2.150877165564846992e+09
1.379246015461542463e+01 2.140788826070246458e+09
1.384762999523388416e+01 2.089509036848394632e+09
1.390302051521481808e+01 2.088495558328729391e+09
1.395863259727567751e+01 2.043308936490653038e+09
1.401446712766477987e+01 2.001294701666042566e+09
1.407052499617543972e+01 1.996888239533794880e+09
1.412680709616014063e+01 1.927551802010505676e+09
1.418331432454478147e+01 1.889442275562450171e+09
1.424004758184296193e+01 1.888846882476678610e+09
1.429700777217033369e+01 1.865715698890345097e+09
1.435419580325901379e+01 1.817610430761271000e+09
1.441161258647204946e+01 1.800867584465384245e+09
1.446925903681793812e+01 1.755311362806586027e+09
1.452713607296521126e+01 1.748724733383428097e+09
1.458524461725707155e+01 1.716711354954793453e+09
1.464358559572609764e+01 1.673812222837031126e+09
1.470215993810900557e+01 1.651164974223723412e+09
1.476096857786143879e+01 1.651845451505385637e+09
1.482001245217288599e+01 1.615250294231948614e+09
1.487929250198157760e+01 1.582564764009884596e+09
1.493880967198950316e+01 1.561658538229081154e+09
1.499856491067746056e+01 1.536383684802179813e+09
1.505855917032016933e+01 1.517899216004893303e+09
1.511879340700144958e+01 1.487857509073219299e+09
1.517926858062945605e+01 1.466218246190405130e+09
1.523998565495197433e+01 1.450580137108320713e+09
1.530094559757178274e+01 1.417280054480821848e+09
1.536214937996206764e+01 1.397383230746046305e+09
1.542359797748191674e+01 1.374509446699096680e+09
1.548529236939184450e+01 1.359237343513174772e+09
1.554723353886941339e+01 1.330045613506698132e+09
1.560942247302489072e+01 1.321474180706224680e+09
1.567186016291699069e+01 1.295220908589858055e+09
1.573454760356865556e+01 1.268974155079786301e+09
1.579748579398293096e+01 1.263454075283111572e+09
1.586067573715886247e+01 1.234794034031490564e+09
1.592411844010749888e+01 1.221325366361307144e+09
1.598781491386792730e+01 1.188963682535890341e+09
1.605176617352340074e+01 1.178915720665773630e+09
1.611597323821749228e+01 1.155281812570267916e+09
1.618043713117036120e+01 1.137977205435837030e+09
1.624515887969504391e+01 1.118519540050642014e+09
1.631013951521382310e+01 1.113596833509376526e+09
1.637538007327468037e+01 1.096401507656604767e+09
1.644088159356778078e+01 1.078330766565519094e+09
1.650664511994205341e+01 1.054740134959372401e+09
1.657267170042182158e+01 1.034476403071198225e+09
1.663896238722350418e+01 1.015737811657097697e+09
1.670551823677240222e+01 1.010364470089420676e+09
1.677234030971949608e+01 9.990820797191303968e+08
1.683942967095837062e+01 9.751857498744758368e+08
1.690678738964220429e+01 9.611715803634486198e+08
1.697441453920077237e+01 9.480637166638387442e+08
1.704231219735757108e+01 9.433252684189506769e+08
1.711048144614700561e+01 9.110597235636831522e+08
1.717892337193159236e+01 9.062526336483528614e+08
1.724763906541932101e+01 8.828910575131113529e+08
1.731662962168099895e+01 8.718235047751016617e+08
1.738589614016772344e+01 8.608071956024322510e+08
1.745543972472839300e+01 8.543657725763858557e+08
1.752526148362730751e+01 8.387578529300775528e+08
1.759536252956181812e+01 8.200163271558248997e+08
1.766574397968006238e+01 8.068590311790759563e+08
1.773640695559878466e+01 7.968473847719531059e+08
1.780735258342117433e+01 7.874432749002324343e+08
1.787858199375486024e+01 7.799760983761411905e+08
1.795009632172988034e+01 7.581082854598783255e+08
1.802189670701679702e+01 7.524793613567333221e+08
1.809398429384486562e+01 7.414735208579276800e+08
1.816636023102024211e+01 7.157010351083323956e+08
1.823902567194432578e+01 7.197916341541967392e+08
1.831198177463210186e+01 7.090310210107189417e+08
1.838522970173062987e+01 6.945995941953994036e+08
1.845877062053754969e+01 6.847454936230288744e+08
1.853260570301970134e+01 6.675178496069371700e+08
1.860673612583178027e+01 6.552127365990084410e+08
1.868116307033510637e+01 6.508693513891303539e+08
1.875588772261644976e+01 6.390515969924579859e+08
1.883091127350691352e+01 6.354646765356988907e+08
1.890623491860094063e+01 6.217123779472838640e+08
1.898185985827534594e+01 6.093567100503927469e+08
1.905778729770844748e+01 6.072341657856501341e+08
1.913401844689928311e+01 5.994885358255738020e+08
1.921055452068688041e+01 5.781879206405332088e+08
1.928739673876962968e+01 5.763748347519907951e+08
1.936454632572470658e+01 5.695546549598076344e+08
1.944200451102760141e+01 5.518423173253052235e+08
1.951977252907171589e+01 5.554841964481357336e+08
1.959785161918800256e+01 5.381402674047785997e+08
1.967624302566475691e+01 5.320753973131023049e+08
1.991079942767366973e+01 5.184793572535732388e+08
