# Wavelength (micrometer), Flux (W / m2 / m)
1.000553076518779783e-01 1.314347220479151700e+06
1.004555288824854897e-01 1.785652846353218486e-11
1.008573509980154326e-01 2.779741334163244601e-11
1.012607804020075053e-01 2.665647968048919250e-11
1.016658235236155422e-01 3.587252973105966048e-11
1.020724868177099870e-01 2.787547787450781382e-08
1.024807767649808382e-01 1.480869341485750209e-09
1.028906998720407612e-01 1.264208201526722051e-10
1.033022626715289355e-01 5.326165729394095729e-08
1.037154717222150413e-01 1.050853709355037251e-10
1.041303336091038839e-01 1.105829526457752826e-10
1.045468549435403099e-01 1.404242164942198407e-09
1.049650423633144702e-01 1.495285176733345407e-11
1.053849025327677214e-01 4.410830535697899482e-09
1.058064421428987906e-01 5.176577785400581270e-11
1.062296679114703990e-01 6.559731854801091335e-09
1.066545865831162732e-01 2.573035949665759879e-09
1.070812049294487533e-01 6.131214344100903877e-10
1.075095297491665408e-01 1.645857096985028798e-07
1.079395678681632220e-01 8.495895360547095195e-10
1.083713261396358624e-01 6.047258520660149195e-08
1.088048114441943909e-01 1.751604307148818773e-08
1.092400306899711654e-01 1.000491509952599936e-05
1.096769908127310511e-01 3.157354723524285382e-08
1.101156987759819850e-01 4.306085837833273056e-08
1.105561615710859147e-01 4.810541655031745898e-06
1.109983862173702651e-01 1.033386112909415173e-06
1.114423797622397516e-01 1.599472655693622109e-07
1.118881492812886930e-01 2.938120602672635085e-08
1.123357018784138517e-01 1.829383177194240243e-07
1.127850446859275102e-01 2.112529252563721870e-04
1.132361848646712132e-01 9.673329182157200390e-05
1.136891296041298988e-01 6.025538040646531864e-05
1.141438861225464035e-01 7.248843456028864721e-05
1.146004616670366072e-01 4.644241551241527375e-05
1.150588635137047705e-01 4.626532779060653919e-05
1.155190989677595953e-01 2.505787251278939539e-05
1.159811753636306314e-01 8.104157256547520115e-05
1.164451000650851553e-01 1.470220896225149989e-05
1.169108804653455069e-01 1.571506854235880498e-05
1.173785239872068981e-01 6.593742374588716366e-05
1.178480380831557206e-01 1.722231065084774062e-04
1.183194302354883543e-01 9.959420896599031317e-05
1.187927079564302935e-01 1.101275844651130474e-05
1.192678787882560099e-01 2.091415204455807582e-05
1.197449503034090645e-01 1.578825422593513577e-05
1.202239301046226783e-01 3.188996460203692000e-07
1.207048258250411760e-01 3.898241435574004439e-06
1.211876451283413342e-01 7.841919587147095579e-07
1.216723957088547137e-01 2.667912621902212486e-09
1.221590852916901310e-01 4.831727870407673070e-06
1.226477216328568792e-01 1.341389968868438245e-05
1.231383125193883099e-01 3.816102106686041413e-07
1.236308657694658586e-01 6.302199561362755394e-06
1.241253892325437369e-01 2.723319760770977792e-06
1.246218907894739159e-01 1.362308497537428086e-07
1.251203783526317892e-01 9.730430004323020714e-07
1.256208598660423226e-01 2.581525247683431301e-05
1.261233433055065078e-01 1.068689729243937636e-05
1.266278366787285392e-01 2.298892218237241977e-07
1.271343480254434610e-01 1.519035287727766282e-05
1.276428854175452321e-01 4.997399169948715499e-06
1.281534569592154005e-01 9.241083805974590114e-07
1.286660707870522780e-01 8.003440300779007276e-06
1.291807350702004475e-01 1.570404206339091473e-05
1.296974580104812425e-01 1.811219690073935745e-05
1.302162478425231973e-01 1.408948926961886587e-07
1.307371128338932764e-01 7.219055553645061402e-06
1.312600612852288795e-01 8.528346650955269794e-05
1.317851015303697915e-01 3.028176070258606239e-06
1.323122419364912705e-01 3.929390747281391225e-05
1.328414909042372472e-01 7.230503043345555330e-05
1.333728568678542170e-01 2.366546908952498322e-05
1.339063482953256612e-01 5.317690453988254431e-07
1.344419736885069383e-01 2.650984380023793020e-05
1.349797415832609815e-01 5.055534270984354242e-05
1.355196605495940232e-01 3.330054612215109896e-05
1.360617391917924301e-01 5.590403296056421512e-05
1.366059861485595939e-01 9.676055350093588263e-06
1.371524100931538481e-01 5.468734125599045691e-07
1.377010197335264696e-01 3.400271278719497391e-06
1.382518238124605670e-01 4.126893635822109882e-04
1.388048311077104136e-01 8.968234638722119253e-05
1.393600504321412248e-01 4.196792150182841272e-06
1.399174906338697677e-01 2.681340640036817233e-06
1.404771605964052761e-01 1.873251288633975863e-04
1.410390692387908651e-01 2.209796362640235504e-05
1.416032255157460562e-01 6.481518345066084779e-04
1.421696384178090522e-01 7.042555335452604430e-07
1.427383169714803168e-01 9.846218745119462881e-05
1.433092702393662099e-01 9.215762793000499206e-03
1.438825073203236771e-01 4.654189155108790703e-04
1.444580373496049674e-01 4.453616320615216319e-03
1.450358694990033503e-01 2.943379688932964153e-04
1.456160129769993872e-01 1.151538175359598758e-02
1.461984770289073976e-01 3.262006673115163541e-02
1.467832709370230082e-01 1.748204929741191535e-03
1.473704040207710897e-01 1.063973896711819210e-02
1.479598856368541382e-01 6.551876129415813070e-05
1.485517251794015725e-01 3.446542671086912091e-03
1.491459320801191979e-01 1.090190824047346067e-02
1.497425158084396690e-01 1.466671024447991061e-03
1.503414858716734248e-01 1.056922764199310916e-01
1.509428518151600951e-01 4.571939486000708118e-03
1.515466232224207677e-01 9.777380470955878149e-05
1.521528097153104220e-01 3.699867008137103317e-04
1.527614209541716672e-01 1.222310189716884153e-06
1.533724666379883694e-01 6.249207527623546813e-06
1.539859565045403056e-01 2.023652736613807366e-06
1.546019003305584838e-01 2.344658840564421986e-09
1.552203079318807133e-01 3.499348646123549645e-08
1.558411891636082569e-01 1.914626977540404074e-08
1.564645539202626778e-01 9.635237216975540582e-09
1.570904121359437411e-01 1.431465272509377749e-08
1.577187737844875093e-01 1.978227867968506377e-09
1.583496488796254653e-01 2.188062920083938991e-08
1.589830474751439959e-01 1.323359672439195094e-07
1.596189796650445414e-01 7.419954787738048394e-09
1.602574555837047166e-01 1.310903420333119639e-08
1.608984854060395708e-01 5.282461905566405972e-08
1.615420793476636807e-01 2.726262589351138901e-08
1.621882476650543525e-01 3.792217960772696347e-08
1.628370006557145755e-01 3.670465058152548474e-08
1.634883486583374457e-01 6.556944083906389354e-08
1.641423020529707844e-01 1.054683186917495509e-07
1.647988712611826723e-01 9.894116828920136033e-08
1.654580667462274002e-01 1.408399883622084956e-08
1.661198990132123077e-01 2.686618315575670571e-07
1.667843786092651215e-01 2.378471318938061307e-07
1.674515161237022098e-01 7.699083101985333003e-07
1.681213221881969755e-01 3.718377190001750710e-06
1.687938074769497754e-01 1.146519907450727889e-06
1.694689827068575905e-01 3.424751722379856637e-05
1.701468586376850278e-01 1.386651344306454802e-05
1.708274460722357391e-01 1.709659456474585667e-05
1.715107558565246715e-01 2.253249723684505213e-05
1.721967988799507909e-01 1.815177555657750225e-05
1.728855860754705820e-01 3.865831924880849552e-05
1.735771284197724640e-01 1.557242200826919001e-05
1.742714369334515678e-01 7.471607609523145053e-06
1.749685226811853456e-01 1.741056926412253817e-04
1.756683967719100681e-01 2.742847784638740698e-05
1.763710703589977391e-01 4.395111929231675270e-04
1.770765546404337309e-01 7.550532030113831991e-04
1.777848608589954471e-01 3.425666136480111888e-05
1.784960003024314568e-01 1.306718713229774835e-03
1.792099843036411844e-01 7.398049648198474354e-04
1.799268242408557650e-01 7.536801212893608866e-04
1.806465315378191772e-01 5.994309960340573305e-03
1.813691176639704306e-01 1.583198882819115136e-04
1.820945941346263086e-01 1.716148836551208753e-03
1.828229725111648329e-01 8.037386075143789291e-03
1.835542644012094771e-01 4.612306856921829520e-05
1.842884814588143239e-01 4.054552085035300311e-03
1.850256353846495561e-01 4.145755542765747897e-02
1.857657379261881403e-01 5.830412925131974377e-04
1.865088008778928996e-01 2.877705785344242609e-02
1.872548360814044743e-01 9.561720708322014872e-03
1.880038554257300876e-01 7.806909847892515644e-04
1.887558708474330049e-01 5.575463798927462328e-02
1.895108943308226879e-01 1.076416596677874128e-02
1.902689379081460019e-01 2.069324520779091282e-03
1.910300136597785636e-01 1.616764927162547272e-01
1.917941337144176972e-01 1.345760365895199047e-02
1.925613102492753359e-01 3.829112494411866796e-02
1.933315554902724498e-01 2.542287163438094466e-01
1.941048817122335568e-01 7.658839981310758271e-02
1.948813012390824828e-01 5.596413822204511501e-02
1.956608264440388156e-01 5.934623299795712681e-01
1.964434697498149418e-01 4.140073295363281419e-02
1.972292436288141937e-01 1.655229907466111983e-01
1.980181606033294406e-01 3.647987284942766917e-01
1.988102332457427346e-01 1.126813146793253090e-01
1.996054741787257336e-01 8.420876372316221659e-02
2.004038960754406518e-01 9.676513923713966903e-02
2.012055116597424309e-01 8.497244389388711183e-02
2.020103337063813842e-01 9.404696923771752037e-02
2.028183750412069219e-01 7.177060249812484971e-02
2.036296485413717494e-01 5.287598017374195436e-02
2.044441671355372303e-01 3.172004345424390970e-02
2.052619438040793887e-01 1.007276783070507054e-01
2.060829915792957157e-01 5.534603991485761293e-02
2.069073235456129201e-01 5.031700259293476335e-02
2.077349528397953449e-01 6.090153683410869795e-02
2.085658926511545219e-01 9.677717222514865825e-02
2.094001562217591150e-01 1.041544316094041717e-01
2.102377568466461677e-01 8.593027742899038424e-02
2.110787078740327671e-01 5.089492407503243970e-02
2.119230227055288740e-01 9.569098083598072402e-02
2.127707147963510126e-01 1.267279699006133853e-01
2.136217976555363773e-01 1.677288053244943289e-01
2.144762848461585492e-01 4.151215540866843440e-02
2.153341899855431840e-01 1.597399289060083272e-01
2.161955267454853669e-01 3.016076212721003902e-01
2.170603088524672986e-01 4.150563903159476542e-01
2.179285500878772042e-01 1.445750610546269188e-01
2.188002642882286852e-01 1.495150766261795772e-01
2.196754653453815986e-01 5.795485525845271990e-01
2.205541672067631020e-01 3.058618268774914162e-01
2.214363838755901703e-01 2.808219608048380778e+00
2.223221294110925284e-01 2.857676692624409043e-01
2.232114179287369160e-01 7.816952794045755049e+00
2.241042636004518529e-01 1.801912426569523884e+00
2.250006806548536520e-01 2.038813698487987836e+01
2.259006833774730438e-01 4.582361545029129068e+00
2.268042861109829667e-01 9.751538973283109257e+00
2.277115032554268836e-01 1.370859722552271975e+01
2.286223492684485714e-01 1.151608767380301224e+01
2.295368386655223802e-01 6.767591562223827850e+01
2.304549860201844658e-01 1.933623851910973412e+00
2.313768059642651864e-01 4.419468074281824954e+01
2.323023131881222503e-01 2.677232092566888966e+01
2.332315224408747223e-01 8.809127372528023159e+01
2.341644485306381973e-01 1.639442874821122587e+02
2.351011063247607502e-01 8.604007016104652905e+00
2.360415107500598020e-01 2.640617971732374940e+02
2.369856767930600405e-01 5.628971813378214506e+00
2.379336195002322851e-01 3.164006186969242549e+02
2.388853539782332114e-01 1.649699422307478756e+02
2.398408953941461863e-01 1.729891806713254482e+03
2.408002589757227141e-01 1.898573702137623968e+03
2.417634600116256582e-01 1.256284238290698596e+02
2.427305138516721306e-01 3.271538428030777595e+03
2.437014359070788505e-01 1.419387021761828692e+03
2.446762416507071713e-01 1.046961765797585394e+04
2.456549466173099938e-01 2.208703657858964561e+03
2.466375664037792625e-01 3.437143824894953923e+03
2.476241166693943785e-01 1.393515002249221652e+03
2.486146131360719436e-01 2.679556566603741885e+01
2.496090715886161993e-01 2.830066661047226717e+03
2.506075078749706586e-01 2.317531727525148199e+03
2.516099379064705155e-01 2.375607839124271777e+03
2.526163776580964138e-01 1.322686552924531497e+03
2.536268431687287994e-01 4.032059385198892414e+04
2.546413505414037437e-01 2.895362954176434505e+04
2.556599159435693491e-01 6.146397937298216857e+04
2.566825556073435988e-01 5.560860459948864445e+04
2.577092858297729827e-01 6.223852987762824341e+04
2.587401229730920682e-01 3.184433498929582856e+04
2.597750834649844576e-01 8.251550158488718444e+04
2.608141837988444123e-01 5.548088488079692615e+04
2.618574405340398092e-01 4.028532174676145660e+05
2.629048702961759298e-01 1.252299921700365609e+06
2.639564897773606367e-01 1.267748944166518515e+06
2.650123157364701054e-01 1.252391550041161245e+06
2.660723649994159445e-01 7.149096968179283431e+05
2.671366544594135917e-01 9.331079415729227476e+05
2.682052010772512096e-01 9.549366772773887496e+05
2.692780218815602478e-01 4.993607094622714794e+05
2.703551339690865030e-01 1.254683519779146882e+06
2.714365545049627904e-01 3.481678138173047337e+05
2.725223007229827243e-01 1.461266437594727613e+05
2.736123899258746106e-01 3.797969781452703755e+05
2.747068394855781692e-01 2.533443497098677326e+05
2.758056668435204806e-01 1.031329200628890190e+06
2.769088895108945403e-01 3.087469016995224170e+06
2.780165250689380918e-01 2.128269230350219645e+06
2.791285911692138466e-01 2.131723818831392564e+06
2.802451055338907038e-01 1.253909950615448179e+06
2.813660859560263017e-01 7.187624369205132825e+05
2.824915502998503469e-01 3.310141917670453549e+05
2.836215165010497197e-01 9.568334912696456013e+04
2.847560025670539119e-01 8.097318272787692877e+03
2.858950265773221866e-01 1.855398795960429197e+04
2.870386066836315142e-01 1.685847344393251406e+05
2.881867611103660631e-01 8.778046966862911358e+05
2.893395081548075787e-01 2.581878263303777669e+06
2.904968661874267610e-01 5.080691920372725464e+06
2.916588536521764197e-01 8.627594407020973042e+06
2.928254890667851273e-01 9.575399462762966752e+06
2.939967910230522619e-01 6.921597929607751779e+06
2.951727781871444911e-01 5.524459538664177060e+06
2.963534692998930908e-01 8.270590520198515616e+06
2.975388831770926501e-01 7.626183400703404099e+06
2.987290387098009981e-01 1.312142996981590614e+07
2.999239548646402409e-01 8.858212422077884898e+06
3.011236506840988536e-01 2.416430982942138985e+07
3.023281452868351593e-01 6.055340807738193311e+06
3.035374578679824742e-01 4.371809310352221131e+07
3.047516076994544187e-01 4.268623057699201256e+07
3.059706141302522830e-01 6.614771489197197556e+07
3.071944965867733357e-01 2.062869277216378748e+08
3.084232745731204095e-01 3.932558494272868633e+08
3.096569676714128194e-01 3.409159851983559728e+08
3.108955955420985018e-01 6.342461720680010319e+08
3.121391779242668751e-01 7.273852105350229740e+08
3.133877346359639215e-01 9.309955074908587933e+08
3.146412855745078230e-01 1.195033503118027210e+09
3.158998507168058190e-01 1.256390706164855480e+09
3.171634501196730627e-01 1.838606055202884912e+09
3.184321039201517545e-01 1.062525875393137336e+09
3.197058323358323295e-01 8.450038731738609076e+08
3.209846556651756444e-01 1.776863443541577101e+09
3.222685942878363852e-01 2.117580680342398167e+09
3.235576686649877520e-01 1.770017766239795685e+09
3.248518993396476984e-01 3.017698437770393848e+09
3.261513069370062801e-01 3.437319429428043842e+09
3.274559121647543369e-01 4.470251697121799469e+09
3.287657358134133401e-01 4.706239827179381371e+09
3.300807987566670154e-01 2.305952047520718575e+09
3.314011219516936890e-01 5.669876278119485855e+09
3.327267264395004642e-01 7.056703042345609665e+09
3.340576333452584534e-01 7.696843308966555595e+09
3.353938638786395088e-01 6.759927153409874916e+09
3.367354393341540630e-01 6.471172058963725090e+09
3.380823810914907468e-01 7.648173137918489456e+09
3.394347106158566718e-01 9.120524236119306564e+09
3.407924494583201014e-01 8.422133828417977333e+09
3.421556192561533982e-01 6.814266569452489853e+09
3.435242417331779707e-01 1.783883620083657026e+09
3.448983387001106626e-01 2.271779459832936287e+09
3.462779320549111417e-01 3.056959566804007530e+09
3.476630437831307319e-01 1.712991628007257223e+09
3.490536959582632992e-01 1.768479344622311831e+09
3.504499107420963600e-01 9.470641159590404510e+09
3.518517103850647421e-01 7.724655298365745544e+09
3.532591172266050239e-01 1.366116124151165771e+10
3.546721536955114717e-01 1.912829148731228256e+10
3.560908423102934761e-01 6.461029211820014954e+09
3.575152056795346533e-01 3.101194633280051231e+09
3.589452665022527800e-01 9.231652159500814438e+09
3.603810475682617254e-01 1.404546986336353493e+10
3.618225717585348278e-01 9.619613474663669586e+09
3.632698620455689364e-01 1.077338428248981285e+10
3.647229414937512293e-01 9.386554534612787247e+09
3.661818332597261971e-01 2.267033867842554855e+10
3.676465605927651259e-01 9.715436601027326584e+09
3.691171468351361895e-01 1.040606410759517097e+10
3.705936154224767076e-01 3.058538519779819012e+09
3.720759898841666247e-01 5.275370169262951612e+08
3.735642938437032656e-01 5.621471003355499506e+08
3.750585510190780902e-01 1.468468249612824202e+09
3.765587852231543908e-01 7.594113613214790344e+09
3.780650203640470441e-01 2.290358036526267624e+10
3.795772804455032068e-01 1.276642914554699898e+10
3.810955895672852312e-01 1.581589567123206902e+10
3.826199719255543585e-01 3.242396257590904236e+09
3.841504518132565771e-01 8.943889704549711227e+09
3.856870536205096456e-01 1.397535215876411676e+09
3.872298018349916715e-01 4.889070929595840454e+09
3.887787210423316320e-01 3.299414033458855629e+09
3.903338359265008939e-01 7.560626415461185455e+09
3.918951712702069545e-01 1.065499779531881142e+10
3.934627519552877928e-01 1.729027390074184799e+10
3.950366029631089404e-01 3.971574201495952606e+10
3.966167493749613859e-01 4.346652259796397400e+10
3.982032163724612550e-01 6.068718690665962219e+10
3.997960292379510450e-01 6.111532198864311981e+10
4.013952133549028578e-01 7.399194808360018921e+10
4.030007942083224659e-01 8.529181536989988708e+10
4.046127973851557647e-01 4.012169636093531799e+10
4.062312485746963908e-01 5.540704356667352295e+10
4.078561735689951728e-01 5.886685932883230591e+10
4.094875982632711353e-01 6.521145826324964905e+10
4.111255486563242245e-01 6.921051165581773376e+10
4.127700508509495880e-01 5.483500467197312164e+10
4.144211310543532978e-01 4.339415430149201202e+10
4.160788155785707931e-01 4.157605616147791290e+10
4.177431308408850463e-01 2.431681655358238983e+10
4.194141033642486138e-01 1.262447408820118523e+10
4.210917597777056320e-01 3.674295338992219925e+09
4.227761268168164221e-01 4.734296948386254907e+08
4.244672313240837602e-01 4.781436961339969635e+09
4.261651002493800910e-01 1.275886786476919746e+10
4.278697606503775730e-01 2.345252361767444992e+10
4.295812396929790666e-01 2.972352230186777878e+10
4.312995646517510107e-01 3.868149663328652954e+10
4.330247629103580187e-01 5.253572589924594879e+10
4.347568619619994745e-01 6.673216882453153229e+10
4.364958894098474596e-01 5.342517252157935333e+10
4.382418729674867897e-01 4.377529454983604431e+10
4.399948404593567730e-01 6.566984904314082336e+10
4.417548198211941890e-01 7.901545193544190979e+10
4.435218391004789873e-01 5.699829561058816528e+10
4.452959264568808750e-01 6.555268295863165283e+10
4.470771101627084021e-01 6.996894925974432373e+10
4.488654186033592119e-01 8.065163068324946594e+10
4.506608802777726241e-01 9.077591023822618103e+10
4.524635237988837710e-01 9.769965560923422241e+10
4.542733778940792333e-01 9.999159037894926453e+10
4.560904714056555065e-01 9.654003455511825562e+10
4.579148332912781894e-01 1.157014003554008636e+11
4.597464926244433370e-01 6.641784214811519623e+10
4.615854785949410899e-01 1.166632549561668243e+11
4.634318205093208576e-01 6.965098263427476501e+10
4.652855477913582227e-01 9.823373633944140625e+10
4.671466899825236219e-01 9.825577499515844727e+10
4.690152767424536906e-01 1.116438928735102997e+11
4.708913378494234969e-01 1.383642904071084900e+11
4.727749032008212171e-01 1.198918006896071472e+11
4.746660028136244769e-01 1.411848087882098999e+11
4.765646668248789131e-01 7.818099401301466370e+10
4.784709254921784560e-01 5.821607442361325836e+10
4.803848091941470555e-01 7.899043331766195679e+10
4.823063484309236815e-01 9.387962376280052185e+10
4.842355738246474361e-01 1.253380010697071381e+11
4.861725161199459966e-01 1.170020088707466278e+11
4.881172061844257226e-01 1.660335567329171143e+11
4.900696750091634302e-01 1.260128024000416260e+11
4.920299537092001074e-01 1.749391570742777710e+11
4.939980735240369625e-01 2.344114942842818909e+11
4.959740658181330253e-01 1.192708708098938599e+11
4.979579620814056362e-01 1.506801288689221497e+11
4.999497939297311566e-01 1.381758914421743164e+11
5.019495931054501758e-01 1.160625098988397064e+11
5.039573914778719965e-01 1.583670477202938232e+11
5.059732210437835054e-01 1.089077163640359955e+11
5.079971139279585435e-01 1.188324225480352173e+11
5.100291023836703852e-01 1.061788869529504852e+11
5.120692187932051054e-01 1.003168498616690063e+11
5.141174956683780550e-01 9.876758322171032715e+10
5.161739656510514473e-01 7.820694641968388367e+10
5.182386615136556074e-01 4.760101473912426758e+10
5.203116161597103329e-01 8.074298797907112122e+10
5.223928626243490303e-01 1.599796318912412109e+11
5.244824340748465152e-01 1.267116827637375641e+11
5.265803638111459239e-01 1.165270607060961151e+11
5.286866852663905103e-01 1.290867603172552490e+11
5.308014320074561088e-01 1.411440738537109375e+11
5.329246377354859288e-01 1.114409183534045258e+11
5.350563362864277916e-01 1.197861978535202179e+11
5.371965616315735881e-01 8.994561043327279663e+10
5.393453478780998456e-01 9.967862106744093323e+10
5.415027292696121819e-01 9.659990374589871216e+10
5.436687401866906466e-01 9.071982067985368347e+10
5.458434151474373941e-01 6.228129059042070007e+10
5.480267888080271321e-01 7.699727014170361328e+10
5.502188959632591247e-01 7.823208841951272583e+10
5.524197715471121928e-01 8.721444036402351379e+10
5.546294506333006025e-01 9.894503055129730225e+10
5.568479684358338400e-01 9.000179691365182495e+10
5.590753603095770519e-01 7.457896775263461304e+10
5.613116617508153716e-01 5.573031088492355347e+10
5.635569083978186899e-01 4.252922050582538605e+10
5.658111360314097560e-01 5.473552639541115570e+10
5.680743805755354980e-01 4.728923651466323090e+10
5.703466780978375672e-01 5.783411947968317413e+10
5.726280648102289872e-01 6.065758171813475037e+10
5.749185770694699160e-01 6.673687470450661469e+10
5.772182513777477375e-01 6.140101956285759735e+10
5.795271243832587071e-01 7.615815538275952148e+10
5.818452328807918184e-01 7.373165324566384888e+10
5.841726138123150003e-01 6.209785457445465851e+10
5.865093042675643131e-01 3.630973136656958008e+10
5.888553414846344758e-01 6.976820944607575417e+09
5.912107628505729462e-01 2.017367969934243393e+10
5.935756059019753339e-01 3.633079108900197601e+10
5.959499083255832552e-01 3.879080709049594116e+10
5.983337079588855190e-01 4.794260377291413879e+10
6.007270427907210886e-01 5.578642214487435150e+10
6.031299509618840426e-01 6.909281730773518372e+10
6.055424707657315331e-01 8.753144892867578125e+10
6.079646406487945187e-01 1.094183011638857269e+11
6.103964992113897203e-01 1.282046648112103271e+11
6.128380852082353503e-01 1.536437795700239868e+11
6.152894375490681744e-01 1.298050256746041260e+11
6.177505952992645710e-01 7.648314144071070862e+10
6.202215976804615893e-01 6.217679679603919220e+10
6.227024840711834486e-01 4.541145996116140747e+10
6.251932940074681477e-01 5.766040853483302307e+10
6.276940671834980723e-01 6.657524020464286804e+10
6.302048434522321552e-01 8.514254351419744873e+10
6.327256628260409244e-01 1.135082906449594574e+11
6.352565654773452142e-01 1.313321967095295563e+11
6.377975917392545435e-01 1.107532877597136078e+11
6.403487821062116003e-01 1.837103324260168152e+11
6.429101772346363930e-01 2.348303714022665710e+11
6.454818179435749537e-01 2.891603446889020996e+11
6.480637452153492628e-01 3.067623916517837524e+11
6.506560001962106154e-01 3.350983737914223022e+11
6.532586241969955410e-01 3.969590642086063232e+11
6.558716586937833881e-01 2.546458797923163452e+11
6.584951453285585732e-01 2.244273509005310974e+11
6.611291259098727169e-01 1.803288687092241211e+11
6.637736424135122215e-01 1.421976785323225708e+11
6.664287369831662922e-01 1.289715593919106903e+11
6.690944519310989547e-01 1.210497656972748718e+11
6.717708297388232941e-01 1.226901260867019348e+11
6.744579130577786907e-01 1.344672598173717651e+11
6.771557447100098326e-01 1.746505148345886230e+11
6.798643676888498355e-01 1.657897674815217285e+11
6.825838251596052508e-01 1.817301514412746582e+11
6.853141604602436265e-01 1.540380066584028931e+11
6.880554171020846210e-01 1.499565295396537170e+11
6.908076387704928933e-01 1.502686823479579773e+11
6.935708693255748791e-01 2.191135755316058960e+11
6.963451528028771209e-01 3.045147927553697510e+11
6.991305334140887062e-01 3.654433973997498779e+11
7.019270555477450380e-01 4.155525808071345215e+11
7.047347637699360456e-01 5.993302145980192871e+11
7.075537028250157290e-01 4.254418994200332031e+11
7.103839176363159202e-01 3.298871382778909302e+11
7.132254533068611568e-01 2.838064378596126099e+11
7.160783551200886610e-01 3.206922365722665405e+11
7.189426685405689854e-01 3.757566187718637085e+11
7.218184392147313222e-01 3.592738302919342651e+11
7.247057129715901436e-01 4.644785147409006958e+11
7.276045358234763949e-01 5.335102662262572021e+11
7.305149539667704639e-01 6.709472254977674561e+11
7.334370137826373703e-01 8.067808924523728027e+11
7.363707618377679509e-01 8.855499272056948242e+11
7.393162448851190449e-01 9.316369719875817871e+11
7.422735098646596752e-01 9.366755548472917480e+11
7.452426039041182282e-01 8.928674921986210938e+11
7.482235743197346300e-01 9.585594998928659668e+11
7.512164686170136330e-01 9.533277620255242920e+11
7.542213344914817652e-01 1.038386251953865356e+12
7.572382198294477229e-01 1.030946587516245850e+12
7.602671727087656484e-01 8.808235329898975830e+11
7.633082413996006288e-01 7.023506056024689941e+11
7.663614743651989691e-01 1.663726426838099365e+11
7.694269202626597970e-01 2.056864477441192932e+11
7.725046279437104424e-01 5.220201229290933838e+11
7.755946464554852593e-01 6.280652488398215332e+11
7.786970250413072225e-01 6.774722207846872559e+11
7.818118131414724115e-01 8.076835052273865967e+11
7.849390603940383793e-01 5.969388188886038818e+11
7.880788166356144098e-01 7.189390759591069336e+11
7.912311319021569922e-01 6.387004691107364502e+11
7.943960564297655180e-01 7.404881511789891357e+11
7.975736406554845281e-01 7.473478381385814209e+11
8.007639352181065151e-01 8.577630534721625977e+11
8.039669909589789443e-01 9.891296083856694336e+11
8.071828589228148276e-01 1.182596509344185791e+12
8.104115903585061842e-01 1.317837015887058594e+12
8.136532367199402760e-01 1.525866599644287598e+12
8.169078496668199518e-01 1.469797027889325439e+12
8.201754810654874328e-01 1.072013436199918823e+12
8.234561829897493190e-01 1.462811046533305420e+12
8.267500077217083687e-01 1.452809962345754639e+12
8.300570077525952772e-01 1.257934126133100586e+12
8.333772357836056743e-01 1.405187650111968750e+12
8.367107447267401188e-01 1.330413356722711914e+12
8.400575877056470908e-01 1.385096030299622314e+12
8.434178180564695371e-01 1.068065687761448364e+12
8.467914893286955236e-01 7.006086514044031982e+11
8.501786552860102208e-01 8.020467239503358154e+11
8.535793699071543283e-01 8.242241971292585449e+11
8.569936873867830540e-01 9.554886094815589600e+11
8.604216621363300899e-01 1.086658617486233276e+12
8.638633487848753623e-01 1.215537344863331299e+12
8.673188021800150027e-01 1.374887076216129883e+12
8.707880773887352044e-01 1.316210982406744629e+12
8.742712296982900755e-01 1.435158220412525879e+12
8.777683146170831563e-01 1.640491107062928223e+12
8.812793878755513788e-01 1.762997154013896240e+12
8.848045054270535781e-01 1.856146938860744629e+12
8.883437234487617795e-01 1.362570253916008057e+12
8.918970983425568155e-01 1.770645141492074219e+12
8.954646867359271623e-01 1.497567305785049316e+12
8.990465454828707736e-01 1.731493043813476807e+12
9.026427316648023558e-01 1.573289202459328857e+12
9.062533025914615292e-01 1.587707500465162842e+12
9.098783158018273198e-01 1.748931636305859375e+12
9.135178290650346478e-01 1.839033272226997070e+12
9.171719003812948134e-01 2.001553323211177246e+12
9.208405879828199803e-01 2.089440799953812988e+12
9.245239503347512100e-01 2.019309465259267334e+12
9.282220461360901620e-01 2.035088471337987793e+12
9.319349343206346781e-01 1.918530150670770020e+12
9.356626740579171431e-01 1.962883705972274902e+12
9.394053247541488405e-01 1.963013228621030029e+12
9.431629460531654185e-01 2.055488230416707520e+12
9.469355978373780180e-01 2.194158300572733643e+12
9.507233402287275092e-01 2.247949438454405273e+12
9.545262335896426142e-01 2.312103826795149414e+12
9.583443385240012491e-01 2.306582145920519043e+12
9.621777158780971950e-01 2.361388555701600586e+12
9.660264267416096562e-01 2.391484779835908691e+12
9.698905324485760371e-01 2.457162142420369141e+12
9.737700945783701600e-01 2.077252299070255127e+12
9.776651749566835914e-01 2.058721730674999756e+12
9.815758356565105203e-01 2.052076576667570557e+12
9.855021389991363012e-01 1.997763286136538330e+12
9.894441475551331022e-01 1.828514802032726562e+12
9.934019241453534432e-01 1.385658688585612305e+12
9.973755318419349480e-01 1.636533411622459229e+12
1.001365033969302543e+00 1.663928429816220459e+12
1.005370494105179757e+00 1.630952383404754150e+12
1.009391976081600362e+00 1.765885292711659668e+12
1.013429543985926884e+00 1.874951718970947754e+12
1.017483262161870350e+00 1.911430145610380859e+12
1.021553195210518128e+00 1.992639465295360107e+12
1.025639407991360219e+00 1.925942128871785645e+12
1.029741965623325539e+00 1.906590192422028564e+12
1.033860933485818867e+00 1.950200532442509766e+12
1.037996377219762012e+00 2.130512310903299805e+12
1.042148362728641198e+00 2.138535409864494873e+12
1.046316956179555557e+00 2.281281488256008301e+12
1.050502224004274066e+00 2.263929485086064941e+12
1.054704232900291139e+00 2.353758245141054199e+12
1.058923049831892227e+00 2.319528570049650391e+12
1.063158742031219628e+00 2.325851289494687500e+12
1.067411376999344741e+00 2.253794931815393066e+12
1.071681022507342096e+00 2.267323146017619141e+12
1.075967746597371377e+00 2.389411200293768555e+12
1.080271617583760779e+00 2.368487543075485840e+12
1.084592704054095913e+00 2.458453280324357910e+12
1.088931074870312044e+00 2.418334846284697754e+12
1.093286799169793433e+00 2.462110069770596680e+12
1.097659946366472461e+00 2.361075264100551758e+12
1.102050586151938294e+00 2.344920865164345215e+12
1.106458788496546219e+00 2.243158898537552246e+12
1.110884623650532532e+00 2.274386989933134766e+12
1.115328162145134749e+00 2.386046361799668457e+12
1.119789474793714934e+00 2.353838442973679688e+12
1.124268632692889902e+00 2.443993291803290039e+12
1.128765707223661430e+00 2.448201155937347656e+12
1.133280770052556230e+00 2.440483001298056152e+12
1.137813893132766374e+00 1.998309739624727783e+12
1.142365148705297484e+00 2.071376699215032959e+12
1.146934609300118479e+00 2.485716986775515137e+12
1.151522347737319096e+00 2.573570180445377441e+12
1.156128437128268516e+00 2.541270381866472168e+12
1.160752950876781542e+00 2.518142034037646973e+12
1.165395962680288999e+00 2.566242989220557129e+12
1.170057546531009907e+00 2.185639957934874756e+12
1.174737776717134086e+00 2.304421680397310059e+12
1.179436727824002773e+00 1.999335011647362061e+12
1.184154474735298557e+00 2.399363945708631836e+12
1.188891092634239977e+00 2.487857259405725586e+12
1.193646657004777012e+00 2.522630444501380859e+12
1.198421243632796118e+00 2.307272622366968262e+12
1.203214928607327261e+00 2.367136141928297363e+12
1.208027788321756724e+00 2.483601836339302734e+12
1.212859899475043468e+00 2.407780144379766113e+12
1.217711339072943710e+00 2.498993721127797852e+12
1.222582184429235275e+00 2.440352235164186523e+12
1.227472513166952384e+00 2.546668775864468750e+12
1.232382403219620226e+00 2.512039036205708008e+12
1.237311932832498407e+00 2.482787193658175293e+12
1.242261180563828615e+00 1.982987964586974121e+12
1.247230225286083849e+00 2.363328142446632812e+12
1.252219146187228072e+00 1.927895601424111084e+12
1.257228022771976983e+00 2.344494754417503906e+12
1.262256934863064783e+00 2.340815242630891602e+12
1.267305962602517155e+00 2.401507244621087402e+12
1.272375186452927354e+00 2.409245365603112793e+12
1.277464687198738957e+00 2.426193028005704590e+12
1.282574545947533950e+00 2.448934725792178223e+12
1.287704844131324133e+00 2.286962280696390137e+12
1.292855663507849417e+00 2.291388683582187500e+12
1.298027086161880783e+00 2.338311308268748535e+12
1.303219194506528344e+00 2.361765577972504395e+12
1.308432071284554521e+00 2.328738417069720215e+12
1.313665799569692760e+00 2.389180779828405762e+12
1.318920462767971591e+00 2.387822791002043945e+12
1.324196144619043336e+00 2.291735145613069336e+12
1.329492929197519491e+00 2.211257188732009277e+12
1.334810900914309650e+00 1.898281881279448975e+12
1.340150144517967101e+00 1.846550550352568359e+12
1.345510745096038852e+00 1.830876641457431641e+12
1.350892788076423212e+00 1.835570514354452637e+12
1.356296359228728932e+00 1.790501305574517822e+12
1.361721544665643879e+00 1.818175362755560059e+12
1.367168430844306393e+00 1.858479188298892822e+12
1.372637104567683730e+00 1.865339714500809570e+12
1.378127652985954299e+00 1.893572505761095215e+12
1.383640163597898098e+00 1.873617420921201172e+12
1.389174724252289828e+00 1.821146151766083740e+12
1.394731423149298877e+00 1.780461892452382324e+12
1.400310348841896202e+00 1.741449467197847900e+12
1.405911590237263642e+00 1.752314860730602539e+12
1.411535236598212784e+00 1.668060817960467285e+12
1.417181377544605603e+00 1.629954471968464111e+12
1.422850103054784210e+00 1.640797564452177734e+12
1.428541503467003038e+00 1.611036630457830322e+12
1.434255669480871243e+00 1.618664470653976562e+12
1.439992692158794885e+00 1.631794910972356934e+12
1.445752662927429988e+00 1.650976767660938965e+12
1.451535673579139596e+00 1.643254605563466797e+12
1.457341816273456159e+00 1.676781906378949463e+12
1.463171183538549913e+00 1.631727491019321289e+12
1.469023868272704147e+00 1.602188508747831543e+12
1.474899963745795128e+00 1.622960975283833984e+12
1.480799563600778246e+00 1.629698155759862793e+12
1.486722761855181485e+00 1.623383926943300049e+12
1.492669652902602007e+00 1.636184317041062988e+12
1.498640331514212276e+00 1.640366925786418701e+12
1.504634892840269300e+00 1.649025362138269531e+12
1.510653432411630304e+00 1.659164029219932617e+12
1.516696046141276843e+00 1.618545620110029541e+12
1.522762830325842032e+00 1.693812151033468750e+12
1.528853881647145307e+00 1.703378280579815430e+12
1.534969297173733649e+00 1.692520739985220215e+12
1.541109174362428780e+00 1.690655120330601318e+12
1.547273611059878373e+00 1.712853458407061035e+12
1.553462705504118135e+00 1.722412237385549072e+12
1.559676556326134556e+00 1.714557698742020996e+12
1.565915262551438980e+00 1.738196974043566895e+12
1.572178923601644795e+00 1.739903000074280762e+12
1.578467639296051495e+00 1.769194113559421387e+12
1.584781509853235626e+00 1.776643967532990234e+12
1.591120635892648405e+00 1.777213098851939697e+12
1.597485118436219098e+00 1.787344463621039307e+12
1.603875058909963958e+00 1.783805501568886719e+12
1.610290559145603595e+00 1.788015300312973389e+12
1.616731721382186127e+00 1.757859696733811523e+12
1.623198648267714761e+00 1.788541363489620361e+12
1.629691442860785600e+00 1.813246365041497314e+12
1.636210208632228769e+00 1.827818539911682129e+12
1.642755049466757766e+00 1.821380116510392578e+12
1.649326069664624805e+00 1.832653198566433105e+12
1.655923373943283039e+00 1.836878772220838867e+12
1.662547067439056336e+00 1.826487591737895752e+12
1.669197255708812611e+00 1.834506160884192871e+12
1.675874044731648027e+00 1.832281413377079102e+12
1.682577540910574321e+00 1.817743853632765625e+12
1.689307851074216771e+00 1.794037258417324707e+12
1.696065082478513508e+00 1.763297307544599121e+12
1.702849342808427480e+00 1.732142037076265625e+12
1.709660740179661298e+00 1.671416216213125977e+12
1.716499383140379864e+00 1.593780800124077393e+12
1.723365380672941427e+00 1.576762482767782471e+12
1.730258842195633306e+00 1.537715420999194092e+12
1.737179877564415831e+00 1.467265697767871582e+12
1.744128597074673603e+00 1.430918502925819092e+12
1.751105111462972097e+00 1.392636998189753418e+12
1.758109531908824241e+00 1.316543834377436768e+12
1.765141970036459451e+00 1.283241132048909180e+12
1.772202537916605314e+00 1.240602285643054199e+12
1.779291348068271716e+00 1.172471201391543945e+12
1.786408513460544745e+00 1.150560920029565918e+12
1.793554147514387020e+00 1.108034039781375000e+12
1.800728364104444257e+00 1.095411536844471924e+12
1.807931277560862249e+00 1.042821909340913086e+12
1.815163002671105641e+00 1.065497162955023804e+12
1.822423654681789795e+00 1.045238673983150146e+12
1.829713349300517100e+00 1.018507031320636719e+12
1.837032202697718830e+00 1.018983976043591431e+12
1.844380331508509885e+00 9.462290778103856201e+11
1.851757852834543527e+00 9.324666252705727539e+11
1.859164884245881888e+00 8.455466028274240723e+11
1.866601543782865358e+00 9.136268662469145508e+11
1.874067949957996859e+00 8.955324421495187988e+11
1.881564221757828781e+00 9.173792976453247070e+11
1.889090478644860127e+00 9.318867350983286133e+11
1.896646840559439662e+00 9.401771876946036377e+11
1.904233427921677269e+00 9.405407472604069824e+11
1.911850361633363971e+00 9.524548573323887939e+11
1.919497763079897279e+00 9.268961462670662842e+11
1.927175754132217200e+00 9.021545575169167480e+11
1.934884457148745796e+00 9.110747280576420898e+11
1.942623994977340729e+00 8.307449198854807129e+11
1.950394490957250149e+00 8.618967293293360596e+11
1.958196068921079336e+00 8.838949314099334717e+11
1.966028853196763793e+00 8.818028371679796143e+11
1.973892968609550991e+00 8.169161988229941406e+11
1.981788540483989447e+00 7.975396380275556641e+11
1.989715694645925126e+00 7.985622673182921143e+11
1.997674557424508723e+00 8.189465613198698730e+11
2.005665255654207169e+00 8.144173036104693604e+11
2.013687916676823786e+00 8.021792510195747070e+11
2.021742668343530891e+00 8.153692520048704834e+11
2.029829639016905052e+00 8.007661477439862061e+11
2.037948957572972564e+00 8.025911257346889648e+11
2.046100753403264694e+00 7.999157602994396973e+11
2.054285156416877811e+00 8.163646060412437744e+11
2.062502297042545507e+00 8.048486158253865967e+11
2.070752306230715600e+00 8.151038326499444580e+11
2.079035315455638244e+00 8.185548544583538818e+11
2.087351456717461140e+00 8.130411669579185791e+11
2.095700862544330967e+00 8.222311817313039551e+11
2.104083665994508134e+00 8.333893976905634766e+11
2.112500000658485977e+00 8.370076850412187500e+11
2.120950000661120161e+00 8.401618276288330078e+11
2.129433800663764753e+00 8.329317315589750977e+11
2.137951535866419839e+00 8.405183335906954346e+11
2.146503342009885351e+00 8.555626480548919678e+11
2.155089355377924676e+00 8.543080924158238525e+11
2.163709712799436691e+00 8.609756269769239502e+11
2.172364551650634468e+00 8.610472718275869141e+11
2.181054009857236853e+00 8.584493070881965332e+11
2.189778225896665376e+00 8.596977524569539795e+11
2.198537338800252705e+00 8.628951162801057129e+11
2.207331488155453325e+00 8.090220599194877930e+11
2.216160814108075083e+00 8.611076150579891357e+11
2.225025457364507631e+00 8.600174568511823730e+11
2.233925559193965515e+00 8.588651856005867920e+11
2.242861261430741493e+00 8.596963319817957764e+11
2.251832706476463830e+00 8.526832789807878418e+11
2.260840037302370042e+00 8.407626259546851807e+11
2.269883397451579299e+00 8.439442935630162354e+11
2.278962931041386142e+00 8.349295787550894775e+11
2.288078782765551100e+00 8.345900213307976074e+11
2.297231097896613505e+00 6.845042807945303955e+11
2.306420022288200311e+00 7.375332489610871582e+11
2.315645702377353121e+00 7.308318937901398926e+11
2.324908285186861878e+00 6.369847736714949951e+11
2.334207918327609654e+00 6.613800242847150879e+11
2.343544750000919663e+00 6.642463649744847412e+11
2.352918929000923143e+00 6.097075136138433838e+11
2.362330604716927240e+00 6.119915139719342041e+11
2.371779927135795329e+00 6.232802371908048096e+11
2.381267046844337987e+00 5.768989043463985596e+11
2.390792115031715070e+00 5.603615826343562012e+11
2.400355283491842240e+00 5.686330738723398438e+11
2.409956704625809465e+00 5.334022059966850586e+11
2.419596531444312859e+00 5.119668124785442505e+11
2.429274917570089620e+00 5.071077729664808350e+11
2.438992017240370291e+00 4.890487744034907227e+11
2.448747985309331465e+00 4.592246278560391846e+11
2.458542977250568917e+00 4.505853756933874512e+11
2.468377149159570738e+00 4.438688025134817505e+11
2.478250657756209563e+00 4.037050173939326782e+11
2.488163660387234355e+00 4.042614320013762207e+11
2.498116315028783063e+00 4.004903289320949097e+11
2.508108780288898387e+00 3.666952765450889893e+11
2.518141215410053757e+00 3.661481400827550049e+11
2.528213780271693967e+00 3.475442131860586548e+11
2.538326635392781139e+00 3.421620177680087891e+11
2.548479941934351789e+00 3.410451011411438599e+11
2.558673861702089436e+00 3.344538267774882202e+11
2.568908557148898097e+00 3.397264676120576172e+11
2.579184191377493551e+00 3.208194164221109009e+11
2.589500928143003478e+00 3.348445180272623901e+11
2.599858931855575594e+00 3.376652461287486572e+11
2.610258367582998229e+00 3.436605977572951050e+11
2.620699401053329769e+00 3.356188663751009521e+11
2.631182198657543214e+00 3.364499356901247559e+11
2.641706927452173392e+00 3.389121477531233521e+11
2.652273755161981938e+00 3.495659673135962524e+11
2.662882850182629824e+00 3.506617588524879150e+11
2.673534381583360542e+00 3.211900153417191162e+11
2.684228519109693956e+00 3.188630071301954956e+11
2.694965433186132575e+00 3.009936085001333008e+11
2.705745294918877164e+00 2.990647293098165894e+11
2.716568276098552559e+00 2.884214244840864868e+11
2.727434549202946812e+00 2.776966779639668579e+11
2.738344287399758326e+00 2.720947530173904419e+11
2.749297664549357201e+00 2.746268632134586792e+11
2.760294855207554576e+00 2.744904177275728455e+11
2.771336034628385292e+00 2.637674128079889526e+11
2.782421378766898545e+00 2.551695585330806885e+11
2.793551064281966312e+00 2.626079098325170593e+11
2.804725268539093985e+00 2.456014716860573120e+11
2.815944169613250558e+00 2.409423744817714844e+11
2.827207946291703244e+00 2.557500471185734558e+11
2.838516778076869862e+00 2.373560416077697449e+11
2.849870845189177437e+00 2.360732591028494873e+11
2.861270328569933685e+00 2.439804171053603821e+11
2.872715409884213589e+00 2.351395666089879761e+11
2.884206271523750420e+00 2.346732087852067261e+11
2.895743096609845413e+00 2.378139272308839111e+11
2.907326068996284985e+00 2.208928127832058716e+11
2.918955373272270393e+00 2.253181222893458252e+11
2.930631194765359826e+00 2.263815064847554626e+11
2.942353719544420709e+00 2.171732277750282898e+11
2.954123134422598440e+00 2.210853554619993591e+11
2.965939626960289122e+00 2.152305702991287842e+11
2.977803385468130504e+00 2.205856608248254395e+11
2.989714599010003138e+00 2.130664524333887939e+11
3.001673457406043077e+00 2.144183626237182007e+11
3.013680151235667015e+00 2.155594929568192139e+11
3.025734871840609408e+00 2.034891124382331238e+11
3.037837811327972037e+00 2.181681945423237000e+11
3.049989162573283785e+00 2.045654322445767822e+11
3.062189119223576395e+00 2.143516601590903320e+11
3.074437875700470890e+00 2.073784532909344482e+11
3.086735627203272880e+00 2.062119123649031067e+11
3.099082569712085622e+00 2.105702448696116028e+11
3.111478899990933744e+00 2.026169105677752991e+11
3.123924815590897186e+00 2.080032394507948914e+11
3.136420514853261121e+00 2.051225741360917358e+11
3.148966196912674320e+00 2.050464242734525757e+11
3.161562061700325277e+00 2.059877491823938599e+11
3.174208309947126327e+00 2.002075392822792358e+11
3.186905143186915090e+00 2.101735600042657776e+11
3.199652763759662566e+00 1.953760913314329529e+11
3.212451374814701222e+00 2.090348359308985901e+11
3.225301180313960625e+00 2.037866263131497192e+11
3.238202385035215958e+00 2.024084277530147095e+11
3.251155194575356955e+00 2.058106749591011353e+11
3.264159815353658622e+00 2.047059396482067261e+11
3.277216454615073271e+00 2.024275362485884399e+11
3.290325320433533207e+00 2.032066024292259216e+11
3.303486621715267635e+00 2.039808957499626465e+11
3.316700568202128441e+00 2.005758209142159424e+11
3.329967370474937294e+00 2.070700925076514282e+11
3.343287239956836743e+00 1.974737617972930298e+11
3.356660388916663962e+00 2.011588338292783813e+11
3.370087030472330714e+00 2.015257470574578247e+11
3.383567378594220187e+00 1.978597455072890625e+11
3.397101648108596716e+00 1.993916332226465149e+11
3.410690054701031482e+00 1.965862408073046875e+11
3.424332814919834878e+00 1.973465968253589478e+11
3.438030146179514634e+00 1.963088682593175049e+11
3.451782266764232610e+00 1.956851102929317322e+11
3.465589395831289998e+00 1.960965968600423889e+11
3.479451753414614767e+00 1.942388660282106934e+11
3.493369560428273068e+00 1.892889505323351440e+11
3.507343038669985980e+00 1.957503514283294678e+11
3.521372410824665788e+00 1.885101147805491943e+11
3.535457900467964709e+00 1.901695663726546326e+11
3.549599732069836477e+00 1.892479356027322693e+11
3.563798130998116154e+00 1.875224519164582520e+11
3.578053323522108364e+00 1.871557452187359009e+11
3.592365536816196858e+00 1.870077673765913696e+11
3.606734998963461614e+00 1.853110327558324890e+11
3.621161938959315041e+00 1.833691760917162170e+11
3.635646586715152839e+00 1.826781147600694580e+11
3.650189173062013293e+00 1.819491085196412964e+11
3.664789929754260545e+00 1.808337384575736389e+11
3.679449089473277645e+00 1.785491712453228149e+11
3.694166885831170699e+00 1.779069311370425110e+11
3.708943553374495661e+00 1.788787089475810852e+11
3.723779327587993571e+00 1.779275844897389526e+11
3.738674444898345328e+00 1.728208776052567749e+11
3.753629142677938901e+00 1.762982487011282043e+11
3.768643659248651190e+00 1.728918548984425049e+11
3.783718233885645432e+00 1.745100690880299377e+11
3.798853106821188153e+00 1.719476453175990295e+11
3.814048519248473657e+00 1.707541903235837402e+11
3.829304713325467180e+00 1.660342964900516663e+11
3.844621932178768908e+00 1.671752394239667053e+11
3.860000419907484215e+00 1.670196039853850403e+11
3.875440421587113882e+00 1.640510145344657288e+11
3.890942183273462529e+00 1.618148432785682068e+11
3.906505952006555926e+00 1.605327862423721313e+11
3.922131975814582727e+00 1.590284947604647217e+11
3.937820503717840648e+00 1.564048713932651672e+11
3.953571785732711508e+00 1.529849352539847107e+11
3.969386072875642490e+00 1.506443787759196167e+11
3.985263617167145167e+00 1.453563254337186584e+11
4.001204671635814059e+00 1.430248815163968506e+11
4.017209490322357190e+00 1.407928929032416077e+11
4.033278328283646630e+00 1.382738540870045166e+11
4.049411441596781458e+00 1.299837138777578583e+11
4.065609087363168506e+00 1.318953472823716888e+11
4.081871523712622185e+00 1.232202760068243866e+11
4.098199009807472315e+00 1.252039535707478943e+11
4.114591805846702144e+00 1.229878575161425171e+11
4.131050173070089038e+00 1.178535088450701599e+11
4.147574373762369149e+00 1.203539354730310211e+11
4.164164671257418959e+00 1.139757044207272949e+11
4.180821329942449260e+00 1.143876999499116058e+11
4.197544615262219558e+00 1.126448113500103149e+11
4.214334793723269357e+00 1.067745108499780426e+11
4.231192132898162761e+00 1.070424273748121490e+11
4.248116901429755288e+00 9.926246848444721985e+10
4.265109369035473996e+00 9.846564227922367859e+10
4.282169806511615384e+00 9.801392262488322449e+10
4.299298485737661935e+00 8.983095961498564148e+10
4.316495679680612874e+00 8.794062953635534668e+10
4.333761662399335357e+00 8.486230725490582275e+10
4.351096709048932532e+00 8.121512479016339111e+10
4.368501095885127583e+00 7.758817062630929565e+10
4.385975100268668214e+00 7.493665276959669495e+10
4.403519000669743555e+00 7.238749434383750916e+10
4.421133076672422391e+00 7.049666344892625427e+10
4.438817608979111817e+00 6.782622429435213470e+10
4.456572879415028332e+00 6.686970023258811188e+10
4.474399170932688463e+00 6.406902677815688324e+10
4.492296767616419828e+00 6.348555685050289154e+10
4.510265954686884626e+00 6.300206983229549408e+10
4.528307018505633330e+00 6.097253779787606049e+10
4.546420246579655711e+00 6.075530053215668488e+10
4.564605927565974497e+00 5.841280153105105591e+10
4.582864351276237258e+00 5.958017326016526794e+10
4.601195808681342925e+00 5.916629355867181396e+10
4.619600591916067422e+00 5.895505625698349762e+10
4.638078994283731937e+00 5.788821451702687836e+10
4.656631310260867629e+00 5.971658442388286591e+10
4.675257835501911430e+00 5.741829826965897369e+10
4.693958866843916944e+00 5.839982918412792969e+10
4.712734702311292878e+00 5.675168745701562500e+10
4.731585641120538810e+00 5.711422443094900513e+10
4.750511983685020923e+00 5.558401177367618561e+10
4.769514031619761063e+00 5.394940404111028290e+10
4.788592087746240011e+00 5.354249185916332245e+10
4.807746456097224730e+00 5.335645433023767853e+10
4.826977441921613377e+00 5.307904209554588318e+10
4.846285351689299858e+00 5.215351679551373291e+10
4.865670493096057925e+00 5.155909225158097839e+10
4.885133175068442135e+00 5.017199652395338440e+10
4.904673707768715474e+00 4.950726691490985870e+10
4.924292402599791174e+00 4.841062178951847839e+10
4.943989572210189642e+00 4.763978552406972504e+10
4.963765530499030021e+00 4.561445644232543945e+10
4.983620592621027079e+00 4.845588362853406525e+10
5.003555074991511198e+00 4.507063532092835999e+10
5.023569295291476777e+00 4.348847821667102051e+10
5.043663572472643075e+00 4.558576380234669495e+10
5.063838226762532813e+00 4.442420280325271606e+10
5.084093579669583640e+00 4.291207905454656219e+10
5.104429953988261381e+00 4.326044576787622070e+10
5.124847673804215020e+00 4.264478575068804169e+10
5.145347064499431688e+00 4.274893049485642242e+10
5.165928452757428957e+00 4.066114228851914215e+10
5.186592166568458673e+00 4.238387969512262726e+10
5.207338535234733001e+00 4.002831525044583130e+10
5.228167889375671784e+00 4.119764520416964722e+10
5.249080560933174766e+00 3.951644792160271454e+10
5.270076883176907145e+00 3.987109339921317291e+10
5.291157190709615321e+00 3.886258526177130890e+10
5.312321819472453299e+00 3.973738573224767303e+10
5.333571106750343738e+00 3.904369626690824127e+10
5.354905391177344320e+00 3.819305798333448792e+10
5.376325012742054099e+00 3.829372580047642517e+10
5.397830312793021612e+00 3.792680742808060455e+10
5.419421634044193858e+00 3.552238448508495331e+10
5.441099320580370602e+00 3.740325303668422699e+10
5.462863717862692425e+00 3.606114796717511749e+10
5.484715172734142996e+00 3.597523643763329315e+10
5.506654033425078865e+00 3.601592617754892731e+10
5.528680649558780580e+00 3.434134437708154297e+10
5.550795372157015350e+00 3.406779145383289719e+10
5.572998553645643227e+00 3.352638702435654449e+10
5.595290547860225949e+00 3.461954936248128510e+10
5.617671710051667766e+00 3.323043894234733200e+10
5.640142396891874021e+00 3.351706674503661346e+10
5.662702966479441713e+00 3.285634161729157639e+10
5.685353778345359821e+00 3.141888514359720612e+10
5.708095193458740724e+00 3.182170817423591614e+10
5.730927574232576482e+00 3.041432752736063004e+10
5.753851284529505783e+00 3.203489488043181229e+10
5.776866689667624399e+00 3.017048265189596939e+10
5.799974156426294769e+00 3.102231733369986725e+10
5.823174053051999977e+00 2.923566902995265579e+10
5.846466749264207508e+00 2.918662434828985596e+10
5.869852616261264977e+00 2.927483976633446884e+10
5.893332026726310069e+00 2.868028518121201706e+10
5.916905354833215114e+00 2.942795229502400970e+10
5.940572976252548543e+00 2.779910211065134048e+10
5.964335268157558545e+00 2.831489758200402832e+10
5.988192609230189589e+00 2.797558961929697800e+10
6.012145379667110490e+00 2.834005241467906189e+10
6.036193961185778889e+00 2.660474764423064041e+10
6.060338737030522616e+00 2.706668426804193878e+10
6.084580091978644134e+00 2.780356987893516541e+10
6.108918412346558746e+00 2.614066069121157455e+10
6.133354085995945226e+00 2.789856346418064499e+10
6.157887502339929320e+00 2.663160470840008163e+10
6.182519052349287669e+00 2.596799723278656006e+10
6.207249128558685491e+00 2.621075955422714615e+10
6.232078125072920471e+00 2.594654912434655762e+10
6.257006437573212843e+00 2.526222272476907349e+10
6.282034463323505236e+00 2.521344880467456055e+10
6.307162601176800720e+00 2.481042116755577469e+10
6.332391251581507063e+00 2.463292488081637192e+10
6.357720816587833390e+00 2.406831548610362625e+10
6.383151699854184180e+00 2.316439323258744049e+10
6.408684306653601226e+00 2.209741455717027664e+10
6.434319043880215361e+00 2.228824119814097595e+10
6.460056320055736379e+00 2.041575398236439133e+10
6.485896545335958052e+00 1.867164742535924149e+10
6.511840131517302233e+00 1.894730850810422897e+10
6.537887492043371829e+00 1.829891989514056396e+10
6.564039042011545533e+00 1.738206186568756485e+10
6.590295198179591196e+00 1.659557417002777863e+10
6.616656378972309405e+00 1.656420777097020721e+10
6.643123004488199257e+00 1.603832203449382401e+10
6.669695496506150789e+00 1.603983321479433823e+10
6.696374278492176479e+00 1.582828931986790085e+10
6.723159775606144528e+00 1.589344853170701790e+10
6.750052414708568094e+00 1.598899303853218842e+10
6.777052624367403411e+00 1.497200262270830536e+10
6.804160834864871887e+00 1.506703534620919037e+10
6.831377478204331055e+00 1.449642968953825569e+10
6.858702988117148180e+00 1.491769862215749550e+10
6.886137800069615622e+00 1.470588292497737312e+10
6.913682351269895499e+00 1.445491446147114944e+10
6.941337080674975013e+00 1.442525893508425331e+10
6.969102428997675069e+00 1.432983135430800056e+10
6.996978838713665994e+00 1.433228415762063408e+10
7.024966754068519670e+00 1.396330927442264557e+10
7.053066621084793653e+00 1.370751672559043884e+10
7.081278887569133929e+00 1.351877907701744080e+10
7.109604003119409654e+00 1.298653570902750778e+10
7.138042419131887861e+00 1.346118897448685837e+10
7.166594588808414379e+00 1.334339674794652939e+10
7.195260967163648047e+00 1.304469778191509056e+10
7.224042011032302923e+00 1.274544988426979065e+10
7.252938179076432235e+00 1.259743293126465797e+10
7.281949931792737196e+00 1.261803788394596863e+10
7.311077731519908696e+00 1.255967453210725784e+10
7.340322042445988515e+00 1.200539970838015366e+10
7.369683330615771411e+00 1.189305496169277954e+10
7.399162063938235612e+00 1.225247797952339554e+10
7.428758712193988423e+00 1.145759297315918159e+10
7.458473747042765112e+00 1.167119759289177513e+10
7.488307642030935796e+00 1.157649802489057159e+10
7.518260872599060285e+00 1.129537920870237160e+10
7.548333916089456253e+00 1.145687890227547073e+10
7.578527251753813587e+00 1.081348041135424423e+10
7.608841360760829176e+00 1.032135654942788506e+10
7.639276726203872769e+00 1.075427577942988968e+10
7.669833833108687493e+00 1.031766103252477074e+10
7.700513168441122325e+00 1.040355322916253471e+10
7.731315221114887670e+00 1.013822367461586761e+10
7.762240481999347352e+00 9.851151283060855865e+09
7.793289443927344351e+00 9.875580464663312912e+09
7.824462601703054077e+00 9.976478342514720917e+09
7.855760452109866065e+00 9.620933755354076385e+09
7.887183493918306532e+00 8.972531039243650436e+09
7.918732227893980458e+00 9.244232080104516983e+09
7.950407156805555431e+00 9.081124383446710587e+09
7.982208785432777454e+00 8.770945614982044220e+09
8.014137620574508958e+00 8.981714936214149475e+09
8.046194171056805899e+00 8.513884379201310158e+09
8.078378947741034821e+00 8.589435128435772896e+09
8.110692463531997021e+00 8.259256337795295715e+09
8.143135233386125549e+00 8.344647741822077751e+09
8.175707774319670662e+00 8.248141791061979294e+09
8.208410605416949224e+00 7.899578133872843742e+09
8.241244247838615422e+00 8.059389013354590416e+09
8.274209224829968790e+00 7.661477301725544930e+09
8.307306061729288871e+00 7.838907815022536278e+09
8.340535285976207192e+00 7.481427831228883743e+09
8.373897427120111203e+00 7.313364526401189804e+09
8.407393016828594412e+00 7.628116498912443161e+09
8.441022588895906509e+00 7.224568500954496384e+09
8.474786679251490540e+00 7.445554504844852448e+09
8.508685825968495209e+00 7.124929443444458961e+09
8.542720569272368891e+00 7.181721963658919334e+09
8.576891451549458978e+00 6.973238137416571617e+09
8.611199017355655627e+00 7.078978627952825546e+09
8.645643813425078150e+00 7.013016017235850334e+09
8.680226388678779159e+00 6.839307492937592506e+09
8.714947294233493125e+00 6.823893413467132568e+09
8.749807083410427566e+00 6.501645745094322205e+09
8.784806311744070229e+00 6.663852258147302628e+09
8.819945536991047774e+00 6.495687929219521523e+09
8.855225319139009343e+00 6.415648678602627754e+09
8.890646220415566958e+00 6.541446145827280998e+09
8.926208805297228821e+00 6.464283057127846718e+09
8.961913640518417878e+00 6.164688092194546700e+09
8.997761295080492161e+00 6.266099899974461555e+09
9.033752340260813085e+00 6.195162721294560432e+09
9.069887349621856387e+00 6.162201695830925941e+09
9.106166899020346150e+00 6.003637903827784538e+09
9.142591566616424359e+00 6.016749696462423325e+09
9.179161932882891506e+00 5.951592370875434875e+09
9.215878580614422333e+00 5.850555106308401108e+09
9.252742094936881045e+00 5.667903283754086494e+09
9.289753063316627646e+00 5.687836277479554176e+09
9.326912075569895322e+00 5.614606557935862541e+09
9.364219723872173162e+00 5.733048223196541786e+09
9.401676602767663482e+00 5.424075822235918999e+09
9.439283309178733816e+00 5.370686509590409279e+09
9.477040442415447075e+00 5.395939751212320328e+09
9.514948604185111236e+00 5.307764481273203850e+09
9.553008398601852136e+00 5.388400004759747505e+09
9.591220432196260859e+00 5.132686881602549553e+09
9.629585313925044687e+00 5.052796017955264091e+09
9.668103655180747324e+00 5.026217627776579857e+09
9.706776069801470896e+00 4.940610239879626274e+09
9.745603174080676112e+00 4.983115323029599190e+09
9.784585586776998412e+00 4.961853548340933800e+09
9.823723929124106746e+00 4.789845373073263168e+09
9.863018824840601440e+00 4.754620255241386414e+09
9.902470900139965337e+00 4.364723943221735001e+09
9.942080783740523842e+00 4.625738539328827858e+09
9.981849106875488431e+00 4.497955585349373817e+09
1.002177650330298952e+01 4.476648169084943771e+09
1.006186360931619994e+01 4.337505355196715355e+09
1.010211106375346723e+01 4.196264538909093857e+09
1.014251950800847979e+01 4.292023531067045212e+09
1.018308958604051284e+01 4.242825235217220783e+09
1.022382194438467451e+01 4.092884095988699913e+09
1.026471723216221399e+01 4.030148981795012474e+09
1.030577610109086173e+01 3.967312276846185207e+09
1.034699920549522467e+01 3.890180622601367950e+09
1.038838720231720458e+01 3.819084191247628689e+09
1.042994075112647501e+01 3.741449676070108414e+09
1.047166051413097954e+01 3.669376045670900345e+09
1.051354715618750468e+01 3.698510726603792191e+09
1.055560134481225454e+01 3.585173297769379139e+09
1.059782375019150358e+01 3.479244954637404919e+09
1.064021504519226902e+01 3.530737762308619499e+09
1.068277590537303823e+01 3.507256898877951145e+09
1.072550700899452991e+01 3.333847431838570595e+09
1.076840903703050856e+01 3.279763631052981377e+09
1.081148267317863088e+01 3.300739959920289516e+09
1.085472860387134553e+01 3.352641897113199711e+09
1.089814751828683015e+01 3.066317887698761463e+09
1.094174010835997635e+01 3.135583960596848488e+09
1.098550706879341909e+01 2.930318781804609776e+09
1.102944909706859100e+01 2.943295258608361244e+09
1.107356689345686540e+01 2.941309931449253559e+09
1.111786116103069233e+01 2.887243882196957111e+09
1.116233260567481622e+01 2.841822590066450596e+09
1.120698193609751492e+01 2.761719408834310055e+09
1.125180986384190440e+01 2.760319145743902683e+09
1.129681710329727373e+01 2.692311140379691124e+09
1.134200437171046083e+01 2.664098444292103767e+09
1.138737238919730466e+01 2.643396709790199280e+09
1.143292187875409383e+01 2.571386579279682636e+09
1.147865356626910938e+01 2.559137405928932190e+09
1.152456818053418530e+01 2.486145403771924019e+09
1.157066645325632237e+01 2.408162254400095463e+09
1.161694911906934635e+01 2.375662125269759655e+09
1.166341691554562487e+01 2.399323605438990593e+09
1.171007058320780736e+01 2.299998436568438053e+09
1.175691086554063958e+01 2.185696926535623074e+09
1.180393850900279951e+01 2.229509567370016575e+09
1.185115426303881137e+01 2.174224920972253323e+09
1.189855888009096674e+01 2.171030390696056366e+09
1.194615311561133097e+01 2.146404205676999569e+09
1.199393772807377623e+01 2.118112465430714130e+09
1.204191347898607134e+01 2.093251217329481840e+09
1.209008113290201614e+01 2.013688279161805391e+09
1.213844145743362368e+01 1.975982112886385441e+09
1.218699522326335938e+01 2.017324487501015902e+09
1.223574320415641381e+01 1.925141940226528168e+09
1.228468617697303777e+01 1.963221438834873438e+09
1.233382492168093059e+01 1.858150430428546429e+09
1.238316022136765504e+01 1.859378470419387579e+09
1.243269286225312520e+01 1.724226513093526602e+09
1.248242363370213859e+01 1.812397224355937004e+09
1.253235332823694748e+01 1.704387124111731529e+09
1.258248274154989410e+01 1.741377453426515579e+09
1.263281267251609385e+01 1.704577161382611990e+09
1.268334392320615756e+01 1.667910015378936291e+09
1.273407729889898299e+01 1.697828890693509579e+09
1.278501360809457665e+01 1.581656049348656178e+09
1.283615366252695544e+01 1.549743923521015644e+09
1.288749827717706253e+01 1.619550290666346550e+09
1.293904827028577031e+01 1.498127145160073042e+09
1.299080446336691352e+01 1.541048580175879955e+09
1.304276768122038099e+01 1.469587471093898535e+09
1.309493875194526424e+01 1.486756995961594343e+09
1.314731850695304693e+01 1.446970272051476002e+09
1.319990778098085649e+01 1.419085193615750313e+09
1.325270741210477965e+01 1.362972158633688211e+09
1.330571824175319939e+01 1.343183094910156965e+09
1.335894111472021173e+01 1.349317682160332441e+09
1.341237687917909227e+01 1.355841392752169847e+09
1.346602638669580898e+01 1.271889927447387934e+09
1.351989049224258999e+01 1.310089224629132032e+09
1.357397005421156067e+01 1.255839696432229519e+09
1.362826593442840917e+01 1.246467586603560209e+09
1.368277899816612297e+01 1.230366919136896133e+09
1.373751011415878942e+01 1.168876275668045998e+09
1.379246015461542463e+01 1.220352896952470779e+09
1.384762999523388416e+01 1.127354524904719830e+09
1.390302051521481808e+01 1.198066376100005627e+09
1.395863259727567751e+01 1.154034609243847847e+09
1.401446712766477987e+01 1.093061859202615738e+09
1.407052499617543972e+01 1.150644955325313568e+09
1.412680709616014063e+01 1.057555090986724615e+09
1.418331432454478147e+01 1.020614784404638767e+09
1.424004758184296193e+01 1.048494168893483281e+09
1.429700777217033369e+01 1.062772625584733486e+09
1.435419580325901379e+01 9.948197675491338968e+08
1.441161258647204946e+01 9.968058578569014072e+08
1.446925903681793812e+01 9.458498605742636919e+08
1.452713607296521126e+01 9.755667420840804577e+08
1.458524461725707155e+01 9.536920348843002319e+08
1.464358559572609764e+01 9.144099286531463861e+08
1.470215993810900557e+01 9.032576749139140844e+08
1.476096857786143879e+01 9.435902472265095711e+08
1.482001245217288599e+01 8.943490318239789009e+08
1.487929250198157760e+01 8.572280715578842163e+08
1.493880967198950316e+01 8.628091759588351250e+08
1.499856491067746056e+01 8.477636321108587980e+08
1.505855917032016933e+01 8.417607339663425684e+08
1.511879340700144958e+01 8.172452581469233036e+08
1.517926858062945605e+01 7.969188047872637510e+08
1.523998565495197433e+01 8.198866982269884348e+08
1.530094559757178274e+01 7.903924271296908855e+08
1.536214937996206764e+01 7.681648173229179382e+08
1.542359797748191674e+01 7.519560799533377886e+08
1.548529236939184450e+01 7.542267156349689960e+08
1.554723353886941339e+01 7.137203938018102646e+08
1.560942247302489072e+01 7.392030245168305635e+08
1.567186016291699069e+01 7.219640152427036762e+08
1.573454760356865556e+01 6.939823786784745455e+08
1.579748579398293096e+01 7.043723790210198164e+08
1.586067573715886247e+01 6.816997570194172859e+08
1.592411844010749888e+01 6.996339418585036993e+08
1.598781491386792730e+01 6.308079147367995977e+08
1.605176617352340074e+01 6.486494559524936676e+08
1.611597323821749228e+01 6.227965869206002951e+08
1.618043713117036120e+01 6.388940995721024275e+08
1.624515887969504391e+01 5.955799971668483019e+08
1.631013951521382310e+01 6.267782672503042221e+08
1.637538007327468037e+01 6.194350824739917517e+08
1.644088159356778078e+01 6.066572650106580257e+08
1.650664511994205341e+01 5.761277320314772129e+08
1.657267170042182158e+01 5.657175714231842756e+08
1.663896238722350418e+01 5.326950277162555456e+08
1.670551823677240222e+01 5.641915202786227465e+08
1.677234030971949608e+01 5.735047385655375719e+08
1.683942967095837062e+01 5.449073321270351410e+08
1.690678738964220429e+01 5.283207398669326305e+08
1.697441453920077237e+01 5.285492306159757972e+08
1.704231219735757108e+01 5.577704343948450089e+08
1.711048144614700561e+01 4.810699702021172643e+08
1.717892337193159236e+01 5.111197982309422493e+08
1.724763906541932101e+01 4.768425821792736650e+08
1.731662962168099895e+01 4.751492126249302626e+08
1.738589614016772344e+01 4.612185636556996107e+08
1.745543972472839300e+01 4.816535157789275050e+08
1.752526148362730751e+01 4.666665148909525871e+08
1.759536252956181812e+01 4.470355503919695616e+08
1.766574397968006238e+01 4.390583425824639201e+08
1.773640695559878466e+01 4.377885845118063688e+08
1.780735258342117433e+01 4.374304451469900012e+08
1.787858199375486024e+01 4.451641237185631990e+08
1.795009632172988034e+01 4.116233539711147547e+08
1.802189670701679702e+01 4.290276201947225332e+08
1.809398429384486562e+01 4.159549745144380927e+08
1.816636023102024211e+01 3.737779109104105234e+08
1.823902567194432578e+01 4.076773709520411491e+08
1.831198177463210186e+01 4.048392177489983439e+08
1.838522970173062987e+01 3.884835466011150479e+08
1.845877062053754969e+01 3.827538788950763941e+08
1.853260570301970134e+01 3.533035358915683627e+08
1.860673612583178027e+01 3.416337189532469511e+08
1.868116307033510637e+01 3.583247472613805532e+08
1.875588772261644976e+01 3.495339317120370269e+08
1.883091127350691352e+01 3.678766709554854035e+08
1.890623491860094063e+01 3.448975888134984970e+08
1.898185985827534594e+01 3.307074246530230641e+08
1.905778729770844748e+01 3.508189214636008739e+08
1.913401844689928311e+01 3.443042146410945058e+08
1.921055452068688041e+01 3.098461111998386979e+08
1.928739673876962968e+01 3.191949397117880583e+08
1.936454632572470658e+01 3.227653414468701482e+08
1.944200451102760141e+01 2.859350916024432778e+08
1.951977252907171589e+01 3.242765203417066336e+08
1.959785161918800256e+01 2.920422702468945980e+08
1.967624302566475691e+01 2.941143471823201180e+08
1.991079942767366973e+01 2.842202305464628339e+08
