# Wavelength (micrometer), Flux (W / m2 / m)
1.000553076518779783e-01 1.945116304056427917e+11
1.004555288824854897e-01 4.040459702333192352e-05
1.008573509980154326e-01 6.536564562677064146e-05
1.012607804020075053e-01 6.300166028858756153e-05
1.016658235236155422e-01 1.118330363291600559e-04
1.020724868177099870e-01 5.746429245362877965e-04
1.024807767649808382e-01 3.506175143161300569e-04
1.028906998720407612e-01 1.882670116095752990e-04
1.033022626715289355e-01 8.443712177608528715e-04
1.037154717222150413e-01 2.858944075844252735e-04
1.041303336091038839e-01 2.329943999107568660e-04
1.045468549435403099e-01 5.861723325101028236e-04
1.049650423633144702e-01 1.773188142715144584e-04
1.053849025327677214e-01 8.667532338488370507e-04
1.058064421428987906e-01 2.870875248334198854e-04
1.062296679114703990e-01 1.195924754346574040e-03
1.066545865831162732e-01 1.290637656234128097e-03
1.070812049294487533e-01 7.880944717815991729e-04
1.075095297491665408e-01 3.102444140878311829e-03
1.079395678681632220e-01 9.212243057995578776e-04
1.083713261396358624e-01 3.535219027981365090e-03
1.088048114441943909e-01 2.761051921686930814e-03
1.092400306899711654e-01 1.457529769977226886e-02
1.096769908127310511e-01 4.067153829363428195e-03
1.101156987759819850e-01 5.157732861662970951e-03
1.105561615710859147e-01 1.642791758150718290e-02
1.109983862173702651e-01 1.231463996975676496e-02
1.114423797622397516e-01 8.846611844656963181e-03
1.118881492812886930e-01 6.073548526859172403e-03
1.123357018784138517e-01 1.271175444299093953e-02
1.127850446859275102e-01 8.648560717899618500e-02
1.132361848646712132e-01 8.792345397189167688e-02
1.136891296041298988e-01 8.126188161220240791e-02
1.141438861225464035e-01 9.260272574262799761e-02
1.146004616670366072e-01 8.699366458880669617e-02
1.150588635137047705e-01 9.987727988234131049e-02
1.155190989677595953e-01 9.794754352568889322e-02
1.159811753636306314e-01 1.481051741808113165e-01
1.164451000650851553e-01 1.038207006996089282e-01
1.169108804653455069e-01 1.312995074081668989e-01
1.173785239872068981e-01 2.489676784099355278e-01
1.178480380831557206e-01 3.757909438675281488e-01
1.183194302354883543e-01 3.429116631107029800e-01
1.187927079564302935e-01 3.483907795363600512e-01
1.192678787882560099e-01 4.649191247643410518e-01
1.197449503034090645e-01 6.264850875831905475e-01
1.202239301046226783e-01 3.665723887854838159e-01
1.207048258250411760e-01 8.671675850164414223e-01
1.211876451283413342e-01 7.579086816828505269e-01
1.216723957088547137e-01 1.288159619646468856e+00
1.221590852916901310e-01 1.777906367722152048e+00
1.226477216328568792e-01 2.910103568119592587e+00
1.231383125193883099e-01 2.343378484151284358e+00
1.236308657694658586e-01 2.913804875184579313e+00
1.241253892325437369e-01 2.321697700109384588e+00
1.246218907894739159e-01 2.447682704443641999e+00
1.251203783526317892e-01 3.096069513204414481e+00
1.256208598660423226e-01 3.236417977100817467e+00
1.261233433055065078e-01 4.114789397246705782e+00
1.266278366787285392e-01 3.000656534423221888e+00
1.271343480254434610e-01 6.381038930254018027e+00
1.276428854175452321e-01 5.443565976736223000e+00
1.281534569592154005e-01 4.392572655565252226e+00
1.286660707870522780e-01 5.777870079733157027e+00
1.291807350702004475e-01 9.816370693772205058e+00
1.296974580104812425e-01 9.793634496061484285e+00
1.302162478425231973e-01 6.759930533632816818e+00
1.307371128338932764e-01 8.325640733711674457e+00
1.312600612852288795e-01 1.445864009480634493e+01
1.317851015303697915e-01 1.144555657810801996e+01
1.323122419364912705e-01 1.286367832078791196e+01
1.328414909042372472e-01 1.278913998418592968e+01
1.333728568678542170e-01 1.565999381309780425e+01
1.339063482953256612e-01 1.679048337845279448e+01
1.344419736885069383e-01 1.433768856229836075e+01
1.349797415832609815e-01 2.643618930575316739e+01
1.355196605495940232e-01 2.757175970335512005e+01
1.360617391917924301e-01 3.897439087655752843e+01
1.366059861485595939e-01 3.046946402735461490e+01
1.371524100931538481e-01 3.406505991262916666e+01
1.377010197335264696e-01 4.946148742773846152e+01
1.382518238124605670e-01 5.904109389914506778e+01
1.388048311077104136e-01 6.952240383844994653e+01
1.393600504321412248e-01 7.485758630205830855e+01
1.399174906338697677e-01 5.810956841787845661e+01
1.404771605964052761e-01 1.090741556876683376e+02
1.410390692387908651e-01 1.043014548169898177e+02
1.416032255157460562e-01 1.926157028072526884e+02
1.421696384178090522e-01 8.533412056988841243e+01
1.427383169714803168e-01 1.428263612813066743e+02
1.433092702393662099e-01 4.158326212224052369e+02
1.438825073203236771e-01 2.446343322572477916e+02
1.444580373496049674e-01 4.656541471467294286e+02
1.450358694990033503e-01 3.097674518293485448e+02
1.456160129769993872e-01 5.491739477217676040e+02
1.461984770289073976e-01 6.093448562452325632e+02
1.467832709370230082e-01 4.842293436676060878e+02
1.473704040207710897e-01 6.877984343031704384e+02
1.479598856368541382e-01 4.199983377631807571e+02
1.485517251794015725e-01 9.110819567144936855e+02
1.491459320801191979e-01 1.598647374617329888e+03
1.497425158084396690e-01 1.144154887326398693e+03
1.503414858716734248e-01 2.638537668603693874e+03
1.509428518151600951e-01 1.965994390412055736e+03
1.515466232224207677e-01 1.267659930145505996e+03
1.521528097153104220e-01 3.641573760473787843e+03
1.527614209541716672e-01 2.642679374455366087e+03
1.533724666379883694e-01 3.129252334201984922e+03
1.539859565045403056e-01 4.040312044081923432e+03
1.546019003305584838e-01 9.723368469133503140e+02
1.552203079318807133e-01 2.146159997834507521e+03
1.558411891636082569e-01 2.140321482443721834e+03
1.564645539202626778e-01 1.489486226266149743e+03
1.570904121359437411e-01 2.249393494943151381e+03
1.577187737844875093e-01 1.897978670844719773e+03
1.583496488796254653e-01 2.135765554415514998e+03
1.589830474751439959e-01 2.856764196021633779e+03
1.596189796650445414e-01 1.680760631777083518e+03
1.602574555837047166e-01 1.626126889500724474e+03
1.608984854060395708e-01 2.278754198479713978e+03
1.615420793476636807e-01 2.762824271636760841e+03
1.621882476650543525e-01 3.272891434517260222e+03
1.628370006557145755e-01 3.001342436279964204e+03
1.634883486583374457e-01 3.650201480118533709e+03
1.641423020529707844e-01 3.969411452199002269e+03
1.647988712611826723e-01 4.284410070527291282e+03
1.654580667462274002e-01 2.672070966099615816e+03
1.661198990132123077e-01 4.872922238800424566e+03
1.667843786092651215e-01 5.654506610317744162e+03
1.674515161237022098e-01 7.201261718181472133e+03
1.681213221881969755e-01 1.075735641219445097e+04
1.687938074769497754e-01 9.806274463610379826e+03
1.694689827068575905e-01 1.751393311930719574e+04
1.701468586376850278e-01 1.592577160374185951e+04
1.708274460722357391e-01 1.861896487744354818e+04
1.715107558565246715e-01 2.244395182010789358e+04
1.721967988799507909e-01 2.293432564329382149e+04
1.728855860754705820e-01 3.110695202973211417e+04
1.735771284197724640e-01 2.882940094082219730e+04
1.742714369334515678e-01 3.286133209800746408e+04
1.749685226811853456e-01 5.153846125394573755e+04
1.756683967719100681e-01 3.936336972916967352e+04
1.763710703589977391e-01 6.541070222341763292e+04
1.770765546404337309e-01 7.263940788513196458e+04
1.777848608589954471e-01 5.441159172330568981e+04
1.784960003024314568e-01 9.757209707530449668e+04
1.792099843036411844e-01 8.374349693986988859e+04
1.799268242408557650e-01 9.142716048868357029e+04
1.806465315378191772e-01 1.425683860789823520e+05
1.813691176639704306e-01 8.326418005073608947e+04
1.820945941346263086e-01 1.365239451119897712e+05
1.828229725111648329e-01 2.128369482564809732e+05
1.835542644012094771e-01 1.048358176008694136e+05
1.842884814588143239e-01 1.962677496632531111e+05
1.850256353846495561e-01 2.934862610662709340e+05
1.857657379261881403e-01 1.815411659648274945e+05
1.865088008778928996e-01 3.459027710905534914e+05
1.872548360814044743e-01 3.644972776986407116e+05
1.880038554257300876e-01 2.697784384930404485e+05
1.887558708474330049e-01 4.921768905715489527e+05
1.895108943308226879e-01 4.633610320565564907e+05
1.902689379081460019e-01 4.143260402362250607e+05
1.910300136597785636e-01 7.711231624208015855e+05
1.917941337144176972e-01 6.886946174137536436e+05
1.925613102492753359e-01 7.059140610662635881e+05
1.933315554902724498e-01 1.097590524057778530e+06
1.941048817122335568e-01 1.041561473843029118e+06
1.948813012390824828e-01 1.102599805890657008e+06
1.956608264440388156e-01 1.709348353453799617e+06
1.964434697498149418e-01 1.417475547676805174e+06
1.972292436288141937e-01 1.586434720457968069e+06
1.980181606033294406e-01 2.412484250024180394e+06
1.988102332457427346e-01 2.219635171386115253e+06
1.996054741787257336e-01 2.162796063171093352e+06
2.004038960754406518e-01 2.780353860362445936e+06
2.012055116597424309e-01 3.107905807549505029e+06
2.020103337063813842e-01 3.259797037356639281e+06
2.028183750412069219e-01 3.901052275026833173e+06
2.036296485413717494e-01 3.669074598417290021e+06
2.044441671355372303e-01 3.628024446804500185e+06
2.052619438040793887e-01 4.387897245683155954e+06
2.060829915792957157e-01 4.348570223423758522e+06
2.069073235456129201e-01 4.327253449220350012e+06
2.077349528397953449e-01 4.804195791368522681e+06
2.085658926511545219e-01 5.244144175167178735e+06
2.094001562217591150e-01 5.126179554088410921e+06
2.102377568466461677e-01 5.288064779755916446e+06
2.110787078740327671e-01 4.930717744173844345e+06
2.119230227055288740e-01 5.482256404383985326e+06
2.127707147963510126e-01 5.877149477878747508e+06
2.136217976555363773e-01 6.351106238289917819e+06
2.144762848461585492e-01 5.220055844961163588e+06
2.153341899855431840e-01 6.154759260963029228e+06
2.161955267454853669e-01 7.015263072377637960e+06
2.170603088524672986e-01 7.555382804748873226e+06
2.179285500878772042e-01 6.552266235294657759e+06
2.188002642882286852e-01 7.029004869776172563e+06
2.196754653453815986e-01 9.001101913926873356e+06
2.205541672067631020e-01 8.635204067038463429e+06
2.214363838755901703e-01 1.129294533280320466e+07
2.223221294110925284e-01 8.080692005260550417e+06
2.232114179287369160e-01 1.514694546142567322e+07
2.241042636004518529e-01 1.279334846765114926e+07
2.250006806548536520e-01 2.055298783852874488e+07
2.259006833774730438e-01 1.374232870744947903e+07
2.268042861109829667e-01 1.898131955267746001e+07
2.277115032554268836e-01 2.340085177339081094e+07
2.286223492684485714e-01 2.696579936925126240e+07
2.295368386655223802e-01 3.811429854217826575e+07
2.304549860201844658e-01 1.877855445958976075e+07
2.313768059642651864e-01 3.649999757391557842e+07
2.323023131881222503e-01 3.948064566946521401e+07
2.332315224408747223e-01 5.291583698297944665e+07
2.341644485306381973e-01 5.094332517491554469e+07
2.351011063247607502e-01 2.767661130724290013e+07
2.360415107500598020e-01 5.365578711835774779e+07
2.369856767930600405e-01 3.264224051040373743e+07
2.379336195002322851e-01 6.319363612518005818e+07
2.388853539782332114e-01 6.111229748546504229e+07
2.398408953941461863e-01 9.304767309185212851e+07
2.408002589757227141e-01 1.136507939031330645e+08
2.417634600116256582e-01 6.106391321898939461e+07
2.427305138516721306e-01 1.289575768212134689e+08
2.437014359070788505e-01 1.421234181490080655e+08
2.446762416507071713e-01 2.178130426878573298e+08
2.456549466173099938e-01 1.745840199540665150e+08
2.466375664037792625e-01 1.960172698674229085e+08
2.476241166693943785e-01 2.451037472657261193e+08
2.486146131360719436e-01 1.151163257742510438e+08
2.496090715886161993e-01 1.989320447071031630e+08
2.506075078749706586e-01 2.046701983803872466e+08
2.516099379064705155e-01 2.491240095448259115e+08
2.526163776580964138e-01 3.704317906261289120e+08
2.536268431687287994e-01 5.681283338080461025e+08
2.546413505414037437e-01 6.848454620494593382e+08
2.556599159435693491e-01 4.956139062916175723e+08
2.566825556073435988e-01 3.835640637844859958e+08
2.577092858297729827e-01 4.650338273603682518e+08
2.587401229730920682e-01 4.077791116982976794e+08
2.597750834649844576e-01 5.517089957644287348e+08
2.608141837988444123e-01 6.102586786179597378e+08
2.618574405340398092e-01 8.156361329480772018e+08
2.629048702961759298e-01 1.148838287414941311e+09
2.639564897773606367e-01 1.164823902511182070e+09
2.650123157364701054e-01 1.151517623222378492e+09
2.660723649994159445e-01 1.155763608061955929e+09
2.671366544594135917e-01 1.112619636245021820e+09
2.682052010772512096e-01 1.355613072325816154e+09
2.692780218815602478e-01 1.252021721778214693e+09
2.703551339690865030e-01 1.627268639378043890e+09
2.714365545049627904e-01 1.698861389801426649e+09
2.725223007229827243e-01 1.783336677111231804e+09
2.736123899258746106e-01 2.004957412657199621e+09
2.747068394855781692e-01 2.362331146270769119e+09
2.758056668435204806e-01 2.506963204902110100e+09
2.769088895108945403e-01 3.444610236548364639e+09
2.780165250689380918e-01 3.232365611762526512e+09
2.791285911692138466e-01 3.863456165568728447e+09
2.802451055338907038e-01 3.891156242500061989e+09
2.813660859560263017e-01 3.988377891781963348e+09
2.824915502998503469e-01 4.092841468918748856e+09
2.836215165010497197e-01 4.205633167235492706e+09
2.847560025670539119e-01 2.911486262721613407e+09
2.858950265773221866e-01 3.943123425685110092e+09
2.870386066836315142e-01 5.374569969941022873e+09
2.881867611103660631e-01 6.841920557884142876e+09
2.893395081548075787e-01 8.559263900066905975e+09
2.904968661874267610e-01 9.519254708747512817e+09
2.916588536521764197e-01 1.120212391819424057e+10
2.928254890667851273e-01 1.085861766197138214e+10
2.939967910230522619e-01 1.168722485342339706e+10
2.951727781871444911e-01 1.096264078121700096e+10
2.963534692998930908e-01 1.220248842028310966e+10
2.975388831770926501e-01 1.269742914367327118e+10
2.987290387098009981e-01 1.564082754326458549e+10
2.999239548646402409e-01 1.369148456160186386e+10
3.011236506840988536e-01 2.096007117058662033e+10
3.023281452868351593e-01 1.406093830168827057e+10
3.035374578679824742e-01 2.674153337108530807e+10
3.047516076994544187e-01 2.535245878404019547e+10
3.059706141302522830e-01 2.865111861441416168e+10
3.071944965867733357e-01 3.837040253664421082e+10
3.084232745731204095e-01 4.642988654779156494e+10
3.096569676714128194e-01 4.202376618814861298e+10
3.108955955420985018e-01 5.704486495543414307e+10
3.121391779242668751e-01 6.175143690263720703e+10
3.133877346359639215e-01 7.223678986206675720e+10
3.146412855745078230e-01 8.754439641564126587e+10
3.158998507168058190e-01 8.433750783381263733e+10
3.171634501196730627e-01 1.224598407202260742e+11
3.184321039201517545e-01 1.002924145833067169e+11
3.197058323358323295e-01 9.569998993618316650e+10
3.209846556651756444e-01 1.197574294057778320e+11
3.222685942878363852e-01 1.365551160386301575e+11
3.235576686649877520e-01 1.352738641710963745e+11
3.248518993396476984e-01 1.693166223900680847e+11
3.261513069370062801e-01 1.895652945757904053e+11
3.274559121647543369e-01 2.148991056726523438e+11
3.287657358134133401e-01 2.266812771701516418e+11
3.300807987566670154e-01 2.561843772529478455e+11
3.314011219516936890e-01 3.016795971296484985e+11
3.327267264395004642e-01 3.028783649115515137e+11
3.340576333452584534e-01 3.404511289803897705e+11
3.353938638786395088e-01 3.198067527724733887e+11
3.367354393341540630e-01 3.006094525395147095e+11
3.380823810914907468e-01 3.251127459122033081e+11
3.394347106158566718e-01 3.884198030358253784e+11
3.407924494583201014e-01 3.826041168293477173e+11
3.421556192561533982e-01 3.753169779149048462e+11
3.435242417331779707e-01 2.756277657114296875e+11
3.448983387001106626e-01 3.126570570882796631e+11
3.462779320549111417e-01 3.623685552746934814e+11
3.476630437831307319e-01 3.099998598042290649e+11
3.490536959582632992e-01 3.372511565365630493e+11
3.504499107420963600e-01 5.491395464632689209e+11
3.518517103850647421e-01 4.785870530344722290e+11
3.532591172266050239e-01 5.817973048957910156e+11
3.546721536955114717e-01 6.882350542799169922e+11
3.560908423102934761e-01 3.988884420576574707e+11
3.575152056795346533e-01 2.889294720056342163e+11
3.589452665022527800e-01 4.641742875981736450e+11
3.603810475682617254e-01 5.870911190581528320e+11
3.618225717585348278e-01 4.947718215734136963e+11
3.632698620455689364e-01 5.252471839734777222e+11
3.647229414937512293e-01 4.626855366756325073e+11
3.661818332597261971e-01 8.300466388296151123e+11
3.676465605927651259e-01 6.561274589385700684e+11
3.691171468351361895e-01 7.293067046833093262e+11
3.705936154224767076e-01 4.837170549137821655e+11
3.720759898841666247e-01 2.740011611703846436e+11
3.735642938437032656e-01 2.594857538789346313e+11
3.750585510190780902e-01 2.889898780190238647e+11
3.765587852231543908e-01 5.423219355628020020e+11
3.780650203640470441e-01 1.001068067433578003e+12
3.795772804455032068e-01 6.735436125660656738e+11
3.810955895672852312e-01 7.488203823629715576e+11
3.826199719255543585e-01 3.415174000638214111e+11
3.841504518132565771e-01 5.341063957904990845e+11
3.856870536205096456e-01 3.970690446394202271e+11
3.872298018349916715e-01 6.237227162075661621e+11
3.887787210423316320e-01 5.974058316657224121e+11
3.903338359265008939e-01 6.958287668307694092e+11
3.918951712702069545e-01 6.815187752719426270e+11
3.934627519552877928e-01 3.642179071189472656e+11
3.950366029631089404e-01 8.357872173951408691e+11
3.966167493749613859e-01 5.781800415347341309e+11
3.982032163724612550e-01 1.102702074099387939e+12
3.997960292379510450e-01 1.307548468608658203e+12
4.013952133549028578e-01 1.569196961873452637e+12
4.030007942083224659e-01 1.805465128202822021e+12
4.046127973851557647e-01 1.513664614088192871e+12
4.062312485746963908e-01 1.530944079797670898e+12
4.078561735689951728e-01 1.719480552307958496e+12
4.094875982632711353e-01 1.928280860575228027e+12
4.111255486563242245e-01 2.148106523175471191e+12
4.127700508509495880e-01 1.976933588405517578e+12
4.144211310543532978e-01 1.900271009627457520e+12
4.160788155785707931e-01 2.169800402089985352e+12
4.177431308408850463e-01 1.916871627448563721e+12
4.194141033642486138e-01 1.524175497096162109e+12
4.210917597777056320e-01 1.013815453236094727e+12
4.227761268168164221e-01 3.656619501117375488e+11
4.244672313240837602e-01 1.005133355406099976e+12
4.261651002493800910e-01 1.601835211749733643e+12
4.278697606503775730e-01 1.741711172625885254e+12
4.295812396929790666e-01 1.343383903257302246e+12
4.312995646517510107e-01 1.780594113091274170e+12
4.330247629103580187e-01 2.205124720096129395e+12
4.347568619619994745e-01 2.632864115075261230e+12
4.364958894098474596e-01 2.551409615471164551e+12
4.382418729674867897e-01 1.928474548982210693e+12
4.399948404593567730e-01 2.393620108155942871e+12
4.417548198211941890e-01 2.465356531735276367e+12
4.435218391004789873e-01 2.159453472951240234e+12
4.452959264568808750e-01 2.257072371367759766e+12
4.470771101627084021e-01 2.835842459496422363e+12
4.488654186033592119e-01 2.808926750847038086e+12
4.506608802777726241e-01 3.129112390726730469e+12
4.524635237988837710e-01 2.590128369152146973e+12
4.542733778940792333e-01 2.798836420674896484e+12
4.560904714056555065e-01 3.141122728788526855e+12
4.579148332912781894e-01 3.004857534518725586e+12
4.597464926244433370e-01 3.152670414144575195e+12
4.615854785949410899e-01 3.367710524534708496e+12
4.634318205093208576e-01 3.178387327834716797e+12
4.652855477913582227e-01 3.288514530447347656e+12
4.671466899825236219e-01 3.256383882795197754e+12
4.690152767424536906e-01 3.228913605192065918e+12
4.708913378494234969e-01 3.497060129006510742e+12
4.727749032008212171e-01 3.447976784872416504e+12
4.746660028136244769e-01 3.535024384027623535e+12
4.765646668248789131e-01 3.130905379153408203e+12
4.784709254921784560e-01 2.601891911825306641e+12
4.803848091941470555e-01 3.053684833126162109e+12
4.823063484309236815e-01 3.158939138402825684e+12
4.842355738246474361e-01 3.345586378819778320e+12
4.861725161199459966e-01 3.655802537120771973e+12
4.881172061844257226e-01 3.723549747030918945e+12
4.900696750091634302e-01 3.655819382801621094e+12
4.920299537092001074e-01 3.752543569861055176e+12
4.939980735240369625e-01 4.056637090707715820e+12
4.959740658181330253e-01 3.650265446408593750e+12
4.979579620814056362e-01 3.569958633150985352e+12
4.999497939297311566e-01 3.184500055793742188e+12
5.019495931054501758e-01 3.106380492883555664e+12
5.039573914778719965e-01 3.363437956230156738e+12
5.059732210437835054e-01 3.357500875457149414e+12
5.079971139279585435e-01 3.357704498134577637e+12
5.100291023836703852e-01 3.110273823530515625e+12
5.120692187932051054e-01 2.965519202495233398e+12
5.141174956683780550e-01 2.928463274007584473e+12
5.161739656510514473e-01 2.508223451513910156e+12
5.182386615136556074e-01 2.106873024132396484e+12
5.203116161597103329e-01 3.033072239629496094e+12
5.223928626243490303e-01 3.904555162026142578e+12
5.244824340748465152e-01 4.159937399545148438e+12
5.265803638111459239e-01 3.384117698433060059e+12
5.286866852663905103e-01 4.263695404541492188e+12
5.308014320074561088e-01 4.350668650508520020e+12
5.329246377354859288e-01 3.763174170800937012e+12
5.350563362864277916e-01 4.412689209593484375e+12
5.371965616315735881e-01 4.072330145264794434e+12
5.393453478780998456e-01 4.210923405153107910e+12
5.415027292696121819e-01 4.313892379646238770e+12
5.436687401866906466e-01 3.768411444377601562e+12
5.458434151474373941e-01 3.912681713265371094e+12
5.480267888080271321e-01 4.242664955556584473e+12
5.502188959632591247e-01 4.131494335388583496e+12
5.524197715471121928e-01 4.367252302163023438e+12
5.546294506333006025e-01 4.552259638285815430e+12
5.568479684358338400e-01 4.556694720903924805e+12
5.590753603095770519e-01 4.049820550729715820e+12
5.613116617508153716e-01 4.324935537933126465e+12
5.635569083978186899e-01 4.466433065392517578e+12
5.658111360314097560e-01 4.683491403377877930e+12
5.680743805755354980e-01 4.558712963223096680e+12
5.703466780978375672e-01 4.835987451976865234e+12
5.726280648102289872e-01 4.920335196766701172e+12
5.749185770694699160e-01 5.084042805280407227e+12
5.772182513777477375e-01 4.999198613783011719e+12
5.795271243832587071e-01 5.185107294269000977e+12
5.818452328807918184e-01 5.182262593621659180e+12
5.841726138123150003e-01 5.178167578812629883e+12
5.865093042675643131e-01 4.612474064260664062e+12
5.888553414846344758e-01 2.683667666100428223e+12
5.912107628505729462e-01 3.875477086671531738e+12
5.935756059019753339e-01 4.434656468494581055e+12
5.959499083255832552e-01 4.443760432130483398e+12
5.983337079588855190e-01 4.671075195990961914e+12
6.007270427907210886e-01 4.892199681420004883e+12
6.031299509618840426e-01 5.154116133718148438e+12
6.055424707657315331e-01 5.387496974559500977e+12
6.079646406487945187e-01 5.606729835713323242e+12
6.103964992113897203e-01 5.595737377736047852e+12
6.128380852082353503e-01 5.515495561620111328e+12
6.152894375490681744e-01 5.130772294759138672e+12
6.177505952992645710e-01 4.767873300935298828e+12
6.202215976804615893e-01 4.651631761009723633e+12
6.227024840711834486e-01 4.185278245985091309e+12
6.251932940074681477e-01 4.566677953333983398e+12
6.276940671834980723e-01 4.857136642246882812e+12
6.302048434522321552e-01 5.164599954338995117e+12
6.327256628260409244e-01 5.453368538391116211e+12
6.352565654773452142e-01 5.391788935464458984e+12
6.377975917392545435e-01 4.724709153606557617e+12
6.403487821062116003e-01 5.395746960228048828e+12
6.429101772346363930e-01 5.814285334248365234e+12
6.454818179435749537e-01 5.920982534187132812e+12
6.480637452153492628e-01 6.244724319451829102e+12
6.506560001962106154e-01 6.177663728906847656e+12
6.532586241969955410e-01 6.612645559379432617e+12
6.558716586937833881e-01 6.386505723685537109e+12
6.584951453285585732e-01 6.319912599616759766e+12
6.611291259098727169e-01 6.311733893781035156e+12
6.637736424135122215e-01 6.160143310343588867e+12
6.664287369831662922e-01 5.928878102198878906e+12
6.690944519310989547e-01 5.727062349335041016e+12
6.717708297388232941e-01 5.593090769426025391e+12
6.744579130577786907e-01 5.507161674446637695e+12
6.771557447100098326e-01 5.563334280785141602e+12
6.798643676888498355e-01 5.164640817927099609e+12
6.825838251596052508e-01 5.103343823932810547e+12
6.853141604602436265e-01 4.766108387542156250e+12
6.880554171020846210e-01 4.439982009018009766e+12
6.908076387704928933e-01 4.452483575194064453e+12
6.935708693255748791e-01 5.377224091464425781e+12
6.963451528028771209e-01 5.732729587407949219e+12
6.991305334140887062e-01 5.926411926380318359e+12
7.019270555477450380e-01 6.165684669859516602e+12
7.047347637699360456e-01 6.960782244626151367e+12
7.075537028250157290e-01 6.691108188132030273e+12
7.103839176363159202e-01 6.286878958653399414e+12
7.132254533068611568e-01 6.026979522413421875e+12
7.160783551200886610e-01 6.164116777012286133e+12
7.189426685405689854e-01 6.435570695398240234e+12
7.218184392147313222e-01 6.499063377961154297e+12
7.247057129715901436e-01 6.748703361431694336e+12
7.276045358234763949e-01 7.011572993241565430e+12
7.305149539667704639e-01 7.206855312305931641e+12
7.334370137826373703e-01 7.256008673882296875e+12
7.363707618377679509e-01 7.306623263866374023e+12
7.393162448851190449e-01 7.385512601014779297e+12
7.422735098646596752e-01 7.376069198122702148e+12
7.452426039041182282e-01 7.420629163426205078e+12
7.482235743197346300e-01 7.473489752153830078e+12
7.512164686170136330e-01 7.500577776359178711e+12
7.542213344914817652e-01 7.538644154283400391e+12
7.572382198294477229e-01 7.559852877653146484e+12
7.602671727087656484e-01 7.442289793399143555e+12
7.633082413996006288e-01 7.476609493202136719e+12
7.663614743651989691e-01 7.105506994309321289e+12
7.694269202626597970e-01 7.124505105212211914e+12
7.725046279437104424e-01 7.283391351529733398e+12
7.755946464554852593e-01 7.219181570769101562e+12
7.786970250413072225e-01 7.270234541892720703e+12
7.818118131414724115e-01 7.310908176853189453e+12
7.849390603940383793e-01 7.299639681925153320e+12
7.880788166356144098e-01 7.403664647526680664e+12
7.912311319021569922e-01 7.409665091716121094e+12
7.943960564297655180e-01 7.448417573634593750e+12
7.975736406554845281e-01 7.537732224849979492e+12
8.007639352181065151e-01 7.595227670703894531e+12
8.039669909589789443e-01 7.582051633311421875e+12
8.071828589228148276e-01 7.600777137779505859e+12
8.104115903585061842e-01 7.638557413057757812e+12
8.136532367199402760e-01 7.665365238875139648e+12
8.169078496668199518e-01 7.602560270142272461e+12
8.201754810654874328e-01 7.200442777393734375e+12
8.234561829897493190e-01 7.609464395710306641e+12
8.267500077217083687e-01 7.627241157442829102e+12
8.300570077525952772e-01 7.565357296727209961e+12
8.333772357836056743e-01 7.507426583431213867e+12
8.367107447267401188e-01 7.399979053359842773e+12
8.400575877056470908e-01 7.395367606301179688e+12
8.434178180564695371e-01 7.246078518406049805e+12
8.467914893286955236e-01 7.270396703059226562e+12
8.501786552860102208e-01 7.142703310617959961e+12
8.535793699071543283e-01 6.946786551031358398e+12
8.569936873867830540e-01 7.415170234433660156e+12
8.604216621363300899e-01 7.469950491758321289e+12
8.638633487848753623e-01 7.385929495759109375e+12
8.673188021800150027e-01 6.867197065000367188e+12
8.707880773887352044e-01 7.205347668505447266e+12
8.742712296982900755e-01 7.248454015446971680e+12
8.777683146170831563e-01 7.350231372251881836e+12
8.812793878755513788e-01 7.264900663420460938e+12
8.848045054270535781e-01 7.395940482420583984e+12
8.883437234487617795e-01 7.103728056248364258e+12
8.918970983425568155e-01 7.245405770981015625e+12
8.954646867359271623e-01 7.216322731141524414e+12
8.990465454828707736e-01 7.246354115945646484e+12
9.026427316648023558e-01 7.151969137365096680e+12
9.062533025914615292e-01 7.097694666647813477e+12
9.098783158018273198e-01 7.180799105342105469e+12
9.135178290650346478e-01 7.221809057379738281e+12
9.171719003812948134e-01 7.263661672902483398e+12
9.208405879828199803e-01 7.301621719805944336e+12
9.245239503347512100e-01 7.289289385802403320e+12
9.282220461360901620e-01 7.257017518218264648e+12
9.319349343206346781e-01 7.199621131634462891e+12
9.356626740579171431e-01 7.170891149561172852e+12
9.394053247541488405e-01 7.037294079880607422e+12
9.431629460531654185e-01 7.132569936156146484e+12
9.469355978373780180e-01 7.152048041160189453e+12
9.507233402287275092e-01 7.169029900678255859e+12
9.545262335896426142e-01 7.135471179679864258e+12
9.583443385240012491e-01 7.076108022352427734e+12
9.621777158780971950e-01 7.047253544338368164e+12
9.660264267416096562e-01 6.984672801301577148e+12
9.698905324485760371e-01 7.026864832169092773e+12
9.737700945783701600e-01 6.928724598150967773e+12
9.776651749566835914e-01 6.860239808371060547e+12
9.815758356565105203e-01 6.981010499062141602e+12
9.855021389991363012e-01 6.929015187101296875e+12
9.894441475551331022e-01 6.735977435756032227e+12
9.934019241453534432e-01 6.335060328694085938e+12
9.973755318419349480e-01 6.498536924719955078e+12
1.001365033969302543e+00 6.570028563186259766e+12
1.005370494105179757e+00 6.477367046536495117e+12
1.009391976081600362e+00 6.570332732205736328e+12
1.013429543985926884e+00 6.579953025838851562e+12
1.017483262161870350e+00 6.563602096150727539e+12
1.021553195210518128e+00 6.579449452550468750e+12
1.025639407991360219e+00 6.416592502530727539e+12
1.029741965623325539e+00 6.360663543026730469e+12
1.033860933485818867e+00 6.366184690618172852e+12
1.037996377219762012e+00 6.471360546520608398e+12
1.042148362728641198e+00 6.415026792050772461e+12
1.046316956179555557e+00 6.489049825694329102e+12
1.050502224004274066e+00 6.458094352642847656e+12
1.054704232900291139e+00 6.498168241516461914e+12
1.058923049831892227e+00 6.429204435240089844e+12
1.063158742031219628e+00 6.428985227625520508e+12
1.067411376999344741e+00 6.325463753478517578e+12
1.071681022507342096e+00 6.321354473539213867e+12
1.075967746597371377e+00 6.358487788988774414e+12
1.080271617583760779e+00 6.318576072574966797e+12
1.084592704054095913e+00 6.339187548154276367e+12
1.088931074870312044e+00 6.322931996587458984e+12
1.093286799169793433e+00 6.306620014257187500e+12
1.097659946366472461e+00 6.262442056140878906e+12
1.102050586151938294e+00 6.258361993503110352e+12
1.106458788496546219e+00 6.237823302230665039e+12
1.110884623650532532e+00 6.178159069695092773e+12
1.115328162145134749e+00 6.217341486591550781e+12
1.119789474793714934e+00 6.175911172480280273e+12
1.124268632692889902e+00 6.174624690920268555e+12
1.128765707223661430e+00 6.137858978616591797e+12
1.133280770052556230e+00 6.133563852449260742e+12
1.137813893132766374e+00 5.978275147665188477e+12
1.142365148705297484e+00 5.924380073423517578e+12
1.146934609300118479e+00 6.047280135735207031e+12
1.151522347737319096e+00 6.078329751403048828e+12
1.156128437128268516e+00 6.007391110361564453e+12
1.160752950876781542e+00 5.924640280952065430e+12
1.165395962680288999e+00 5.956229072753046875e+12
1.170057546531009907e+00 5.915319282907083984e+12
1.174737776717134086e+00 5.902275572435589844e+12
1.179436727824002773e+00 5.831415245825301758e+12
1.184154474735298557e+00 5.739191196160195312e+12
1.188891092634239977e+00 5.772550129125423828e+12
1.193646657004777012e+00 5.790306012579495117e+12
1.198421243632796118e+00 5.617262158603116211e+12
1.203214928607327261e+00 5.682418426501262695e+12
1.208027788321756724e+00 5.672682511482696289e+12
1.212859899475043468e+00 5.656868784559175781e+12
1.217711339072943710e+00 5.663564488680743164e+12
1.222582184429235275e+00 5.613155385902940430e+12
1.227472513166952384e+00 5.628044363057125977e+12
1.232382403219620226e+00 5.581604863946396484e+12
1.237311932832498407e+00 5.547187911975431641e+12
1.242261180563828615e+00 5.408770223231435547e+12
1.247230225286083849e+00 5.455296634595851562e+12
1.252219146187228072e+00 5.405232350573305664e+12
1.257228022771976983e+00 5.409629857098048828e+12
1.262256934863064783e+00 5.378320644585216797e+12
1.267305962602517155e+00 5.385550182339557617e+12
1.272375186452927354e+00 5.344043834890575195e+12
1.277464687198738957e+00 5.321052840962123047e+12
1.282574545947533950e+00 5.253077167826151367e+12
1.287704844131324133e+00 5.216622739310423828e+12
1.292855663507849417e+00 5.178958782825245117e+12
1.298027086161880783e+00 5.194014199263390625e+12
1.303219194506528344e+00 5.173781184781158203e+12
1.308432071284554521e+00 5.133333682260044922e+12
1.313665799569692760e+00 5.136172874002735352e+12
1.318920462767971591e+00 5.116346312275812500e+12
1.324196144619043336e+00 5.061072649912586914e+12
1.329492929197519491e+00 5.013276641525894531e+12
1.334810900914309650e+00 4.937573628906262695e+12
1.340150144517967101e+00 4.904474020832610352e+12
1.345510745096038852e+00 4.889826054952359375e+12
1.350892788076423212e+00 4.878413681094469727e+12
1.356296359228728932e+00 4.850062843621354492e+12
1.361721544665643879e+00 4.843204014781968750e+12
1.367168430844306393e+00 4.823146023910157227e+12
1.372637104567683730e+00 4.820649894961690430e+12
1.378127652985954299e+00 4.789542284759427734e+12
1.383640163597898098e+00 4.772962698656791016e+12
1.389174724252289828e+00 4.731709604839032227e+12
1.394731423149298877e+00 4.704581841634447266e+12
1.400310348841896202e+00 4.675685342772605469e+12
1.405911590237263642e+00 4.649243335042411133e+12
1.411535236598212784e+00 4.618829901069356445e+12
1.417181377544605603e+00 4.592078691542039062e+12
1.422850103054784210e+00 4.569708144087317383e+12
1.428541503467003038e+00 4.495684647209434570e+12
1.434255669480871243e+00 4.539388003392204102e+12
1.439992692158794885e+00 4.512280778864125000e+12
1.445752662927429988e+00 4.499314741804383789e+12
1.451535673579139596e+00 4.473277094188171875e+12
1.457341816273456159e+00 4.448232442023714844e+12
1.463171183538549913e+00 4.433885640294759766e+12
1.469023868272704147e+00 4.398166079996443359e+12
1.474899963745795128e+00 4.393005175855667969e+12
1.480799563600778246e+00 4.373745725971163574e+12
1.486722761855181485e+00 4.293054173739391113e+12
1.492669652902602007e+00 4.343857826589938477e+12
1.498640331514212276e+00 4.313463903257147949e+12
1.504634892840269300e+00 4.059355320169426758e+12
1.510653432411630304e+00 4.294285285582679199e+12
1.516696046141276843e+00 4.287040682254010742e+12
1.522762830325842032e+00 4.278663591549162598e+12
1.528853881647145307e+00 4.264089381375697266e+12
1.534969297173733649e+00 4.239751041194366211e+12
1.541109174362428780e+00 4.239054292102815430e+12
1.547273611059878373e+00 4.226304033279429688e+12
1.553462705504118135e+00 4.206805438142536621e+12
1.559676556326134556e+00 4.191895763395869141e+12
1.565915262551438980e+00 4.188546089504230957e+12
1.572178923601644795e+00 4.134426022679463379e+12
1.578467639296051495e+00 4.118736602169640625e+12
1.584781509853235626e+00 4.156854908462176270e+12
1.591120635892648405e+00 4.125467704792247559e+12
1.597485118436219098e+00 4.153131221265578613e+12
1.603875058909963958e+00 4.131378137973403320e+12
1.610290559145603595e+00 4.122979593192316895e+12
1.616731721382186127e+00 3.908151681423452148e+12
1.623198648267714761e+00 4.056928286226120117e+12
1.629691442860785600e+00 4.087575075751891113e+12
1.636210208632228769e+00 4.076035454591615234e+12
1.642755049466757766e+00 4.016362426415699219e+12
1.649326069664624805e+00 3.994727398952488281e+12
1.655923373943283039e+00 3.966755616102795410e+12
1.662547067439056336e+00 3.916988417072016113e+12
1.669197255708812611e+00 3.891995001318359863e+12
1.675874044731648027e+00 3.854987297104451172e+12
1.682577540910574321e+00 3.808418343102202637e+12
1.689307851074216771e+00 3.770535355369344727e+12
1.696065082478513508e+00 3.727812938881095215e+12
1.702849342808427480e+00 3.679542054505522461e+12
1.709660740179661298e+00 3.516052442774166992e+12
1.716499383140379864e+00 3.572868362322274902e+12
1.723365380672941427e+00 3.534529333761772949e+12
1.730258842195633306e+00 3.488340969913721680e+12
1.737179877564415831e+00 3.427643706987642578e+12
1.744128597074673603e+00 3.385858812928083984e+12
1.751105111462972097e+00 3.332136369331660156e+12
1.758109531908824241e+00 3.271030830082181641e+12
1.765141970036459451e+00 3.231551748797270508e+12
1.772202537916605314e+00 3.175743578846012207e+12
1.779291348068271716e+00 3.118068117713204102e+12
1.786408513460544745e+00 3.074631937691221191e+12
1.793554147514387020e+00 3.023092058884292480e+12
1.800728364104444257e+00 2.988276037359231934e+12
1.807931277560862249e+00 2.935486651249782227e+12
1.815163002671105641e+00 2.917337792898298828e+12
1.822423654681789795e+00 2.877664886367441406e+12
1.829713349300517100e+00 2.835394399344977051e+12
1.837032202697718830e+00 2.809250813109779297e+12
1.844380331508509885e+00 2.723764497376379395e+12
1.851757852834543527e+00 2.707076780950390137e+12
1.859164884245881888e+00 2.627129596701089355e+12
1.866601543782865358e+00 2.657637683314515137e+12
1.874067949957996859e+00 2.603523021243224121e+12
1.881564221757828781e+00 2.596837236376250000e+12
1.889090478644860127e+00 2.559096287947642090e+12
1.896646840559439662e+00 2.546252786444937012e+12
1.904233427921677269e+00 2.522194881072144531e+12
1.911850361633363971e+00 2.507718214966112793e+12
1.919497763079897279e+00 2.469040655403109375e+12
1.927175754132217200e+00 2.362626303740342285e+12
1.934884457148745796e+00 2.375429900058196777e+12
1.942623994977340729e+00 2.220561464145532227e+12
1.950394490957250149e+00 2.243167104608316895e+12
1.958196068921079336e+00 2.330929123962175293e+12
1.966028853196763793e+00 2.314669773452979980e+12
1.973892968609550991e+00 2.142489429356434082e+12
1.981788540483989447e+00 2.098055170641950684e+12
1.989715694645925126e+00 2.082471060716787842e+12
1.997674557424508723e+00 2.168233859296879883e+12
2.005665255654207169e+00 2.162170159191125732e+12
2.013687916676823786e+00 2.131730873818679199e+12
2.021742668343530891e+00 2.110408658960322754e+12
2.029829639016905052e+00 2.079258939250485352e+12
2.037948957572972564e+00 2.055350030454757080e+12
2.046100753403264694e+00 2.029080937052790283e+12
2.054285156416877811e+00 2.017207171890879883e+12
2.062502297042545507e+00 1.977041904102875977e+12
2.070752306230715600e+00 1.968123466415535156e+12
2.079035315455638244e+00 1.946641638411348389e+12
2.087351456717461140e+00 1.921914235376442383e+12
2.095700862544330967e+00 1.892988193015283691e+12
2.104083665994508134e+00 1.887623520927338379e+12
2.112500000658485977e+00 1.869132916887281006e+12
2.120950000661120161e+00 1.850875866202753906e+12
2.129433800663764753e+00 1.825624927677229980e+12
2.137951535866419839e+00 1.810095403165952393e+12
2.146503342009885351e+00 1.798546787078103760e+12
2.155089355377924676e+00 1.779587451090732422e+12
2.163709712799436691e+00 1.764694894389785645e+12
2.172364551650634468e+00 1.745845982529095947e+12
2.181054009857236853e+00 1.719523424890774902e+12
2.189778225896665376e+00 1.705620930489485596e+12
2.198537338800252705e+00 1.692978077924888428e+12
2.207331488155453325e+00 1.648164847005674072e+12
2.216160814108075083e+00 1.663003185179761475e+12
2.225025457364507631e+00 1.627141120533678955e+12
2.233925559193965515e+00 1.622385613931763184e+12
2.242861261430741493e+00 1.610439989314212402e+12
2.251832706476463830e+00 1.594487947175418213e+12
2.260840037302370042e+00 1.558257438626790283e+12
2.269883397451579299e+00 1.558403520231091553e+12
2.278962931041386142e+00 1.532932115862222656e+12
2.288078782765551100e+00 1.524002374997735596e+12
2.297231097896613505e+00 1.406402723786871826e+12
2.306420022288200311e+00 1.445628171819361084e+12
2.315645702377353121e+00 1.434904777466766357e+12
2.324908285186861878e+00 1.333215819681704346e+12
2.334207918327609654e+00 1.363083398999824219e+12
2.343544750000919663e+00 1.361507401898361572e+12
2.352918929000923143e+00 1.285947137150899658e+12
2.362330604716927240e+00 1.295365307890553467e+12
2.371779927135795329e+00 1.300685929433397461e+12
2.381267046844337987e+00 1.242325570298120605e+12
2.390792115031715070e+00 1.224178945038022217e+12
2.400355283491842240e+00 1.224036217494948486e+12
2.409956704625809465e+00 1.186935325703356689e+12
2.419596531444312859e+00 1.149369386145414062e+12
2.429274917570089620e+00 1.148736983568445801e+12
2.438992017240370291e+00 1.137229409113817383e+12
2.448747985309331465e+00 1.074632387526695435e+12
2.458542977250568917e+00 1.074552485913748169e+12
2.468377149159570738e+00 1.077321735536760498e+12
2.478250657756209563e+00 1.024849088627057007e+12
2.488163660387234355e+00 1.018603055539980347e+12
2.498116315028783063e+00 1.016950403346133057e+12
2.508108780288898387e+00 9.868974092360510254e+11
2.518141215410053757e+00 9.719553099034215088e+11
2.528213780271693967e+00 9.540180470032976074e+11
2.538326635392781139e+00 9.449259247184373779e+11
2.548479941934351789e+00 9.316390268556547852e+11
2.558673861702089436e+00 9.217073883044978027e+11
2.568908557148898097e+00 9.199102631712836914e+11
2.579184191377493551e+00 8.987143032154554443e+11
2.589500928143003478e+00 8.993232734960417480e+11
2.599858931855575594e+00 8.949421438697720947e+11
2.610258367582998229e+00 8.920374370477227783e+11
2.620699401053329769e+00 8.778002408084290771e+11
2.631182198657543214e+00 8.739235693466579590e+11
2.641706927452173392e+00 8.672104390809077148e+11
2.652273755161981938e+00 8.655369579936673584e+11
2.662882850182629824e+00 8.575636025494638672e+11
2.673534381583360542e+00 8.358405268050585938e+11
2.684228519109693956e+00 8.260983307559893799e+11
2.694965433186132575e+00 8.048400235558681641e+11
2.705745294918877164e+00 7.975628655276728516e+11
2.716568276098552559e+00 7.787183546160023193e+11
2.727434549202946812e+00 7.588811449725372314e+11
2.738344287399758326e+00 7.460294454828096924e+11
2.749297664549357201e+00 7.384099267501405029e+11
2.760294855207554576e+00 7.309010295572850342e+11
2.771336034628385292e+00 7.151129982439571533e+11
2.782421378766898545e+00 7.041671488923491211e+11
2.793551064281966312e+00 7.008397508999201660e+11
2.804725268539093985e+00 6.804653696561141357e+11
2.815944169613250558e+00 6.660269010224575195e+11
2.827207946291703244e+00 6.721913106515615234e+11
2.838516778076869862e+00 6.506808707139273682e+11
2.849870845189177437e+00 6.404755492188946533e+11
2.861270328569933685e+00 6.453230073976184082e+11
2.872715409884213589e+00 6.264591485105587158e+11
2.884206271523750420e+00 6.217882822290354004e+11
2.895743096609845413e+00 6.188734326765532227e+11
2.907326068996284985e+00 5.960854256813186035e+11
2.918955373272270393e+00 5.982504936697366943e+11
2.930631194765359826e+00 5.852526549399163818e+11
2.942353719544420709e+00 5.710728782554248047e+11
2.954123134422598440e+00 5.731000186844615479e+11
2.965939626960289122e+00 5.589471740150124512e+11
2.977803385468130504e+00 5.592041279629273682e+11
2.989714599010003138e+00 5.451018532170771484e+11
3.001673457406043077e+00 5.417066566426364136e+11
3.013680151235667015e+00 5.362584739225001831e+11
3.025734871840609408e+00 5.177972925076511841e+11
3.037837811327972037e+00 5.283739047151492920e+11
3.049989162573283785e+00 5.091977856193841553e+11
3.062189119223576395e+00 5.122866771243706665e+11
3.074437875700470890e+00 5.003488754486514893e+11
3.086735627203272880e+00 4.936978411867971191e+11
3.099082569712085622e+00 4.931159159997775269e+11
3.111478899990933744e+00 4.811573062798580933e+11
3.123924815590897186e+00 4.809056336784242554e+11
3.136420514853261121e+00 4.727460075431212158e+11
3.148966196912674320e+00 4.681626664362800293e+11
3.161562061700325277e+00 4.641749215275657959e+11
3.174208309947126327e+00 4.555142339895663452e+11
3.186905143186915090e+00 4.566459825232041626e+11
3.199652763759662566e+00 4.430886826483983765e+11
3.212451374814701222e+00 4.488442236375247192e+11
3.225301180313960625e+00 4.393673428479816284e+11
3.238202385035215958e+00 4.351722903837340088e+11
3.251155194575356955e+00 4.316829417613640747e+11
3.264159815353658622e+00 4.267495604228269043e+11
3.277216454615073271e+00 4.221996914211481323e+11
3.290325320433533207e+00 4.174145068268630371e+11
3.303486621715267635e+00 4.149655444634734497e+11
3.316700568202128441e+00 4.079405583583942871e+11
3.329967370474937294e+00 4.079078827720241089e+11
3.343287239956836743e+00 3.997190776737972412e+11
3.356660388916663962e+00 3.973941052358692017e+11
3.370087030472330714e+00 3.934343736998835449e+11
3.383567378594220187e+00 3.881632876706774292e+11
3.397101648108596716e+00 3.849465559120894165e+11
3.410690054701031482e+00 3.787062169475786133e+11
3.424332814919834878e+00 3.767775193783142700e+11
3.438030146179514634e+00 3.719875804241998291e+11
3.451782266764232610e+00 3.681950736393334961e+11
3.465589395831289998e+00 3.642486970904340210e+11
3.479451753414614767e+00 3.597628916586812744e+11
3.493369560428273068e+00 3.546250419611345215e+11
3.507343038669985980e+00 3.526768067264604492e+11
3.521372410824665788e+00 3.462409122236302490e+11
3.535457900467964709e+00 3.432087470919094238e+11
3.549599732069836477e+00 3.392445163025134888e+11
3.563798130998116154e+00 3.348305338507351685e+11
3.578053323522108364e+00 3.309899512592290039e+11
3.592365536816196858e+00 3.271958110036077881e+11
3.606734998963461614e+00 3.230530267555942383e+11
3.621161938959315041e+00 3.188258286176632080e+11
3.635646586715152839e+00 3.148967084161736450e+11
3.650189173062013293e+00 3.111374395938803711e+11
3.664789929754260545e+00 3.072614684359083252e+11
3.679449089473277645e+00 3.027761994442629395e+11
3.694166885831170699e+00 2.993454795100462646e+11
3.708943553374495661e+00 2.960244164517713013e+11
3.723779327587993571e+00 2.922162585024995728e+11
3.738674444898345328e+00 2.879924052913103638e+11
3.753629142677938901e+00 2.852261738002216187e+11
3.768643659248651190e+00 2.808554405719706421e+11
3.783718233885645432e+00 2.779312928687377930e+11
3.798853106821188153e+00 2.739991843015546265e+11
3.814048519248473657e+00 2.705789735905186768e+11
3.829304713325467180e+00 2.661455930746907959e+11
3.844621932178768908e+00 2.631896192944203796e+11
3.860000419907484215e+00 2.599563201878045044e+11
3.875440421587113882e+00 2.560325982954635010e+11
3.890942183273462529e+00 2.524717993851482849e+11
3.906505952006555926e+00 2.491982442672532654e+11
3.922131975814582727e+00 2.458171617604683838e+11
3.937820503717840648e+00 2.422161134167398682e+11
3.953571785732711508e+00 2.377701147117229614e+11
3.969386072875642490e+00 2.352318620911155090e+11
3.985263617167145167e+00 2.307787314087826538e+11
4.001204671635814059e+00 2.277794383353598633e+11
4.017209490322357190e+00 2.248795851950457764e+11
4.033278328283646630e+00 2.212569220361934509e+11
4.049411441596781458e+00 2.159051282098046875e+11
4.065609087363168506e+00 2.144770108021702271e+11
4.081871523712622185e+00 2.091931566292572021e+11
4.098199009807472315e+00 2.076355459269922791e+11
4.114591805846702144e+00 2.049074489233198853e+11
4.131050173070089038e+00 1.998884326382083740e+11
4.147574373762369149e+00 1.991170415244795532e+11
4.164164671257418959e+00 1.944589366723525085e+11
4.180821329942449260e+00 1.925675875343297119e+11
4.197544615262219558e+00 1.901715155823195496e+11
4.214334793723269357e+00 1.858629672531251221e+11
4.231192132898162761e+00 1.852251050824763184e+11
4.248116901429755288e+00 1.808976358896860657e+11
4.265109369035473996e+00 1.786392908652910156e+11
4.282169806511615384e+00 1.770355832012280884e+11
4.299298485737661935e+00 1.649851875275326843e+11
4.316495679680612874e+00 1.644283386865585022e+11
4.333761662399335357e+00 1.617724956121239014e+11
4.351096709048932532e+00 1.553134399969715271e+11
4.368501095885127583e+00 1.516450017893652344e+11
4.385975100268668214e+00 1.487864191571636353e+11
4.403519000669743555e+00 1.445533749196096191e+11
4.421133076672422391e+00 1.413901181791047058e+11
4.438817608979111817e+00 1.390173555405574341e+11
4.456572879415028332e+00 1.367027228423474121e+11
4.474399170932688463e+00 1.315391324425469818e+11
4.492296767616419828e+00 1.313441528647122345e+11
4.510265954686884626e+00 1.300515108401358795e+11
4.528307018505633330e+00 1.258653682408307495e+11
4.546420246579655711e+00 1.249772463364375153e+11
4.564605927565974497e+00 1.229320357064694214e+11
4.582864351276237258e+00 1.214979570324977112e+11
4.601195808681342925e+00 1.194998915170323029e+11
4.619600591916067422e+00 1.193386846528725128e+11
4.638078994283731937e+00 1.172216822262984314e+11
4.656631310260867629e+00 1.173885702294330902e+11
4.675257835501911430e+00 1.150682681315025482e+11
4.693958866843916944e+00 1.137270614042244110e+11
4.712734702311292878e+00 1.120772642514848175e+11
4.731585641120538810e+00 1.114566031195024261e+11
4.750511983685020923e+00 1.096481971001221161e+11
4.769514031619761063e+00 1.076930720463273163e+11
4.788592087746240011e+00 1.063479091815691986e+11
4.807746456097224730e+00 1.049818574885828552e+11
4.826977441921613377e+00 1.044178300774271240e+11
4.846285351689299858e+00 1.028032238079271545e+11
4.865670493096057925e+00 1.013308040209185791e+11
4.885133175068442135e+00 9.921088910383193970e+10
4.904673707768715474e+00 9.804782900387089539e+10
4.924292402599791174e+00 9.636792661936006165e+10
4.943989572210189642e+00 9.495036778089437866e+10
4.963765530499030021e+00 9.279232699054644775e+10
4.983620592621027079e+00 9.278280719480581665e+10
5.003555074991511198e+00 9.063598406115132141e+10
5.023569295291476777e+00 8.870480816848764038e+10
5.043663572472643075e+00 8.924893577444569397e+10
5.063838226762532813e+00 8.735549710801834106e+10
5.084093579669583640e+00 8.524334777986590576e+10
5.104429953988261381e+00 8.476583605922042847e+10
5.124847673804215020e+00 8.348343078889245605e+10
5.145347064499431688e+00 8.303227145168984985e+10
5.165928452757428957e+00 8.043800877588940430e+10
5.186592166568458673e+00 8.094904059418164062e+10
5.207338535234733001e+00 7.853399005543101501e+10
5.228167889375671784e+00 7.843926525640217590e+10
5.249080560933174766e+00 7.617188560017178345e+10
5.270076883176907145e+00 7.620060027013241577e+10
5.291157190709615321e+00 7.433032731288027954e+10
5.312321819472453299e+00 7.392376896084332275e+10
5.333571106750343738e+00 7.294261452532888794e+10
5.354905391177344320e+00 7.180736581912005615e+10
5.376325012742054099e+00 7.078166674300326538e+10
5.397830312793021612e+00 7.037739206199966431e+10
5.419421634044193858e+00 6.815645079258938599e+10
5.441099320580370602e+00 6.854526762516429138e+10
5.462863717862692425e+00 6.686046909360947418e+10
5.484715172734142996e+00 6.632020397917551422e+10
5.506654033425078865e+00 6.555289000832578278e+10
5.528680649558780580e+00 6.514380866237402344e+10
5.550795372157015350e+00 6.358901470518947601e+10
5.572998553645643227e+00 6.297634799789402771e+10
5.595290547860225949e+00 6.255414792343500519e+10
5.617671710051667766e+00 6.151492467720022583e+10
5.640142396891874021e+00 6.086476997442295837e+10
5.662702966479441713e+00 6.020054685486764526e+10
5.685353778345359821e+00 5.858300119484510803e+10
5.708095193458740724e+00 5.849077602817357635e+10
5.730927574232576482e+00 5.741423400641567230e+10
5.753851284529505783e+00 5.730874303273301697e+10
5.776866689667624399e+00 5.629781041067095184e+10
5.799974156426294769e+00 5.574089232069809723e+10
5.823174053051999977e+00 5.446279278015228271e+10
5.846466749264207508e+00 5.379629014135376740e+10
5.869852616261264977e+00 5.343259896138562012e+10
5.893332026726310069e+00 5.250009199967897797e+10
5.916905354833215114e+00 5.217787665541101074e+10
5.940572976252548543e+00 5.122768480544596863e+10
5.964335268157558545e+00 5.057753393578558350e+10
5.988192609230189589e+00 4.985495855954184723e+10
6.012145379667110490e+00 4.942994871264693451e+10
6.036193961185778889e+00 4.827294897142234039e+10
6.060338737030522616e+00 4.796628994019966125e+10
6.084580091978644134e+00 4.754574866731777191e+10
6.108918412346558746e+00 4.643397943710202026e+10
6.133354085995945226e+00 4.627759670906626892e+10
6.157887502339929320e+00 4.557989602138220215e+10
6.182519052349287669e+00 4.470903925550801086e+10
6.207249128558685491e+00 4.420367990009902191e+10
6.232078125072920471e+00 4.366787468920710754e+10
6.257006437573212843e+00 4.285802803939721680e+10
6.282034463323505236e+00 4.228767615237821960e+10
6.307162601176800720e+00 4.164980221008955383e+10
6.332391251581507063e+00 4.107224445413630676e+10
6.357720816587833390e+00 4.032643628955315399e+10
6.383151699854184180e+00 3.959633095447212982e+10
6.408684306653601226e+00 3.884950923255153656e+10
6.434319043880215361e+00 3.829494084116748810e+10
6.460056320055736379e+00 3.703883425445893860e+10
6.485896545335958052e+00 3.594051827954376984e+10
6.511840131517302233e+00 3.557374682594259644e+10
6.537887492043371829e+00 3.474426064464655304e+10
6.564039042011545533e+00 3.396546930644279099e+10
6.590295198179591196e+00 3.314921180903890610e+10
6.616656378972309405e+00 3.278700417926977539e+10
6.643123004488199257e+00 3.203227611531888199e+10
6.669695496506150789e+00 3.163599257562987137e+10
6.696374278492176479e+00 3.102345464164995956e+10
6.723159775606144528e+00 3.088896856103130341e+10
6.750052414708568094e+00 3.037609244346694565e+10
6.777052624367403411e+00 2.940832985455810547e+10
6.804160834864871887e+00 2.928982867684901428e+10
6.831377478204331055e+00 2.870496804581084442e+10
6.858702988117148180e+00 2.864754390861303329e+10
6.886137800069615622e+00 2.810286848637065887e+10
6.913682351269895499e+00 2.750757553000768661e+10
6.941337080674975013e+00 2.722693161427260971e+10
6.969102428997675069e+00 2.685541163809097290e+10
6.996978838713665994e+00 2.655061338539927673e+10
7.024966754068519670e+00 2.619708215848854828e+10
7.053066621084793653e+00 2.578719764197645569e+10
7.081278887569133929e+00 2.537719601068190384e+10
7.109604003119409654e+00 2.481795783087119675e+10
7.138042419131887861e+00 2.473447776576158524e+10
7.166594588808414379e+00 2.439105114654627609e+10
7.195260967163648047e+00 2.394465212443154907e+10
7.224042011032302923e+00 2.354822732625038147e+10
7.252938179076432235e+00 2.322215819147561264e+10
7.281949931792737196e+00 2.301407855659222794e+10
7.311077731519908696e+00 2.265110154990684891e+10
7.340322042445988515e+00 2.222708784814668274e+10
7.369683330615771411e+00 2.188720197142285156e+10
7.399162063938235612e+00 2.184930095024977875e+10
7.428758712193988423e+00 2.120407691152360916e+10
7.458473747042765112e+00 2.116021364942467499e+10
7.488307642030935796e+00 2.081051597052134705e+10
7.518260872599060285e+00 2.039433442186785507e+10
7.548333916089456253e+00 2.030065855437361145e+10
7.578527251753813587e+00 1.976959989886590958e+10
7.608841360760829176e+00 1.931218958928530502e+10
7.639276726203872769e+00 1.921350568287290192e+10
7.669833833108687493e+00 1.884726524757635880e+10
7.700513168441122325e+00 1.866564815346288681e+10
7.731315221114887670e+00 1.824315142638468933e+10
7.762240481999347352e+00 1.791929905576678085e+10
7.793289443927344351e+00 1.765458414613703918e+10
7.824462601703054077e+00 1.754748363808890915e+10
7.855760452109866065e+00 1.714916898631253052e+10
7.887183493918306532e+00 1.676485161093392754e+10
7.918732227893980458e+00 1.655105164140896225e+10
7.950407156805555431e+00 1.638045809957519913e+10
7.982208785432777454e+00 1.595642138109833145e+10
8.014137620574508958e+00 1.591095172424053574e+10
8.046194171056805899e+00 1.544586076570754242e+10
8.078378947741034821e+00 1.532631576992036247e+10
8.110692463531997021e+00 1.505443237964375114e+10
8.143135233386125549e+00 1.492219023597490311e+10
8.175707774319670662e+00 1.465727511880410194e+10
8.208410605416949224e+00 1.438346579762463188e+10
8.241244247838615422e+00 1.429783956187334061e+10
8.274209224829968790e+00 1.396222051191791725e+10
8.307306061729288871e+00 1.384888148933444023e+10
8.340535285976207192e+00 1.356745186672432327e+10
8.373897427120111203e+00 1.330315555364359665e+10
8.407393016828594412e+00 1.327837851923442650e+10
8.441022588895906509e+00 1.296912545009961510e+10
8.474786679251490540e+00 1.288117441512497330e+10
8.508685825968495209e+00 1.259074301174140739e+10
8.542720569272368891e+00 1.247779631962561035e+10
8.576891451549458978e+00 1.223043323845282745e+10
8.611199017355655627e+00 1.214242793759134865e+10
8.645643813425078150e+00 1.198534901029835320e+10
8.680226388678779159e+00 1.176744233833514595e+10
8.714947294233493125e+00 1.162130027362579155e+10
8.749807083410427566e+00 1.132240002524506187e+10
8.784806311744070229e+00 1.128136589773167801e+10
8.819945536991047774e+00 1.108883697349585724e+10
8.855225319139009343e+00 1.091931082629443169e+10
8.890646220415566958e+00 1.083601418308860016e+10
8.926208805297228821e+00 1.068641019480517769e+10
8.961913640518417878e+00 1.044478994097558022e+10
8.997761295080492161e+00 1.034201860209255791e+10
9.033752340260813085e+00 1.023166012223422432e+10
9.069887349621856387e+00 1.009697467505067825e+10
9.106166899020346150e+00 9.894765950827997208e+09
9.142591566616424359e+00 9.782898719871793747e+09
9.179161932882891506e+00 9.640938922083435059e+09
9.215878580614422333e+00 9.472004136090793610e+09
9.252742094936881045e+00 9.300771241674415588e+09
9.289753063316627646e+00 9.237015563537282944e+09
9.326912075569895322e+00 9.018576268018589020e+09
9.364219723872173162e+00 8.998223833753656387e+09
9.401676602767663482e+00 8.785139965966249466e+09
9.439283309178733816e+00 8.645805477505867004e+09
9.477040442415447075e+00 8.558374559222373962e+09
9.514948604185111236e+00 8.420043489325822830e+09
9.553008398601852136e+00 8.334740748402329445e+09
9.591220432196260859e+00 8.150697588434720039e+09
9.629585313925044687e+00 8.028656845045051575e+09
9.668103655180747324e+00 7.908482772434871674e+09
9.706776069801470896e+00 7.814821219216823578e+09
9.745603174080676112e+00 7.705540500385847092e+09
9.784585586776998412e+00 7.599362997067368507e+09
9.823723929124106746e+00 7.468680365101229668e+09
9.863018824840601440e+00 7.346856075844136238e+09
9.902470900139965337e+00 7.132562843457901955e+09
9.942080783740523842e+00 7.120812565231290817e+09
9.981849106875488431e+00 6.986628328133207321e+09
1.002177650330298952e+01 6.907521793180225372e+09
1.006186360931619994e+01 6.768932378895700455e+09
1.010211106375346723e+01 6.649811316424227715e+09
1.014251950800847979e+01 6.560406486956129074e+09
1.018308958604051284e+01 6.490637303347848892e+09
1.022382194438467451e+01 6.367783241231078148e+09
1.026471723216221399e+01 6.256321966152326584e+09
1.030577610109086173e+01 6.141705137862665176e+09
1.034699920549522467e+01 6.044341826696801186e+09
1.038838720231720458e+01 5.966620559907678604e+09
1.042994075112647501e+01 5.868525174960098267e+09
1.047166051413097954e+01 5.775932680890996933e+09
1.051354715618750468e+01 5.664381463854229927e+09
1.055560134481225454e+01 5.575626972270045280e+09
1.059782375019150358e+01 5.485925884560942650e+09
1.064021504519226902e+01 5.440423024019918442e+09
1.068277590537303823e+01 5.354205654005790710e+09
1.072550700899452991e+01 5.203979053736870766e+09
1.076840903703050856e+01 5.141890756661730766e+09
1.081148267317863088e+01 5.072422851264365196e+09
1.085472860387134553e+01 5.074397507991645813e+09
1.089814751828683015e+01 4.874093663976922035e+09
1.094174010835997635e+01 4.841055562697607040e+09
1.098550706879341909e+01 4.719248564655909538e+09
1.102944909706859100e+01 4.664821294634284019e+09
1.107356689345686540e+01 4.611822053367362976e+09
1.111786116103069233e+01 4.526921064082264900e+09
1.116233260567481622e+01 4.475474672374653816e+09
1.120698193609751492e+01 4.357842534312203407e+09
1.125180986384190440e+01 4.328513232242032051e+09
1.129681710329727373e+01 4.245923715327698231e+09
1.134200437171046083e+01 4.199773248592149734e+09
1.138737238919730466e+01 4.137433509440451145e+09
1.143292187875409383e+01 4.033737851563818455e+09
1.147865356626910938e+01 3.998698586936172009e+09
1.152456818053418530e+01 3.910232207701640606e+09
1.157066645325632237e+01 3.856046315278169155e+09
1.161694911906934635e+01 3.780569500504865170e+09
1.166341691554562487e+01 3.758758746817993164e+09
1.171007058320780736e+01 3.685347426612298012e+09
1.175691086554063958e+01 3.589814782420606613e+09
1.180393850900279951e+01 3.574370227267666817e+09
1.185115426303881137e+01 3.496187433139024258e+09
1.189855888009096674e+01 3.475812870293949604e+09
1.194615311561133097e+01 3.421457123223749638e+09
1.199393772807377623e+01 3.358899879108633041e+09
1.204191347898607134e+01 3.309830802474181652e+09
1.209008113290201614e+01 3.257490185232326508e+09
1.213844145743362368e+01 3.197705430845521450e+09
1.218699522326335938e+01 3.165729262300787449e+09
1.223574320415641381e+01 3.108548189251276016e+09
1.228468617697303777e+01 3.086508664344089508e+09
1.233382492168093059e+01 2.996682281347171307e+09
1.238316022136765504e+01 2.965945569303531170e+09
1.243269286225312520e+01 2.876470827693435192e+09
1.248242363370213859e+01 2.894054255439308167e+09
1.253235332823694748e+01 2.820196746504891872e+09
1.258248274154989410e+01 2.796661125424886227e+09
1.263281267251609385e+01 2.758916590072783470e+09
1.268334392320615756e+01 2.693334712600906372e+09
1.273407729889898299e+01 2.695102036672801018e+09
1.278501360809457665e+01 2.602779741950588226e+09
1.283615366252695544e+01 2.557563408811581135e+09
1.288749827717706253e+01 2.560060595283699512e+09
1.293904827028577031e+01 2.480461691197871685e+09
1.299080446336691352e+01 2.475022750036089420e+09
1.304276768122038099e+01 2.419803789112326145e+09
1.309493875194526424e+01 2.390199718434776783e+09
1.314731850695304693e+01 2.344650302950757980e+09
1.319990778098085649e+01 2.305522445844347477e+09
1.325270741210477965e+01 2.273664024971838951e+09
1.330571824175319939e+01 2.233291840246207714e+09
1.335894111472021173e+01 2.195677199648874283e+09
1.341237687917909227e+01 2.185246348847953796e+09
1.346602638669580898e+01 2.125909697988779783e+09
1.351989049224258999e+01 2.118954615183538437e+09
1.357397005421156067e+01 2.065903691126825809e+09
1.362826593442840917e+01 2.038408019519925356e+09
1.368277899816612297e+01 2.015303243269036055e+09
1.373751011415878942e+01 1.962640249890562773e+09
1.379246015461542463e+01 1.957515677182959795e+09
1.384762999523388416e+01 1.911224513570425272e+09
1.390302051521481808e+01 1.910497995223460913e+09
1.395863259727567751e+01 1.867683526934587955e+09
1.401446712766477987e+01 1.829747520392636061e+09
1.407052499617543972e+01 1.828099748977000237e+09
1.412680709616014063e+01 1.762036216101608515e+09
1.418331432454478147e+01 1.726280419594159365e+09
1.424004758184296193e+01 1.727529148367608547e+09
1.429700777217033369e+01 1.711703016480510473e+09
1.435419580325901379e+01 1.660965788062657595e+09
1.441161258647204946e+01 1.651096860867236137e+09
1.446925903681793812e+01 1.602692839167953014e+09
1.452713607296521126e+01 1.602441297558569193e+09
1.458524461725707155e+01 1.572230117106219292e+09
1.464358559572609764e+01 1.530727884455063343e+09
1.470215993810900557e+01 1.508443513650154114e+09
1.476096857786143879e+01 1.512013145971084833e+09
1.482001245217288599e+01 1.481280248251018524e+09
1.487929250198157760e+01 1.451693199395793200e+09
1.493880967198950316e+01 1.428661278210489511e+09
1.499856491067746056e+01 1.406581091929687262e+09
1.505855917032016933e+01 1.392808033135815620e+09
1.511879340700144958e+01 1.365091619586882353e+09
1.517926858062945605e+01 1.343267580000909090e+09
1.523998565495197433e+01 1.330729350401870966e+09
1.530094559757178274e+01 1.298336673316316605e+09
1.536214937996206764e+01 1.278979411484446049e+09
1.542359797748191674e+01 1.259378647751256943e+09
1.548529236939184450e+01 1.246988790301879644e+09
1.554723353886941339e+01 1.217975449890581369e+09
1.560942247302489072e+01 1.212499334098185301e+09
1.567186016291699069e+01 1.188074789584046602e+09
1.573454760356865556e+01 1.162957775388221741e+09
1.579748579398293096e+01 1.158107770362146616e+09
1.586067573715886247e+01 1.133506218759643793e+09
1.592411844010749888e+01 1.122814487426132441e+09
1.598781491386792730e+01 1.088204038332932472e+09
1.605176617352340074e+01 1.082655123948807716e+09
1.611597323821749228e+01 1.060481728155547261e+09
1.618043713117036120e+01 1.042014373035576344e+09
1.624515887969504391e+01 1.024894800726758480e+09
1.631013951521382310e+01 1.022960298866018653e+09
1.637538007327468037e+01 1.007862708687808990e+09
1.644088159356778078e+01 9.916806178343433142e+08
1.650664511994205341e+01 9.682805823261313438e+08
1.657267170042182158e+01 9.493853864743752480e+08
1.663896238722350418e+01 9.325074065181988478e+08
1.670551823677240222e+01 9.279510626371734142e+08
1.677234030971949608e+01 9.185380223699929714e+08
1.683942967095837062e+01 8.963987968062434196e+08
1.690678738964220429e+01 8.838139048377923965e+08
1.697441453920077237e+01 8.731001733221285343e+08
1.704231219735757108e+01 8.691189195164617300e+08
1.711048144614700561e+01 8.348777413868672848e+08
1.717892337193159236e+01 8.327352175858519077e+08
1.724763906541932101e+01 8.096766597223775387e+08
1.731662962168099895e+01 8.018131258803145885e+08
1.738589614016772344e+01 7.921968880904086828e+08
1.745543972472839300e+01 7.871078795070585012e+08
1.752526148362730751e+01 7.716217903875397444e+08
1.759536252956181812e+01 7.538905989521348476e+08
1.766574397968006238e+01 7.423655461503442526e+08
1.773640695559878466e+01 7.333356563853933811e+08
1.780735258342117433e+01 7.258434776086890697e+08
1.787858199375486024e+01 7.185094067071164846e+08
1.795009632172988034e+01 6.984437294535086155e+08
1.802189670701679702e+01 6.938819602869316339e+08
1.809398429384486562e+01 6.825351202425200939e+08
1.816636023102024211e+01 6.569182749679909945e+08
1.823902567194432578e+01 6.635392583380174637e+08
1.831198177463210186e+01 6.531267312630702257e+08
1.838522970173062987e+01 6.400192546217979193e+08
1.845877062053754969e+01 6.328022202924978733e+08
1.853260570301970134e+01 6.141564705715271235e+08
1.860673612583178027e+01 6.025734311570903063e+08
1.868116307033510637e+01 5.995083856216934919e+08
1.875588772261644976e+01 5.888263260656017065e+08
1.883091127350691352e+01 5.864055443897812366e+08
1.890623491860094063e+01 5.734925205693354607e+08
1.898185985827534594e+01 5.618658271964617968e+08
1.905778729770844748e+01 5.623289867333788872e+08
1.913401844689928311e+01 5.547622556286635399e+08
1.921055452068688041e+01 5.317259211743037105e+08
1.928739673876962968e+01 5.326419987036340833e+08
1.936454632572470658e+01 5.264323124006144404e+08
1.944200451102760141e+01 5.089799060196520686e+08
1.951977252907171589e+01 5.138714639631289840e+08
1.959785161918800256e+01 4.957512286396333575e+08
1.967624302566475691e+01 4.917114794308096766e+08
1.991079942767366973e+01 4.726585369329270720e+08
