# Wavelength (micrometer), Flux (W / m2 / m)
1.000553076518779783e-01 9.834914656045008314e+02
1.004555288824854897e-01 1.170393675212454196e-16
1.008573509980154326e-01 3.132908284023327360e-16
1.012607804020075053e-01 4.161702128997472540e-16
1.016658235236155422e-01 2.243767243262984962e-16
1.020724868177099870e-01 1.115413764603456776e-13
1.024807767649808382e-01 2.051921146242753535e-15
1.028906998720407612e-01 1.468196751297735815e-15
1.033022626715289355e-01 6.066289354038829320e-13
1.037154717222150413e-01 1.097583580994358111e-15
1.041303336091038839e-01 4.148102222991055353e-15
1.045468549435403099e-01 2.906264758424057965e-14
1.049650423633144702e-01 3.706449356872149377e-16
1.053849025327677214e-01 1.582024087381980294e-13
1.058064421428987906e-01 2.774776250085149234e-15
1.062296679114703990e-01 3.073328593475246172e-13
1.066545865831162732e-01 9.997009210140652772e-14
1.070812049294487533e-01 3.883581501020412185e-14
1.075095297491665408e-01 3.478772062538492280e-12
1.079395678681632220e-01 6.044147522423691693e-14
1.083713261396358624e-01 2.868760662728513859e-12
1.088048114441943909e-01 1.640806645219928660e-12
1.092400306899711654e-01 2.059959605836150752e-09
1.096769908127310511e-01 3.088065316231269075e-12
1.101156987759819850e-01 3.424358298118656042e-12
1.105561615710859147e-01 1.203661719391333589e-09
1.109983862173702651e-01 1.381677375458667018e-10
1.114423797622397516e-01 1.663875252060267212e-11
1.118881492812886930e-01 6.110927241859794070e-12
1.123357018784138517e-01 2.023648408831530055e-11
1.127850446859275102e-01 4.698124829561375935e-08
1.132361848646712132e-01 1.646336579813518489e-08
1.136891296041298988e-01 1.676010489727936447e-08
1.141438861225464035e-01 2.054045001004741728e-08
1.146004616670366072e-01 2.380665020633165767e-08
1.150588635137047705e-01 2.199225342382873819e-08
1.155190989677595953e-01 1.255652459966438491e-08
1.159811753636306314e-01 4.164895125924398796e-08
1.164451000650851553e-01 6.466113013478652734e-09
1.169108804653455069e-01 7.091435786113360919e-09
1.173785239872068981e-01 4.491978258822515817e-08
1.178480380831557206e-01 8.228682797007724991e-08
1.183194302354883543e-01 8.471548026962364535e-08
1.187927079564302935e-01 9.098989989830859334e-09
1.192678787882560099e-01 2.547681469263054130e-08
1.197449503034090645e-01 2.246063754853231808e-08
1.202239301046226783e-01 2.781043148423726088e-10
1.207048258250411760e-01 2.963521263292670128e-09
1.211876451283413342e-01 1.078487467524245857e-10
1.216723957088547137e-01 9.294819457545854826e-13
1.221590852916901310e-01 1.605495792200939168e-09
1.226477216328568792e-01 1.038023154909920312e-08
1.231383125193883099e-01 1.798222157440309784e-09
1.236308657694658586e-01 2.028925052343694108e-08
1.241253892325437369e-01 5.460592742771904013e-09
1.246218907894739159e-01 7.788824047745350332e-10
1.251203783526317892e-01 2.538103108011526621e-09
1.256208598660423226e-01 6.055626268998740132e-08
1.261233433055065078e-01 5.921990303242437729e-08
1.266278366787285392e-01 1.279610233548427067e-09
1.271343480254434610e-01 2.996828147492855547e-08
1.276428854175452321e-01 3.186710690871270604e-08
1.281534569592154005e-01 5.202319760046838324e-09
1.286660707870522780e-01 2.255397499898054618e-08
1.291807350702004475e-01 7.640929420666423418e-08
1.296974580104812425e-01 4.948611883697855544e-08
1.302162478425231973e-01 1.041456003527937686e-08
1.307371128338932764e-01 1.593095756585751396e-07
1.312600612852288795e-01 1.370963829841975269e-07
1.317851015303697915e-01 1.663317565808586653e-07
1.323122419364912705e-01 1.103515772588893449e-06
1.328414909042372472e-01 1.299838843786679530e-06
1.333728568678542170e-01 8.220059722795506112e-07
1.339063482953256612e-01 8.203935390816403733e-08
1.344419736885069383e-01 7.655224520866540539e-07
1.349797415832609815e-01 4.001310888513677016e-06
1.355196605495940232e-01 2.311300060323743202e-06
1.360617391917924301e-01 7.186364959120213430e-06
1.366059861485595939e-01 1.169968402471455958e-06
1.371524100931538481e-01 1.226895231804788046e-07
1.377010197335264696e-01 6.841376005205551749e-07
1.382518238124605670e-01 1.625250038323683893e-05
1.388048311077104136e-01 9.258817600370124258e-06
1.393600504321412248e-01 9.815866845366303440e-07
1.399174906338697677e-01 6.707793696009387634e-07
1.404771605964052761e-01 4.182611287044533981e-05
1.410390692387908651e-01 4.873733284830220675e-06
1.416032255157460562e-01 1.627574457845205446e-04
1.421696384178090522e-01 1.504551674802689019e-07
1.427383169714803168e-01 2.269315769735038451e-05
1.433092702393662099e-01 1.710523443951426437e-03
1.438825073203236771e-01 1.073094506143276700e-04
1.444580373496049674e-01 9.753317875370905166e-04
1.450358694990033503e-01 9.241417305911091902e-05
1.456160129769993872e-01 2.640405184426365421e-03
1.461984770289073976e-01 2.743607369905723577e-03
1.467832709370230082e-01 5.069238041429194059e-04
1.473704040207710897e-01 2.978134507065019216e-03
1.479598856368541382e-01 1.998756056467193128e-05
1.485517251794015725e-01 1.026692978950821938e-03
1.491459320801191979e-01 3.278628083120604594e-03
1.497425158084396690e-01 3.903665086550713059e-04
1.503414858716734248e-01 1.337676506086171030e-02
1.509428518151600951e-01 9.201088761125779869e-04
1.515466232224207677e-01 3.005160277423505300e-06
1.521528097153104220e-01 6.215553753596177720e-05
1.527614209541716672e-01 5.201399834398411432e-08
1.533724666379883694e-01 6.140105458319224837e-08
1.539859565045403056e-01 2.679201484168758086e-08
1.546019003305584838e-01 2.727966572042390164e-10
1.552203079318807133e-01 1.286673433925178844e-09
1.558411891636082569e-01 1.141258090686808288e-09
1.564645539202626778e-01 8.536805906053499368e-10
1.570904121359437411e-01 1.664610945609105068e-09
1.577187737844875093e-01 9.839363654185565490e-10
1.583496488796254653e-01 2.448102241399583294e-09
1.589830474751439959e-01 7.363845200775828497e-09
1.596189796650445414e-01 2.268284115756366277e-09
1.602574555837047166e-01 3.105998976064856394e-09
1.608984854060395708e-01 6.513356312792839926e-09
1.615420793476636807e-01 6.073110213006534590e-09
1.621882476650543525e-01 8.477961280146221821e-09
1.628370006557145755e-01 8.990404135451102750e-09
1.634883486583374457e-01 1.291720135424245182e-08
1.641423020529707844e-01 1.734685399039738554e-08
1.647988712611826723e-01 1.956674496048512278e-08
1.654580667462274002e-01 1.013996616734514540e-08
1.661198990132123077e-01 3.506509207064478404e-08
1.667843786092651215e-01 3.824555069839088674e-08
1.674515161237022098e-01 6.719828908503758826e-08
1.681213221881969755e-01 2.298602623795111457e-07
1.687938074769497754e-01 1.033396025171212870e-07
1.694689827068575905e-01 2.374791476364852777e-06
1.701468586376850278e-01 9.097788000767034118e-07
1.708274460722357391e-01 1.094640825577399743e-06
1.715107558565246715e-01 1.598146653267327339e-06
1.721967988799507909e-01 1.136231518665373608e-06
1.728855860754705820e-01 2.696843669016755657e-06
1.735771284197724640e-01 1.101294725704580611e-06
1.742714369334515678e-01 6.936444067019112732e-07
1.749685226811853456e-01 1.056698186898659315e-05
1.756683967719100681e-01 1.890869919868278030e-06
1.763710703589977391e-01 2.289393313832890800e-05
1.770765546404337309e-01 3.919872473311636737e-05
1.777848608589954471e-01 2.444421530906344112e-06
1.784960003024314568e-01 7.942428248364300771e-05
1.792099843036411844e-01 5.264429179434536559e-05
1.799268242408557650e-01 5.116425257660774085e-05
1.806465315378191772e-01 2.741150574701434043e-04
1.813691176639704306e-01 1.152840724995943333e-05
1.820945941346263086e-01 9.911033247563998734e-05
1.828229725111648329e-01 1.135073185561958899e-04
1.835542644012094771e-01 5.994395336488997803e-06
1.842884814588143239e-01 2.475451636983790190e-04
1.850256353846495561e-01 1.159638903297707628e-03
1.857657379261881403e-01 4.344413324468172639e-05
1.865088008778928996e-01 7.854583609373737936e-04
1.872548360814044743e-01 4.163622252385026359e-04
1.880038554257300876e-01 5.931147463679539727e-05
1.887558708474330049e-01 2.029146231305583963e-03
1.895108943308226879e-01 7.444903155912599348e-04
1.902689379081460019e-01 1.700080160543096584e-04
1.910300136597785636e-01 7.444460222163998102e-03
1.917941337144176972e-01 9.209476080274482451e-04
1.925613102492753359e-01 2.229595630170686914e-03
1.933315554902724498e-01 8.351427446230892324e-03
1.941048817122335568e-01 3.796174367238721020e-03
1.948813012390824828e-01 2.594187563654298118e-03
1.956608264440388156e-01 1.523455455610361366e-02
1.964434697498149418e-01 2.659488800234922380e-03
1.972292436288141937e-01 7.170514268877231472e-03
1.980181606033294406e-01 1.449245601670505132e-02
1.988102332457427346e-01 5.984698053747568129e-03
1.996054741787257336e-01 4.626253371254408601e-03
2.004038960754406518e-01 5.898223017252316076e-03
2.012055116597424309e-01 5.131795071163540098e-03
2.020103337063813842e-01 3.848903375594457318e-03
2.028183750412069219e-01 4.336152812073508500e-03
2.036296485413717494e-01 4.126013917903779450e-03
2.044441671355372303e-01 2.754945621725456237e-03
2.052619438040793887e-01 8.033257285285758803e-03
2.060829915792957157e-01 5.139911766216705147e-03
2.069073235456129201e-01 5.058112849507226741e-03
2.077349528397953449e-01 5.955185609603571607e-03
2.085658926511545219e-01 8.684339742817213242e-03
2.094001562217591150e-01 9.972205417212096079e-03
2.102377568466461677e-01 8.429420095317073647e-03
2.110787078740327671e-01 6.079509759740606666e-03
2.119230227055288740e-01 1.061811948394272495e-02
2.127707147963510126e-01 1.365618026850648828e-02
2.136217976555363773e-01 1.861515526826520300e-02
2.144762848461585492e-01 7.040737864714400815e-03
2.153341899855431840e-01 1.835411799946280037e-02
2.161955267454853669e-01 2.998738515158438575e-02
2.170603088524672986e-01 4.155229992481898615e-02
2.179285500878772042e-01 1.826515901152795177e-02
2.188002642882286852e-01 2.003099317155847270e-02
2.196754653453815986e-01 6.259887174414416333e-02
2.205541672067631020e-01 3.783866640754360994e-02
2.214363838755901703e-01 2.765761851862097442e-01
2.223221294110925284e-01 3.770259801606865718e-02
2.232114179287369160e-01 6.085590733719286050e-01
2.241042636004518529e-01 1.816033385607305484e-01
2.250006806548536520e-01 1.453338883915876067e+00
2.259006833774730438e-01 4.356765184138848279e-01
2.268042861109829667e-01 7.466464443406182205e-01
2.277115032554268836e-01 9.586367991964657165e-01
2.286223492684485714e-01 8.694197175095607077e-01
2.295368386655223802e-01 2.374756175426716798e+00
2.304549860201844658e-01 2.177645726666132819e-01
2.313768059642651864e-01 3.253745199895325957e+00
2.323023131881222503e-01 2.064085357565184076e+00
2.332315224408747223e-01 6.851977510070753397e+00
2.341644485306381973e-01 1.253281491805312164e+01
2.351011063247607502e-01 9.573755660825066238e-01
2.360415107500598020e-01 2.108980816774111844e+01
2.369856767930600405e-01 7.040771239449328256e-01
2.379336195002322851e-01 2.463368521217997298e+01
2.388853539782332114e-01 1.238494457958667816e+01
2.398408953941461863e-01 1.487697048881922228e+02
2.408002589757227141e-01 1.991094565638624090e+02
2.417634600116256582e-01 1.000190149935138884e+01
2.427305138516721306e-01 3.004777706588861292e+02
2.437014359070788505e-01 1.131113717837060761e+02
2.446762416507071713e-01 5.187411067142946877e+02
2.456549466173099938e-01 1.127793631866748285e+02
2.466375664037792625e-01 6.526647010666798110e+01
2.476241166693943785e-01 4.135783308114920942e+01
2.486146131360719436e-01 5.816464642024281595e+00
2.496090715886161993e-01 5.062190802508255416e+01
2.506075078749706586e-01 6.572070769031510906e+01
2.516099379064705155e-01 5.440410699446981369e+01
2.526163776580964138e-01 5.505362670411686565e+01
2.536268431687287994e-01 4.137606780955657655e+02
2.546413505414037437e-01 3.750383119603311570e+02
2.556599159435693491e-01 2.074090018978562966e+03
2.566825556073435988e-01 3.289298797473821196e+03
2.577092858297729827e-01 4.052339055722903140e+03
2.587401229730920682e-01 2.691456611559177873e+03
2.597750834649844576e-01 6.100074799489170800e+03
2.608141837988444123e-01 3.684497783366000021e+03
2.618574405340398092e-01 1.443311429050755214e+04
2.629048702961759298e-01 2.873113033018602800e+04
2.639564897773606367e-01 3.364424143880650081e+04
2.650123157364701054e-01 2.956164566958765863e+04
2.660723649994159445e-01 2.110025847813790097e+04
2.671366544594135917e-01 1.903159814178393208e+04
2.682052010772512096e-01 2.111922826790100589e+04
2.692780218815602478e-01 1.108131888133688335e+04
2.703551339690865030e-01 1.419120562986904952e+04
2.714365545049627904e-01 4.027200915125451047e+03
2.725223007229827243e-01 3.137786461731783675e+03
2.736123899258746106e-01 3.738775809169419063e+03
2.747068394855781692e-01 3.144652908314166780e+03
2.758056668435204806e-01 5.452655953867856624e+03
2.769088895108945403e-01 7.779284307042968976e+03
2.780165250689380918e-01 6.098963781565531463e+03
2.791285911692138466e-01 5.644845271780467556e+03
2.802451055338907038e-01 4.666030716323370143e+03
2.813660859560263017e-01 3.748812548282811804e+03
2.824915502998503469e-01 2.806772636841864824e+03
2.836215165010497197e-01 2.092072869915425144e+03
2.847560025670539119e-01 1.701414907110094646e+03
2.858950265773221866e-01 2.022854383892759643e+03
2.870386066836315142e-01 3.088334620500927485e+03
2.881867611103660631e-01 5.344088799984937395e+03
2.893395081548075787e-01 8.910912463878461494e+03
2.904968661874267610e-01 1.388535330496591087e+04
2.916588536521764197e-01 1.965290654272934989e+04
2.928254890667851273e-01 2.753912339686065025e+04
2.939967910230522619e-01 2.906802380233209260e+04
2.951727781871444911e-01 2.859779135749806665e+04
2.963534692998930908e-01 4.046838500197917892e+04
2.975388831770926501e-01 4.293705982305566431e+04
2.987290387098009981e-01 6.483476756306361494e+04
2.999239548646402409e-01 5.750921482140676380e+04
3.011236506840988536e-01 1.127108388014668162e+05
3.023281452868351593e-01 4.496998108397475880e+04
3.035374578679824742e-01 2.213450204695599095e+05
3.047516076994544187e-01 2.504942466089330846e+05
3.059706141302522830e-01 3.968765584675618447e+05
3.071944965867733357e-01 1.953511960274019744e+06
3.084232745731204095e-01 4.222438661485157907e+06
3.096569676714128194e-01 4.543750190500437282e+06
3.108955955420985018e-01 9.106876353565538302e+06
3.121391779242668751e-01 1.096971001801337674e+07
3.133877346359639215e-01 1.520827136162857898e+07
3.146412855745078230e-01 1.825639681386643648e+07
3.158998507168058190e-01 2.497741840922338516e+07
3.171634501196730627e-01 3.191730674035244808e+07
3.184321039201517545e-01 1.723880170645712689e+07
3.197058323358323295e-01 1.098908075905711018e+07
3.209846556651756444e-01 3.923179857257824391e+07
3.222685942878363852e-01 4.401904424950075150e+07
3.235576686649877520e-01 3.807304458537275344e+07
3.248518993396476984e-01 7.491224613545514643e+07
3.261513069370062801e-01 8.889717075931409001e+07
3.274559121647543369e-01 1.249856561260143220e+08
3.287657358134133401e-01 1.226186466925019473e+08
3.300807987566670154e-01 2.805627406799533218e+07
3.314011219516936890e-01 1.211576109243169874e+08
3.327267264395004642e-01 2.151356044077995718e+08
3.340576333452584534e-01 2.193329785697555542e+08
3.353938638786395088e-01 2.174783890671701431e+08
3.367354393341540630e-01 2.254859133835362792e+08
3.380823810914907468e-01 2.471932998476245701e+08
3.394347106158566718e-01 3.037418614819930792e+08
3.407924494583201014e-01 2.398754165899030566e+08
3.421556192561533982e-01 1.356651528434603512e+08
3.435242417331779707e-01 1.482460972639682703e+07
3.448983387001106626e-01 2.157583366492658108e+07
3.462779320549111417e-01 3.168941448095824942e+07
3.476630437831307319e-01 1.468760150103499368e+07
3.490536959582632992e-01 1.472628714441357553e+07
3.504499107420963600e-01 2.011054292629011571e+08
3.518517103850647421e-01 1.935289016820710599e+08
3.532591172266050239e-01 4.259306840979431868e+08
3.546721536955114717e-01 7.690385720914092064e+08
3.560908423102934761e-01 2.223474741563642025e+08
3.575152056795346533e-01 8.771613358420903981e+07
3.589452665022527800e-01 3.537142225821142793e+08
3.603810475682617254e-01 5.767353002260214090e+08
3.618225717585348278e-01 3.780791340129387975e+08
3.632698620455689364e-01 4.081842868914007545e+08
3.647229414937512293e-01 3.333345199359261394e+08
3.661818332597261971e-01 7.394982809365537167e+08
3.676465605927651259e-01 1.911660699008893669e+08
3.691171468351361895e-01 1.711215960644450784e+08
3.705936154224767076e-01 3.331601469101589918e+07
3.720759898841666247e-01 6.200293099419645965e+06
3.735642938437032656e-01 7.236478697697509080e+06
3.750585510190780902e-01 2.215632808248955011e+07
3.765587852231543908e-01 1.892144665570561886e+08
3.780650203640470441e-01 6.882691603463411331e+08
3.795772804455032068e-01 4.381733834162433743e+08
3.810955895672852312e-01 5.146312467181527615e+08
3.826199719255543585e-01 6.324868157721168548e+07
3.841504518132565771e-01 1.946399613595546782e+08
3.856870536205096456e-01 1.950978397197120264e+07
3.872298018349916715e-01 6.604659886261463910e+07
3.887787210423316320e-01 4.118834235784337670e+07
3.903338359265008939e-01 1.312637633378420174e+08
3.918951712702069545e-01 2.153882624172786474e+08
3.934627519552877928e-01 5.413435207085666656e+08
3.950366029631089404e-01 2.211323512892526627e+09
3.966167493749613859e-01 2.868176512458321571e+09
3.982032163724612550e-01 3.869110323873302937e+09
3.997960292379510450e-01 4.047809975526886940e+09
4.013952133549028578e-01 5.088502941765601158e+09
4.030007942083224659e-01 5.531701841783904076e+09
4.046127973851557647e-01 2.081655759963396549e+09
4.062312485746963908e-01 3.763417728299218178e+09
4.078561735689951728e-01 3.693845329806648731e+09
4.094875982632711353e-01 3.950765318331652164e+09
4.111255486563242245e-01 3.642614559863849163e+09
4.127700508509495880e-01 2.662467872543866158e+09
4.144211310543532978e-01 1.897713609209169388e+09
4.160788155785707931e-01 1.406613077087741852e+09
4.177431308408850463e-01 7.435469711265866756e+08
4.194141033642486138e-01 3.737052274542002678e+08
4.210917597777056320e-01 1.714511476069561541e+08
4.227761268168164221e-01 1.218155631076333523e+08
4.244672313240837602e-01 2.130191267402651012e+08
4.261651002493800910e-01 3.938185903085847497e+08
4.278697606503775730e-01 8.222874033023035526e+08
4.295812396929790666e-01 1.397867767265430689e+09
4.312995646517510107e-01 2.328716057153853893e+09
4.330247629103580187e-01 3.545253073314601898e+09
4.347568619619994745e-01 5.238190009051732063e+09
4.364958894098474596e-01 4.577088602574461937e+09
4.382418729674867897e-01 3.422938690627291203e+09
4.399948404593567730e-01 7.144884366634778976e+09
4.417548198211941890e-01 8.002659195709802628e+09
4.435218391004789873e-01 5.923019991871075630e+09
4.452959264568808750e-01 7.918947358296757698e+09
4.470771101627084021e-01 8.242560745922990799e+09
4.488654186033592119e-01 8.848831195900844574e+09
4.506608802777726241e-01 1.268750130348876762e+10
4.524635237988837710e-01 1.311862752633658028e+10
4.542733778940792333e-01 1.487459721801820755e+10
4.560904714056555065e-01 1.437391446184386444e+10
4.579148332912781894e-01 1.621125353997064972e+10
4.597464926244433370e-01 1.025638686996962357e+10
4.615854785949410899e-01 1.740134058680545425e+10
4.634318205093208576e-01 1.091006577138599968e+10
4.652855477913582227e-01 1.493539696121942329e+10
4.671466899825236219e-01 1.495208594982067680e+10
4.690152767424536906e-01 1.703083912042492104e+10
4.708913378494234969e-01 2.309439385621140671e+10
4.727749032008212171e-01 1.915939767902886581e+10
4.746660028136244769e-01 2.434339566102757645e+10
4.765646668248789131e-01 1.263345545615581131e+10
4.784709254921784560e-01 7.577890705427706718e+09
4.803848091941470555e-01 9.089901952897739410e+09
4.823063484309236815e-01 1.057087324274697113e+10
4.842355738246474361e-01 1.552743942375746155e+10
4.861725161199459966e-01 1.688991849448824883e+10
4.881172061844257226e-01 2.512974028166941071e+10
4.900696750091634302e-01 1.615167419230799103e+10
4.920299537092001074e-01 2.297868673140508270e+10
4.939980735240369625e-01 3.104580288965539551e+10
4.959740658181330253e-01 1.782130498432238770e+10
4.979579620814056362e-01 1.836576057304878235e+10
4.999497939297311566e-01 1.803348707973159790e+10
5.019495931054501758e-01 1.404061873182339859e+10
5.039573914778719965e-01 2.037014813907699203e+10
5.059732210437835054e-01 1.479875443398637772e+10
5.079971139279585435e-01 1.496407853000243378e+10
5.100291023836703852e-01 1.194226384882423782e+10
5.120692187932051054e-01 1.053977852407205009e+10
5.141174956683780550e-01 9.426753912171218872e+09
5.161739656510514473e-01 7.694046028696277618e+09
5.182386615136556074e-01 5.356526775567454338e+09
5.203116161597103329e-01 8.701116770797622681e+09
5.223928626243490303e-01 2.215554018205862427e+10
5.244824340748465152e-01 1.982569748819876862e+10
5.265803638111459239e-01 1.684106864817887306e+10
5.286866852663905103e-01 2.232240193168360901e+10
5.308014320074561088e-01 2.440350080966924667e+10
5.329246377354859288e-01 1.937817266164984894e+10
5.350563362864277916e-01 2.335561984527970886e+10
5.371965616315735881e-01 1.908201099019923019e+10
5.393453478780998456e-01 2.041393597097574234e+10
5.415027292696121819e-01 2.049022726906188965e+10
5.436687401866906466e-01 1.694930223018361664e+10
5.458434151474373941e-01 1.306231643714924049e+10
5.480267888080271321e-01 1.384489606663093185e+10
5.502188959632591247e-01 1.448013206919886017e+10
5.524197715471121928e-01 1.541368953207265663e+10
5.546294506333006025e-01 1.639445721150020981e+10
5.568479684358338400e-01 1.539747762359252739e+10
5.590753603095770519e-01 1.370592808214273453e+10
5.613116617508153716e-01 1.148074947426676369e+10
5.635569083978186899e-01 1.037170008247321701e+10
5.658111360314097560e-01 1.116402428512531662e+10
5.680743805755354980e-01 9.986018655640644073e+09
5.703466780978375672e-01 1.012777434264493179e+10
5.726280648102289872e-01 9.242271328370630264e+09
5.749185770694699160e-01 7.299065231764918327e+09
5.772182513777477375e-01 6.398122670157920837e+09
5.795271243832587071e-01 5.352426682827608109e+09
5.818452328807918184e-01 3.863155792335236549e+09
5.841726138123150003e-01 2.340270003080687523e+09
5.865093042675643131e-01 7.180091364261636734e+08
5.888553414846344758e-01 2.316073533931533620e+07
5.912107628505729462e-01 2.447003776669743955e+08
5.935756059019753339e-01 1.856497672444158077e+09
5.959499083255832552e-01 4.013300955703946114e+09
5.983337079588855190e-01 6.470136812761613846e+09
6.007270427907210886e-01 9.362373920413961411e+09
6.031299509618840426e-01 1.295368469924525452e+10
6.055424707657315331e-01 1.732329147422078705e+10
6.079646406487945187e-01 2.197009135482055664e+10
6.103964992113897203e-01 2.500308705910668945e+10
6.128380852082353503e-01 3.134328042492703629e+10
6.152894375490681744e-01 2.963565468599777222e+10
6.177505952992645710e-01 2.012246208937188339e+10
6.202215976804615893e-01 1.922508302347959137e+10
6.227024840711834486e-01 1.730875627802054977e+10
6.251932940074681477e-01 2.223934406080530930e+10
6.276940671834980723e-01 2.676448844449887848e+10
6.302048434522321552e-01 3.236685574541489410e+10
6.327256628260409244e-01 3.860492589370414734e+10
6.352565654773452142e-01 3.800106771917495728e+10
6.377975917392545435e-01 3.131386734335658646e+10
6.403487821062116003e-01 4.661550697294318390e+10
6.429101772346363930e-01 6.335538605492886353e+10
6.454818179435749537e-01 7.905337121479397583e+10
6.480637452153492628e-01 8.702387148952439880e+10
6.506560001962106154e-01 9.644325978941819763e+10
6.532586241969955410e-01 1.127260218895944366e+11
6.558716586937833881e-01 8.500174961078308105e+10
6.584951453285585732e-01 7.822497224050035095e+10
6.611291259098727169e-01 7.257439545386051941e+10
6.637736424135122215e-01 6.438469423887590790e+10
6.664287369831662922e-01 5.712970073054212189e+10
6.690944519310989547e-01 5.463703586163829041e+10
6.717708297388232941e-01 5.441258429668116760e+10
6.744579130577786907e-01 5.837197956455264282e+10
6.771557447100098326e-01 7.001650647697602844e+10
6.798643676888498355e-01 6.051127677059177399e+10
6.825838251596052508e-01 5.945969827493650818e+10
6.853141604602436265e-01 5.564519945464279938e+10
6.880554171020846210e-01 4.513124370533264923e+10
6.908076387704928933e-01 4.466866089829825592e+10
6.935708693255748791e-01 5.559386792464408875e+10
6.963451528028771209e-01 7.034622888537548828e+10
6.991305334140887062e-01 8.013834310058227539e+10
7.019270555477450380e-01 9.994521571978224182e+10
7.047347637699360456e-01 1.698115027782607422e+11
7.075537028250157290e-01 1.164189196140501251e+11
7.103839176363159202e-01 8.974438605547746277e+10
7.132254533068611568e-01 8.337554385125787354e+10
7.160783551200886610e-01 9.129992591606950378e+10
7.189426685405689854e-01 1.150539805781274872e+11
7.218184392147313222e-01 1.156060663172163086e+11
7.247057129715901436e-01 1.558343744956914062e+11
7.276045358234763949e-01 1.824340599540685730e+11
7.305149539667704639e-01 2.330120279041577148e+11
7.334370137826373703e-01 2.783649430722982178e+11
7.363707618377679509e-01 2.985086825865546265e+11
7.393162448851190449e-01 2.992587947366185303e+11
7.422735098646596752e-01 2.858357601467741089e+11
7.452426039041182282e-01 2.588446763597480469e+11
7.482235743197346300e-01 2.562740273172540283e+11
7.512164686170136330e-01 2.456242707505314026e+11
7.542213344914817652e-01 2.482521355612450562e+11
7.572382198294477229e-01 2.359790751838782654e+11
7.602671727087656484e-01 1.759088350329375305e+11
7.633082413996006288e-01 9.360557527377522278e+10
7.663614743651989691e-01 4.871777546055811882e+09
7.694269202626597970e-01 6.756629023438454628e+09
7.725046279437104424e-01 5.974753623178268433e+10
7.755946464554852593e-01 1.279205699349498749e+11
7.786970250413072225e-01 1.804705820163297424e+11
7.818118131414724115e-01 2.230820330920389099e+11
7.849390603940383793e-01 2.103040857255118408e+11
7.880788166356144098e-01 2.392268773733515320e+11
7.912311319021569922e-01 2.323832005469030457e+11
7.943960564297655180e-01 2.750472636929042358e+11
7.975736406554845281e-01 2.917278863025191650e+11
8.007639352181065151e-01 3.409358545764195557e+11
8.039669909589789443e-01 3.946241196615717773e+11
8.071828589228148276e-01 4.509680082877269287e+11
8.104115903585061842e-01 5.086135966490584717e+11
8.136532367199402760e-01 5.872101212087287598e+11
8.169078496668199518e-01 5.592799640432291260e+11
8.201754810654874328e-01 3.916702597726237183e+11
8.234561829897493190e-01 5.597401569329523926e+11
8.267500077217083687e-01 5.709458600313658447e+11
8.300570077525952772e-01 5.037542719595299072e+11
8.333772357836056743e-01 5.627857779892791748e+11
8.367107447267401188e-01 5.456666504510373535e+11
8.400575877056470908e-01 5.708364924516833496e+11
8.434178180564695371e-01 4.606199974573856201e+11
8.467914893286955236e-01 2.989611216847486572e+11
8.501786552860102208e-01 3.591581952908894653e+11
8.535793699071543283e-01 3.822464741576054077e+11
8.569936873867830540e-01 4.524364579370454712e+11
8.604216621363300899e-01 5.144410172857883301e+11
8.638633487848753623e-01 4.603964053431956787e+11
8.673188021800150027e-01 5.705562945772762451e+11
8.707880773887352044e-01 4.351833069328629761e+11
8.742712296982900755e-01 4.863008052842070312e+11
8.777683146170831563e-01 5.881524402778540039e+11
8.812793878755513788e-01 6.441375355556446533e+11
8.848045054270535781e-01 7.138574495726319580e+11
8.883437234487617795e-01 4.552607154144044189e+11
8.918970983425568155e-01 6.229878246472856445e+11
8.954646867359271623e-01 5.600413199233237305e+11
8.990465454828707736e-01 6.785132041707633057e+11
9.026427316648023558e-01 5.855581859651314697e+11
9.062533025914615292e-01 6.230879972279510498e+11
9.098783158018273198e-01 7.423933685397115479e+11
9.135178290650346478e-01 7.920743744996292725e+11
9.171719003812948134e-01 8.786193314150467529e+11
9.208405879828199803e-01 9.333500430178842773e+11
9.245239503347512100e-01 8.989946464103756104e+11
9.282220461360901620e-01 8.516913157155853271e+11
9.319349343206346781e-01 8.192022979814870605e+11
9.356626740579171431e-01 8.480274786850229492e+11
9.394053247541488405e-01 8.085694144470183105e+11
9.431629460531654185e-01 8.990498274406308594e+11
9.469355978373780180e-01 9.731135758661829834e+11
9.507233402287275092e-01 1.001792842633644043e+12
9.545262335896426142e-01 1.042466203948510864e+12
9.583443385240012491e-01 1.003107185639957031e+12
9.621777158780971950e-01 1.034470578300651367e+12
9.660264267416096562e-01 1.044196624209894531e+12
9.698905324485760371e-01 1.086210468215421753e+12
9.737700945783701600e-01 9.143329213812087402e+11
9.776651749566835914e-01 9.048148292467042236e+11
9.815758356565105203e-01 8.991333455373416748e+11
9.855021389991363012e-01 8.771235056704842529e+11
9.894441475551331022e-01 7.861985390551196289e+11
9.934019241453534432e-01 4.676528335001314697e+11
9.973755318419349480e-01 5.979958490050289307e+11
1.001365033969302543e+00 5.784399302066125488e+11
1.005370494105179757e+00 5.790427203046962891e+11
1.009391976081600362e+00 6.677090111850059814e+11
1.013429543985926884e+00 7.200330812381217041e+11
1.017483262161870350e+00 7.499743105520939941e+11
1.021553195210518128e+00 7.860522075494964600e+11
1.025639407991360219e+00 7.573462596293862305e+11
1.029741965623325539e+00 7.275379012683366699e+11
1.033860933485818867e+00 7.331857831806491699e+11
1.037996377219762012e+00 8.737410401208460693e+11
1.042148362728641198e+00 8.746055259337435303e+11
1.046316956179555557e+00 9.741552583419035645e+11
1.050502224004274066e+00 9.572065851287393799e+11
1.054704232900291139e+00 1.042553507245282715e+12
1.058923049831892227e+00 1.033137455450013062e+12
1.063158742031219628e+00 1.032536305396178711e+12
1.067411376999344741e+00 9.881516591830963135e+11
1.071681022507342096e+00 1.007047383361946411e+12
1.075967746597371377e+00 1.104906565770844482e+12
1.080271617583760779e+00 1.113593406326299805e+12
1.084592704054095913e+00 1.172791211593007812e+12
1.088931074870312044e+00 1.160463877469069824e+12
1.093286799169793433e+00 1.159172687341182373e+12
1.097659946366472461e+00 1.101070454597673828e+12
1.102050586151938294e+00 1.099778976503936768e+12
1.106458788496546219e+00 1.027461656078205200e+12
1.110884623650532532e+00 1.010848070191427612e+12
1.115328162145134749e+00 1.069300617133193237e+12
1.119789474793714934e+00 1.080215754053163452e+12
1.124268632692889902e+00 1.142397982257950928e+12
1.128765707223661430e+00 1.155440713627609375e+12
1.133280770052556230e+00 1.086504847207996338e+12
1.137813893132766374e+00 9.179225203317486572e+11
1.142365148705297484e+00 9.575312229700135498e+11
1.146934609300118479e+00 1.179452242622503174e+12
1.151522347737319096e+00 1.213796911197093994e+12
1.156128437128268516e+00 1.201236797400362061e+12
1.160752950876781542e+00 1.195114548183007568e+12
1.165395962680288999e+00 1.203686520663931152e+12
1.170057546531009907e+00 9.512973418927623291e+11
1.174737776717134086e+00 1.026571225980804810e+12
1.179436727824002773e+00 8.683660819134084473e+11
1.184154474735298557e+00 1.142377751567474609e+12
1.188891092634239977e+00 1.214982319159951904e+12
1.193646657004777012e+00 1.210103901252891357e+12
1.198421243632796118e+00 1.062233353594034790e+12
1.203214928607327261e+00 1.095761118019930054e+12
1.208027788321756724e+00 1.211439366433000977e+12
1.212859899475043468e+00 1.151663864708451416e+12
1.217711339072943710e+00 1.235418956331355225e+12
1.222582184429235275e+00 1.194079406556487549e+12
1.227472513166952384e+00 1.288806291526602051e+12
1.232382403219620226e+00 1.270171790588811768e+12
1.237311932832498407e+00 1.255956718348238525e+12
1.242261180563828615e+00 9.204515747042813721e+11
1.247230225286083849e+00 1.204269477257314941e+12
1.252219146187228072e+00 9.223791761020335693e+11
1.257228022771976983e+00 1.209554068240168213e+12
1.262256934863064783e+00 1.213485117546717773e+12
1.267305962602517155e+00 1.298841070081973633e+12
1.272375186452927354e+00 1.277268493230322510e+12
1.277464687198738957e+00 1.290598353591989258e+12
1.282574545947533950e+00 1.315627230805207520e+12
1.287704844131324133e+00 1.186564622374760010e+12
1.292855663507849417e+00 1.191525462246780273e+12
1.298027086161880783e+00 1.228847881608834229e+12
1.303219194506528344e+00 1.260279770867999512e+12
1.308432071284554521e+00 1.226365575597337891e+12
1.313665799569692760e+00 1.263904663443391846e+12
1.318920462767971591e+00 1.250821060927500000e+12
1.324196144619043336e+00 1.161095142002202148e+12
1.329492929197519491e+00 1.041868338019263306e+12
1.334810900914309650e+00 6.993728682226048584e+11
1.340150144517967101e+00 6.214870972122434082e+11
1.345510745096038852e+00 5.808824546537087402e+11
1.350892788076423212e+00 5.659590440253826904e+11
1.356296359228728932e+00 5.127122015035988770e+11
1.361721544665643879e+00 5.519508682016937256e+11
1.367168430844306393e+00 5.893563601230323486e+11
1.372637104567683730e+00 5.714652781571828613e+11
1.378127652985954299e+00 6.323715533223781738e+11
1.383640163597898098e+00 6.110514865046893311e+11
1.389174724252289828e+00 5.904078411663645020e+11
1.394731423149298877e+00 5.499346202081813965e+11
1.400310348841896202e+00 5.230598394865079956e+11
1.405911590237263642e+00 5.417123507901156006e+11
1.411535236598212784e+00 4.749563672914329834e+11
1.417181377544605603e+00 4.635759573397243042e+11
1.422850103054784210e+00 4.636221127935681763e+11
1.428541503467003038e+00 4.609194364121074219e+11
1.434255669480871243e+00 4.574070880525080566e+11
1.439992692158794885e+00 4.787622541535479126e+11
1.445752662927429988e+00 5.004453535015632935e+11
1.451535673579139596e+00 5.170671489606619873e+11
1.457341816273456159e+00 5.615573906101839600e+11
1.463171183538549913e+00 5.317151405809007568e+11
1.469023868272704147e+00 5.179486471310460815e+11
1.474899963745795128e+00 5.430717975031887207e+11
1.480799563600778246e+00 5.627014308473691406e+11
1.486722761855181485e+00 5.653704980278725586e+11
1.492669652902602007e+00 5.786457149771481934e+11
1.498640331514212276e+00 5.923686673271337891e+11
1.504634892840269300e+00 6.136235112315675049e+11
1.510653432411630304e+00 6.242532250155466309e+11
1.516696046141276843e+00 6.475594836804708252e+11
1.522762830325842032e+00 6.765816154567651367e+11
1.528853881647145307e+00 6.921780962221628418e+11
1.534969297173733649e+00 6.994275832111364746e+11
1.541109174362428780e+00 7.112995444778277588e+11
1.547273611059878373e+00 7.511772269053267822e+11
1.553462705504118135e+00 7.664368610798156738e+11
1.559676556326134556e+00 7.765344704473889160e+11
1.565915262551438980e+00 8.059085943732017822e+11
1.572178923601644795e+00 8.173684763073671875e+11
1.578467639296051495e+00 8.488794224112648926e+11
1.584781509853235626e+00 8.675964545647000732e+11
1.591120635892648405e+00 8.716161532548916016e+11
1.597485118436219098e+00 8.936301562376088867e+11
1.603875058909963958e+00 9.074101199910643311e+11
1.610290559145603595e+00 9.132873016122523193e+11
1.616731721382186127e+00 9.322223571276074219e+11
1.623198648267714761e+00 9.373524685471120605e+11
1.629691442860785600e+00 9.485859705562884521e+11
1.636210208632228769e+00 9.660969304258256836e+11
1.642755049466757766e+00 9.712691278516181641e+11
1.649326069664624805e+00 9.767495278638699951e+11
1.655923373943283039e+00 9.812584206596895752e+11
1.662547067439056336e+00 9.804595941128272705e+11
1.669197255708812611e+00 9.863943592071628418e+11
1.675874044731648027e+00 9.914487000658956299e+11
1.682577540910574321e+00 9.871886172729387207e+11
1.689307851074216771e+00 9.602626752993646240e+11
1.696065082478513508e+00 9.322548565389506836e+11
1.702849342808427480e+00 9.052390596203139648e+11
1.709660740179661298e+00 8.544880072366846924e+11
1.716499383140379864e+00 7.685414459410551758e+11
1.723365380672941427e+00 7.562938176178461914e+11
1.730258842195633306e+00 7.083731198733652344e+11
1.737179877564415831e+00 6.595200981286854248e+11
1.744128597074673603e+00 6.169068683655125732e+11
1.751105111462972097e+00 5.932816773469608154e+11
1.758109531908824241e+00 5.374786316054799805e+11
1.765141970036459451e+00 5.091504917669987793e+11
1.772202537916605314e+00 4.792628473648685913e+11
1.779291348068271716e+00 4.287656650480361328e+11
1.786408513460544745e+00 4.111858233963406982e+11
1.793554147514387020e+00 3.832856216114665527e+11
1.800728364104444257e+00 3.788470424156580811e+11
1.807931277560862249e+00 3.434265003602421265e+11
1.815163002671105641e+00 3.643000103710079346e+11
1.822423654681789795e+00 3.577926513401063843e+11
1.829713349300517100e+00 3.406750609789708862e+11
1.837032202697718830e+00 3.441975858140644531e+11
1.844380331508509885e+00 3.084144095820166626e+11
1.851757852834543527e+00 2.981038925222255859e+11
1.859164884245881888e+00 2.455191414967517700e+11
1.866601543782865358e+00 2.830901294904516602e+11
1.874067949957996859e+00 2.875268496287796631e+11
1.881564221757828781e+00 3.084214176059584351e+11
1.889090478644860127e+00 3.243364919236565552e+11
1.896646840559439662e+00 3.437665016333669434e+11
1.904233427921677269e+00 3.420625174726362915e+11
1.911850361633363971e+00 3.621166626008038330e+11
1.919497763079897279e+00 3.435433159378724976e+11
1.927175754132217200e+00 3.391934325785620728e+11
1.934884457148745796e+00 3.307959516070029907e+11
1.942623994977340729e+00 2.933344542392875977e+11
1.950394490957250149e+00 3.231878437448164673e+11
1.958196068921079336e+00 2.966163296395567627e+11
1.966028853196763793e+00 3.067912463064164429e+11
1.973892968609550991e+00 2.968536325043981323e+11
1.981788540483989447e+00 2.884538968039514771e+11
1.989715694645925126e+00 2.909169431131641235e+11
1.997674557424508723e+00 2.924819023847071533e+11
2.005665255654207169e+00 2.964534539060717773e+11
2.013687916676823786e+00 2.954709823037643433e+11
2.021742668343530891e+00 3.183322026170574341e+11
2.029829639016905052e+00 3.117668433764421997e+11
2.037948957572972564e+00 3.247539366719635620e+11
2.046100753403264694e+00 3.319805127450290527e+11
2.054285156416877811e+00 3.513787179441489258e+11
2.062502297042545507e+00 3.530646586676505737e+11
2.070752306230715600e+00 3.703631867934416504e+11
2.079035315455638244e+00 3.769664990438300781e+11
2.087351456717461140e+00 3.824418247327896729e+11
2.095700862544330967e+00 3.949883548593000488e+11
2.104083665994508134e+00 4.102421888582692871e+11
2.112500000658485977e+00 4.188427297290485229e+11
2.120950000661120161e+00 4.241081424395314941e+11
2.129433800663764753e+00 4.256714918106575317e+11
2.137951535866419839e+00 4.352621163346899414e+11
2.146503342009885351e+00 4.488864648790888062e+11
2.155089355377924676e+00 4.483766917974886475e+11
2.163709712799436691e+00 4.530790203986431885e+11
2.172364551650634468e+00 4.559608149310718994e+11
2.181054009857236853e+00 4.532721900282452393e+11
2.189778225896665376e+00 4.526785339794834595e+11
2.198537338800252705e+00 4.541790932988023682e+11
2.207331488155453325e+00 4.448612435080607910e+11
2.216160814108075083e+00 4.486799024948079834e+11
2.225025457364507631e+00 4.472348822145246582e+11
2.233925559193965515e+00 4.442477807147526855e+11
2.242861261430741493e+00 4.414318571275809326e+11
2.251832706476463830e+00 4.351578915930646362e+11
2.260840037302370042e+00 4.297003438259286499e+11
2.269883397451579299e+00 4.256155789185029297e+11
2.278962931041386142e+00 4.216497091543018799e+11
2.288078782765551100e+00 4.209597766665266113e+11
2.297231097896613505e+00 3.480255540792873535e+11
2.306420022288200311e+00 3.682659716616400146e+11
2.315645702377353121e+00 3.605864137398748779e+11
2.324908285186861878e+00 3.263622180974962158e+11
2.334207918327609654e+00 3.330836532303090210e+11
2.343544750000919663e+00 3.339820687149582520e+11
2.352918929000923143e+00 3.090203556900783081e+11
2.362330604716927240e+00 3.032577942451404419e+11
2.371779927135795329e+00 3.116627132961271362e+11
2.381267046844337987e+00 2.903329624582440796e+11
2.390792115031715070e+00 2.853054283244376221e+11
2.400355283491842240e+00 2.736844520874627686e+11
2.409956704625809465e+00 2.460420521576161499e+11
2.419596531444312859e+00 2.371605144267120972e+11
2.429274917570089620e+00 2.162406359376811523e+11
2.438992017240370291e+00 2.000939028740916443e+11
2.448747985309331465e+00 1.811813290321293030e+11
2.458542977250568917e+00 1.802721466945697632e+11
2.468377149159570738e+00 1.674157296909339905e+11
2.478250657756209563e+00 1.418279451644022827e+11
2.488163660387234355e+00 1.440140164634581909e+11
2.498116315028783063e+00 1.416476755572367554e+11
2.508108780288898387e+00 1.170684205377861481e+11
2.518141215410053757e+00 1.181178257272672272e+11
2.528213780271693967e+00 1.065365736651726379e+11
2.538326635392781139e+00 1.047057176673364716e+11
2.548479941934351789e+00 1.018066064919671936e+11
2.558673861702089436e+00 1.032126470129042511e+11
2.568908557148898097e+00 1.070217408339366913e+11
2.579184191377493551e+00 9.900753894053282166e+10
2.589500928143003478e+00 1.054407755271828918e+11
2.599858931855575594e+00 1.092920567702138367e+11
2.610258367582998229e+00 1.181154829445471497e+11
2.620699401053329769e+00 1.140743850588210297e+11
2.631182198657543214e+00 1.139734593506535950e+11
2.641706927452173392e+00 1.205400924846477661e+11
2.652273755161981938e+00 1.269427661325299530e+11
2.662882850182629824e+00 1.252072457791194153e+11
2.673534381583360542e+00 1.006271178703828278e+11
2.684228519109693956e+00 9.555580433452001953e+10
2.694965433186132575e+00 9.029931407968725586e+10
2.705745294918877164e+00 8.859545429084809875e+10
2.716568276098552559e+00 8.660294897836575317e+10
2.727434549202946812e+00 8.804702513436407471e+10
2.738344287399758326e+00 8.504400994636845398e+10
2.749297664549357201e+00 9.256712134199221802e+10
2.760294855207554576e+00 9.063178493655155945e+10
2.771336034628385292e+00 8.566260703761215210e+10
2.782421378766898545e+00 7.919436669256346130e+10
2.793551064281966312e+00 9.009567834513441467e+10
2.804725268539093985e+00 7.797185976530514526e+10
2.815944169613250558e+00 7.897665776779411316e+10
2.827207946291703244e+00 9.183089417294015503e+10
2.838516778076869862e+00 7.698032997841804504e+10
2.849870845189177437e+00 7.793663750687763977e+10
2.861270328569933685e+00 8.541886104478575134e+10
2.872715409884213589e+00 8.018701511183435059e+10
2.884206271523750420e+00 8.053455085630029297e+10
2.895743096609845413e+00 8.345968464318710327e+10
2.907326068996284985e+00 7.736439467992745972e+10
2.918955373272270393e+00 7.964889103961462402e+10
2.930631194765359826e+00 8.225471096451446533e+10
2.942353719544420709e+00 7.940702752257121277e+10
2.954123134422598440e+00 8.091767490349339294e+10
2.965939626960289122e+00 7.926721848756031799e+10
2.977803385468130504e+00 8.410281157043507385e+10
2.989714599010003138e+00 8.202808752804710388e+10
3.001673457406043077e+00 8.366037415383076477e+10
3.013680151235667015e+00 8.714349860108319092e+10
3.025734871840609408e+00 8.071534641787864685e+10
3.037837811327972037e+00 9.077716325993449402e+10
3.049989162573283785e+00 8.248298480410076904e+10
3.062189119223576395e+00 9.154581508296838379e+10
3.074437875700470890e+00 8.875759098259135437e+10
3.086735627203272880e+00 8.904224835490228271e+10
3.099082569712085622e+00 9.454037591309187317e+10
3.111478899990933744e+00 8.908586393339016724e+10
3.123924815590897186e+00 9.591664160403674316e+10
3.136420514853261121e+00 9.395682363282200623e+10
3.148966196912674320e+00 9.521391390263423157e+10
3.161562061700325277e+00 9.745727115276998901e+10
3.174208309947126327e+00 9.354687803100257874e+10
3.186905143186915090e+00 1.045499269725409698e+11
3.199652763759662566e+00 9.103459030999624634e+10
3.212451374814701222e+00 1.035231662913473663e+11
3.225301180313960625e+00 1.024589478550288239e+11
3.238202385035215958e+00 1.005963480607101898e+11
3.251155194575356955e+00 1.075109929182129822e+11
3.264159815353658622e+00 1.066490705397700806e+11
3.277216454615073271e+00 1.044309283850118256e+11
3.290325320433533207e+00 1.076106841634588776e+11
3.303486621715267635e+00 1.060423989863693390e+11
3.316700568202128441e+00 1.052907815450055695e+11
3.329967370474937294e+00 1.126654540575544586e+11
3.343287239956836743e+00 1.030417985708378754e+11
3.356660388916663962e+00 1.071271995038415833e+11
3.370087030472330714e+00 1.107968324004818726e+11
3.383567378594220187e+00 1.067431175172696075e+11
3.397101648108596716e+00 1.096513411338150635e+11
3.410690054701031482e+00 1.072802892130180359e+11
3.424332814919834878e+00 1.088449481825130615e+11
3.438030146179514634e+00 1.093882203131769867e+11
3.451782266764232610e+00 1.089716174940172729e+11
3.465589395831289998e+00 1.115282032168059387e+11
3.479451753414614767e+00 1.100939189062820435e+11
3.493369560428273068e+00 1.046481340876905823e+11
3.507343038669985980e+00 1.154301533740694733e+11
3.521372410824665788e+00 1.087348142268217163e+11
3.535457900467964709e+00 1.110697718759554749e+11
3.549599732069836477e+00 1.111338441160140076e+11
3.563798130998116154e+00 1.107087832441185150e+11
3.578053323522108364e+00 1.111384078078500824e+11
3.592365536816196858e+00 1.136443688419403534e+11
3.606734998963461614e+00 1.126430215865701447e+11
3.621161938959315041e+00 1.114259528665517426e+11
3.635646586715152839e+00 1.123418105559080505e+11
3.650189173062013293e+00 1.129284839941734772e+11
3.664789929754260545e+00 1.128960457368745728e+11
3.679449089473277645e+00 1.108926622427708282e+11
3.694166885831170699e+00 1.119203128392654419e+11
3.708943553374495661e+00 1.145149495890744171e+11
3.723779327587993571e+00 1.153619171138452911e+11
3.738674444898345328e+00 1.094557923651651001e+11
3.753629142677938901e+00 1.143765434563176575e+11
3.768643659248651190e+00 1.117799867962312012e+11
3.783718233885645432e+00 1.146868764271699677e+11
3.798853106821188153e+00 1.130935534301393433e+11
3.814048519248473657e+00 1.116726707459263000e+11
3.829304713325467180e+00 1.078824954278814392e+11
3.844621932178768908e+00 1.106998606082373352e+11
3.860000419907484215e+00 1.115636658067619934e+11
3.875440421587113882e+00 1.093944138034059143e+11
3.890942183273462529e+00 1.073999613155860596e+11
3.906505952006555926e+00 1.070706945426199646e+11
3.922131975814582727e+00 1.067278150022460785e+11
3.937820503717840648e+00 1.042466475384847870e+11
3.953571785732711508e+00 1.020329573822735748e+11
3.969386072875642490e+00 9.932195817835624695e+10
3.985263617167145167e+00 9.568806858075146484e+10
4.001204671635814059e+00 9.342748165653001404e+10
4.017209490322357190e+00 9.201007070152658081e+10
4.033278328283646630e+00 8.833618180789730835e+10
4.049411441596781458e+00 8.473374522288038635e+10
4.065609087363168506e+00 8.314349357385086060e+10
4.081871523712622185e+00 7.493565302045085144e+10
4.098199009807472315e+00 7.718738275103990173e+10
4.114591805846702144e+00 7.373737074861926270e+10
4.131050173070089038e+00 7.074859727523539734e+10
4.147574373762369149e+00 7.260076999748237610e+10
4.164164671257418959e+00 6.514866208222830200e+10
4.180821329942449260e+00 6.657727924228372955e+10
4.197544615262219558e+00 6.650562528750553894e+10
4.214334793723269357e+00 6.172322863532571411e+10
4.231192132898162761e+00 6.533690075623069763e+10
4.248116901429755288e+00 5.634279516552478790e+10
4.265109369035473996e+00 5.839804647295489502e+10
4.282169806511615384e+00 5.821373760100340271e+10
4.299298485737661935e+00 5.424171549154093170e+10
4.316495679680612874e+00 5.320525675524798584e+10
4.333761662399335357e+00 5.065064244959241486e+10
4.351096709048932532e+00 4.859838166710637665e+10
4.368501095885127583e+00 4.562365646620552826e+10
4.385975100268668214e+00 4.341297767177502441e+10
4.403519000669743555e+00 4.083748399781719971e+10
4.421133076672422391e+00 4.040598342738018799e+10
4.438817608979111817e+00 3.731860614524717712e+10
4.456572879415028332e+00 3.728390862573672485e+10
4.474399170932688463e+00 3.444983233855341339e+10
4.492296767616419828e+00 3.440054581744047546e+10
4.510265954686884626e+00 3.429965773675141144e+10
4.528307018505633330e+00 3.229868255626900864e+10
4.546420246579655711e+00 3.300824207461658859e+10
4.564605927565974497e+00 3.066080937456327057e+10
4.582864351276237258e+00 3.260936750965428925e+10
4.601195808681342925e+00 3.209279932926668167e+10
4.619600591916067422e+00 3.130418827446032715e+10
4.638078994283731937e+00 3.132876539637108612e+10
4.656631310260867629e+00 3.282695135567276382e+10
4.675257835501911430e+00 3.122449250099805069e+10
4.693958866843916944e+00 3.371116729934985733e+10
4.712734702311292878e+00 3.081161409544369125e+10
4.731585641120538810e+00 3.102511015268153381e+10
4.750511983685020923e+00 3.060638331797972107e+10
4.769514031619761063e+00 2.848271174641396332e+10
4.788592087746240011e+00 2.766602941651890564e+10
4.807746456097224730e+00 2.912234871131978989e+10
4.826977441921613377e+00 2.848392501782332993e+10
4.846285351689299858e+00 2.749034810127708817e+10
4.865670493096057925e+00 2.733165224648928070e+10
4.885133175068442135e+00 2.647615163769544601e+10
4.904673707768715474e+00 2.607656473453089142e+10
4.924292402599791174e+00 2.540354693357340240e+10
4.943989572210189642e+00 2.536844515400860977e+10
4.963765530499030021e+00 2.336674593603482819e+10
4.983620592621027079e+00 2.695306533828942490e+10
5.003555074991511198e+00 2.385936813197827530e+10
5.023569295291476777e+00 2.238568080251096725e+10
5.043663572472643075e+00 2.433936313141200638e+10
5.063838226762532813e+00 2.405120828198720169e+10
5.084093579669583640e+00 2.299878796547039413e+10
5.104429953988261381e+00 2.431433592721152496e+10
5.124847673804215020e+00 2.314155878504494095e+10
5.145347064499431688e+00 2.314214696804689026e+10
5.165928452757428957e+00 2.201980627365611649e+10
5.186592166568458673e+00 2.433421346284521866e+10
5.207338535234733001e+00 2.169486838285578537e+10
5.228167889375671784e+00 2.297787910020390320e+10
5.249080560933174766e+00 2.163130166232816315e+10
5.270076883176907145e+00 2.150380283805561447e+10
5.291157190709615321e+00 2.115128493767206955e+10
5.312321819472453299e+00 2.138264894146052933e+10
5.333571106750343738e+00 2.209844730879035187e+10
5.354905391177344320e+00 1.964732198510398483e+10
5.376325012742054099e+00 1.988543281066848373e+10
5.397830312793021612e+00 1.978206820335813141e+10
5.419421634044193858e+00 1.674760432036793709e+10
5.441099320580370602e+00 1.953601990051297760e+10
5.462863717862692425e+00 1.842061271961838150e+10
5.484715172734142996e+00 1.861019654911038971e+10
5.506654033425078865e+00 1.839401732940306854e+10
5.528680649558780580e+00 1.666551770371283913e+10
5.550795372157015350e+00 1.678255528093979645e+10
5.572998553645643227e+00 1.632627922969927216e+10
5.595290547860225949e+00 1.775030719898472977e+10
5.617671710051667766e+00 1.668159349766982460e+10
5.640142396891874021e+00 1.725307558929869843e+10
5.662702966479441713e+00 1.654632531425354767e+10
5.685353778345359821e+00 1.514196895810620117e+10
5.708095193458740724e+00 1.552576651636701584e+10
5.730927574232576482e+00 1.473897005166716385e+10
5.753851284529505783e+00 1.631054041298226547e+10
5.776866689667624399e+00 1.446648872064841652e+10
5.799974156426294769e+00 1.576179760068399048e+10
5.823174053051999977e+00 1.372475260265703583e+10
5.846466749264207508e+00 1.452552047255639267e+10
5.869852616261264977e+00 1.418793945009909821e+10
5.893332026726310069e+00 1.386769892504098701e+10
5.916905354833215114e+00 1.526773837931738281e+10
5.940572976252548543e+00 1.321185190790170097e+10
5.964335268157558545e+00 1.460904059926443672e+10
5.988192609230189589e+00 1.456492017451248932e+10
6.012145379667110490e+00 1.506757463936225700e+10
6.036193961185778889e+00 1.348894597089355659e+10
6.060338737030522616e+00 1.355420574447814560e+10
6.084580091978644134e+00 1.515286302420856476e+10
6.108918412346558746e+00 1.366009324023123550e+10
6.133354085995945226e+00 1.640906236220671844e+10
6.157887502339929320e+00 1.408467172544114685e+10
6.182519052349287669e+00 1.412045178331206894e+10
6.207249128558685491e+00 1.455987382993067741e+10
6.232078125072920471e+00 1.457186577287289619e+10
6.257006437573212843e+00 1.419690729275150108e+10
6.282034463323505236e+00 1.460731803336717033e+10
6.307162601176800720e+00 1.421151692278824806e+10
6.332391251581507063e+00 1.428914010437342072e+10
6.357720816587833390e+00 1.395655637054729843e+10
6.383151699854184180e+00 1.277733382511245155e+10
6.408684306653601226e+00 1.134604737835083961e+10
6.434319043880215361e+00 1.204377167242823219e+10
6.460056320055736379e+00 1.047362801488104248e+10
6.485896545335958052e+00 8.868325792301910400e+09
6.511840131517302233e+00 9.147281703161941528e+09
6.537887492043371829e+00 9.205302663515253067e+09
6.564039042011545533e+00 8.332763641640979767e+09
6.590295198179591196e+00 7.859707055843414307e+09
6.616656378972309405e+00 7.885357645037324905e+09
6.643123004488199257e+00 7.844007143847021103e+09
6.669695496506150789e+00 8.024538882259243011e+09
6.696374278492176479e+00 8.064945529142186165e+09
6.723159775606144528e+00 7.719259771265504837e+09
6.750052414708568094e+00 8.422925119355002403e+09
6.777052624367403411e+00 7.594178555444997787e+09
6.804160834864871887e+00 7.468172911306969643e+09
6.831377478204331055e+00 7.069371357522383690e+09
6.858702988117148180e+00 7.328903800829359055e+09
6.886137800069615622e+00 7.765741984370202065e+09
6.913682351269895499e+00 7.683506611017440796e+09
6.941337080674975013e+00 7.675257995374307632e+09
6.969102428997675069e+00 7.446463407510055542e+09
6.996978838713665994e+00 7.733740089912575722e+09
7.024966754068519670e+00 7.229642443775584221e+09
7.053066621084793653e+00 6.996396491573209763e+09
7.081278887569133929e+00 7.111029788957394600e+09
7.109604003119409654e+00 6.800585821007396698e+09
7.138042419131887861e+00 7.273319402885186195e+09
7.166594588808414379e+00 7.114805677710814476e+09
7.195260967163648047e+00 7.096778610255670547e+09
7.224042011032302923e+00 6.816048975923007965e+09
7.252938179076432235e+00 6.771852010116909027e+09
7.281949931792737196e+00 6.743919908102344513e+09
7.311077731519908696e+00 7.169584917076781273e+09
7.340322042445988515e+00 6.339279895458732605e+09
7.369683330615771411e+00 6.360092960007324219e+09
7.399162063938235612e+00 6.816360379497323990e+09
7.428758712193988423e+00 6.181316017945637703e+09
7.458473747042765112e+00 6.172326090178340912e+09
7.488307642030935796e+00 6.268748976689945221e+09
7.518260872599060285e+00 6.376983365885207176e+09
7.548333916089456253e+00 6.217191198643361092e+09
7.578527251753813587e+00 5.743239456094881058e+09
7.608841360760829176e+00 5.407639587054253578e+09
7.639276726203872769e+00 6.093400165384838104e+09
7.669833833108687493e+00 5.785768355618786812e+09
7.700513168441122325e+00 5.737572672889771461e+09
7.731315221114887670e+00 5.564792113040062904e+09
7.762240481999347352e+00 5.366439026280599594e+09
7.793289443927344351e+00 5.536861888477848053e+09
7.824462601703054077e+00 5.684979899479675293e+09
7.855760452109866065e+00 5.416099531295237541e+09
7.887183493918306532e+00 4.700854403441409111e+09
7.918732227893980458e+00 5.190822826987141609e+09
7.950407156805555431e+00 5.143324143244728088e+09
7.982208785432777454e+00 5.045481474708628654e+09
8.014137620574508958e+00 5.187709176527245522e+09
8.046194171056805899e+00 4.698407684413394928e+09
8.078378947741034821e+00 5.063399704302597046e+09
8.110692463531997021e+00 4.698373043938143730e+09
8.143135233386125549e+00 4.809497065268383980e+09
8.175707774319670662e+00 4.694165314546120644e+09
8.208410605416949224e+00 4.527029623899079323e+09
8.241244247838615422e+00 4.721454232985924721e+09
8.274209224829968790e+00 4.485912635550515175e+09
8.307306061729288871e+00 4.732803650978588104e+09
8.340535285976207192e+00 4.307260569443852425e+09
8.373897427120111203e+00 4.260388377127906322e+09
8.407393016828594412e+00 4.804544121336584091e+09
8.441022588895906509e+00 4.248609983493720055e+09
8.474786679251490540e+00 4.609887967556017876e+09
8.508685825968495209e+00 4.244939698916468143e+09
8.542720569272368891e+00 4.391783617690444946e+09
8.576891451549458978e+00 4.299762309066701889e+09
8.611199017355655627e+00 4.437963067662853241e+09
8.645643813425078150e+00 4.409957519324779510e+09
8.680226388678779159e+00 4.224551627040973663e+09
8.714947294233493125e+00 4.283131453671103001e+09
8.749807083410427566e+00 3.988122927410840511e+09
8.784806311744070229e+00 4.168439531946197510e+09
8.819945536991047774e+00 4.051422954467535496e+09
8.855225319139009343e+00 4.039470740232511044e+09
8.890646220415566958e+00 4.249131290742267609e+09
8.926208805297228821e+00 4.176595237050748825e+09
8.961913640518417878e+00 3.860685837867006779e+09
8.997761295080492161e+00 4.024802096679099560e+09
9.033752340260813085e+00 3.904564362626539230e+09
9.069887349621856387e+00 3.976470292666900158e+09
9.106166899020346150e+00 3.844615871595127106e+09
9.142591566616424359e+00 3.933032426795260429e+09
9.179161932882891506e+00 3.864210451550867081e+09
9.215878580614422333e+00 3.862122098789190292e+09
9.252742094936881045e+00 3.671772398319971085e+09
9.289753063316627646e+00 3.687031402865326881e+09
9.326912075569895322e+00 3.714190016781785488e+09
9.364219723872173162e+00 3.857050667762356758e+09
9.401676602767663482e+00 3.507723097049060822e+09
9.439283309178733816e+00 3.418473476901866436e+09
9.477040442415447075e+00 3.507213495500844955e+09
9.514948604185111236e+00 3.494434010112565041e+09
9.553008398601852136e+00 3.712368799884307861e+09
9.591220432196260859e+00 3.368236496944382191e+09
9.629585313925044687e+00 3.365865667754849434e+09
9.668103655180747324e+00 3.367257412579808712e+09
9.706776069801470896e+00 3.339785363812931061e+09
9.745603174080676112e+00 3.427710159606900692e+09
9.784585586776998412e+00 3.519891275019929886e+09
9.823723929124106746e+00 3.161823034483794212e+09
9.863018824840601440e+00 3.291533974107478619e+09
9.902470900139965337e+00 2.712976758812664509e+09
9.942080783740523842e+00 3.180827393922521591e+09
9.981849106875488431e+00 3.091965206966190338e+09
1.002177650330298952e+01 3.079792342535041809e+09
1.006186360931619994e+01 2.962202950796529770e+09
1.010211106375346723e+01 2.830509389911121845e+09
1.014251950800847979e+01 3.029539294605502129e+09
1.018308958604051284e+01 2.974907677208724022e+09
1.022382194438467451e+01 2.838320782484766483e+09
1.026471723216221399e+01 2.740087148556993484e+09
1.030577610109086173e+01 2.727643205895472050e+09
1.034699920549522467e+01 2.624064083598900318e+09
1.038838720231720458e+01 2.527239876137097836e+09
1.042994075112647501e+01 2.470399560047805309e+09
1.047166051413097954e+01 2.416445328533231258e+09
1.051354715618750468e+01 2.591573722737901211e+09
1.055560134481225454e+01 2.456855756290327072e+09
1.059782375019150358e+01 2.340682961059091568e+09
1.064021504519226902e+01 2.425768486348082066e+09
1.068277590537303823e+01 2.493068786854924679e+09
1.072550700899452991e+01 2.321408009387398243e+09
1.076840903703050856e+01 2.249466890208359718e+09
1.081148267317863088e+01 2.359017603228030205e+09
1.085472860387134553e+01 2.342154266682943344e+09
1.089814751828683015e+01 2.064715955046889544e+09
1.094174010835997635e+01 2.161838968711381912e+09
1.098550706879341909e+01 1.863882043235767126e+09
1.102944909706859100e+01 1.918865722448963881e+09
1.107356689345686540e+01 1.973987734267450333e+09
1.111786116103069233e+01 2.006259436067309618e+09
1.116233260567481622e+01 1.918903683186031103e+09
1.120698193609751492e+01 1.897636313610286236e+09
1.125180986384190440e+01 1.864781394738365173e+09
1.129681710329727373e+01 1.847516282097872257e+09
1.134200437171046083e+01 1.806487293753566504e+09
1.138737238919730466e+01 1.857332311366176128e+09
1.143292187875409383e+01 1.802664629895969868e+09
1.147865356626910938e+01 1.747493964260638475e+09
1.152456818053418530e+01 1.712445786302411795e+09
1.157066645325632237e+01 1.603629068171452522e+09
1.161694911906934635e+01 1.589645992771329165e+09
1.166341691554562487e+01 1.640046864030594349e+09
1.171007058320780736e+01 1.501471523207519770e+09
1.175691086554063958e+01 1.386293809008310080e+09
1.180393850900279951e+01 1.495905238135821104e+09
1.185115426303881137e+01 1.469698403474514961e+09
1.189855888009096674e+01 1.441259103901668072e+09
1.194615311561133097e+01 1.453038807934317827e+09
1.199393772807377623e+01 1.440118866801281452e+09
1.204191347898607134e+01 1.431491769604198694e+09
1.209008113290201614e+01 1.300773888999072075e+09
1.213844145743362368e+01 1.311651702719250679e+09
1.218699522326335938e+01 1.400024849849594355e+09
1.223574320415641381e+01 1.281741118667768478e+09
1.228468617697303777e+01 1.294469025111366510e+09
1.233382492168093059e+01 1.246360366984303951e+09
1.238316022136765504e+01 1.202014324960745811e+09
1.243269286225312520e+01 1.096858669042551756e+09
1.248242363370213859e+01 1.211486008164799452e+09
1.253235332823694748e+01 1.086346946774716139e+09
1.258248274154989410e+01 1.124719457403989077e+09
1.263281267251609385e+01 1.112312609524064541e+09
1.268334392320615756e+01 1.113492408678995132e+09
1.273407729889898299e+01 1.122710784049782991e+09
1.278501360809457665e+01 1.029110485382283568e+09
1.283615366252695544e+01 1.005715539003635645e+09
1.288749827717706253e+01 1.098266900067493916e+09
1.293904827028577031e+01 9.765926202683967352e+08
1.299080446336691352e+01 1.019160522219035625e+09
1.304276768122038099e+01 9.459847399569040537e+08
1.309493875194526424e+01 9.838020040059173107e+08
1.314731850695304693e+01 9.280665727939705849e+08
1.319990778098085649e+01 9.578877280655122995e+08
1.325270741210477965e+01 8.524074305230908394e+08
1.330571824175319939e+01 8.349810117467671633e+08
1.335894111472021173e+01 8.922718722622747421e+08
1.341237687917909227e+01 8.754592077441464663e+08
1.346602638669580898e+01 7.899010660196945667e+08
1.351989049224258999e+01 8.530492932543776035e+08
1.357397005421156067e+01 8.192288561160598993e+08
1.362826593442840917e+01 8.042991052701725960e+08
1.368277899816612297e+01 7.944948148562598228e+08
1.373751011415878942e+01 7.428663075198116302e+08
1.379246015461542463e+01 7.988222954570609331e+08
1.384762999523388416e+01 6.979044588671765327e+08
1.390302051521481808e+01 7.827336627655537128e+08
1.395863259727567751e+01 7.591569770673881769e+08
1.401446712766477987e+01 6.824550113529779911e+08
1.407052499617543972e+01 7.692841110405828953e+08
1.412680709616014063e+01 6.840390994444097281e+08
1.418331432454478147e+01 6.350199814432927370e+08
1.424004758184296193e+01 6.624024030422085524e+08
1.429700777217033369e+01 7.071503476050384045e+08
1.435419580325901379e+01 6.233267931607993841e+08
1.441161258647204946e+01 6.160919214433469772e+08
1.446925903681793812e+01 5.917016416060296297e+08
1.452713607296521126e+01 6.035864132549908161e+08
1.458524461725707155e+01 6.111282639142316580e+08
1.464358559572609764e+01 5.846462239548499584e+08
1.470215993810900557e+01 5.796109588688654900e+08
1.476096857786143879e+01 6.219695565848166943e+08
1.482001245217288599e+01 5.580482242945065498e+08
1.487929250198157760e+01 5.223660546362528801e+08
1.493880967198950316e+01 5.520947645616518259e+08
1.499856491067746056e+01 5.327765335214295387e+08
1.505855917032016933e+01 5.344902593783246875e+08
1.511879340700144958e+01 5.171276260564045906e+08
1.517926858062945605e+01 4.998667409713898301e+08
1.523998565495197433e+01 5.380337578005137444e+08
1.530094559757178274e+01 5.199465827784340382e+08
1.536214937996206764e+01 4.880906036792759299e+08
1.542359797748191674e+01 4.676538162526801229e+08
1.548529236939184450e+01 4.742961225514923334e+08
1.554723353886941339e+01 4.380707463923897147e+08
1.560942247302489072e+01 4.597002052631877065e+08
1.567186016291699069e+01 4.650661098184109926e+08
1.573454760356865556e+01 4.175041010608797669e+08
1.579748579398293096e+01 4.411716461933501363e+08
1.586067573715886247e+01 4.319806377903861403e+08
1.592411844010749888e+01 4.657190981954831481e+08
1.598781491386792730e+01 3.780900118786100149e+08
1.605176617352340074e+01 4.100741108791255355e+08
1.611597323821749228e+01 3.864239901044292450e+08
1.618043713117036120e+01 4.201912821663559675e+08
1.624515887969504391e+01 3.618010249142272472e+08
1.631013951521382310e+01 3.932388177480328083e+08
1.637538007327468037e+01 3.956667279515292048e+08
1.644088159356778078e+01 3.758446267193323970e+08
1.650664511994205341e+01 3.585143461849514842e+08
1.657267170042182158e+01 3.566316622682875991e+08
1.663896238722350418e+01 3.194318401977108121e+08
1.670551823677240222e+01 3.518872397665619254e+08
1.677234030971949608e+01 3.762321591845520735e+08
1.683942967095837062e+01 3.521392884474959970e+08
1.690678738964220429e+01 3.280463002630931139e+08
1.697441453920077237e+01 3.268295510109949112e+08
1.704231219735757108e+01 3.657468368196328878e+08
1.711048144614700561e+01 2.861420392126985192e+08
1.717892337193159236e+01 3.270256662250488400e+08
1.724763906541932101e+01 2.976937584590874314e+08
1.731662962168099895e+01 2.978958317031195164e+08
1.738589614016772344e+01 2.695113888925580978e+08
1.745543972472839300e+01 3.056591560293291211e+08
1.752526148362730751e+01 2.942944067775616646e+08
1.759536252956181812e+01 2.795844781498923898e+08
1.766574397968006238e+01 2.736474347185811996e+08
1.773640695559878466e+01 2.719430703814554811e+08
1.780735258342117433e+01 2.691149760152566433e+08
1.787858199375486024e+01 2.866115165791953802e+08
1.795009632172988034e+01 2.503989468800192773e+08
1.802189670701679702e+01 2.773414240142392516e+08
1.809398429384486562e+01 2.618675306538784504e+08
1.816636023102024211e+01 2.266559329450076818e+08
1.823902567194432578e+01 2.568874267472595274e+08
1.831198177463210186e+01 2.585289459918319583e+08
1.838522970173062987e+01 2.416466405258371830e+08
1.845877062053754969e+01 2.367654425174886584e+08
1.853260570301970134e+01 2.143418813088366091e+08
1.860673612583178027e+01 2.049827096804889739e+08
1.868116307033510637e+01 2.241576371059936285e+08
1.875588772261644976e+01 2.142556826154048145e+08
1.883091127350691352e+01 2.410639551386565268e+08
1.890623491860094063e+01 2.158986102633473277e+08
1.898185985827534594e+01 2.008336908040886819e+08
1.905778729770844748e+01 2.254269566550270617e+08
1.913401844689928311e+01 2.188259166909905970e+08
1.921055452068688041e+01 1.917470596872377992e+08
1.928739673876962968e+01 1.928042369112459719e+08
1.936454632572470658e+01 2.008365625833011270e+08
1.944200451102760141e+01 1.672443156471967697e+08
1.951977252907171589e+01 2.044985461983615160e+08
1.959785161918800256e+01 1.778132404944497645e+08
1.967624302566475691e+01 1.813817749611572325e+08
1.991079942767366973e+01 1.770372864688064158e+08
