# Wavelength (micrometer), Flux (W / m2 / m)
1.000553076518779783e-01 2.497722344041700126e+04
1.004555288824854897e-01 1.616405061355690188e-13
1.008573509980154326e-01 2.996055798107714648e-13
1.012607804020075053e-01 3.018972264253589378e-13
1.016658235236155422e-01 3.009577854113167467e-13
1.020724868177099870e-01 8.139617168770350286e-11
1.024807767649808382e-01 3.362385541496681783e-13
1.028906998720407612e-01 9.496575832499252477e-13
1.033022626715289355e-01 2.708391151113690692e-10
1.037154717222150413e-01 1.000698627866946188e-12
1.041303336091038839e-01 1.807174791475642877e-12
1.045468549435403099e-01 1.441350640145340156e-11
1.049650423633144702e-01 1.856265297438457255e-13
1.053849025327677214e-01 4.955686026249804947e-11
1.058064421428987906e-01 8.264655689979458518e-13
1.062296679114703990e-01 8.988743354268467239e-11
1.066545865831162732e-01 3.767990724604810178e-11
1.070812049294487533e-01 1.185253174427429214e-11
1.075095297491665408e-01 1.305390813212826230e-09
1.079395678681632220e-01 1.727139325676264119e-11
1.083713261396358624e-01 6.818680071578641497e-10
1.088048114441943909e-01 3.465024669992017721e-10
1.092400306899711654e-01 1.624447116414269294e-07
1.096769908127310511e-01 6.265060756173282314e-10
1.101156987759819850e-01 7.675694724305403462e-10
1.105561615710859147e-01 9.883035141864729971e-08
1.109983862173702651e-01 1.570156875602124745e-08
1.114423797622397516e-01 2.857141836525234946e-09
1.118881492812886930e-01 9.198039671998921646e-10
1.123357018784138517e-01 3.308662422211365680e-09
1.127850446859275102e-01 3.227374133117705271e-06
1.132361848646712132e-01 1.273505125528071704e-06
1.136891296041298988e-01 1.142808788599786993e-06
1.141438861225464035e-01 1.370770461135236397e-06
1.146004616670366072e-01 1.249654365991738178e-06
1.150588635137047705e-01 1.138863211678149265e-06
1.155190989677595953e-01 6.891542261868548104e-07
1.159811753636306314e-01 1.835178079835188693e-06
1.164451000650851553e-01 2.450690382534120493e-07
1.169108804653455069e-01 2.604041764008309562e-07
1.173785239872068981e-01 3.925385022453896390e-07
1.178480380831557206e-01 2.873391417952790075e-07
1.183194302354883543e-01 5.099718516369077346e-07
1.187927079564302935e-01 2.925304348183246968e-08
1.192678787882560099e-01 3.281455697792489940e-08
1.197449503034090645e-01 1.765427155217703696e-08
1.202239301046226783e-01 2.294345041308601666e-09
1.207048258250411760e-01 3.740059246597398771e-08
1.211876451283413342e-01 9.116578820528324272e-10
1.216723957088547137e-01 5.535327017095157752e-11
1.221590852916901310e-01 1.018530919551105378e-08
1.226477216328568792e-01 1.089417201374549189e-07
1.231383125193883099e-01 4.853252998772617714e-10
1.236308657694658586e-01 6.472655621044410846e-09
1.241253892325437369e-01 5.013726351339948105e-09
1.246218907894739159e-01 1.985756419517274096e-09
1.251203783526317892e-01 4.585565319292663872e-08
1.256208598660423226e-01 1.084248928033887525e-07
1.261233433055065078e-01 3.475297817105177213e-08
1.266278366787285392e-01 3.982568811313344440e-10
1.271343480254434610e-01 6.353973822720143785e-07
1.276428854175452321e-01 2.275858692595374713e-07
1.281534569592154005e-01 7.185098308234593141e-09
1.286660707870522780e-01 1.600434252214764102e-07
1.291807350702004475e-01 8.557103910449628577e-07
1.296974580104812425e-01 9.494745209257386956e-07
1.302162478425231973e-01 1.403338458908829658e-10
1.307371128338932764e-01 1.940143156724291131e-08
1.312600612852288795e-01 4.909735416514113759e-06
1.317851015303697915e-01 6.276427316627435400e-09
1.323122419364912705e-01 1.859319776765792625e-07
1.328414909042372472e-01 6.378253526699451605e-07
1.333728568678542170e-01 1.241456110769299647e-07
1.339063482953256612e-01 1.712869574215991773e-09
1.344419736885069383e-01 1.571785953493974320e-07
1.349797415832609815e-01 3.194411471123747878e-07
1.355196605495940232e-01 1.603026437790393939e-07
1.360617391917924301e-01 2.940479314262888934e-07
1.366059861485595939e-01 4.962119245354978678e-08
1.371524100931538481e-01 1.463468242850166121e-09
1.377010197335264696e-01 1.644727184097479755e-08
1.382518238124605670e-01 5.494895482620527892e-06
1.388048311077104136e-01 5.061377576340008466e-07
1.393600504321412248e-01 2.106035536352294844e-08
1.399174906338697677e-01 1.215118108834131832e-08
1.404771605964052761e-01 1.672520000121699574e-06
1.410390692387908651e-01 1.322625290128957953e-07
1.416032255157460562e-01 6.414124968697096330e-06
1.421696384178090522e-01 7.905479072266264852e-10
1.427383169714803168e-01 6.429176056240902062e-07
1.433092702393662099e-01 1.064114535413252318e-04
1.438825073203236771e-01 3.126164958167056465e-06
1.444580373496049674e-01 6.185556209940892565e-05
1.450358694990033503e-01 1.991997902210780294e-06
1.456160129769993872e-01 1.272854588631144553e-04
1.461984770289073976e-01 3.777534192140678511e-04
1.467832709370230082e-01 1.328068460283429146e-05
1.473704040207710897e-01 1.683600688228132464e-04
1.479598856368541382e-01 4.580130851338310242e-07
1.485517251794015725e-01 3.106520998353267255e-05
1.491459320801191979e-01 1.086496046283563842e-04
1.497425158084396690e-01 8.855062663966373023e-06
1.503414858716734248e-01 6.336443957874824794e-04
1.509428518151600951e-01 2.374357742821138199e-05
1.515466232224207677e-01 7.797162776293353065e-07
1.521528097153104220e-01 4.455611882388952305e-06
1.527614209541716672e-01 4.151008717097003069e-08
1.533724666379883694e-01 9.219972740193874016e-08
1.539859565045403056e-01 1.098827610952155281e-07
1.546019003305584838e-01 5.908287542584999671e-09
1.552203079318807133e-01 3.987973835481134126e-08
1.558411891636082569e-01 3.777026411374573657e-08
1.564645539202626778e-01 2.790642341426672269e-08
1.570904121359437411e-01 4.254406300088109018e-08
1.577187737844875093e-01 2.675788562240629823e-08
1.583496488796254653e-01 5.782534959093760335e-08
1.589830474751439959e-01 1.829120328237944137e-07
1.596189796650445414e-01 5.154143771624387540e-08
1.602574555837047166e-01 7.085620975204765172e-08
1.608984854060395708e-01 1.446150230426108980e-07
1.615420793476636807e-01 1.474411062730316115e-07
1.621882476650543525e-01 2.474029145914528134e-07
1.628370006557145755e-01 2.312124839449634534e-07
1.634883486583374457e-01 3.469891751848342199e-07
1.641423020529707844e-01 4.909453295710240144e-07
1.647988712611826723e-01 4.487062010838147927e-07
1.654580667462274002e-01 1.942731328339153560e-07
1.661198990132123077e-01 8.445901186819373045e-07
1.667843786092651215e-01 7.875108792198934071e-07
1.674515161237022098e-01 1.524904247195022193e-06
1.681213221881969755e-01 3.159827352673687147e-06
1.687938074769497754e-01 2.504894743039253656e-06
1.694689827068575905e-01 8.526714541239234450e-06
1.701468586376850278e-01 6.897240018227566318e-06
1.708274460722357391e-01 8.135052266572162820e-06
1.715107558565246715e-01 9.535565135346030821e-06
1.721967988799507909e-01 1.071837602380862731e-05
1.728855860754705820e-01 1.597062600314892323e-05
1.735771284197724640e-01 1.454144267671048237e-05
1.742714369334515678e-01 1.413043534877089671e-05
1.749685226811853456e-01 4.305017782475965382e-05
1.756683967719100681e-01 2.593951731100195771e-05
1.763710703589977391e-01 7.671868356575588536e-05
1.770765546404337309e-01 1.008538740588303776e-04
1.777848608589954471e-01 3.780058881238179745e-05
1.784960003024314568e-01 1.650662320661250597e-04
1.792099843036411844e-01 1.239045750477912975e-04
1.799268242408557650e-01 1.433680072375111548e-04
1.806465315378191772e-01 4.872008232326962293e-04
1.813691176639704306e-01 1.053806827508664334e-04
1.820945941346263086e-01 2.868794287691427245e-04
1.828229725111648329e-01 9.503879494258850444e-04
1.835542644012094771e-01 1.140494657716902921e-04
1.842884814588143239e-01 5.793189535592741836e-04
1.850256353846495561e-01 2.729192800511550786e-03
1.857657379261881403e-01 3.480340980148975715e-04
1.865088008778928996e-01 2.503385321336878012e-03
1.872548360814044743e-01 1.344790911011530541e-03
1.880038554257300876e-01 5.559839294617447856e-04
1.887558708474330049e-01 4.433153039833432132e-03
1.895108943308226879e-01 1.729878761814121349e-03
1.902689379081460019e-01 1.138429271300543492e-03
1.910300136597785636e-01 1.150010234996022562e-02
1.917941337144176972e-01 2.831560861757199780e-03
1.925613102492753359e-01 4.552347069091973453e-03
1.933315554902724498e-01 1.807826792385270123e-02
1.941048817122335568e-01 8.639948640818044187e-03
1.948813012390824828e-01 7.711211789535451708e-03
1.956608264440388156e-01 3.533857827103588367e-02
1.964434697498149418e-01 8.723001966904850649e-03
1.972292436288141937e-01 1.617008386141588483e-02
1.980181606033294406e-01 3.226231865957199241e-02
1.988102332457427346e-01 1.861629289143363827e-02
1.996054741787257336e-01 1.682530558880466348e-02
2.004038960754406518e-01 2.377699890449160372e-02
2.012055116597424309e-01 2.516233590813874224e-02
2.020103337063813842e-01 2.792789717304465513e-02
2.028183750412069219e-01 3.748559530304657744e-02
2.036296485413717494e-01 2.951763134390375867e-02
2.044441671355372303e-01 2.568122743804198208e-02
2.052619438040793887e-01 4.082969736299187080e-02
2.060829915792957157e-01 3.820962852820555811e-02
2.069073235456129201e-01 3.955504704948267780e-02
2.077349528397953449e-01 4.497356007841991909e-02
2.085658926511545219e-01 5.710739179517235892e-02
2.094001562217591150e-01 6.242545921604107650e-02
2.102377568466461677e-01 6.547418792771737828e-02
2.110787078740327671e-01 5.741242299930702370e-02
2.119230227055288740e-01 7.893172602350453926e-02
2.127707147963510126e-01 9.164523231180647656e-02
2.136217976555363773e-01 1.105706118269320776e-01
2.144762848461585492e-01 7.701259420159280167e-02
2.153341899855431840e-01 1.262386707327038948e-01
2.161955267454853669e-01 1.721549601527243845e-01
2.170603088524672986e-01 2.040320260709230782e-01
2.179285500878772042e-01 1.549011661034388754e-01
2.188002642882286852e-01 1.777447630127633460e-01
2.196754653453815986e-01 3.039984711121674343e-01
2.205541672067631020e-01 2.726684733662202431e-01
2.214363838755901703e-01 6.268111418517319233e-01
2.223221294110925284e-01 2.973354895259295305e-01
2.232114179287369160e-01 1.208563584189595197e+00
2.241042636004518529e-01 6.474288968777852649e-01
2.250006806548536520e-01 2.461998951320418794e+00
2.259006833774730438e-01 1.070362693118663611e+00
2.268042861109829667e-01 1.765777772947243918e+00
2.277115032554268836e-01 2.213823588660652764e+00
2.286223492684485714e-01 2.302514090300476823e+00
2.295368386655223802e-01 7.603249546088687971e+00
2.304549860201844658e-01 1.311123150207093468e+00
2.313768059642651864e-01 6.133869590171484809e+00
2.323023131881222503e-01 4.797603022632354275e+00
2.332315224408747223e-01 1.126513146985635316e+01
2.341644485306381973e-01 1.592853007985887004e+01
2.351011063247607502e-01 3.211039330947476067e+00
2.360415107500598020e-01 2.267512819251670209e+01
2.369856767930600405e-01 3.429621215773504428e+00
2.379336195002322851e-01 2.876226860468074875e+01
2.388853539782332114e-01 1.842282633437640271e+01
2.398408953941461863e-01 1.029740590229503709e+02
2.408002589757227141e-01 1.110353005781262254e+02
2.417634600116256582e-01 1.799870988128668969e+01
2.427305138516721306e-01 1.708528236629995547e+02
2.437014359070788505e-01 1.033673289217524314e+02
2.446762416507071713e-01 4.469436887974307524e+02
2.456549466173099938e-01 1.544353899934211540e+02
2.466375664037792625e-01 2.240675676589288514e+02
2.476241166693943785e-01 2.106872808610349068e+02
2.486146131360719436e-01 4.606063355718482200e+01
2.496090715886161993e-01 2.413463467917767105e+02
2.506075078749706586e-01 1.987072481846190328e+02
2.516099379064705155e-01 2.625005321493723613e+02
2.526163776580964138e-01 4.719686658053061592e+02
2.536268431687287994e-01 1.522476321031770112e+03
2.546413505414037437e-01 1.877313011119481189e+03
2.556599159435693491e-01 1.945681522976656197e+03
2.566825556073435988e-01 1.889683307698561066e+03
2.577092858297729827e-01 2.164893061283191400e+03
2.587401229730920682e-01 1.461939140428287828e+03
2.597750834649844576e-01 3.254009181009899748e+03
2.608141837988444123e-01 2.395137044478272855e+03
2.618574405340398092e-01 1.158391825656907167e+04
2.629048702961759298e-01 3.133810059083947999e+04
2.639564897773606367e-01 3.337319468944999244e+04
2.650123157364701054e-01 3.168287680019112668e+04
2.660723649994159445e-01 1.920245897621907716e+04
2.671366544594135917e-01 2.477065787143019406e+04
2.682052010772512096e-01 2.719316051425488695e+04
2.692780218815602478e-01 1.543758041256469915e+04
2.703551339690865030e-01 3.055083772674734792e+04
2.714365545049627904e-01 1.107095378249583155e+04
2.725223007229827243e-01 9.319014959895130232e+03
2.736123899258746106e-01 1.372070356619850645e+04
2.747068394855781692e-01 1.640103120177169694e+04
2.758056668435204806e-01 2.624598382269041394e+04
2.769088895108945403e-01 5.723983564360527089e+04
2.780165250689380918e-01 4.597231025731378759e+04
2.791285911692138466e-01 5.010959701815163135e+04
2.802451055338907038e-01 4.192412832796149451e+04
2.813660859560263017e-01 3.656295118823307712e+04
2.824915502998503469e-01 3.069082219716831969e+04
2.836215165010497197e-01 2.624785357479625236e+04
2.847560025670539119e-01 2.119194770924905242e+04
2.858950265773221866e-01 2.669223887833792833e+04
2.870386066836315142e-01 3.666407073965339805e+04
2.881867611103660631e-01 6.345635188560202369e+04
2.893395081548075787e-01 1.022523134437579865e+05
2.904968661874267610e-01 1.462438932989721070e+05
2.916588536521764197e-01 1.920263067644315306e+05
2.928254890667851273e-01 2.250260608986105653e+05
2.939967910230522619e-01 1.998075545350517204e+05
2.951727781871444911e-01 1.851235524621677177e+05
2.963534692998930908e-01 2.357736003773443226e+05
2.975388831770926501e-01 2.356485582239374053e+05
2.987290387098009981e-01 3.284335831537884078e+05
2.999239548646402409e-01 2.861128384336557938e+05
3.011236506840988536e-01 4.930837400869130506e+05
3.023281452868351593e-01 2.362895645853817987e+05
3.035374578679824742e-01 7.988799112982085207e+05
3.047516076994544187e-01 8.903102482326444006e+05
3.059706141302522830e-01 1.378459432270768564e+06
3.071944965867733357e-01 5.362085644388067536e+06
3.084232745731204095e-01 1.155834082208487205e+07
3.096569676714128194e-01 1.110778049302957579e+07
3.108955955420985018e-01 2.186992735249079764e+07
3.121391779242668751e-01 2.635817915779599175e+07
3.133877346359639215e-01 3.503467116637596488e+07
3.146412855745078230e-01 4.576088331195476651e+07
3.158998507168058190e-01 5.189962937307339907e+07
3.171634501196730627e-01 7.606922529301939905e+07
3.184321039201517545e-01 4.132476701838964224e+07
3.197058323358323295e-01 2.949636261920934170e+07
3.209846556651756444e-01 7.955659412441635132e+07
3.222685942878363852e-01 9.655158162703029811e+07
3.235576686649877520e-01 8.011007087546736002e+07
3.248518993396476984e-01 1.503058278387571871e+08
3.261513069370062801e-01 1.749554252771286368e+08
3.274559121647543369e-01 2.470425743788892329e+08
3.287657358134133401e-01 2.596403540685949624e+08
3.300807987566670154e-01 8.216209977550774813e+07
3.314011219516936890e-01 2.797984994773020148e+08
3.327267264395004642e-01 4.234737126187079549e+08
3.340576333452584534e-01 5.147908176342887282e+08
3.353938638786395088e-01 5.307115188674171567e+08
3.367354393341540630e-01 5.893997741363396645e+08
3.380823810914907468e-01 6.489521848109105825e+08
3.394347106158566718e-01 6.081641587600545883e+08
3.407924494583201014e-01 5.305809266724435091e+08
3.421556192561533982e-01 3.493393665845855474e+08
3.435242417331779707e-01 4.884193981399659067e+07
3.448983387001106626e-01 6.835270748427385092e+07
3.462779320549111417e-01 9.909318435627037287e+07
3.476630437831307319e-01 4.646598445849392563e+07
3.490536959582632992e-01 4.632994353336221725e+07
3.504499107420963600e-01 5.106226107566807866e+08
3.518517103850647421e-01 4.675459860266015530e+08
3.532591172266050239e-01 9.428292777073763609e+08
3.546721536955114717e-01 1.542859206073712111e+09
3.560908423102934761e-01 4.939033504554857016e+08
3.575152056795346533e-01 2.055239250251059830e+08
3.589452665022527800e-01 7.471257568833221197e+08
3.603810475682617254e-01 1.198611433822785139e+09
3.618225717585348278e-01 8.033870978341165781e+08
3.632698620455689364e-01 9.479269657781687975e+08
3.647229414937512293e-01 9.497427974928631783e+08
3.661818332597261971e-01 1.855981135693156958e+09
3.676465605927651259e-01 5.015466479173338413e+08
3.691171468351361895e-01 4.785468522351213098e+08
3.705936154224767076e-01 9.784572450809288025e+07
3.720759898841666247e-01 1.946378445510804653e+07
3.735642938437032656e-01 2.192418472692639008e+07
3.750585510190780902e-01 5.989163699466788769e+07
3.765587852231543908e-01 4.686190195035892129e+08
3.780650203640470441e-01 1.613663467012238026e+09
3.795772804455032068e-01 9.865464842885528803e+08
3.810955895672852312e-01 1.187089993572599888e+09
3.826199719255543585e-01 1.648046358700383604e+08
3.841504518132565771e-01 5.088182071056308746e+08
3.856870536205096456e-01 5.427053263129004091e+07
3.872298018349916715e-01 1.805779472361535728e+08
3.887787210423316320e-01 1.114009079769515395e+08
3.903338359265008939e-01 3.536042872121427655e+08
3.918951712702069545e-01 5.703276790018314123e+08
3.934627519552877928e-01 1.296963052618046284e+09
3.950366029631089404e-01 5.316447666887232780e+09
3.966167493749613859e-01 6.292858292982637405e+09
3.982032163724612550e-01 8.190851423582135201e+09
3.997960292379510450e-01 8.783409895491279602e+09
4.013952133549028578e-01 9.281029027513628006e+09
4.030007942083224659e-01 9.935747752282476425e+09
4.046127973851557647e-01 3.852988266295478344e+09
4.062312485746963908e-01 6.780709969516904831e+09
4.078561735689951728e-01 7.144477803818221092e+09
4.094875982632711353e-01 7.413950643498148918e+09
4.111255486563242245e-01 7.424394380113835335e+09
4.127700508509495880e-01 5.597866000319496155e+09
4.144211310543532978e-01 4.383846212957700729e+09
4.160788155785707931e-01 3.951856864070857048e+09
4.177431308408850463e-01 2.428850772664977551e+09
4.194141033642486138e-01 1.489960951009420156e+09
4.210917597777056320e-01 7.851793535714863539e+08
4.227761268168164221e-01 6.355248352780028582e+08
4.244672313240837602e-01 9.891944536075785160e+08
4.261651002493800910e-01 1.819535837993820190e+09
4.278697606503775730e-01 2.867992289639620304e+09
4.295812396929790666e-01 4.001040366134586334e+09
4.312995646517510107e-01 5.422530357069981575e+09
4.330247629103580187e-01 7.206138452615097046e+09
4.347568619619994745e-01 8.942177369741924286e+09
4.364958894098474596e-01 8.951997259164388657e+09
4.382418729674867897e-01 6.655266922491079330e+09
4.399948404593567730e-01 1.057408998807591438e+10
4.417548198211941890e-01 1.169531661465684509e+10
4.435218391004789873e-01 9.050332856085117340e+09
4.452959264568808750e-01 1.169826423336317635e+10
4.470771101627084021e-01 1.110094218406187057e+10
4.488654186033592119e-01 1.195911567685203552e+10
4.506608802777726241e-01 1.454003362175798225e+10
4.524635237988837710e-01 1.615355524328694344e+10
4.542733778940792333e-01 1.708676936039340019e+10
4.560904714056555065e-01 1.570713272865938187e+10
4.579148332912781894e-01 1.827276780727622223e+10
4.597464926244433370e-01 1.285934964471210098e+10
4.615854785949410899e-01 1.956636914038518143e+10
4.634318205093208576e-01 1.350927502628948593e+10
4.652855477913582227e-01 1.743532620089543915e+10
4.671466899825236219e-01 1.816352269389451218e+10
4.690152767424536906e-01 1.921039432601741409e+10
4.708913378494234969e-01 2.422935804160640335e+10
4.727749032008212171e-01 2.062590539845270538e+10
4.746660028136244769e-01 2.427043358937520599e+10
4.765646668248789131e-01 1.643190333582479286e+10
4.784709254921784560e-01 1.217859522881405640e+10
4.803848091941470555e-01 1.647732575942484283e+10
4.823063484309236815e-01 1.732975111842219543e+10
4.842355738246474361e-01 2.342776005824375153e+10
4.861725161199459966e-01 2.146345843443561172e+10
4.881172061844257226e-01 2.962473916886643600e+10
4.900696750091634302e-01 2.388192831332199478e+10
4.920299537092001074e-01 2.988554073002125931e+10
4.939980735240369625e-01 3.950693665157885742e+10
4.959740658181330253e-01 2.408023627217844772e+10
4.979579620814056362e-01 2.879798054740262222e+10
4.999497939297311566e-01 2.866703456046718979e+10
5.019495931054501758e-01 2.195537021965018845e+10
5.039573914778719965e-01 2.882709201012447739e+10
5.059732210437835054e-01 2.096638734953210068e+10
5.079971139279585435e-01 2.072907430693805313e+10
5.100291023836703852e-01 1.992022525666239929e+10
5.120692187932051054e-01 1.916762167067820740e+10
5.141174956683780550e-01 1.990079899247312927e+10
5.161739656510514473e-01 1.734634578309043884e+10
5.182386615136556074e-01 1.298916860062799263e+10
5.203116161597103329e-01 2.039708790509425735e+10
5.223928626243490303e-01 3.157631952370293045e+10
5.244824340748465152e-01 2.472933618649007416e+10
5.265803638111459239e-01 2.528888168826257706e+10
5.286866852663905103e-01 2.594455451044504929e+10
5.308014320074561088e-01 2.999134541858173370e+10
5.329246377354859288e-01 2.668359880595632553e+10
5.350563362864277916e-01 3.007805591775025940e+10
5.371965616315735881e-01 2.647972251665907669e+10
5.393453478780998456e-01 2.851644103194382477e+10
5.415027292696121819e-01 2.844369062371734238e+10
5.436687401866906466e-01 2.539730346815690994e+10
5.458434151474373941e-01 2.312094204776647568e+10
5.480267888080271321e-01 2.075500330638095474e+10
5.502188959632591247e-01 2.366422720823995209e+10
5.524197715471121928e-01 2.400898378950095749e+10
5.546294506333006025e-01 2.608996477634151077e+10
5.568479684358338400e-01 2.581409135733432007e+10
5.590753603095770519e-01 2.478748945237301254e+10
5.613116617508153716e-01 2.219907856663636017e+10
5.635569083978186899e-01 2.062307125559923172e+10
5.658111360314097560e-01 2.224172569715463638e+10
5.680743805755354980e-01 2.048736577950721741e+10
5.703466780978375672e-01 2.148121136203673553e+10
5.726280648102289872e-01 2.063009443558896255e+10
5.749185770694699160e-01 1.598072017045014381e+10
5.772182513777477375e-01 1.578888657021286392e+10
5.795271243832587071e-01 1.457989433480147552e+10
5.818452328807918184e-01 1.192830584181555557e+10
5.841726138123150003e-01 8.042292732438919067e+09
5.865093042675643131e-01 2.737688639828532696e+09
5.888553414846344758e-01 7.015259283283445239e+07
5.912107628505729462e-01 9.394274771549078226e+08
5.935756059019753339e-01 6.492270247083971024e+09
5.959499083255832552e-01 1.204370844168072319e+10
5.983337079588855190e-01 1.712403046166710854e+10
6.007270427907210886e-01 2.221229404987139511e+10
6.031299509618840426e-01 2.797740027580228806e+10
6.055424707657315331e-01 3.449504704480643463e+10
6.079646406487945187e-01 4.031094017459842682e+10
6.103964992113897203e-01 4.105393521945276642e+10
6.128380852082353503e-01 4.986212410084745789e+10
6.152894375490681744e-01 4.805369381808216858e+10
6.177505952992645710e-01 4.102125235958975983e+10
6.202215976804615893e-01 3.911408551955828094e+10
6.227024840711834486e-01 3.589651042141390228e+10
6.251932940074681477e-01 4.153452669144945526e+10
6.276940671834980723e-01 4.644271323428040314e+10
6.302048434522321552e-01 5.381524605475757599e+10
6.327256628260409244e-01 6.205062305406262207e+10
6.352565654773452142e-01 6.009695084568730164e+10
6.377975917392545435e-01 5.718124139277340698e+10
6.403487821062116003e-01 7.565482868875207520e+10
6.429101772346363930e-01 9.269704734615669250e+10
6.454818179435749537e-01 1.064104344856227722e+11
6.480637452153492628e-01 1.100117454666154938e+11
6.506560001962106154e-01 1.163524771629089203e+11
6.532586241969955410e-01 1.269626672263035889e+11
6.558716586937833881e-01 1.053165700450336914e+11
6.584951453285585732e-01 9.964913529212957764e+10
6.611291259098727169e-01 9.409827087416015625e+10
6.637736424135122215e-01 8.715011037685319519e+10
6.664287369831662922e-01 8.426899546452056885e+10
6.690944519310989547e-01 8.333025177532191467e+10
6.717708297388232941e-01 8.455511715756207275e+10
6.744579130577786907e-01 8.956719459320549011e+10
6.771557447100098326e-01 1.016282779152206573e+11
6.798643676888498355e-01 9.388929998854449463e+10
6.825838251596052508e-01 9.228975706606282043e+10
6.853141604602436265e-01 9.079912983225877380e+10
6.880554171020846210e-01 8.087111507555607605e+10
6.908076387704928933e-01 8.444741365530049133e+10
6.935708693255748791e-01 1.017662482169195404e+11
6.963451528028771209e-01 1.243358337058372803e+11
6.991305334140887062e-01 1.356939614653811188e+11
7.019270555477450380e-01 1.483808980283029480e+11
7.047347637699360456e-01 1.838631736552235718e+11
7.075537028250157290e-01 1.586076013272841797e+11
7.103839176363159202e-01 1.401409154099606934e+11
7.132254533068611568e-01 1.335203714052262878e+11
7.160783551200886610e-01 1.457255931849176331e+11
7.189426685405689854e-01 1.602590998217585449e+11
7.218184392147313222e-01 1.621731538302984619e+11
7.247057129715901436e-01 1.884793434673092041e+11
7.276045358234763949e-01 2.085943236048971558e+11
7.305149539667704639e-01 2.385706850468301392e+11
7.334370137826373703e-01 2.648433744331541138e+11
7.363707618377679509e-01 2.602256064923339539e+11
7.393162448851190449e-01 2.558839760836728516e+11
7.422735098646596752e-01 2.451590922085428467e+11
7.452426039041182282e-01 2.229921316126418762e+11
7.482235743197346300e-01 2.339289806485973206e+11
7.512164686170136330e-01 2.318300488004542847e+11
7.542213344914817652e-01 2.514523711167629089e+11
7.572382198294477229e-01 2.524807934232282104e+11
7.602671727087656484e-01 2.354044775571622009e+11
7.633082413996006288e-01 1.649137949144346619e+11
7.663614743651989691e-01 1.418293687618452072e+10
7.694269202626597970e-01 1.977559447796345520e+10
7.725046279437104424e-01 1.212878081331225739e+11
7.755946464554852593e-01 2.055689085894784241e+11
7.786970250413072225e-01 2.461235360470896606e+11
7.818118131414724115e-01 2.856652491075821533e+11
7.849390603940383793e-01 2.491914611805702820e+11
7.880788166356144098e-01 2.564114275623728027e+11
7.912311319021569922e-01 2.358015184398094482e+11
7.943960564297655180e-01 2.515311598082813416e+11
7.975736406554845281e-01 2.418744248857364502e+11
8.007639352181065151e-01 2.657332358536322632e+11
8.039669909589789443e-01 3.062053677922985229e+11
8.071828589228148276e-01 3.566165048682489014e+11
8.104115903585061842e-01 4.001870229114980469e+11
8.136532367199402760e-01 4.746248125858506470e+11
8.169078496668199518e-01 5.094639575741576538e+11
8.201754810654874328e-01 3.953860798938349609e+11
8.234561829897493190e-01 5.317226333256802979e+11
8.267500077217083687e-01 5.328898020531605225e+11
8.300570077525952772e-01 4.852528400976029663e+11
8.333772357836056743e-01 5.366409250252203979e+11
8.367107447267401188e-01 5.221419679752317505e+11
8.400575877056470908e-01 5.385005130792268066e+11
8.434178180564695371e-01 4.512316409532930908e+11
8.467914893286955236e-01 3.450906057696013794e+11
8.501786552860102208e-01 3.738169791152060547e+11
8.535793699071543283e-01 3.818947006113900146e+11
8.569936873867830540e-01 4.121098013905629272e+11
8.604216621363300899e-01 4.258641334123889771e+11
8.638633487848753623e-01 4.204693690751925049e+11
8.673188021800150027e-01 4.672072103129161377e+11
8.707880773887352044e-01 4.138152618939256592e+11
8.742712296982900755e-01 4.487018930767009888e+11
8.777683146170831563e-01 5.351199832605924683e+11
8.812793878755513788e-01 5.830169217343459473e+11
8.848045054270535781e-01 6.631305394168356934e+11
8.883437234487617795e-01 5.475255011881498413e+11
8.918970983425568155e-01 6.821193378271591797e+11
8.954646867359271623e-01 6.206761445308867188e+11
8.990465454828707736e-01 7.157971031491340332e+11
9.026427316648023558e-01 6.276472464971483154e+11
9.062533025914615292e-01 6.391200455340844727e+11
9.098783158018273198e-01 6.965465197637995605e+11
9.135178290650346478e-01 7.258560504993271484e+11
9.171719003812948134e-01 7.848481623509710693e+11
9.208405879828199803e-01 8.325469018052208252e+11
9.245239503347512100e-01 7.731453386323022461e+11
9.282220461360901620e-01 6.870141726228067627e+11
9.319349343206346781e-01 6.451713827469628906e+11
9.356626740579171431e-01 6.729400967491986084e+11
9.394053247541488405e-01 6.939110997205560303e+11
9.431629460531654185e-01 7.216568309627629395e+11
9.469355978373780180e-01 7.852241391618182373e+11
9.507233402287275092e-01 7.859746137403092041e+11
9.545262335896426142e-01 8.302572891170864258e+11
9.583443385240012491e-01 8.061951431264864502e+11
9.621777158780971950e-01 8.132691338803316650e+11
9.660264267416096562e-01 8.284042960678382568e+11
9.698905324485760371e-01 8.385444478850723877e+11
9.737700945783701600e-01 7.463732277327976074e+11
9.776651749566835914e-01 7.409504153626462402e+11
9.815758356565105203e-01 7.515760377983978271e+11
9.855021389991363012e-01 7.531969800230756836e+11
9.894441475551331022e-01 7.055960436402307129e+11
9.934019241453534432e-01 5.418926569487830811e+11
9.973755318419349480e-01 6.476294859465622559e+11
1.001365033969302543e+00 6.352433867217834473e+11
1.005370494105179757e+00 6.402588752656140137e+11
1.009391976081600362e+00 6.848552494401507568e+11
1.013429543985926884e+00 7.566941682610449219e+11
1.017483262161870350e+00 7.843527456404591064e+11
1.021553195210518128e+00 8.294149449319562988e+11
1.025639407991360219e+00 8.014886406539708252e+11
1.029741965623325539e+00 8.022164352205810547e+11
1.033860933485818867e+00 8.377185139429982910e+11
1.037996377219762012e+00 9.293324859237037354e+11
1.042148362728641198e+00 9.427099112556184082e+11
1.046316956179555557e+00 1.007843361161342651e+12
1.050502224004274066e+00 9.784210960061282959e+11
1.054704232900291139e+00 9.979476723866890869e+11
1.058923049831892227e+00 9.708025776531256104e+11
1.063158742031219628e+00 1.013484888072311890e+12
1.067411376999344741e+00 1.008457618419403687e+12
1.071681022507342096e+00 1.018870767690475952e+12
1.075967746597371377e+00 1.094226385499009033e+12
1.080271617583760779e+00 1.083060409265818481e+12
1.084592704054095913e+00 1.138566418261812500e+12
1.088931074870312044e+00 1.077051379679463745e+12
1.093286799169793433e+00 9.980073853228227539e+11
1.097659946366472461e+00 8.997466481311059570e+11
1.102050586151938294e+00 8.818663129912786865e+11
1.106458788496546219e+00 8.496502077011458740e+11
1.110884623650532532e+00 8.326573744400684814e+11
1.115328162145134749e+00 8.686752996209810791e+11
1.119789474793714934e+00 8.513532414769969482e+11
1.124268632692889902e+00 9.041786663825070801e+11
1.128765707223661430e+00 9.076754937410644531e+11
1.133280770052556230e+00 8.276398670288009033e+11
1.137813893132766374e+00 7.703105112342833252e+11
1.142365148705297484e+00 7.654035148252927246e+11
1.146934609300118479e+00 8.917674407578560791e+11
1.151522347737319096e+00 8.857727566716922607e+11
1.156128437128268516e+00 8.797987894860635986e+11
1.160752950876781542e+00 8.848334368294073486e+11
1.165395962680288999e+00 9.000736032661970215e+11
1.170057546531009907e+00 7.742552060282618408e+11
1.174737776717134086e+00 8.494831134420687256e+11
1.179436727824002773e+00 7.228626865007408447e+11
1.184154474735298557e+00 8.660962758746363525e+11
1.188891092634239977e+00 9.067302679009274902e+11
1.193646657004777012e+00 9.338470745605192871e+11
1.198421243632796118e+00 8.552832119998865967e+11
1.203214928607327261e+00 8.878718231770753174e+11
1.208027788321756724e+00 9.695101861464293213e+11
1.212859899475043468e+00 9.291317471521520996e+11
1.217711339072943710e+00 9.953221570276918945e+11
1.222582184429235275e+00 9.827864144299289551e+11
1.227472513166952384e+00 1.048384032257367676e+12
1.232382403219620226e+00 1.054283277203390137e+12
1.237311932832498407e+00 1.064531300827976440e+12
1.242261180563828615e+00 8.837437991056879883e+11
1.247230225286083849e+00 1.049595266523485718e+12
1.252219146187228072e+00 8.843998652578618164e+11
1.257228022771976983e+00 1.048314551997278076e+12
1.262256934863064783e+00 1.040806670701021606e+12
1.267305962602517155e+00 1.100776295408009766e+12
1.272375186452927354e+00 1.087108758802681763e+12
1.277464687198738957e+00 1.113880136216292725e+12
1.282574545947533950e+00 1.135577533503802979e+12
1.287704844131324133e+00 1.055929506262091553e+12
1.292855663507849417e+00 1.069967840675067871e+12
1.298027086161880783e+00 1.072444226502327759e+12
1.303219194506528344e+00 1.094256349114899292e+12
1.308432071284554521e+00 1.031054670532416260e+12
1.313665799569692760e+00 1.049221328767664185e+12
1.318920462767971591e+00 1.027319151431007324e+12
1.324196144619043336e+00 9.465587425006420898e+11
1.329492929197519491e+00 8.254667490929805908e+11
1.334810900914309650e+00 5.166291209437451782e+11
1.340150144517967101e+00 4.719627693925712280e+11
1.345510745096038852e+00 4.284903562227234497e+11
1.350892788076423212e+00 4.078546802957094116e+11
1.356296359228728932e+00 3.730567069969045410e+11
1.361721544665643879e+00 3.517020415599517212e+11
1.367168430844306393e+00 3.744785344362596436e+11
1.372637104567683730e+00 3.300998672648139038e+11
1.378127652985954299e+00 3.678338419575825195e+11
1.383640163597898098e+00 3.761911396615036011e+11
1.389174724252289828e+00 3.584474283467420044e+11
1.394731423149298877e+00 3.452244601150574951e+11
1.400310348841896202e+00 3.247454805703723755e+11
1.405911590237263642e+00 3.334682519744651489e+11
1.411535236598212784e+00 2.913721630343703613e+11
1.417181377544605603e+00 2.725491889612477417e+11
1.422850103054784210e+00 2.748146569405459900e+11
1.428541503467003038e+00 2.699651016853095398e+11
1.434255669480871243e+00 2.671147815278665771e+11
1.439992692158794885e+00 2.849603725125706787e+11
1.445752662927429988e+00 2.936417013771600952e+11
1.451535673579139596e+00 3.051891790208673706e+11
1.457341816273456159e+00 3.458497263429349365e+11
1.463171183538549913e+00 3.094695716657460938e+11
1.469023868272704147e+00 3.012959275375368652e+11
1.474899963745795128e+00 3.132404565415206909e+11
1.480799563600778246e+00 3.278581466835996704e+11
1.486722761855181485e+00 3.289333217281651001e+11
1.492669652902602007e+00 3.385378606929677734e+11
1.498640331514212276e+00 3.481837519499152222e+11
1.504634892840269300e+00 3.619557358040793457e+11
1.510653432411630304e+00 3.729587788853715820e+11
1.516696046141276843e+00 3.945410692456737671e+11
1.522762830325842032e+00 4.025475561087289429e+11
1.528853881647145307e+00 4.128846506755719604e+11
1.534969297173733649e+00 4.204388232774575195e+11
1.541109174362428780e+00 4.282857228173574219e+11
1.547273611059878373e+00 4.586332668640718384e+11
1.553462705504118135e+00 4.729337256778173828e+11
1.559676556326134556e+00 4.826229332724372559e+11
1.565915262551438980e+00 5.066524716073250732e+11
1.572178923601644795e+00 5.188707115313735962e+11
1.578467639296051495e+00 5.500965033646121826e+11
1.584781509853235626e+00 5.675144257127547607e+11
1.591120635892648405e+00 5.720964489429818115e+11
1.597485118436219098e+00 5.970816116973160400e+11
1.603875058909963958e+00 6.167017354532644043e+11
1.610290559145603595e+00 6.236964650220789795e+11
1.616731721382186127e+00 6.479072860591976318e+11
1.623198648267714761e+00 6.573867434673204346e+11
1.629691442860785600e+00 6.705108789953181152e+11
1.636210208632228769e+00 6.952048379022373047e+11
1.642755049466757766e+00 7.073430853928729248e+11
1.649326069664624805e+00 7.157718124125698242e+11
1.655923373943283039e+00 7.289321220534296875e+11
1.662547067439056336e+00 7.325172790125256348e+11
1.669197255708812611e+00 7.486605013647340088e+11
1.675874044731648027e+00 7.645257810115072021e+11
1.682577540910574321e+00 7.634786317057537842e+11
1.689307851074216771e+00 7.396666297537176514e+11
1.696065082478513508e+00 7.165069281805435791e+11
1.702849342808427480e+00 6.932902111648647461e+11
1.709660740179661298e+00 6.540173091040397949e+11
1.716499383140379864e+00 5.717296417290474854e+11
1.723365380672941427e+00 5.664254057619829102e+11
1.730258842195633306e+00 5.382815323758261108e+11
1.737179877564415831e+00 5.009198382034500122e+11
1.744128597074673603e+00 4.943546285665306396e+11
1.751105111462972097e+00 4.693696371241337891e+11
1.758109531908824241e+00 4.298939887083636475e+11
1.765141970036459451e+00 4.078232487117517700e+11
1.772202537916605314e+00 3.843819612975852661e+11
1.779291348068271716e+00 3.465094361425105591e+11
1.786408513460544745e+00 3.380975940560869751e+11
1.793554147514387020e+00 3.196877861278708496e+11
1.800728364104444257e+00 3.074468560928916016e+11
1.807931277560862249e+00 2.785955560624786987e+11
1.815163002671105641e+00 2.949275753114536133e+11
1.822423654681789795e+00 2.791361632090184937e+11
1.829713349300517100e+00 2.780196494971672974e+11
1.837032202697718830e+00 2.706816554853320312e+11
1.844380331508509885e+00 2.402124713099881592e+11
1.851757852834543527e+00 2.370706902781790771e+11
1.859164884245881888e+00 1.982875343983670349e+11
1.866601543782865358e+00 2.241214092171748047e+11
1.874067949957996859e+00 2.315417444262711792e+11
1.881564221757828781e+00 2.370996188193718567e+11
1.889090478644860127e+00 2.553262110855028076e+11
1.896646840559439662e+00 2.573270208721755676e+11
1.904233427921677269e+00 2.642822509339471436e+11
1.911850361633363971e+00 2.652120718332016296e+11
1.919497763079897279e+00 2.574120453307358398e+11
1.927175754132217200e+00 2.578208629066703186e+11
1.934884457148745796e+00 2.568567206111893311e+11
1.942623994977340729e+00 2.390217605369223938e+11
1.950394490957250149e+00 2.560882623220383911e+11
1.958196068921079336e+00 2.462194306107469788e+11
1.966028853196763793e+00 2.496242833562594604e+11
1.973892968609550991e+00 2.455651756785475464e+11
1.981788540483989447e+00 2.357246288047339172e+11
1.989715694645925126e+00 2.350898275230657043e+11
1.997674557424508723e+00 2.322967157676299744e+11
2.005665255654207169e+00 2.282688019088921204e+11
2.013687916676823786e+00 2.320774685960185852e+11
2.021742668343530891e+00 2.461503937922451477e+11
2.029829639016905052e+00 2.408028064115899658e+11
2.037948957572972564e+00 2.451605117227308044e+11
2.046100753403264694e+00 2.534900251961927490e+11
2.054285156416877811e+00 2.604920648613507385e+11
2.062502297042545507e+00 2.653652229554263000e+11
2.070752306230715600e+00 2.767198601266307373e+11
2.079035315455638244e+00 2.814051456838585205e+11
2.087351456717461140e+00 2.839190121718867798e+11
2.095700862544330967e+00 2.965132964794230347e+11
2.104083665994508134e+00 3.098672867072708740e+11
2.112500000658485977e+00 3.161217900750114746e+11
2.120950000661120161e+00 3.224083394835175171e+11
2.129433800663764753e+00 3.249501306629690552e+11
2.137951535866419839e+00 3.346578435640002441e+11
2.146503342009885351e+00 3.498193593121758423e+11
2.155089355377924676e+00 3.513263350752667236e+11
2.163709712799436691e+00 3.594371965246685791e+11
2.172364551650634468e+00 3.654860318727930298e+11
2.181054009857236853e+00 3.653962320581678467e+11
2.189778225896665376e+00 3.689250418585712280e+11
2.198537338800252705e+00 3.758965502931129761e+11
2.207331488155453325e+00 3.740361305602482910e+11
2.216160814108075083e+00 3.782850821379073486e+11
2.225025457364507631e+00 3.820350026700680542e+11
2.233925559193965515e+00 3.843956723581807251e+11
2.242861261430741493e+00 3.876781654852719116e+11
2.251832706476463830e+00 3.837452926533288574e+11
2.260840037302370042e+00 3.808719004228256226e+11
2.269883397451579299e+00 3.820641164093260498e+11
2.278962931041386142e+00 3.783568571355039062e+11
2.288078782765551100e+00 3.838009803545740356e+11
2.297231097896613505e+00 3.114780150087722168e+11
2.306420022288200311e+00 3.614825457450393677e+11
2.315645702377353121e+00 3.421610020678506470e+11
2.324908285186861878e+00 2.937608668909109497e+11
2.334207918327609654e+00 3.228709737749445801e+11
2.343544750000919663e+00 3.091870050719626465e+11
2.352918929000923143e+00 2.850587261693276978e+11
2.362330604716927240e+00 2.878846775611187744e+11
2.371779927135795329e+00 2.874903118644039307e+11
2.381267046844337987e+00 2.667827800126794739e+11
2.390792115031715070e+00 2.602163583852711182e+11
2.400355283491842240e+00 2.471690705384344788e+11
2.409956704625809465e+00 2.227000131744524231e+11
2.419596531444312859e+00 2.164070899596445312e+11
2.429274917570089620e+00 1.939173317297132263e+11
2.438992017240370291e+00 1.843331640311383972e+11
2.448747985309331465e+00 1.688755134123637390e+11
2.458542977250568917e+00 1.653737704955889282e+11
2.468377149159570738e+00 1.569119317207259521e+11
2.478250657756209563e+00 1.345315358708817444e+11
2.488163660387234355e+00 1.354430020407381592e+11
2.498116315028783063e+00 1.332319345741009064e+11
2.508108780288898387e+00 1.111111563653156891e+11
2.518141215410053757e+00 1.120594929509958496e+11
2.528213780271693967e+00 1.035929327391838837e+11
2.538326635392781139e+00 1.021128521839438019e+11
2.548479941934351789e+00 9.886798250719770813e+10
2.558673861702089436e+00 9.766469254308970642e+10
2.568908557148898097e+00 1.000537521362751312e+11
2.579184191377493551e+00 9.154653143140983582e+10
2.589500928143003478e+00 9.861769498540762329e+10
2.599858931855575594e+00 1.018819183059945374e+11
2.610258367582998229e+00 1.070886578947337036e+11
2.620699401053329769e+00 9.995819387397137451e+10
2.631182198657543214e+00 1.014666582944165039e+11
2.641706927452173392e+00 1.025547068640938110e+11
2.652273755161981938e+00 1.102902022426691284e+11
2.662882850182629824e+00 1.088006043196198730e+11
2.673534381583360542e+00 9.137032593352825928e+10
2.684228519109693956e+00 9.146598998724887085e+10
2.694965433186132575e+00 8.615248571624839783e+10
2.705745294918877164e+00 8.372259719632014465e+10
2.716568276098552559e+00 8.314582756053733826e+10
2.727434549202946812e+00 8.186505824775337219e+10
2.738344287399758326e+00 8.026424211359082031e+10
2.749297664549357201e+00 8.271604259336839294e+10
2.760294855207554576e+00 8.264779186707960510e+10
2.771336034628385292e+00 7.821825332558042908e+10
2.782421378766898545e+00 7.267881040948553467e+10
2.793551064281966312e+00 7.907019523158477783e+10
2.804725268539093985e+00 7.137240332090948486e+10
2.815944169613250558e+00 7.093798270522746277e+10
2.827207946291703244e+00 7.888287488906649780e+10
2.838516778076869862e+00 6.992038691395707703e+10
2.849870845189177437e+00 7.026336721386456299e+10
2.861270328569933685e+00 7.448116826328623962e+10
2.872715409884213589e+00 7.299375178647871399e+10
2.884206271523750420e+00 7.176438685118067932e+10
2.895743096609845413e+00 7.456927494743086243e+10
2.907326068996284985e+00 6.581591311817568970e+10
2.918955373272270393e+00 6.784195395939422607e+10
2.930631194765359826e+00 7.242191129504487610e+10
2.942353719544420709e+00 6.947230876767605591e+10
2.954123134422598440e+00 7.015550834128863525e+10
2.965939626960289122e+00 6.799244889849433136e+10
2.977803385468130504e+00 7.357890574819549561e+10
2.989714599010003138e+00 7.011519630337670898e+10
3.001673457406043077e+00 7.211800467467654419e+10
3.013680151235667015e+00 7.304028934981614685e+10
3.025734871840609408e+00 7.058107519503828430e+10
3.037837811327972037e+00 7.630116200434835815e+10
3.049989162573283785e+00 7.139038031553430176e+10
3.062189119223576395e+00 7.885576992048471069e+10
3.074437875700470890e+00 7.522085379108888245e+10
3.086735627203272880e+00 7.703958859206645203e+10
3.099082569712085622e+00 7.947946087266975403e+10
3.111478899990933744e+00 7.562755233784307861e+10
3.123924815590897186e+00 7.993291989828109741e+10
3.136420514853261121e+00 7.867260035714584351e+10
3.148966196912674320e+00 7.924888797562609863e+10
3.161562061700325277e+00 8.227449179845378113e+10
3.174208309947126327e+00 7.808612754029095459e+10
3.186905143186915090e+00 8.765461431261849976e+10
3.199652763759662566e+00 7.587397849959158325e+10
3.212451374814701222e+00 8.542117762809501648e+10
3.225301180313960625e+00 8.440578742302909851e+10
3.238202385035215958e+00 8.344394503736460876e+10
3.251155194575356955e+00 8.850400178903584290e+10
3.264159815353658622e+00 8.863105648204724121e+10
3.277216454615073271e+00 8.667327661972891235e+10
3.290325320433533207e+00 8.871996129415620422e+10
3.303486621715267635e+00 8.824880308498033142e+10
3.316700568202128441e+00 8.720366358402748108e+10
3.329967370474937294e+00 9.346839802990446472e+10
3.343287239956836743e+00 8.648102857213615417e+10
3.356660388916663962e+00 8.960225131386540222e+10
3.370087030472330714e+00 9.218171453063400269e+10
3.383567378594220187e+00 8.885870610228495789e+10
3.397101648108596716e+00 8.975683796521652222e+10
3.410690054701031482e+00 9.067414922493965149e+10
3.424332814919834878e+00 9.045683784580380249e+10
3.438030146179514634e+00 8.967228111747874451e+10
3.451782266764232610e+00 9.211917494769523621e+10
3.465589395831289998e+00 9.324606915809960938e+10
3.479451753414614767e+00 9.129214230401033020e+10
3.493369560428273068e+00 8.769802609648014832e+10
3.507343038669985980e+00 9.499389140685986328e+10
3.521372410824665788e+00 8.989432529906118774e+10
3.535457900467964709e+00 9.175638847753613281e+10
3.549599732069836477e+00 9.163422470051986694e+10
3.563798130998116154e+00 9.246030208491722107e+10
3.578053323522108364e+00 9.295770793789622498e+10
3.592365536816196858e+00 9.375624483886431885e+10
3.606734998963461614e+00 9.287433099228428650e+10
3.621161938959315041e+00 9.232531079032005310e+10
3.635646586715152839e+00 9.308850386552871704e+10
3.650189173062013293e+00 9.322475855220408630e+10
3.664789929754260545e+00 9.390364611160296631e+10
3.679449089473277645e+00 9.192712982438269043e+10
3.694166885831170699e+00 9.282000467213984680e+10
3.708943553374495661e+00 9.547037805836935425e+10
3.723779327587993571e+00 9.634639009396531677e+10
3.738674444898345328e+00 9.129669708809114075e+10
3.753629142677938901e+00 9.498712764980421448e+10
3.768643659248651190e+00 9.357814944207955933e+10
3.783718233885645432e+00 9.654262712820315552e+10
3.798853106821188153e+00 9.493197811245523071e+10
3.814048519248473657e+00 9.485348223514102173e+10
3.829304713325467180e+00 9.080228728413798523e+10
3.844621932178768908e+00 9.321844486825685120e+10
3.860000419907484215e+00 9.413285418794834900e+10
3.875440421587113882e+00 9.338950621397413635e+10
3.890942183273462529e+00 9.115795736259881592e+10
3.906505952006555926e+00 9.092318344312626648e+10
3.922131975814582727e+00 9.077281851236021423e+10
3.937820503717840648e+00 8.883474341274371338e+10
3.953571785732711508e+00 8.666629897610629272e+10
3.969386072875642490e+00 8.477162698953993225e+10
3.985263617167145167e+00 8.128926792013035583e+10
4.001204671635814059e+00 7.974094704305230713e+10
4.017209490322357190e+00 7.925628518542471313e+10
4.033278328283646630e+00 7.594625639153417969e+10
4.049411441596781458e+00 7.388708724238435364e+10
4.065609087363168506e+00 7.127329543674391174e+10
4.081871523712622185e+00 6.498746056175946045e+10
4.098199009807472315e+00 6.701643443525939178e+10
4.114591805846702144e+00 6.394700007504174805e+10
4.131050173070089038e+00 6.295417856988957214e+10
4.147574373762369149e+00 6.384637477269857788e+10
4.164164671257418959e+00 5.815953493251669312e+10
4.180821329942449260e+00 5.871300265226348114e+10
4.197544615262219558e+00 5.268909014975946808e+10
4.214334793723269357e+00 4.535713381479713440e+10
4.231192132898162761e+00 4.532802543081687927e+10
4.248116901429755288e+00 3.795902509022920990e+10
4.265109369035473996e+00 3.604158260701869965e+10
4.282169806511615384e+00 3.356880883171571350e+10
4.299298485737661935e+00 3.094803645996821976e+10
4.316495679680612874e+00 3.029702986836229706e+10
4.333761662399335357e+00 2.921869728671778488e+10
4.351096709048932532e+00 2.880141599605075455e+10
4.368501095885127583e+00 2.864369614023727417e+10
4.385975100268668214e+00 2.835357030967616272e+10
4.403519000669743555e+00 2.749129606731204224e+10
4.421133076672422391e+00 2.754955819973849487e+10
4.438817608979111817e+00 2.620644494560398483e+10
4.456572879415028332e+00 2.689121271200518036e+10
4.474399170932688463e+00 2.594502610037509155e+10
4.492296767616419828e+00 2.669377113910781479e+10
4.510265954686884626e+00 2.797065100355619049e+10
4.528307018505633330e+00 2.753821852731674194e+10
4.546420246579655711e+00 2.940848070933988190e+10
4.564605927565974497e+00 2.830211816295230865e+10
4.582864351276237258e+00 3.035176994474885559e+10
4.601195808681342925e+00 2.987005679873204803e+10
4.619600591916067422e+00 2.958211408629833221e+10
4.638078994283731937e+00 2.949502561693509674e+10
4.656631310260867629e+00 2.974113656782241058e+10
4.675257835501911430e+00 2.867041523056117249e+10
4.693958866843916944e+00 3.080950325542666626e+10
4.712734702311292878e+00 2.862801481972685242e+10
4.731585641120538810e+00 2.877392380012362671e+10
4.750511983685020923e+00 2.912208783814691162e+10
4.769514031619761063e+00 2.728344911164768982e+10
4.788592087746240011e+00 2.650926647931982803e+10
4.807746456097224730e+00 2.749461933095895004e+10
4.826977441921613377e+00 2.719304496243433762e+10
4.846285351689299858e+00 2.642153067233068085e+10
4.865670493096057925e+00 2.650418137958110046e+10
4.885133175068442135e+00 2.558300591450099564e+10
4.904673707768715474e+00 2.577710705204816818e+10
4.924292402599791174e+00 2.517082297065149307e+10
4.943989572210189642e+00 2.506337901083677673e+10
4.963765530499030021e+00 2.353687596759256363e+10
4.983620592621027079e+00 2.546798709523882675e+10
5.003555074991511198e+00 2.439191481561666870e+10
5.023569295291476777e+00 2.306977669773731232e+10
5.043663572472643075e+00 2.524553031769470978e+10
5.063838226762532813e+00 2.406269164210160446e+10
5.084093579669583640e+00 2.386387821606855011e+10
5.104429953988261381e+00 2.389652577323078537e+10
5.124847673804215020e+00 2.369047000623862457e+10
5.145347064499431688e+00 2.274184363322177505e+10
5.165928452757428957e+00 2.199146830329722595e+10
5.186592166568458673e+00 2.322794063406768417e+10
5.207338535234733001e+00 2.162361413053335953e+10
5.228167889375671784e+00 2.225105564618869781e+10
5.249080560933174766e+00 2.092493675349230194e+10
5.270076883176907145e+00 2.086465427571372223e+10
5.291157190709615321e+00 2.067020344904664612e+10
5.312321819472453299e+00 2.054950035554428101e+10
5.333571106750343738e+00 2.103483021547815323e+10
5.354905391177344320e+00 1.907994055958899307e+10
5.376325012742054099e+00 1.970764894345608521e+10
5.397830312793021612e+00 1.897460143790464783e+10
5.419421634044193858e+00 1.693569313524409676e+10
5.441099320580370602e+00 1.876659096863462830e+10
5.462863717862692425e+00 1.794683103119364548e+10
5.484715172734142996e+00 1.806842499545649338e+10
5.506654033425078865e+00 1.815928975849731064e+10
5.528680649558780580e+00 1.627930301225815582e+10
5.550795372157015350e+00 1.654860808791072464e+10
5.572998553645643227e+00 1.617674291280602264e+10
5.595290547860225949e+00 1.718294616953554153e+10
5.617671710051667766e+00 1.631539456930236816e+10
5.640142396891874021e+00 1.666437021797862816e+10
5.662702966479441713e+00 1.631041490021689034e+10
5.685353778345359821e+00 1.503709695823722458e+10
5.708095193458740724e+00 1.551866229238717270e+10
5.730927574232576482e+00 1.460891153014027596e+10
5.753851284529505783e+00 1.595815639619368553e+10
5.776866689667624399e+00 1.436993237834132576e+10
5.799974156426294769e+00 1.545357254720344925e+10
5.823174053051999977e+00 1.389537094725760651e+10
5.846466749264207508e+00 1.440480060043757820e+10
5.869852616261264977e+00 1.424496503949875641e+10
5.893332026726310069e+00 1.379083657826078415e+10
5.916905354833215114e+00 1.481839593787279129e+10
5.940572976252548543e+00 1.325831966231631088e+10
5.964335268157558545e+00 1.433365444847808266e+10
5.988192609230189589e+00 1.410790902865531540e+10
6.012145379667110490e+00 1.456316697220471001e+10
6.036193961185778889e+00 1.335097756902321625e+10
6.060338737030522616e+00 1.340072650019468307e+10
6.084580091978644134e+00 1.459900664147473145e+10
6.108918412346558746e+00 1.342246937280775261e+10
6.133354085995945226e+00 1.513076833578534889e+10
6.157887502339929320e+00 1.389178967677042580e+10
6.182519052349287669e+00 1.366282670956452942e+10
6.207249128558685491e+00 1.408161792541808701e+10
6.232078125072920471e+00 1.399699908026507187e+10
6.257006437573212843e+00 1.360555039967461205e+10
6.282034463323505236e+00 1.375166647029590797e+10
6.307162601176800720e+00 1.350905885343344116e+10
6.332391251581507063e+00 1.348928775990721321e+10
6.357720816587833390e+00 1.324918538380360413e+10
6.383151699854184180e+00 1.244735097186444283e+10
6.408684306653601226e+00 1.141842937289680481e+10
6.434319043880215361e+00 1.181952888579121971e+10
6.460056320055736379e+00 1.059701977379692650e+10
6.485896545335958052e+00 9.036902329099506378e+09
6.511840131517302233e+00 9.405482195882230759e+09
6.537887492043371829e+00 9.236970616517766953e+09
6.564039042011545533e+00 8.498069968520828247e+09
6.590295198179591196e+00 7.981556629572925568e+09
6.616656378972309405e+00 7.918481234257569313e+09
6.643123004488199257e+00 7.645731574532164574e+09
6.669695496506150789e+00 7.969400969549324989e+09
6.696374278492176479e+00 7.983461806660656929e+09
6.723159775606144528e+00 7.910277337354801178e+09
6.750052414708568094e+00 8.233939216402641296e+09
6.777052624367403411e+00 7.590863381600160599e+09
6.804160834864871887e+00 7.587978067976157188e+09
6.831377478204331055e+00 7.190617125414331436e+09
6.858702988117148180e+00 7.452797842718932152e+09
6.886137800069615622e+00 7.599152862274346352e+09
6.913682351269895499e+00 7.602499303215874672e+09
6.941337080674975013e+00 7.681721014546618462e+09
6.969102428997675069e+00 7.481143608633505821e+09
6.996978838713665994e+00 7.715230773680575371e+09
7.024966754068519670e+00 7.357436279938908577e+09
7.053066621084793653e+00 7.105600731487724304e+09
7.081278887569133929e+00 7.136056269069910049e+09
7.109604003119409654e+00 6.783217626042732239e+09
7.138042419131887861e+00 7.265626771654923439e+09
7.166594588808414379e+00 7.171635100275481224e+09
7.195260967163648047e+00 7.049224040363286018e+09
7.224042011032302923e+00 6.871137133479101181e+09
7.252938179076432235e+00 6.852062044604353905e+09
7.281949931792737196e+00 6.821656748310340881e+09
7.311077731519908696e+00 7.011303554820808411e+09
7.340322042445988515e+00 6.430902167673527718e+09
7.369683330615771411e+00 6.412159876550648689e+09
7.399162063938235612e+00 6.865763434868213654e+09
7.428758712193988423e+00 6.242999723726495743e+09
7.458473747042765112e+00 6.236102431491187096e+09
7.488307642030935796e+00 6.328834307652228355e+09
7.518260872599060285e+00 6.317924497723498344e+09
7.548333916089456253e+00 6.344629794630382538e+09
7.578527251753813587e+00 5.884852699017077446e+09
7.608841360760829176e+00 5.457111476135962486e+09
7.639276726203872769e+00 6.067968870721641541e+09
7.669833833108687493e+00 5.770512587532608032e+09
7.700513168441122325e+00 5.797483637315427780e+09
7.731315221114887670e+00 5.646808512364036560e+09
7.762240481999347352e+00 5.433929763147637367e+09
7.793289443927344351e+00 5.585850379898143768e+09
7.824462601703054077e+00 5.698559696557470322e+09
7.855760452109866065e+00 5.428795241655946732e+09
7.887183493918306532e+00 4.820248440452845573e+09
7.918732227893980458e+00 5.181296411582251549e+09
7.950407156805555431e+00 5.154862320311752319e+09
7.982208785432777454e+00 5.038715257494389534e+09
8.014137620574508958e+00 5.221611612473696709e+09
8.046194171056805899e+00 4.801034301708973885e+09
8.078378947741034821e+00 5.006671312848373413e+09
8.110692463531997021e+00 4.741983092224217415e+09
8.143135233386125549e+00 4.845878119043105125e+09
8.175707774319670662e+00 4.754123501715252876e+09
8.208410605416949224e+00 4.515260186692875862e+09
8.241244247838615422e+00 4.736465661098395348e+09
8.274209224829968790e+00 4.434893403576817513e+09
8.307306061729288871e+00 4.662099072234526634e+09
8.340535285976207192e+00 4.290596910181390285e+09
8.373897427120111203e+00 4.240520043341547012e+09
8.407393016828594412e+00 4.627436974513744354e+09
8.441022588895906509e+00 4.216364622333926201e+09
8.474786679251490540e+00 4.543326791104343414e+09
8.508685825968495209e+00 4.232953267404927254e+09
8.542720569272368891e+00 4.294000748772915363e+09
8.576891451549458978e+00 4.173865763435362816e+09
8.611199017355655627e+00 4.337013560630548477e+09
8.645643813425078150e+00 4.298520842652586937e+09
8.680226388678779159e+00 4.125335496855777740e+09
8.714947294233493125e+00 4.181162618962224960e+09
8.749807083410427566e+00 3.887278927551557064e+09
8.784806311744070229e+00 4.086504498868916512e+09
8.819945536991047774e+00 3.945979672222957611e+09
8.855225319139009343e+00 3.953957855508192062e+09
8.890646220415566958e+00 4.073509245266328812e+09
8.926208805297228821e+00 4.031084220395905972e+09
8.961913640518417878e+00 3.737925312467248917e+09
8.997761295080492161e+00 3.892362436704501629e+09
9.033752340260813085e+00 3.829839957299562931e+09
9.069887349621856387e+00 3.842751550313330173e+09
9.106166899020346150e+00 3.745591287322814465e+09
9.142591566616424359e+00 3.804510808120737076e+09
9.179161932882891506e+00 3.769568805187446117e+09
9.215878580614422333e+00 3.691838079642031193e+09
9.252742094936881045e+00 3.548298289784606934e+09
9.289753063316627646e+00 3.562815707568768501e+09
9.326912075569895322e+00 3.564596684838024616e+09
9.364219723872173162e+00 3.677859056867820740e+09
9.401676602767663482e+00 3.393655287593824387e+09
9.439283309178733816e+00 3.366369759996945381e+09
9.477040442415447075e+00 3.450890780943115711e+09
9.514948604185111236e+00 3.374513682921862125e+09
9.553008398601852136e+00 3.537127265925247192e+09
9.591220432196260859e+00 3.258221128762461185e+09
9.629585313925044687e+00 3.231217650638648987e+09
9.668103655180747324e+00 3.243692766102654934e+09
9.706776069801470896e+00 3.190929904220267296e+09
9.745603174080676112e+00 3.251606196231896877e+09
9.784585586776998412e+00 3.300464486706855297e+09
9.823723929124106746e+00 3.091030631390949726e+09
9.863018824840601440e+00 3.130688212796858311e+09
9.902470900139965337e+00 2.716598555216362476e+09
9.942080783740523842e+00 3.049510140835721493e+09
9.981849106875488431e+00 2.956428278146558762e+09
1.002177650330298952e+01 2.935151340183251381e+09
1.006186360931619994e+01 2.843753469699494362e+09
1.010211106375346723e+01 2.740956635746377468e+09
1.014251950800847979e+01 2.859741062869561195e+09
1.018308958604051284e+01 2.840206938372850418e+09
1.022382194438467451e+01 2.698252456849864006e+09
1.026471723216221399e+01 2.654825379703554630e+09
1.030577610109086173e+01 2.619682765697491169e+09
1.034699920549522467e+01 2.542027818872385979e+09
1.038838720231720458e+01 2.506694838270165443e+09
1.042994075112647501e+01 2.438636650148352146e+09
1.047166051413097954e+01 2.394943893045229435e+09
1.051354715618750468e+01 2.487182571796361446e+09
1.055560134481225454e+01 2.386639711501846790e+09
1.059782375019150358e+01 2.281898053641775131e+09
1.064021504519226902e+01 2.343186874825654984e+09
1.068277590537303823e+01 2.400388568878476620e+09
1.072550700899452991e+01 2.251161009443772316e+09
1.076840903703050856e+01 2.165354990060826302e+09
1.081148267317863088e+01 2.265106132472524643e+09
1.085472860387134553e+01 2.253548975322107792e+09
1.089814751828683015e+01 2.043642569869796276e+09
1.094174010835997635e+01 2.108398083838995457e+09
1.098550706879341909e+01 1.889010080745374441e+09
1.102944909706859100e+01 1.919705920068802595e+09
1.107356689345686540e+01 1.960877785140285969e+09
1.111786116103069233e+01 1.951638374221557856e+09
1.116233260567481622e+01 1.892707571578977108e+09
1.120698193609751492e+01 1.859518421784569502e+09
1.125180986384190440e+01 1.832945322282939196e+09
1.129681710329727373e+01 1.812084784969602346e+09
1.134200437171046083e+01 1.782892747800055504e+09
1.138737238919730466e+01 1.787008394280526638e+09
1.143292187875409383e+01 1.757152014653244019e+09
1.147865356626910938e+01 1.717934647688164234e+09
1.152456818053418530e+01 1.694058399649238110e+09
1.157066645325632237e+01 1.598221804467917204e+09
1.161694911906934635e+01 1.587265868993836880e+09
1.166341691554562487e+01 1.606591452141126394e+09
1.171007058320780736e+01 1.507069015231252670e+09
1.175691086554063958e+01 1.415737669580571651e+09
1.180393850900279951e+01 1.477288563229381561e+09
1.185115426303881137e+01 1.460006028326435566e+09
1.189855888009096674e+01 1.439171171403932810e+09
1.194615311561133097e+01 1.434814577079977274e+09
1.199393772807377623e+01 1.424240810522570610e+09
1.204191347898607134e+01 1.412379662392695427e+09
1.209008113290201614e+01 1.327741969317792892e+09
1.213844145743362368e+01 1.317537258782554626e+09
1.218699522326335938e+01 1.372735704469046354e+09
1.223574320415641381e+01 1.280370976911164761e+09
1.228468617697303777e+01 1.290374526269498348e+09
1.233382492168093059e+01 1.246869407760232687e+09
1.238316022136765504e+01 1.213370673937731504e+09
1.243269286225312520e+01 1.122804622848438501e+09
1.248242363370213859e+01 1.208287287518091202e+09
1.253235332823694748e+01 1.105716329566848278e+09
1.258248274154989410e+01 1.135856170025504589e+09
1.263281267251609385e+01 1.119619528343737364e+09
1.268334392320615756e+01 1.108468321085584879e+09
1.273407729889898299e+01 1.118761967502346516e+09
1.278501360809457665e+01 1.041549628708108544e+09
1.283615366252695544e+01 1.011654746844333291e+09
1.288749827717706253e+01 1.084125365760208607e+09
1.293904827028577031e+01 9.854516051435801983e+08
1.299080446336691352e+01 1.022815171719314814e+09
1.304276768122038099e+01 9.588599992263977528e+08
1.309493875194526424e+01 9.863466863234463930e+08
1.314731850695304693e+01 9.424399298064937592e+08
1.319990778098085649e+01 9.412312401032983065e+08
1.325270741210477965e+01 8.748472570709849596e+08
1.330571824175319939e+01 8.558310889644114971e+08
1.335894111472021173e+01 9.003532120545598269e+08
1.341237687917909227e+01 8.824924586038907766e+08
1.346602638669580898e+01 8.048593545999306440e+08
1.351989049224258999e+01 8.520145388404465914e+08
1.357397005421156067e+01 8.162539884700969458e+08
1.362826593442840917e+01 8.133698737534357309e+08
1.368277899816612297e+01 8.022737385047944784e+08
1.373751011415878942e+01 7.499972867206063271e+08
1.379246015461542463e+01 7.968195895072035789e+08
1.384762999523388416e+01 7.121783366356546879e+08
1.390302051521481808e+01 7.614999882879463434e+08
1.395863259727567751e+01 7.451270552037279606e+08
1.401446712766477987e+01 6.911301951176757812e+08
1.407052499617543972e+01 7.479106578965295553e+08
1.412680709616014063e+01 6.846792377180997133e+08
1.418331432454478147e+01 6.472098641125606298e+08
1.424004758184296193e+01 6.697282302245616913e+08
1.429700777217033369e+01 7.000918336324967146e+08
1.435419580325901379e+01 6.277751103394992352e+08
1.441161258647204946e+01 6.224933925414782763e+08
1.446925903681793812e+01 5.953936525769480467e+08
1.452713607296521126e+01 6.077349028106133938e+08
1.458524461725707155e+01 6.083755744343302250e+08
1.464358559572609764e+01 5.756599687781221867e+08
1.470215993810900557e+01 5.760349481230399609e+08
1.476096857786143879e+01 6.072341537340711355e+08
1.482001245217288599e+01 5.636560420108578205e+08
1.487929250198157760e+01 5.168548782566094995e+08
1.493880967198950316e+01 4.863284297731941938e+08
1.499856491067746056e+01 5.344668958635331392e+08
1.505855917032016933e+01 5.401101488707089424e+08
1.511879340700144958e+01 5.196960998882451653e+08
1.517926858062945605e+01 4.938372931331415772e+08
1.523998565495197433e+01 5.216459093505223989e+08
1.530094559757178274e+01 5.047863937893432975e+08
1.536214937996206764e+01 4.915946400449791551e+08
1.542359797748191674e+01 4.700722323284044266e+08
1.548529236939184450e+01 4.823110234446050525e+08
1.554723353886941339e+01 4.470159886028676629e+08
1.560942247302489072e+01 4.693964785490472913e+08
1.567186016291699069e+01 4.689591730791501999e+08
1.573454760356865556e+01 4.310295723590210080e+08
1.579748579398293096e+01 4.472325596928274632e+08
1.586067573715886247e+01 4.392564968151000738e+08
1.592411844010749888e+01 4.668373608650736213e+08
1.598781491386792730e+01 3.909840296821060777e+08
1.605176617352340074e+01 4.190636467762671709e+08
1.611597323821749228e+01 3.931733391840847135e+08
1.618043713117036120e+01 4.183841332339314818e+08
1.624515887969504391e+01 3.707563761579731703e+08
1.631013951521382310e+01 4.021674533948346376e+08
1.637538007327468037e+01 4.016753135409660339e+08
1.644088159356778078e+01 3.899927203118910789e+08
1.650664511994205341e+01 3.689071640643004775e+08
1.657267170042182158e+01 3.636132741179481745e+08
1.663896238722350418e+01 3.296024227032760382e+08
1.670551823677240222e+01 3.607414968943381310e+08
1.677234030971949608e+01 3.751400305289075375e+08
1.683942967095837062e+01 3.556134895097762942e+08
1.690678738964220429e+01 3.389189037305795550e+08
1.697441453920077237e+01 3.398790364307224751e+08
1.704231219735757108e+01 3.748478021125812531e+08
1.711048144614700561e+01 2.972094872492859960e+08
1.717892337193159236e+01 3.329453058495128155e+08
1.724763906541932101e+01 3.042041037711763978e+08
1.731662962168099895e+01 3.066386196997793317e+08
1.738589614016772344e+01 2.819391870389835835e+08
1.745543972472839300e+01 3.134572760299437642e+08
1.752526148362730751e+01 3.006552104214960933e+08
1.759536252956181812e+01 2.858282819867911339e+08
1.766574397968006238e+01 2.826058760788753033e+08
1.773640695559878466e+01 2.802563418825345039e+08
1.780735258342117433e+01 2.776322097299371362e+08
1.787858199375486024e+01 2.922586173584790826e+08
1.795009632172988034e+01 2.597645158129048347e+08
1.802189670701679702e+01 2.826324825815950036e+08
1.809398429384486562e+01 2.699616798793779612e+08
1.816636023102024211e+01 2.333990622530469596e+08
1.823902567194432578e+01 2.645668596658694446e+08
1.831198177463210186e+01 2.642219113690431416e+08
1.838522970173062987e+01 2.506799593112066388e+08
1.845877062053754969e+01 2.470262241048267484e+08
1.853260570301970134e+01 2.208038673297198117e+08
1.860673612583178027e+01 2.116394523695633709e+08
1.868116307033510637e+01 2.298771218957906663e+08
1.875588772261644976e+01 2.207843797622830868e+08
1.883091127350691352e+01 2.453520441056772768e+08
1.890623491860094063e+01 2.217660831578978300e+08
1.898185985827534594e+01 2.080020614030460715e+08
1.905778729770844748e+01 2.329219888754624724e+08
1.913401844689928311e+01 2.256237808821109831e+08
1.921055452068688041e+01 1.963974824694308639e+08
1.928739673876962968e+01 2.004239574142428339e+08
1.936454632572470658e+01 2.075406081095607281e+08
1.944200451102760141e+01 1.723829834963901937e+08
1.951977252907171589e+01 2.101984874334230721e+08
1.959785161918800256e+01 1.837056825173104703e+08
1.967624302566475691e+01 1.876543447754993141e+08
1.991079942767366973e+01 1.825663694507514536e+08
