# Wavelength (micrometer), Flux (W / m2 / m)
1.000553076518779783e-01 8.777235478420375061e+10
1.004555288824854897e-01 2.022827404312287884e-09
1.008573509980154326e-01 3.732607774707123998e-09
1.012607804020075053e-01 3.081397074341772296e-09
1.016658235236155422e-01 5.655465494846570822e-09
1.020724868177099870e-01 1.443797205965259236e-06
1.024807767649808382e-01 2.289619886964005968e-07
1.028906998720407612e-01 1.604477742303162746e-08
1.033022626715289355e-01 2.162641322722519553e-06
1.037154717222150413e-01 1.584491800605732213e-08
1.041303336091038839e-01 1.214292312966250345e-08
1.045468549435403099e-01 1.409535891396375875e-07
1.049650423633144702e-01 2.774023294896657221e-09
1.053849025327677214e-01 3.186750571917659380e-07
1.058064421428987906e-01 6.764719982279537815e-09
1.062296679114703990e-01 3.904481393582244523e-07
1.066545865831162732e-01 2.449774128698701164e-07
1.070812049294487533e-01 5.320185140256615694e-08
1.075095297491665408e-01 5.046494234721596612e-06
1.079395678681632220e-01 6.170626848722038182e-08
1.083713261396358624e-01 2.394797136300352924e-06
1.088048114441943909e-01 8.960290625576315901e-07
1.092400306899711654e-01 1.845003683982419105e-04
1.096769908127310511e-01 1.546325763424416750e-06
1.101156987759819850e-01 2.146925885326576858e-06
1.105561615710859147e-01 9.920637565278737175e-05
1.109983862173702651e-01 2.339768175435897354e-05
1.114423797622397516e-01 5.841994958320108000e-06
1.118881492812886930e-01 1.324033990403902578e-06
1.123357018784138517e-01 7.967225933061815278e-06
1.127850446859275102e-01 2.866148456948487949e-03
1.132361848646712132e-01 1.938978152031381897e-03
1.136891296041298988e-01 1.071827398810776526e-03
1.141438861225464035e-01 1.224106702514109147e-03
1.146004616670366072e-01 7.613764940252233139e-04
1.150588635137047705e-01 8.189216299894132994e-04
1.155190989677595953e-01 4.315363306513348676e-04
1.159811753636306314e-01 1.371427555477271751e-03
1.164451000650851553e-01 2.954518057092676560e-04
1.169108804653455069e-01 3.209771115338189238e-04
1.173785239872068981e-01 1.963671726534344138e-03
1.178480380831557206e-01 8.418598267286248049e-03
1.183194302354883543e-01 3.399152883266846285e-03
1.187927079564302935e-01 1.446842287175624476e-03
1.192678787882560099e-01 4.044276946551591742e-03
1.197449503034090645e-01 7.589623101368749535e-03
1.202239301046226783e-01 5.018049689022127018e-04
1.207048258250411760e-01 4.853444165564143285e-03
1.211876451283413342e-01 2.057954340268964340e-03
1.216723957088547137e-01 9.164542586338792103e-04
1.221590852916901310e-01 3.484537568273864822e-03
1.226477216328568792e-01 6.281329342966998977e-03
1.231383125193883099e-01 1.510428377661274290e-03
1.236308657694658586e-01 1.889188200560081325e-03
1.241253892325437369e-01 9.659008039258717331e-04
1.246218907894739159e-01 7.482360882688326694e-04
1.251203783526317892e-01 1.196599190237525182e-03
1.256208598660423226e-01 1.686054857451280966e-03
1.261233433055065078e-01 2.154542070634628964e-03
1.266278366787285392e-01 1.131382840327385182e-04
1.271343480254434610e-01 5.100181642625187944e-03
1.276428854175452321e-01 4.783141861651908112e-03
1.281534569592154005e-01 1.897812673422682279e-04
1.286660707870522780e-01 6.377544502123399899e-04
1.291807350702004475e-01 1.032975855141574084e-02
1.296974580104812425e-01 4.093891626729974018e-03
1.302162478425231973e-01 1.739999707458440240e-03
1.307371128338932764e-01 5.789651133797552723e-03
1.312600612852288795e-01 3.630668346715236906e-03
1.317851015303697915e-01 8.167703676737058868e-03
1.323122419364912705e-01 2.548197260769100719e-02
1.328414909042372472e-01 1.715523728470523535e-02
1.333728568678542170e-01 1.470784213492642468e-02
1.339063482953256612e-01 5.303112578796734949e-03
1.344419736885069383e-01 1.363454223324171190e-02
1.349797415832609815e-01 4.480707717346726904e-02
1.355196605495940232e-01 3.604499331552787900e-02
1.360617391917924301e-01 7.838911353470322252e-02
1.366059861485595939e-01 2.472470485510653085e-02
1.371524100931538481e-01 8.100444940633090563e-03
1.377010197335264696e-01 2.776706967337498957e-02
1.382518238124605670e-01 1.501007406353317142e-01
1.388048311077104136e-01 1.084292425638938295e-01
1.393600504321412248e-01 3.551689844040659128e-02
1.399174906338697677e-01 2.171460530835664024e-02
1.404771605964052761e-01 2.463892103504513598e-01
1.410390692387908651e-01 8.544859061889857610e-02
1.416032255157460562e-01 5.932436469592831108e-01
1.421696384178090522e-01 1.310548965184560148e-02
1.427383169714803168e-01 2.070802274789692587e-01
1.433092702393662099e-01 4.241330381694966789e+00
1.438825073203236771e-01 6.758123057583280691e-01
1.444580373496049674e-01 2.665191922303442151e+00
1.450358694990033503e-01 7.539953271540682511e-01
1.456160129769993872e-01 5.365893493734660957e+00
1.461984770289073976e-01 5.072990563537428166e+00
1.467832709370230082e-01 1.808205102004396547e+00
1.473704040207710897e-01 5.157589700308555791e+00
1.479598856368541382e-01 3.041269944351175369e-01
1.485517251794015725e-01 3.186332477998890855e+00
1.491459320801191979e-01 8.445880793703882006e+00
1.497425158084396690e-01 2.528123443218465827e+00
1.503414858716734248e-01 3.199841400692616489e+01
1.509428518151600951e-01 5.747159975158521839e+00
1.515466232224207677e-01 8.562457039706116158e-01
1.521528097153104220e-01 2.649374269170738927e+00
1.527614209541716672e-01 1.955200017421441228e-01
1.533724666379883694e-01 2.181955879296172962e-01
1.539859565045403056e-01 2.807663024833728094e-01
1.546019003305584838e-01 2.165459441067214223e-03
1.552203079318807133e-01 1.036082406163308864e-02
1.558411891636082569e-01 5.814449812379563973e-03
1.564645539202626778e-01 2.927760485984138520e-03
1.570904121359437411e-01 3.768451510439225962e-03
1.577187737844875093e-01 9.709116467532704882e-04
1.583496488796254653e-01 3.680167918823933852e-03
1.589830474751439959e-01 9.962065189068822213e-03
1.596189796650445414e-01 1.755684955999724456e-03
1.602574555837047166e-01 2.169135447481954256e-03
1.608984854060395708e-01 4.530574299702959384e-03
1.615420793476636807e-01 2.957951596163179483e-03
1.621882476650543525e-01 3.163707862336316481e-03
1.628370006557145755e-01 2.990346965076961985e-03
1.634883486583374457e-01 4.335266859020319233e-03
1.641423020529707844e-01 5.443836123980635294e-03
1.647988712611826723e-01 6.941937812153373653e-03
1.654580667462274002e-01 3.271810451024916196e-03
1.661198990132123077e-01 1.216174252437582891e-02
1.667843786092651215e-01 1.318173420967635665e-02
1.674515161237022098e-01 2.210734159584827954e-02
1.681213221881969755e-01 7.063244111444413886e-02
1.687938074769497754e-01 3.477818612554990640e-02
1.694689827068575905e-01 2.946386371777751090e-01
1.701468586376850278e-01 1.852586494173822651e-01
1.708274460722357391e-01 2.433192589851503884e-01
1.715107558565246715e-01 3.088710708852825393e-01
1.721967988799507909e-01 2.926033456732225480e-01
1.728855860754705820e-01 5.120049320080400923e-01
1.735771284197724640e-01 2.657075915952953338e-01
1.742714369334515678e-01 1.853311330108583788e-01
1.749685226811853456e-01 1.216343134287652283e+00
1.756683967719100681e-01 4.028220838180222585e-01
1.763710703589977391e-01 2.241652040779655408e+00
1.770765546404337309e-01 3.075902055632615539e+00
1.777848608589954471e-01 5.490566124314829599e-01
1.784960003024314568e-01 4.446435558270160904e+00
1.792099843036411844e-01 3.210904600062568726e+00
1.799268242408557650e-01 3.560661031170354818e+00
1.806465315378191772e-01 1.183823571488226101e+01
1.813691176639704306e-01 1.420802959436672674e+00
1.820945941346263086e-01 7.117811837495170657e+00
1.828229725111648329e-01 2.283528702239073738e+01
1.835542644012094771e-01 8.930900250402884488e-01
1.842884814588143239e-01 1.110194851472328459e+01
1.850256353846495561e-01 5.186333713155720204e+01
1.857657379261881403e-01 4.068577719732370923e+00
1.865088008778928996e-01 5.371371030873696384e+01
1.872548360814044743e-01 2.943158456836453141e+01
1.880038554257300876e-01 5.860626958108982265e+00
1.887558708474330049e-01 7.136849885686717698e+01
1.895108943308226879e-01 2.852380178045870096e+01
1.902689379081460019e-01 1.297399857461028638e+01
1.910300136597785636e-01 1.474609601005024899e+02
1.917941337144176972e-01 4.432952112628145613e+01
1.925613102492753359e-01 7.257234914194530973e+01
1.933315554902724498e-01 2.704326402710122466e+02
1.941048817122335568e-01 1.276286755184910362e+02
1.948813012390824828e-01 1.267814432696950036e+02
1.956608264440388156e-01 6.014545456792641289e+02
1.964434697498149418e-01 1.221221765450765986e+02
1.972292436288141937e-01 3.074959674808535510e+02
1.980181606033294406e-01 6.131742735958205230e+02
1.988102332457427346e-01 2.958334567106963959e+02
1.996054741787257336e-01 2.649768439160577032e+02
2.004038960754406518e-01 3.241177680102468344e+02
2.012055116597424309e-01 3.221279972221796584e+02
2.020103337063813842e-01 3.939950586005816149e+02
2.028183750412069219e-01 4.328138339444454914e+02
2.036296485413717494e-01 2.488813903254986997e+02
2.044441671355372303e-01 2.141079977918210488e+02
2.052619438040793887e-01 3.492524571117171490e+02
2.060829915792957157e-01 2.582956994108324693e+02
2.069073235456129201e-01 2.393042857093126656e+02
2.077349528397953449e-01 2.609880841615494091e+02
2.085658926511545219e-01 3.487381526449281637e+02
2.094001562217591150e-01 3.393136874900038151e+02
2.102377568466461677e-01 3.338433986159305391e+02
2.110787078740327671e-01 2.046137144217773027e+02
2.119230227055288740e-01 3.101661083496623519e+02
2.127707147963510126e-01 3.543492202188372175e+02
2.136217976555363773e-01 4.329655532241474134e+02
2.144762848461585492e-01 1.864327891694706238e+02
2.153341899855431840e-01 3.891409404276087116e+02
2.161955267454853669e-01 6.113318748312169646e+02
2.170603088524672986e-01 7.384923875096343409e+02
2.179285500878772042e-01 3.825191615006207257e+02
2.188002642882286852e-01 4.400503023689138899e+02
2.196754653453815986e-01 9.547153309328532487e+02
2.205541672067631020e-01 6.859329039684013196e+02
2.214363838755901703e-01 2.216107190148036807e+03
2.223221294110925284e-01 6.282733707838769988e+02
2.232114179287369160e-01 4.905645856714580987e+03
2.241042636004518529e-01 2.190782902285651744e+03
2.250006806548536520e-01 9.150711585172650302e+03
2.259006833774730438e-01 3.552027594697316999e+03
2.268042861109829667e-01 6.636953869353920709e+03
2.277115032554268836e-01 9.217371362502261036e+03
2.286223492684485714e-01 9.230527036824634706e+03
2.295368386655223802e-01 3.106520697869803553e+04
2.304549860201844658e-01 3.703361041304514856e+03
2.313768059642651864e-01 2.057619891617347093e+04
2.323023131881222503e-01 1.642303182655860292e+04
2.332315224408747223e-01 3.419043126910582941e+04
2.341644485306381973e-01 4.882663123754487606e+04
2.351011063247607502e-01 6.537533578605789444e+03
2.360415107500598020e-01 5.979699810944146884e+04
2.369856767930600405e-01 5.973387859905639743e+03
2.379336195002322851e-01 7.104775443379752687e+04
2.388853539782332114e-01 4.978514828536954155e+04
2.398408953941461863e-01 2.165057117872858071e+05
2.408002589757227141e-01 2.524560937981645693e+05
2.417634600116256582e-01 4.701906234251202841e+04
2.427305138516721306e-01 4.144051572931660921e+05
2.437014359070788505e-01 2.564990944746258319e+05
2.446762416507071713e-01 1.006658661778618349e+06
2.456549466173099938e-01 3.474277631411174661e+05
2.466375664037792625e-01 6.216171452125520445e+05
2.476241166693943785e-01 8.910436283761017257e+05
2.486146131360719436e-01 5.662177931219698803e+04
2.496090715886161993e-01 8.259889114118838916e+05
2.506075078749706586e-01 4.632066293116075685e+05
2.516099379064705155e-01 8.924203524651665939e+05
2.526163776580964138e-01 1.505496919668402988e+06
2.536268431687287994e-01 9.245735258591370657e+06
2.546413505414037437e-01 1.204570965224081092e+07
2.556599159435693491e-01 3.932069801264365669e+06
2.566825556073435988e-01 2.920630648980765603e+06
2.577092858297729827e-01 3.397546561576295644e+06
2.587401229730920682e-01 2.031397935452252859e+06
2.597750834649844576e-01 4.202007568357020617e+06
2.608141837988444123e-01 3.747264496157304384e+06
2.618574405340398092e-01 1.236318783000827022e+07
2.629048702961759298e-01 3.156404109583655745e+07
2.639564897773606367e-01 3.135748715823432803e+07
2.650123157364701054e-01 3.014423746397499368e+07
2.660723649994159445e-01 2.186422893040335923e+07
2.671366544594135917e-01 2.354267208887428790e+07
2.682052010772512096e-01 2.881851585591894388e+07
2.692780218815602478e-01 1.837062940562353656e+07
2.703551339690865030e-01 4.017726538436610252e+07
2.714365545049627904e-01 3.238634772787798941e+07
2.725223007229827243e-01 3.069920749262813479e+07
2.736123899258746106e-01 4.225850743261325359e+07
2.747068394855781692e-01 6.236394467703597993e+07
2.758056668435204806e-01 8.161590973952269554e+07
2.769088895108945403e-01 1.812373703651792109e+08
2.780165250689380918e-01 1.444884564950150251e+08
2.791285911692138466e-01 1.993650595594656765e+08
2.802451055338907038e-01 1.716450260072550774e+08
2.813660859560263017e-01 1.544719842947680950e+08
2.824915502998503469e-01 1.303947731901636571e+08
2.836215165010497197e-01 1.112617005456357151e+08
2.847560025670539119e-01 2.328486972699610889e+07
2.858950265773221866e-01 5.210983197991693020e+07
2.870386066836315142e-01 1.800096919208507836e+08
2.881867611103660631e-01 3.764116576654300690e+08
2.893395081548075787e-01 5.977091578843265772e+08
2.904968661874267610e-01 7.364740653746540546e+08
2.916588536521764197e-01 9.126981267963451147e+08
2.928254890667851273e-01 8.540266604851250648e+08
2.939967910230522619e-01 8.920541323786039352e+08
2.951727781871444911e-01 7.565711434254354239e+08
2.963534692998930908e-01 8.528048513575665951e+08
2.975388831770926501e-01 9.404114528994126320e+08
2.987290387098009981e-01 1.342154652137492657e+09
2.999239548646402409e-01 9.369509164226928949e+08
3.011236506840988536e-01 2.153269303941553593e+09
3.023281452868351593e-01 9.748663274527040720e+08
3.035374578679824742e-01 3.111259183791260719e+09
3.047516076994544187e-01 2.704627937431130409e+09
3.059706141302522830e-01 3.178500219412443161e+09
3.071944965867733357e-01 4.941829758582672119e+09
3.084232745731204095e-01 6.260681672182794571e+09
3.096569676714128194e-01 5.839395507842827797e+09
3.108955955420985018e-01 7.981093432554198265e+09
3.121391779242668751e-01 8.867437812057701111e+09
3.133877346359639215e-01 1.078284118845899773e+10
3.146412855745078230e-01 1.360951732099361420e+10
3.158998507168058190e-01 1.319394733909493637e+10
3.171634501196730627e-01 2.040411959505481339e+10
3.184321039201517545e-01 1.651522748390891266e+10
3.197058323358323295e-01 1.654650984645791817e+10
3.209846556651756444e-01 2.114103411412823486e+10
3.222685942878363852e-01 2.479786201814810562e+10
3.235576686649877520e-01 2.478216441549032211e+10
3.248518993396476984e-01 3.050963174726037216e+10
3.261513069370062801e-01 3.349692355080803299e+10
3.274559121647543369e-01 3.812998961065297699e+10
3.287657358134133401e-01 4.208357310682730865e+10
3.300807987566670154e-01 4.142400151575398254e+10
3.314011219516936890e-01 5.721074623582963562e+10
3.327267264395004642e-01 5.866313480363933563e+10
3.340576333452584534e-01 7.177330875592674255e+10
3.353938638786395088e-01 6.874503206616470337e+10
3.367354393341540630e-01 7.555306305098722839e+10
3.380823810914907468e-01 8.103954754435737610e+10
3.394347106158566718e-01 8.436188021870310974e+10
3.407924494583201014e-01 8.720079332515664673e+10
3.421556192561533982e-01 8.187273913046925354e+10
3.435242417331779707e-01 5.353858032413323212e+10
3.448983387001106626e-01 6.422028511432633972e+10
3.462779320549111417e-01 7.533390000577694702e+10
3.476630437831307319e-01 6.230115969475138855e+10
3.490536959582632992e-01 6.781736787152125549e+10
3.504499107420963600e-01 1.233650339409206543e+11
3.518517103850647421e-01 1.133977241493266602e+11
3.532591172266050239e-01 1.430231677993353271e+11
3.546721536955114717e-01 1.786339822601954956e+11
3.560908423102934761e-01 1.011040410857433014e+11
3.575152056795346533e-01 6.891896516477139282e+10
3.589452665022527800e-01 1.184382100416095428e+11
3.603810475682617254e-01 1.579489908930367432e+11
3.618225717585348278e-01 1.334078761461133575e+11
3.632698620455689364e-01 1.446445974466577759e+11
3.647229414937512293e-01 1.457668745358771667e+11
3.661818332597261971e-01 2.562387532933500366e+11
3.676465605927651259e-01 1.736407148332464294e+11
3.691171468351361895e-01 1.967005843779653931e+11
3.705936154224767076e-01 1.146570818277846985e+11
3.720759898841666247e-01 5.152721130595254517e+10
3.735642938437032656e-01 4.956817462813697815e+10
3.750585510190780902e-01 6.193143634851267242e+10
3.765587852231543908e-01 1.460926373125711670e+11
3.780650203640470441e-01 2.993668746137196045e+11
3.795772804455032068e-01 1.926187931831222839e+11
3.810955895672852312e-01 2.238433797615244446e+11
3.826199719255543585e-01 8.816621935522483826e+10
3.841504518132565771e-01 1.599103745156000061e+11
3.856870536205096456e-01 8.355048648772152710e+10
3.872298018349916715e-01 1.587653813388919373e+11
3.887787210423316320e-01 1.433216291874649658e+11
3.903338359265008939e-01 1.888837173274937134e+11
3.918951712702069545e-01 2.165307800134137878e+11
3.934627519552877928e-01 1.587874998511370850e+11
3.950366029631089404e-01 3.415103613631787109e+11
3.966167493749613859e-01 2.674532121555957031e+11
3.982032163724612550e-01 4.302906243608860474e+11
3.997960292379510450e-01 4.985320818414927979e+11
4.013952133549028578e-01 5.611272572813448486e+11
4.030007942083224659e-01 6.459797789469302979e+11
4.046127973851557647e-01 4.797354459389378662e+11
4.062312485746963908e-01 4.867826577386633301e+11
4.078561735689951728e-01 5.470855456656950684e+11
4.094875982632711353e-01 5.758483256528970947e+11
4.111255486563242245e-01 6.517431007219165039e+11
4.127700508509495880e-01 5.692139669002873535e+11
4.144211310543532978e-01 5.042577063666072388e+11
4.160788155785707931e-01 5.602634234754476318e+11
4.177431308408850463e-01 4.217599885912500000e+11
4.194141033642486138e-01 3.167595200598620605e+11
4.210917597777056320e-01 1.687745196857831726e+11
4.227761268168164221e-01 3.882881457763351440e+10
4.244672313240837602e-01 1.859457140818941040e+11
4.261651002493800910e-01 3.068738743449927368e+11
4.278697606503775730e-01 3.807759831087489014e+11
4.295812396929790666e-01 3.692842889327448730e+11
4.312995646517510107e-01 4.148550918068616333e+11
4.330247629103580187e-01 5.022223317664487305e+11
4.347568619619994745e-01 5.734375589967998047e+11
4.364958894098474596e-01 5.362616110566303711e+11
4.382418729674867897e-01 4.467337647917054443e+11
4.399948404593567730e-01 5.067034744925741577e+11
4.417548198211941890e-01 5.717888688475018311e+11
4.435218391004789873e-01 4.487288720002700806e+11
4.452959264568808750e-01 4.724752474115647583e+11
4.470771101627084021e-01 4.977860024503244629e+11
4.488654186033592119e-01 5.348495638185047607e+11
4.506608802777726241e-01 5.553669837827385254e+11
4.524635237988837710e-01 5.833715197696958008e+11
4.542733778940792333e-01 5.884685347396159668e+11
4.560904714056555065e-01 5.751144306482290039e+11
4.579148332912781894e-01 6.406437299265762939e+11
4.597464926244433370e-01 4.467554198622265625e+11
4.615854785949410899e-01 6.215675096914614258e+11
4.634318205093208576e-01 4.480832519088751221e+11
4.652855477913582227e-01 5.515483747737006836e+11
4.671466899825236219e-01 5.622713877491060791e+11
4.690152767424536906e-01 6.026610357536446533e+11
4.708913378494234969e-01 6.925161933162686768e+11
4.727749032008212171e-01 6.403809273418419189e+11
4.746660028136244769e-01 7.286122836883957520e+11
4.765646668248789131e-01 4.955637819687367554e+11
4.784709254921784560e-01 4.223529892201127319e+11
4.803848091941470555e-01 5.351995487049136963e+11
4.823063484309236815e-01 5.620250024787340088e+11
4.842355738246474361e-01 6.573134784311754150e+11
4.861725161199459966e-01 6.371464870426577148e+11
4.881172061844257226e-01 8.024553767474431152e+11
4.900696750091634302e-01 7.436022917249403076e+11
4.920299537092001074e-01 9.071575992455412598e+11
4.939980735240369625e-01 1.067037815936460571e+12
4.959740658181330253e-01 6.949698261031314697e+11
4.979579620814056362e-01 8.793496358358308105e+11
4.999497939297311566e-01 7.918121230485983887e+11
5.019495931054501758e-01 7.214868827246773682e+11
5.039573914778719965e-01 8.852551227306235352e+11
5.059732210437835054e-01 6.802512018654978027e+11
5.079971139279585435e-01 7.327987811055706787e+11
5.100291023836703852e-01 6.528470225772243652e+11
5.120692187932051054e-01 6.834984550434581299e+11
5.141174956683780550e-01 7.008928445393885498e+11
5.161739656510514473e-01 5.935176146911374512e+11
5.182386615136556074e-01 4.309386701249528198e+11
5.203116161597103329e-01 6.143446771408084717e+11
5.223928626243490303e-01 9.247274078954936523e+11
5.244824340748465152e-01 8.018171966439132080e+11
5.265803638111459239e-01 7.536221275232991943e+11
5.286866852663905103e-01 7.974637538460573730e+11
5.308014320074561088e-01 8.305963992334285889e+11
5.329246377354859288e-01 7.242590989608916016e+11
5.350563362864277916e-01 7.588999074426157227e+11
5.371965616315735881e-01 6.326828870170820312e+11
5.393453478780998456e-01 6.732935254754635010e+11
5.415027292696121819e-01 6.580442893632199707e+11
5.436687401866906466e-01 6.334983535666336670e+11
5.458434151474373941e-01 4.630207934746683350e+11
5.480267888080271321e-01 5.652901943056040039e+11
5.502188959632591247e-01 5.385770836978482666e+11
5.524197715471121928e-01 5.838407536812215576e+11
5.546294506333006025e-01 6.432823896060710449e+11
5.568479684358338400e-01 6.123555087284067383e+11
5.590753603095770519e-01 5.356514641202442017e+11
5.613116617508153716e-01 4.234639996740023804e+11
5.635569083978186899e-01 3.396347885674270630e+11
5.658111360314097560e-01 4.160279735700528564e+11
5.680743805755354980e-01 3.680322484219713745e+11
5.703466780978375672e-01 4.361428264032362671e+11
5.726280648102289872e-01 4.590741672420382080e+11
5.749185770694699160e-01 5.217719033183527222e+11
5.772182513777477375e-01 4.814899770518862915e+11
5.795271243832587071e-01 5.899524694686851807e+11
5.818452328807918184e-01 5.996570785271075439e+11
5.841726138123150003e-01 5.657976135379918213e+11
5.865093042675643131e-01 4.065809805726063232e+11
5.888553414846344758e-01 1.948364902001341858e+11
5.912107628505729462e-01 2.490595843342507324e+11
5.935756059019753339e-01 3.048610080616928711e+11
5.959499083255832552e-01 2.915125488459598999e+11
5.983337079588855190e-01 3.525840261326113281e+11
6.007270427907210886e-01 3.982249677858200684e+11
6.031299509618840426e-01 4.763843390113059082e+11
6.055424707657315331e-01 5.806362551727485352e+11
6.079646406487945187e-01 6.839176972071832275e+11
6.103964992113897203e-01 7.860982390745238037e+11
6.128380852082353503e-01 8.833613221066202393e+11
6.152894375490681744e-01 7.608066295429105225e+11
6.177505952992645710e-01 4.901969150176420288e+11
6.202215976804615893e-01 3.963041635533321533e+11
6.227024840711834486e-01 2.784297320989046631e+11
6.251932940074681477e-01 3.536398743591232300e+11
6.276940671834980723e-01 4.103694008387955933e+11
6.302048434522321552e-01 5.231523875097343140e+11
6.327256628260409244e-01 6.626047429577363281e+11
6.352565654773452142e-01 7.541115165129682617e+11
6.377975917392545435e-01 7.912953610424116211e+11
6.403487821062116003e-01 1.033453927829753540e+12
6.429101772346363930e-01 1.089180426387638916e+12
6.454818179435749537e-01 1.241978183945133545e+12
6.480637452153492628e-01 1.296223000428334229e+12
6.506560001962106154e-01 1.366690474500663818e+12
6.532586241969955410e-01 1.541323246323291016e+12
6.558716586937833881e-01 1.186319477230311279e+12
6.584951453285585732e-01 1.078257923857785522e+12
6.611291259098727169e-01 9.391349769238651123e+11
6.637736424135122215e-01 7.848306044241030273e+11
6.664287369831662922e-01 7.158594195126579590e+11
6.690944519310989547e-01 6.600626737302832031e+11
6.717708297388232941e-01 6.593038238327115479e+11
6.744579130577786907e-01 6.945475539628870850e+11
6.771557447100098326e-01 8.480019832179836426e+11
6.798643676888498355e-01 8.135794245394562988e+11
6.825838251596052508e-01 8.941915701892221680e+11
6.853141604602436265e-01 8.606201336641120605e+11
6.880554171020846210e-01 8.467984949062514648e+11
6.908076387704928933e-01 9.793046219952753906e+11
6.935708693255748791e-01 1.185076626666810791e+12
6.963451528028771209e-01 1.458206093720143311e+12
6.991305334140887062e-01 1.627156165036459961e+12
7.019270555477450380e-01 1.768984267166430176e+12
7.047347637699360456e-01 2.139679991064510254e+12
7.075537028250157290e-01 1.786291935955847412e+12
7.103839176363159202e-01 1.499733600912909424e+12
7.132254533068611568e-01 1.311859060552415039e+12
7.160783551200886610e-01 1.415058852264947754e+12
7.189426685405689854e-01 1.509855806107342041e+12
7.218184392147313222e-01 1.460361784073441650e+12
7.247057129715901436e-01 1.704399731572147461e+12
7.276045358234763949e-01 1.887657821160894775e+12
7.305149539667704639e-01 2.189389052028979980e+12
7.334370137826373703e-01 2.499556814779521973e+12
7.363707618377679509e-01 2.686031017476344727e+12
7.393162448851190449e-01 2.888747149362844238e+12
7.422735098646596752e-01 2.964853791320434082e+12
7.452426039041182282e-01 2.946456827207610352e+12
7.482235743197346300e-01 3.077745021585754395e+12
7.512164686170136330e-01 3.102910385374060059e+12
7.542213344914817652e-01 3.247502692359531738e+12
7.572382198294477229e-01 3.255367898492147949e+12
7.602671727087656484e-01 2.922464446414572754e+12
7.633082413996006288e-01 2.814744020704790039e+12
7.663614743651989691e-01 2.184310601274983398e+12
7.694269202626597970e-01 2.225689705365612793e+12
7.725046279437104424e-01 2.323476936100749023e+12
7.755946464554852593e-01 2.236483396073080078e+12
7.786970250413072225e-01 2.251224613424704102e+12
7.818118131414724115e-01 2.457554631944786621e+12
7.849390603940383793e-01 2.100486967274675293e+12
7.880788166356144098e-01 2.352476897621199219e+12
7.912311319021569922e-01 2.242546031153580078e+12
7.943960564297655180e-01 2.447999919520707031e+12
7.975736406554845281e-01 2.523105600778452148e+12
8.007639352181065151e-01 2.709972633040274902e+12
8.039669909589789443e-01 2.935674582631608887e+12
8.071828589228148276e-01 3.231747725845200195e+12
8.104115903585061842e-01 3.436013801615337402e+12
8.136532367199402760e-01 3.745219641166703613e+12
8.169078496668199518e-01 3.799793143833981934e+12
8.201754810654874328e-01 3.207361929295372559e+12
8.234561829897493190e-01 3.549206681728675293e+12
8.267500077217083687e-01 3.509728840044248047e+12
8.300570077525952772e-01 3.195099589559818359e+12
8.333772357836056743e-01 3.383763511439802246e+12
8.367107447267401188e-01 3.252059678335875977e+12
8.400575877056470908e-01 3.347851494330852051e+12
8.434178180564695371e-01 2.879836639790193359e+12
8.467914893286955236e-01 2.287517383583306641e+12
8.501786552860102208e-01 2.444638755295609863e+12
8.535793699071543283e-01 2.511763902853182129e+12
8.569936873867830540e-01 2.741631012763606934e+12
8.604216621363300899e-01 2.965652374257763672e+12
8.638633487848753623e-01 3.248021066903292480e+12
8.673188021800150027e-01 3.402447842954327148e+12
8.707880773887352044e-01 3.518739610085896484e+12
8.742712296982900755e-01 3.679979928349856934e+12
8.777683146170831563e-01 3.945294431800570312e+12
8.812793878755513788e-01 4.071266444868116699e+12
8.848045054270535781e-01 4.125435404499314941e+12
8.883437234487617795e-01 3.383947317421232910e+12
8.918970983425568155e-01 3.886641585740967773e+12
8.954646867359271623e-01 3.404723975691607422e+12
8.990465454828707736e-01 3.721338305957842773e+12
9.026427316648023558e-01 3.711633000178307129e+12
9.062533025914615292e-01 3.773582387914005371e+12
9.098783158018273198e-01 3.964753279517529785e+12
9.135178290650346478e-01 4.054465018256452637e+12
9.171719003812948134e-01 4.190085937159591797e+12
9.208405879828199803e-01 4.275135596962838379e+12
9.245239503347512100e-01 4.240136836794957031e+12
9.282220461360901620e-01 4.221408674725953125e+12
9.319349343206346781e-01 4.129732679779577637e+12
9.356626740579171431e-01 4.163210003537648438e+12
9.394053247541488405e-01 4.186559488565139648e+12
9.431629460531654185e-01 4.221485292826698242e+12
9.469355978373780180e-01 4.335881011545480469e+12
9.507233402287275092e-01 4.373215111453798340e+12
9.545262335896426142e-01 4.407925361942916016e+12
9.583443385240012491e-01 4.431028530746455078e+12
9.621777158780971950e-01 4.444143709011919922e+12
9.660264267416096562e-01 4.464027435867726562e+12
9.698905324485760371e-01 4.502157329825463867e+12
9.737700945783701600e-01 4.125367555696985840e+12
9.776651749566835914e-01 4.116344187397594238e+12
9.815758356565105203e-01 4.051872659983395508e+12
9.855021389991363012e-01 3.991178265619219238e+12
9.894441475551331022e-01 3.890350289346619141e+12
9.934019241453534432e-01 3.478903427989048340e+12
9.973755318419349480e-01 3.719665232212171387e+12
1.001365033969302543e+00 3.757078538347750977e+12
1.005370494105179757e+00 3.741985276122583496e+12
1.009391976081600362e+00 3.852837273234412598e+12
1.013429543985926884e+00 3.960042215926282715e+12
1.017483262161870350e+00 3.962294947666530762e+12
1.021553195210518128e+00 4.049644340210696777e+12
1.025639407991360219e+00 3.973649683639139160e+12
1.029741965623325539e+00 3.965888081803576660e+12
1.033860933485818867e+00 4.027607079379337402e+12
1.037996377219762012e+00 4.168316244112818848e+12
1.042148362728641198e+00 4.163724195904999023e+12
1.046316956179555557e+00 4.280612393086697266e+12
1.050502224004274066e+00 4.279534543558199707e+12
1.054704232900291139e+00 4.331395869534608887e+12
1.058923049831892227e+00 4.293518538151864258e+12
1.063158742031219628e+00 4.302678638060269531e+12
1.067411376999344741e+00 4.239561226767201660e+12
1.071681022507342096e+00 4.244789423038031250e+12
1.075967746597371377e+00 4.310558917036827148e+12
1.080271617583760779e+00 4.260676486860291992e+12
1.084592704054095913e+00 4.316554103972275391e+12
1.088931074870312044e+00 4.255848084753068359e+12
1.093286799169793433e+00 4.219144082919550781e+12
1.097659946366472461e+00 4.114698782888374512e+12
1.102050586151938294e+00 4.083856084522792480e+12
1.106458788496546219e+00 3.975414001150367676e+12
1.110884623650532532e+00 3.963973591533661133e+12
1.115328162145134749e+00 4.028424555134999023e+12
1.119789474793714934e+00 3.991367804187467773e+12
1.124268632692889902e+00 4.046337656720777344e+12
1.128765707223661430e+00 4.038296672700038574e+12
1.133280770052556230e+00 4.018824606330281738e+12
1.137813893132766374e+00 3.794129297119377930e+12
1.142365148705297484e+00 3.785223505428796875e+12
1.146934609300118479e+00 4.017751966647241211e+12
1.151522347737319096e+00 4.060589642646958008e+12
1.156128437128268516e+00 4.018335031387898926e+12
1.160752950876781542e+00 3.997208273211310547e+12
1.165395962680288999e+00 4.034612614046421875e+12
1.170057546531009907e+00 3.960262281107412109e+12
1.174737776717134086e+00 3.993231419588004395e+12
1.179436727824002773e+00 3.855687636709578125e+12
1.184154474735298557e+00 3.915158693631116211e+12
1.188891092634239977e+00 3.935693465487628906e+12
1.193646657004777012e+00 3.933578812636369141e+12
1.198421243632796118e+00 3.801332661940322754e+12
1.203214928607327261e+00 3.842412561544243652e+12
1.208027788321756724e+00 3.892572078815510742e+12
1.212859899475043468e+00 3.854555055842932617e+12
1.217711339072943710e+00 3.899235980623672852e+12
1.222582184429235275e+00 3.860632570345517090e+12
1.227472513166952384e+00 3.902773873909406738e+12
1.232382403219620226e+00 3.874597069834932129e+12
1.237311932832498407e+00 3.856309858736685547e+12
1.242261180563828615e+00 3.684598812659077637e+12
1.247230225286083849e+00 3.760174766177150879e+12
1.252219146187228072e+00 3.718410928125734375e+12
1.257228022771976983e+00 3.723460972816363770e+12
1.262256934863064783e+00 3.697478330658749023e+12
1.267305962602517155e+00 3.736703213615344238e+12
1.272375186452927354e+00 3.712693724206469727e+12
1.277464687198738957e+00 3.716077820785344238e+12
1.282574545947533950e+00 3.721147835705039551e+12
1.287704844131324133e+00 3.638325679784537598e+12
1.292855663507849417e+00 3.628093369833803711e+12
1.298027086161880783e+00 3.651493203653188965e+12
1.303219194506528344e+00 3.647156850409791016e+12
1.308432071284554521e+00 3.593669633001999023e+12
1.313665799569692760e+00 3.614216968989347656e+12
1.318920462767971591e+00 3.596403071320824219e+12
1.324196144619043336e+00 3.513031309122817383e+12
1.329492929197519491e+00 3.380738627516147949e+12
1.334810900914309650e+00 2.972370155164342773e+12
1.340150144517967101e+00 2.926397317614953125e+12
1.345510745096038852e+00 2.876012137741733398e+12
1.350892788076423212e+00 2.858247634296415527e+12
1.356296359228728932e+00 2.797999724356735352e+12
1.361721544665643879e+00 2.756401047927989258e+12
1.367168430844306393e+00 2.782379261146612305e+12
1.372637104567683730e+00 2.763930209032497070e+12
1.378127652985954299e+00 2.796597989093776367e+12
1.383640163597898098e+00 2.767499769489865234e+12
1.389174724252289828e+00 2.661544797174378418e+12
1.394731423149298877e+00 2.603838610968722168e+12
1.400310348841896202e+00 2.549800898524800293e+12
1.405911590237263642e+00 2.559589202543460938e+12
1.411535236598212784e+00 2.444181428873152832e+12
1.417181377544605603e+00 2.378108913932533203e+12
1.422850103054784210e+00 2.391986363477803711e+12
1.428541503467003038e+00 2.361292541082470215e+12
1.434255669480871243e+00 2.354545023836993652e+12
1.439992692158794885e+00 2.356331424474921387e+12
1.445752662927429988e+00 2.367959314768495605e+12
1.451535673579139596e+00 2.339438983183026367e+12
1.457341816273456159e+00 2.362134850649259277e+12
1.463171183538549913e+00 2.288870381107463379e+12
1.469023868272704147e+00 2.251130593322610352e+12
1.474899963745795128e+00 2.262633580082349609e+12
1.480799563600778246e+00 2.257838525396378906e+12
1.486722761855181485e+00 2.247946985780714355e+12
1.492669652902602007e+00 2.254574190133438477e+12
1.498640331514212276e+00 2.257007626297250000e+12
1.504634892840269300e+00 2.257513786449741699e+12
1.510653432411630304e+00 2.270662369082881348e+12
1.516696046141276843e+00 2.277518100187794922e+12
1.522762830325842032e+00 2.289048146800991211e+12
1.528853881647145307e+00 2.286351491385884277e+12
1.534969297173733649e+00 2.271415223844026855e+12
1.541109174362428780e+00 2.250424865531461426e+12
1.547273611059878373e+00 2.273604221850672852e+12
1.553462705504118135e+00 2.283645650968729004e+12
1.559676556326134556e+00 2.262538428672047852e+12
1.565915262551438980e+00 2.289560814724110352e+12
1.572178923601644795e+00 2.285790807006173340e+12
1.578467639296051495e+00 2.324274483098075684e+12
1.584781509853235626e+00 2.326090518863636719e+12
1.591120635892648405e+00 2.317132881095976562e+12
1.597485118436219098e+00 2.338019478619246582e+12
1.603875058909963958e+00 2.345055569597422363e+12
1.610290559145603595e+00 2.341657905114222168e+12
1.616731721382186127e+00 2.307480800180234863e+12
1.623198648267714761e+00 2.350485743381415039e+12
1.629691442860785600e+00 2.370178966791716309e+12
1.636210208632228769e+00 2.394796435407745605e+12
1.642755049466757766e+00 2.404585222002233887e+12
1.649326069664624805e+00 2.405917616405495605e+12
1.655923373943283039e+00 2.419519873337146973e+12
1.662547067439056336e+00 2.417188712801541016e+12
1.669197255708812611e+00 2.419692719509724609e+12
1.675874044731648027e+00 2.422488948377681152e+12
1.682577540910574321e+00 2.401328942428716797e+12
1.689307851074216771e+00 2.355306971338390137e+12
1.696065082478513508e+00 2.318127676465269043e+12
1.702849342808427480e+00 2.275491267458721680e+12
1.709660740179661298e+00 2.193602906862861328e+12
1.716499383140379864e+00 2.093172593564914551e+12
1.723365380672941427e+00 2.076424139656274658e+12
1.730258842195633306e+00 2.042257756945872803e+12
1.737179877564415831e+00 1.946650563593856689e+12
1.744128597074673603e+00 1.922931811251335693e+12
1.751105111462972097e+00 1.861096852119446289e+12
1.758109531908824241e+00 1.772622446731927979e+12
1.765141970036459451e+00 1.740098901050162109e+12
1.772202537916605314e+00 1.680592764086488281e+12
1.779291348068271716e+00 1.606596877189679199e+12
1.786408513460544745e+00 1.581795373297013428e+12
1.793554147514387020e+00 1.537964400670266846e+12
1.800728364104444257e+00 1.509244440922634521e+12
1.807931277560862249e+00 1.449186068917513916e+12
1.815163002671105641e+00 1.467947257039136963e+12
1.822423654681789795e+00 1.434451123956494629e+12
1.829713349300517100e+00 1.412842442282227051e+12
1.837032202697718830e+00 1.398606591774256348e+12
1.844380331508509885e+00 1.323751483144993652e+12
1.851757852834543527e+00 1.302918386427323730e+12
1.859164884245881888e+00 1.209578419668277832e+12
1.866601543782865358e+00 1.272204301768295410e+12
1.874067949957996859e+00 1.246732442233960938e+12
1.881564221757828781e+00 1.260346661184646729e+12
1.889090478644860127e+00 1.271583336137422119e+12
1.896646840559439662e+00 1.266457041643360840e+12
1.904233427921677269e+00 1.264688320228392822e+12
1.911850361633363971e+00 1.263547493170530518e+12
1.919497763079897279e+00 1.236897317126622314e+12
1.927175754132217200e+00 1.224942709125968750e+12
1.934884457148745796e+00 1.233541169194200928e+12
1.942623994977340729e+00 1.192439313405384766e+12
1.950394490957250149e+00 1.211318279035649658e+12
1.958196068921079336e+00 1.215489428364946045e+12
1.966028853196763793e+00 1.209843904660385254e+12
1.973892968609550991e+00 1.170654094834132812e+12
1.981788540483989447e+00 1.137579157711010254e+12
1.989715694645925126e+00 1.129722753343200439e+12
1.997674557424508723e+00 1.124489381336625244e+12
2.005665255654207169e+00 1.104937224105549805e+12
2.013687916676823786e+00 1.091663123330960815e+12
2.021742668343530891e+00 1.089097496525648193e+12
2.029829639016905052e+00 1.072185945441303467e+12
2.037948957572972564e+00 1.061099157337408325e+12
2.046100753403264694e+00 1.053178408818505859e+12
2.054285156416877811e+00 1.057066134361036987e+12
2.062502297042545507e+00 1.040939127302199951e+12
2.070752306230715600e+00 1.041454014199622437e+12
2.079035315455638244e+00 1.034615612815808350e+12
2.087351456717461140e+00 1.023823844259676758e+12
2.095700862544330967e+00 1.027659174108652954e+12
2.104083665994508134e+00 1.033036451038726196e+12
2.112500000658485977e+00 1.031367854986481201e+12
2.120950000661120161e+00 1.030414940316706421e+12
2.129433800663764753e+00 1.016055700069814575e+12
2.137951535866419839e+00 1.021551562182055054e+12
2.146503342009885351e+00 1.035621303961534424e+12
2.155089355377924676e+00 1.030937885938807739e+12
2.163709712799436691e+00 1.039317178916183716e+12
2.172364551650634468e+00 1.036717619787126953e+12
2.181054009857236853e+00 1.035719664141124390e+12
2.189778225896665376e+00 1.037523959335943481e+12
2.198537338800252705e+00 1.043434763489317627e+12
2.207331488155453325e+00 1.029745635100661255e+12
2.216160814108075083e+00 1.046688258309041870e+12
2.225025457364507631e+00 1.048579460962815063e+12
2.233925559193965515e+00 1.046594303869889648e+12
2.242861261430741493e+00 1.051693926310633911e+12
2.251832706476463830e+00 1.046570403714899902e+12
2.260840037302370042e+00 1.034138551303849487e+12
2.269883397451579299e+00 1.040033778433716187e+12
2.278962931041386142e+00 1.031859544961206665e+12
2.288078782765551100e+00 1.032946595295240967e+12
2.297231097896613505e+00 9.469882507423753662e+11
2.306420022288200311e+00 9.848222223366922607e+11
2.315645702377353121e+00 9.603210352630000000e+11
2.324908285186861878e+00 8.935210121720157471e+11
2.334207918327609654e+00 9.180902212089830322e+11
2.343544750000919663e+00 9.033715747543232422e+11
2.352918929000923143e+00 8.436319568107147217e+11
2.362330604716927240e+00 8.580360265317498779e+11
2.371779927135795329e+00 8.577728354915369873e+11
2.381267046844337987e+00 8.094022472184520264e+11
2.390792115031715070e+00 7.888898687628756104e+11
2.400355283491842240e+00 7.679902072201319580e+11
2.409956704625809465e+00 7.253002278248977051e+11
2.419596531444312859e+00 7.179010481190804443e+11
2.429274917570089620e+00 6.820852317277333984e+11
2.438992017240370291e+00 6.573704470257069092e+11
2.448747985309331465e+00 6.334801970141524658e+11
2.458542977250568917e+00 6.101436784987783203e+11
2.468377149159570738e+00 6.006328372172686768e+11
2.478250657756209563e+00 5.612489439778142090e+11
2.488163660387234355e+00 5.602268578601770020e+11
2.498116315028783063e+00 5.522927279385769043e+11
2.508108780288898387e+00 5.199069203046969604e+11
2.518141215410053757e+00 5.157599853122536011e+11
2.528213780271693967e+00 4.987147493926602783e+11
2.538326635392781139e+00 4.906306195326541138e+11
2.548479941934351789e+00 4.869347152286884155e+11
2.558673861702089436e+00 4.763190937539586792e+11
2.568908557148898097e+00 4.789894765682235107e+11
2.579184191377493551e+00 4.586775605753700562e+11
2.589500928143003478e+00 4.699684751474581909e+11
2.599858931855575594e+00 4.709028009087732544e+11
2.610258367582998229e+00 4.725324358625258179e+11
2.620699401053329769e+00 4.628893290878013916e+11
2.631182198657543214e+00 4.633441350237957764e+11
2.641706927452173392e+00 4.584593921964297485e+11
2.652273755161981938e+00 4.678409101283208008e+11
2.662882850182629824e+00 4.691733533047369995e+11
2.673534381583360542e+00 4.469217884480381470e+11
2.684228519109693956e+00 4.482524778645789185e+11
2.694965433186132575e+00 4.290245124862687988e+11
2.705745294918877164e+00 4.297618860797116089e+11
2.716568276098552559e+00 4.178444695409583740e+11
2.727434549202946812e+00 3.996818862786535645e+11
2.738344287399758326e+00 3.931267378405218506e+11
2.749297664549357201e+00 3.884555772206030884e+11
2.760294855207554576e+00 3.874817419697141113e+11
2.771336034628385292e+00 3.757894804890137329e+11
2.782421378766898545e+00 3.663394133357312622e+11
2.793551064281966312e+00 3.658771308079759521e+11
2.804725268539093985e+00 3.535287367214044189e+11
2.815944169613250558e+00 3.434420967022238770e+11
2.827207946291703244e+00 3.527678452353142090e+11
2.838516778076869862e+00 3.383332842977976074e+11
2.849870845189177437e+00 3.339638930973323364e+11
2.861270328569933685e+00 3.382281850900145874e+11
2.872715409884213589e+00 3.308261106951898193e+11
2.884206271523750420e+00 3.280697077756989136e+11
2.895743096609845413e+00 3.301986526301060181e+11
2.907326068996284985e+00 3.118442821979255371e+11
2.918955373272270393e+00 3.140675453494550781e+11
2.930631194765359826e+00 3.128510207132260132e+11
2.942353719544420709e+00 3.020569861941312256e+11
2.954123134422598440e+00 3.048937014575339966e+11
2.965939626960289122e+00 2.972752948812977295e+11
2.977803385468130504e+00 3.012371543616201782e+11
2.989714599010003138e+00 2.910574746357364502e+11
3.001673457406043077e+00 2.913555504731929932e+11
3.013680151235667015e+00 2.897158961342891235e+11
3.025734871840609408e+00 2.783129635576900635e+11
3.037837811327972037e+00 2.886844509977756958e+11
3.049989162573283785e+00 2.768151218349753418e+11
3.062189119223576395e+00 2.830839799322470703e+11
3.074437875700470890e+00 2.751128018195556030e+11
3.086735627203272880e+00 2.725266710122077637e+11
3.099082569712085622e+00 2.735871240475529785e+11
3.111478899990933744e+00 2.660435809890206604e+11
3.123924815590897186e+00 2.688385862257413635e+11
3.136420514853261121e+00 2.649853690974921570e+11
3.148966196912674320e+00 2.632662390107667542e+11
3.161562061700325277e+00 2.634789124499014587e+11
3.174208309947126327e+00 2.570243318218013611e+11
3.186905143186915090e+00 2.639309591654530945e+11
3.199652763759662566e+00 2.499527164059007874e+11
3.212451374814701222e+00 2.608750178207073975e+11
3.225301180313960625e+00 2.540256664938444519e+11
3.238202385035215958e+00 2.527330919633626099e+11
3.251155194575356955e+00 2.537428029369908142e+11
3.264159815353658622e+00 2.521604521296594238e+11
3.277216454615073271e+00 2.489635854610544128e+11
3.290325320433533207e+00 2.480018862972243042e+11
3.303486621715267635e+00 2.487224197715003052e+11
3.316700568202128441e+00 2.436918747863270569e+11
3.329967370474937294e+00 2.484190351890904236e+11
3.343287239956836743e+00 2.400964493443436890e+11
3.356660388916663962e+00 2.420123481311466675e+11
3.370087030472330714e+00 2.415594725846919556e+11
3.383567378594220187e+00 2.380353659557602539e+11
3.397101648108596716e+00 2.382296815706488647e+11
3.410690054701031482e+00 2.355249455533016968e+11
3.424332814919834878e+00 2.357076196096436768e+11
3.438030146179514634e+00 2.328326440784355774e+11
3.451782266764232610e+00 2.331870209544033508e+11
3.465589395831289998e+00 2.322365991749763489e+11
3.479451753414614767e+00 2.298754034834536743e+11
3.493369560428273068e+00 2.253292022384217529e+11
3.507343038669985980e+00 2.294660753966376343e+11
3.521372410824665788e+00 2.226675028994453735e+11
3.535457900467964709e+00 2.234985338126613464e+11
3.549599732069836477e+00 2.217699457685843201e+11
3.563798130998116154e+00 2.201362550726531982e+11
3.578053323522108364e+00 2.190627611867178040e+11
3.592365536816196858e+00 2.177751959679209900e+11
3.606734998963461614e+00 2.159529604605060120e+11
3.621161938959315041e+00 2.135185441295453491e+11
3.635646586715152839e+00 2.123197676364541931e+11
3.650189173062013293e+00 2.110719299235461121e+11
3.664789929754260545e+00 2.100638045258736572e+11
3.679449089473277645e+00 2.074616599481712952e+11
3.694166885831170699e+00 2.060326014701655579e+11
3.708943553374495661e+00 2.065068677943798218e+11
3.723779327587993571e+00 2.049057847978241272e+11
3.738674444898345328e+00 2.012223543845377808e+11
3.753629142677938901e+00 2.027126630738427734e+11
3.768643659248651190e+00 1.993104165489406433e+11
3.783718233885645432e+00 2.003505029026950073e+11
3.798853106821188153e+00 1.974972482709519348e+11
3.814048519248473657e+00 1.966460331988160706e+11
3.829304713325467180e+00 1.912076582663466492e+11
3.844621932178768908e+00 1.920147878973051147e+11
3.860000419907484215e+00 1.916858995776466980e+11
3.875440421587113882e+00 1.882813006648686523e+11
3.890942183273462529e+00 1.858527800549080811e+11
3.906505952006555926e+00 1.842072927181958923e+11
3.922131975814582727e+00 1.822855220088908386e+11
3.937820503717840648e+00 1.796038442006869812e+11
3.953571785732711508e+00 1.754476887358164978e+11
3.969386072875642490e+00 1.734483391952629395e+11
3.985263617167145167e+00 1.683709813746235352e+11
4.001204671635814059e+00 1.666219720006077576e+11
4.017209490322357190e+00 1.652251041232529297e+11
4.033278328283646630e+00 1.607960104238005371e+11
4.049411441596781458e+00 1.581480337217199097e+11
4.065609087363168506e+00 1.545174787824887695e+11
4.081871523712622185e+00 1.481885219348707581e+11
4.098199009807472315e+00 1.489723531793855591e+11
4.114591805846702144e+00 1.454023676728640137e+11
4.131050173070089038e+00 1.437831189092900085e+11
4.147574373762369149e+00 1.428062488309506836e+11
4.164164671257418959e+00 1.373757433709508667e+11
4.180821329942449260e+00 1.370242187588992462e+11
4.197544615262219558e+00 1.352997864491348724e+11
4.214334793723269357e+00 1.318004298200446320e+11
4.231192132898162761e+00 1.327944494234661102e+11
4.248116901429755288e+00 1.257964631084994049e+11
4.265109369035473996e+00 1.242918909056466522e+11
4.282169806511615384e+00 1.236574226796958923e+11
4.299298485737661935e+00 1.198545126227258301e+11
4.316495679680612874e+00 1.191753085522376862e+11
4.333761662399335357e+00 1.164750215462122650e+11
4.351096709048932532e+00 1.132846528830951996e+11
4.368501095885127583e+00 1.106753559368474731e+11
4.385975100268668214e+00 1.091478783759226837e+11
4.403519000669743555e+00 1.059947183760384064e+11
4.421133076672422391e+00 1.036808613511015778e+11
4.438817608979111817e+00 1.013593117832823334e+11
4.456572879415028332e+00 1.009104663482260437e+11
4.474399170932688463e+00 9.713364584257554626e+10
4.492296767616419828e+00 9.657845437616017151e+10
4.510265954686884626e+00 9.620244637826126099e+10
4.528307018505633330e+00 9.247389120743197632e+10
4.546420246579655711e+00 9.235552264169091797e+10
4.564605927565974497e+00 8.947890972832678223e+10
4.582864351276237258e+00 9.088879859763536072e+10
4.601195808681342925e+00 8.719837095364744568e+10
4.619600591916067422e+00 8.738281266599620056e+10
4.638078994283731937e+00 8.615925541424786377e+10
4.656631310260867629e+00 8.502349196916966248e+10
4.675257835501911430e+00 8.258615715508335876e+10
4.693958866843916944e+00 8.278021503954418945e+10
4.712734702311292878e+00 8.128433685279692078e+10
4.731585641120538810e+00 8.050880551050730896e+10
4.750511983685020923e+00 7.976976963149179077e+10
4.769514031619761063e+00 7.796447239036993408e+10
4.788592087746240011e+00 7.679293424587168884e+10
4.807746456097224730e+00 7.605466811548886108e+10
4.826977441921613377e+00 7.530016818887007141e+10
4.846285351689299858e+00 7.465580857989875793e+10
4.865670493096057925e+00 7.312208157608943176e+10
4.885133175068442135e+00 7.189130448069914246e+10
4.904673707768715474e+00 7.104285228711535645e+10
4.924292402599791174e+00 7.011128370695365906e+10
4.943989572210189642e+00 6.861467991561800385e+10
4.963765530499030021e+00 6.688442330692939758e+10
4.983620592621027079e+00 6.744684237346201324e+10
5.003555074991511198e+00 6.562585481440391541e+10
5.023569295291476777e+00 6.354504231675413513e+10
5.043663572472643075e+00 6.474958063217178345e+10
5.063838226762532813e+00 6.222245220787503052e+10
5.084093579669583640e+00 6.142640747456710052e+10
5.104429953988261381e+00 6.075499594220235443e+10
5.124847673804215020e+00 6.003713379678759766e+10
5.145347064499431688e+00 5.911795354026660156e+10
5.165928452757428957e+00 5.718507244997317505e+10
5.186592166568458673e+00 5.755157719289453125e+10
5.207338535234733001e+00 5.608825734958917999e+10
5.228167889375671784e+00 5.579614851370953369e+10
5.249080560933174766e+00 5.394983411914115906e+10
5.270076883176907145e+00 5.372093425680503845e+10
5.291157190709615321e+00 5.315262651719361877e+10
5.312321819472453299e+00 5.224666931916783905e+10
5.333571106750343738e+00 5.201538461256556702e+10
5.354905391177344320e+00 5.016579682823320007e+10
5.376325012742054099e+00 5.041390546891493988e+10
5.397830312793021612e+00 4.904453390267317963e+10
5.419421634044193858e+00 4.732613011442964172e+10
5.441099320580370602e+00 4.785499384171784973e+10
5.462863717862692425e+00 4.680259972173620605e+10
5.484715172734142996e+00 4.640072579467794037e+10
5.506654033425078865e+00 4.642563273859031677e+10
5.528680649558780580e+00 4.405143752512862396e+10
5.550795372157015350e+00 4.391978708893253326e+10
5.572998553645643227e+00 4.334174587105233002e+10
5.595290547860225949e+00 4.380966766121984100e+10
5.617671710051667766e+00 4.226046079472803497e+10
5.640142396891874021e+00 4.232651136020140076e+10
5.662702966479441713e+00 4.153096644117813873e+10
5.685353778345359821e+00 4.030782770569884491e+10
5.708095193458740724e+00 4.039444823865821838e+10
5.730927574232576482e+00 3.904804776868265533e+10
5.753851284529505783e+00 4.002045117823666382e+10
5.776866689667624399e+00 3.846798565983220673e+10
5.799974156426294769e+00 3.872485013243370819e+10
5.823174053051999977e+00 3.742459571097388458e+10
5.846466749264207508e+00 3.697831630494749451e+10
5.869852616261264977e+00 3.711735049962734222e+10
5.893332026726310069e+00 3.627549129342642212e+10
5.916905354833215114e+00 3.630773209766502380e+10
5.940572976252548543e+00 3.533618225311727142e+10
5.964335268157558545e+00 3.531487669079545593e+10
5.988192609230189589e+00 3.459909488422435760e+10
6.012145379667110490e+00 3.471000397848818970e+10
6.036193961185778889e+00 3.324034856386915207e+10
6.060338737030522616e+00 3.350529311803837967e+10
6.084580091978644134e+00 3.380458626399152374e+10
6.108918412346558746e+00 3.237976467388510132e+10
6.133354085995945226e+00 3.314338568922488403e+10
6.157887502339929320e+00 3.236993437630999756e+10
6.182519052349287669e+00 3.153807786230945587e+10
6.207249128558685491e+00 3.149304726400562286e+10
6.232078125072920471e+00 3.124391920422005463e+10
6.257006437573212843e+00 3.040494928520638657e+10
6.282034463323505236e+00 3.003713531701202774e+10
6.307162601176800720e+00 2.978123052604333115e+10
6.332391251581507063e+00 2.935481469860429764e+10
6.357720816587833390e+00 2.871330649791707611e+10
6.383151699854184180e+00 2.800406824213453293e+10
6.408684306653601226e+00 2.725909423566971207e+10
6.434319043880215361e+00 2.696009907860418701e+10
6.460056320055736379e+00 2.567650779446247482e+10
6.485896545335958052e+00 2.427646665368666458e+10
6.511840131517302233e+00 2.443900406962424088e+10
6.537887492043371829e+00 2.355000082254487228e+10
6.564039042011545533e+00 2.278877600441170120e+10
6.590295198179591196e+00 2.202512609692631531e+10
6.616656378972309405e+00 2.182208664325970840e+10
6.643123004488199257e+00 2.098996424742931366e+10
6.669695496506150789e+00 2.090536894680658722e+10
6.696374278492176479e+00 2.047712572235114288e+10
6.723159775606144528e+00 2.077682867246438599e+10
6.750052414708568094e+00 2.025076021416948318e+10
6.777052624367403411e+00 1.943584070507575607e+10
6.804160834864871887e+00 1.954733007857749939e+10
6.831377478204331055e+00 1.910706515688125992e+10
6.858702988117148180e+00 1.919778447627038574e+10
6.886137800069615622e+00 1.876688587841324234e+10
6.913682351269895499e+00 1.839998100620278549e+10
6.941337080674975013e+00 1.840740305883388138e+10
6.969102428997675069e+00 1.820401557022924042e+10
6.996978838713665994e+00 1.798466411953918076e+10
7.024966754068519670e+00 1.778413450862645721e+10
7.053066621084793653e+00 1.746062955730449295e+10
7.081278887569133929e+00 1.716966111453208733e+10
7.109604003119409654e+00 1.659458706543119621e+10
7.138042419131887861e+00 1.681595163521588135e+10
7.166594588808414379e+00 1.667831684088097000e+10
7.195260967163648047e+00 1.635557150008280373e+10
7.224042011032302923e+00 1.614017119275846672e+10
7.252938179076432235e+00 1.591391574308046341e+10
7.281949931792737196e+00 1.580738776940368652e+10
7.311077731519908696e+00 1.555397687011887932e+10
7.340322042445988515e+00 1.522252794786502457e+10
7.369683330615771411e+00 1.499270511374570465e+10
7.399162063938235612e+00 1.519405912631377602e+10
7.428758712193988423e+00 1.451638944465937233e+10
7.458473747042765112e+00 1.465295938216635323e+10
7.488307642030935796e+00 1.439312884526519394e+10
7.518260872599060285e+00 1.400284883281187630e+10
7.548333916089456253e+00 1.417573062160715866e+10
7.578527251753813587e+00 1.368322719551401138e+10
7.608841360760829176e+00 1.320868347849084091e+10
7.639276726203872769e+00 1.339021391611067581e+10
7.669833833108687493e+00 1.299282123759790421e+10
7.700513168441122325e+00 1.300626688022496605e+10
7.731315221114887670e+00 1.275195333554856682e+10
7.762240481999347352e+00 1.244929852298243904e+10
7.793289443927344351e+00 1.245352933184575653e+10
7.824462601703054077e+00 1.244213784329918098e+10
7.855760452109866065e+00 1.209948974511092758e+10
7.887183493918306532e+00 1.162821778000870132e+10
7.918732227893980458e+00 1.171187812538300514e+10
7.950407156805555431e+00 1.157924638603363991e+10
7.982208785432777454e+00 1.111981768056126595e+10
8.014137620574508958e+00 1.128725776101728439e+10
8.046194171056805899e+00 1.093636925210530853e+10
8.078378947741034821e+00 1.080206386879891777e+10
8.110692463531997021e+00 1.054060549355807686e+10
8.143135233386125549e+00 1.054605599581550598e+10
8.175707774319670662e+00 1.042904043656086159e+10
8.208410605416949224e+00 1.004295550939701843e+10
8.241244247838615422e+00 1.013796787039039040e+10
8.274209224829968790e+00 9.736806498601129532e+09
8.307306061729288871e+00 9.786214964627079010e+09
8.340535285976207192e+00 9.469706279168233871e+09
8.373897427120111203e+00 9.274864369234188080e+09
8.407393016828594412e+00 9.382992412112438202e+09
8.441022588895906509e+00 9.076496756451414108e+09
8.474786679251490540e+00 9.163292452212818146e+09
8.508685825968495209e+00 8.876557905505111694e+09
8.542720569272368891e+00 8.830687697584577560e+09
8.576891451549458978e+00 8.619521884355367661e+09
8.611199017355655627e+00 8.641520393460058212e+09
8.645643813425078150e+00 8.574627862794244766e+09
8.680226388678779159e+00 8.352927274093871117e+09
8.714947294233493125e+00 8.273050843096124649e+09
8.749807083410427566e+00 7.957892515425446510e+09
8.784806311744070229e+00 8.060023266648385048e+09
8.819945536991047774e+00 7.926869717949417114e+09
8.855225319139009343e+00 7.786577213195698738e+09
8.890646220415566958e+00 7.823369980600637436e+09
8.926208805297228821e+00 7.724432156062706947e+09
8.961913640518417878e+00 7.454398238279689789e+09
8.997761295080492161e+00 7.507479560329313278e+09
9.033752340260813085e+00 7.424373451590677261e+09
9.069887349621856387e+00 7.315931167269525528e+09
9.106166899020346150e+00 7.193879002784768105e+09
9.142591566616424359e+00 7.131764420165790558e+09
9.179161932882891506e+00 7.064817831491170883e+09
9.215878580614422333e+00 6.898332530594090462e+09
9.252742094936881045e+00 6.751964432059953690e+09
9.289753063316627646e+00 6.725733729669301033e+09
9.326912075569895322e+00 6.601262566083678246e+09
9.364219723872173162e+00 6.663655441884593010e+09
9.401676602767663482e+00 6.414300101147669792e+09
9.439283309178733816e+00 6.338149046822928429e+09
9.477040442415447075e+00 6.329046660829977036e+09
9.514948604185111236e+00 6.205443445789708138e+09
9.553008398601852136e+00 6.221797560638240814e+09
9.591220432196260859e+00 6.016612842249607086e+09
9.629585313925044687e+00 5.900855557786548615e+09
9.668103655180747324e+00 5.858910945936293602e+09
9.706776069801470896e+00 5.758151196842568398e+09
9.745603174080676112e+00 5.737346389368874550e+09
9.784585586776998412e+00 5.675472500332403183e+09
9.823723929124106746e+00 5.531472882053970337e+09
9.863018824840601440e+00 5.471500272401825905e+09
9.902470900139965337e+00 5.210476738456971169e+09
9.942080783740523842e+00 5.313041456891029358e+09
9.981849106875488431e+00 5.190237773476569176e+09
1.002177650330298952e+01 5.162578406923651695e+09
1.006186360931619994e+01 5.037423523476100922e+09
1.010211106375346723e+01 4.922174762186668396e+09
1.014251950800847979e+01 4.901130239447842598e+09
1.018308958604051284e+01 4.888358399907886505e+09
1.022382194438467451e+01 4.741734245778322220e+09
1.026471723216221399e+01 4.695170471098276138e+09
1.030577610109086173e+01 4.584402923236272812e+09
1.034699920549522467e+01 4.497959409792216301e+09
1.038838720231720458e+01 4.471646646493567467e+09
1.042994075112647501e+01 4.379352706005177498e+09
1.047166051413097954e+01 4.315425557196737289e+09
1.051354715618750468e+01 4.252928433309190750e+09
1.055560134481225454e+01 4.177275531982839108e+09
1.059782375019150358e+01 4.074063119697479248e+09
1.064021504519226902e+01 4.070930707766671181e+09
1.068277590537303823e+01 4.034948062337071896e+09
1.072550700899452991e+01 3.890779094809610367e+09
1.076840903703050856e+01 3.825639972818714619e+09
1.081148267317863088e+01 3.800715391599801064e+09
1.085472860387134553e+01 3.829942061043463230e+09
1.089814751828683015e+01 3.630778417677921772e+09
1.094174010835997635e+01 3.617703977899293900e+09
1.098550706879341909e+01 3.507929090837158203e+09
1.102944909706859100e+01 3.480706127758749485e+09
1.107356689345686540e+01 3.454820229276210785e+09
1.111786116103069233e+01 3.372897158531156063e+09
1.116233260567481622e+01 3.330264347173024654e+09
1.120698193609751492e+01 3.244886648188320160e+09
1.125180986384190440e+01 3.222860918400975227e+09
1.129681710329727373e+01 3.161155026515923023e+09
1.134200437171046083e+01 3.139337840874253273e+09
1.138737238919730466e+01 3.084343690004149437e+09
1.143292187875409383e+01 3.013014461242978573e+09
1.147865356626910938e+01 2.992654216400731087e+09
1.152456818053418530e+01 2.925051675681824207e+09
1.157066645325632237e+01 2.864559354185220242e+09
1.161694911906934635e+01 2.830588165766891479e+09
1.166341691554562487e+01 2.811589857930645943e+09
1.171007058320780736e+01 2.735713487355274200e+09
1.175691086554063958e+01 2.661131441949935913e+09
1.180393850900279951e+01 2.652941421666338921e+09
1.185115426303881137e+01 2.598631441880554199e+09
1.189855888009096674e+01 2.596613766848268986e+09
1.194615311561133097e+01 2.544796332881802082e+09
1.199393772807377623e+01 2.508619583878108025e+09
1.204191347898607134e+01 2.470712273371630192e+09
1.209008113290201614e+01 2.439581865529860020e+09
1.213844145743362368e+01 2.374535196159733295e+09
1.218699522326335938e+01 2.369083054166677952e+09
1.223574320415641381e+01 2.302961115097243786e+09
1.228468617697303777e+01 2.314370300586158276e+09
1.233382492168093059e+01 2.229666167513163567e+09
1.238316022136765504e+01 2.227234229402413845e+09
1.243269286225312520e+01 2.124727962554261923e+09
1.248242363370213859e+01 2.157439789239765644e+09
1.253235332823694748e+01 2.093359788188974380e+09
1.258248274154989410e+01 2.090105151101181507e+09
1.263281267251609385e+01 2.057567318437317848e+09
1.268334392320615756e+01 2.001195947873413801e+09
1.273407729889898299e+01 2.030420136125229597e+09
1.278501360809457665e+01 1.926972281734174490e+09
1.283615366252695544e+01 1.896971688186616182e+09
1.288749827717706253e+01 1.924917761813091278e+09
1.293904827028577031e+01 1.833959837266596794e+09
1.299080446336691352e+01 1.853007909327379465e+09
1.304276768122038099e+01 1.800038597091208935e+09
1.309493875194526424e+01 1.796686780175123692e+09
1.314731850695304693e+01 1.744999093183867693e+09
1.319990778098085649e+01 1.715320598061515331e+09
1.325270741210477965e+01 1.691884314809550762e+09
1.330571824175319939e+01 1.665475089409003973e+09
1.335894111472021173e+01 1.638172957132517099e+09
1.341237687917909227e+01 1.630305117399933100e+09
1.346602638669580898e+01 1.571145102035094023e+09
1.351989049224258999e+01 1.589970007888073683e+09
1.357397005421156067e+01 1.537151493211485147e+09
1.362826593442840917e+01 1.524878233566617012e+09
1.368277899816612297e+01 1.510212323893548727e+09
1.373751011415878942e+01 1.460201022098817110e+09
1.379246015461542463e+01 1.474193635009421349e+09
1.384762999523388416e+01 1.418075359351589441e+09
1.390302051521481808e+01 1.440091875601379871e+09
1.395863259727567751e+01 1.399118250216496468e+09
1.401446712766477987e+01 1.360408728335515499e+09
1.407052499617543972e+01 1.375141872628885746e+09
1.412680709616014063e+01 1.303143691476175547e+09
1.418331432454478147e+01 1.279026644153385401e+09
1.424004758184296193e+01 1.292993420457224131e+09
1.429700777217033369e+01 1.285049938381984711e+09
1.435419580325901379e+01 1.239687357591140509e+09
1.441161258647204946e+01 1.235840435143671513e+09
1.446925903681793812e+01 1.190451141540241957e+09
1.452713607296521126e+01 1.197131582709220171e+09
1.458524461725707155e+01 1.181253876341828108e+09
1.464358559572609764e+01 1.134809378435155392e+09
1.470215993810900557e+01 1.118187507879650116e+09
1.476096857786143879e+01 1.140429132600498676e+09
1.482001245217288599e+01 1.105957444181168079e+09
1.487929250198157760e+01 1.081191513238197088e+09
1.493880967198950316e+01 1.066758128342770100e+09
1.499856491067746056e+01 1.051307930410187602e+09
1.505855917032016933e+01 1.046259736827157617e+09
1.511879340700144958e+01 1.022646009307452083e+09
1.517926858062945605e+01 9.988832403793320656e+08
1.523998565495197433e+01 1.002295739713230491e+09
1.530094559757178274e+01 9.676460670733851194e+08
1.536214937996206764e+01 9.569257202204807997e+08
1.542359797748191674e+01 9.442421359837645292e+08
1.548529236939184450e+01 9.354053342153747082e+08
1.554723353886941339e+01 9.078861163447322845e+08
1.560942247302489072e+01 9.171863143413479328e+08
1.567186016291699069e+01 8.924836196940237284e+08
1.573454760356865556e+01 8.746014112658960819e+08
1.579748579398293096e+01 8.711710016111209393e+08
1.586067573715886247e+01 8.502969129286593199e+08
1.592411844010749888e+01 8.513887797376821041e+08
1.598781491386792730e+01 8.094762480321985483e+08
1.605176617352340074e+01 8.135559902968748808e+08
1.611597323821749228e+01 7.881094370170655251e+08
1.618043713117036120e+01 7.805290650351072550e+08
1.624515887969504391e+01 7.624251616559036970e+08
1.631013951521382310e+01 7.755215319652922153e+08
1.637538007327468037e+01 7.657717675754507780e+08
1.644088159356778078e+01 7.531234055346672535e+08
1.650664511994205341e+01 7.249140127002927065e+08
1.657267170042182158e+01 7.074740099077676535e+08
1.663896238722350418e+01 6.947013387434881926e+08
1.670551823677240222e+01 6.967033656118670702e+08
1.677234030971949608e+01 6.996955227095203400e+08
1.683942967095837062e+01 6.739186398861107826e+08
1.690678738964220429e+01 6.632248411233636141e+08
1.697441453920077237e+01 6.657627404017467499e+08
1.704231219735757108e+01 6.685757293820124865e+08
1.711048144614700561e+01 6.262471452013877630e+08
1.717892337193159236e+01 6.282973921120703220e+08
1.724763906541932101e+01 6.034609468859674931e+08
1.731662962168099895e+01 5.990396188224073648e+08
1.738589614016772344e+01 5.937924141672073603e+08
1.745543972472839300e+01 5.966048578162864447e+08
1.752526148362730751e+01 5.826163956127187014e+08
1.759536252956181812e+01 5.679883492863743305e+08
1.766574397968006238e+01 5.569158930690413713e+08
1.773640695559878466e+01 5.516578605187320709e+08
1.780735258342117433e+01 5.492398674186868668e+08
1.787858199375486024e+01 5.436771948868579865e+08
1.795009632172988034e+01 5.250132549229970574e+08
1.802189670701679702e+01 5.276584331125467420e+08
1.809398429384486562e+01 5.161666333548849225e+08
1.816636023102024211e+01 4.901126461925474405e+08
1.823902567194432578e+01 5.081247173517538905e+08
1.831198177463210186e+01 4.968937437441695929e+08
1.838522970173062987e+01 4.845874420061549544e+08
1.845877062053754969e+01 4.847131350335528851e+08
1.853260570301970134e+01 4.571144808435989618e+08
1.860673612583178027e+01 4.499009366109720469e+08
1.868116307033510637e+01 4.541361513386426568e+08
1.875588772261644976e+01 4.451110309000927806e+08
1.883091127350691352e+01 4.469693094221054316e+08
1.890623491860094063e+01 4.328884386621464491e+08
1.898185985827534594e+01 4.248851707281982303e+08
1.905778729770844748e+01 4.325838594027965069e+08
1.913401844689928311e+01 4.271933967359617949e+08
1.921055452068688041e+01 3.971750383740870953e+08
1.928739673876962968e+01 4.070609636854279041e+08
1.936454632572470658e+01 3.980335632575269938e+08
1.944200451102760141e+01 3.795372027565484047e+08
1.951977252907171589e+01 3.938955439877552390e+08
1.959785161918800256e+01 3.710270126289168596e+08
1.967624302566475691e+01 3.710529623017874360e+08
1.991079942767366973e+01 3.580982150312420726e+08
