# Wavelength (micrometer), Flux (W / m2 / m)
1.000553076518779783e-01 9.603760181256532669e+09
1.004555288824854897e-01 7.273971245338038278e-07
1.008573509980154326e-01 9.147472452875759117e-07
1.012607804020075053e-01 1.123726475640451289e-06
1.016658235236155422e-01 1.368547935576132576e-06
1.020724868177099870e-01 1.009127854682240986e-05
1.024807767649808382e-01 3.818402330578617022e-06
1.028906998720407612e-01 2.609509409752697510e-06
1.033022626715289355e-01 1.440998385041537962e-05
1.037154717222150413e-01 4.026381771580565857e-06
1.041303336091038839e-01 4.824468354844582811e-06
1.045468549435403099e-01 7.904681184931053778e-06
1.049650423633144702e-01 7.415038323777068392e-06
1.053849025327677214e-01 1.197290920991072561e-05
1.058064421428987906e-01 1.040860689602729499e-05
1.062296679114703990e-01 1.609050305197674979e-05
1.066545865831162732e-01 1.881607008127915616e-05
1.070812049294487533e-01 2.160085593191414470e-05
1.075095297491665408e-01 5.264064724766197192e-05
1.079395678681632220e-01 2.916577095946003262e-05
1.083713261396358624e-01 5.051368682050346088e-05
1.088048114441943909e-01 5.213613282370282536e-05
1.092400306899711654e-01 7.257755661964397859e-04
1.096769908127310511e-01 7.829960909326756646e-05
1.101156987759819850e-01 9.095789011409551213e-05
1.105561615710859147e-01 4.710144068933749101e-04
1.109983862173702651e-01 2.321700410894936457e-04
1.114423797622397516e-01 1.767432621037117932e-04
1.118881492812886930e-01 1.963842311784568255e-04
1.123357018784138517e-01 2.697293220004328470e-04
1.127850446859275102e-01 9.707570120443523645e-03
1.132361848646712132e-01 7.785137556503309714e-03
1.136891296041298988e-01 4.180563296268128073e-03
1.141438861225464035e-01 4.506814238079157563e-03
1.146004616670366072e-01 3.108557172321254562e-03
1.150588635137047705e-01 3.495266552281333424e-03
1.155190989677595953e-01 2.400717102380111462e-03
1.159811753636306314e-01 5.470834487618898324e-03
1.164451000650851553e-01 2.334025265975727109e-03
1.169108804653455069e-01 2.729133424354509337e-03
1.173785239872068981e-01 8.450827846886270478e-03
1.178480380831557206e-01 3.158012892665066490e-02
1.183194302354883543e-01 1.419595394025014411e-02
1.187927079564302935e-01 9.103532570098601256e-03
1.192678787882560099e-01 1.983578558846878920e-02
1.197449503034090645e-01 3.907127775985578394e-02
1.202239301046226783e-01 8.183161493333092687e-03
1.207048258250411760e-01 3.868180100238712005e-02
1.211876451283413342e-01 2.485855127249235463e-02
1.216723957088547137e-01 5.083698846698100904e-02
1.221590852916901310e-01 1.379369100019489369e-01
1.226477216328568792e-01 5.997363094656452676e-01
1.231383125193883099e-01 1.016739248316274324e-01
1.236308657694658586e-01 2.022204566890533350e-01
1.241253892325437369e-01 8.503152545805198192e-02
1.246218907894739159e-01 5.033772778110699037e-02
1.251203783526317892e-01 5.699370451827814182e-02
1.256208598660423226e-01 7.333508081222694930e-02
1.261233433055065078e-01 9.876575808156252967e-02
1.266278366787285392e-01 5.444556601989233163e-02
1.271343480254434610e-01 1.530398377383047348e-01
1.276428854175452321e-01 1.078560353173122904e-01
1.281534569592154005e-01 1.042321496318033974e-01
1.286660707870522780e-01 1.325366555281483061e-01
1.291807350702004475e-01 3.157771721356497641e-01
1.296974580104812425e-01 2.675248451333835376e-01
1.302162478425231973e-01 1.433135511690526720e-01
1.307371128338932764e-01 1.950038004741024289e-01
1.312600612852288795e-01 5.688508047712131921e-01
1.317851015303697915e-01 2.831478274611181067e-01
1.323122419364912705e-01 4.307192594532555097e-01
1.328414909042372472e-01 3.653809294097088434e-01
1.333728568678542170e-01 4.670279544432484053e-01
1.339063482953256612e-01 4.998697085635971371e-01
1.344419736885069383e-01 5.543650276965373935e-01
1.349797415832609815e-01 1.002735295698959472e+00
1.355196605495940232e-01 9.362299049191358247e-01
1.360617391917924301e-01 1.644784397884482496e+00
1.366059861485595939e-01 1.263715793289075240e+00
1.371524100931538481e-01 1.527134587474238803e+00
1.377010197335264696e-01 2.212443177894479529e+00
1.382518238124605670e-01 2.428947692062532582e+00
1.388048311077104136e-01 3.129690412846958925e+00
1.393600504321412248e-01 3.858316007540126158e+00
1.399174906338697677e-01 3.324708206952561529e+00
1.404771605964052761e-01 6.652296419834669017e+00
1.410390692387908651e-01 6.231000978834595472e+00
1.416032255157460562e-01 1.231083747589138966e+01
1.421696384178090522e-01 5.727811391210587466e+00
1.427383169714803168e-01 9.017448094709289208e+00
1.433092702393662099e-01 5.478564466229650520e+01
1.438825073203236771e-01 1.785329005544884140e+01
1.444580373496049674e-01 3.887109239132033878e+01
1.450358694990033503e-01 3.021421286664586958e+01
1.456160129769993872e-01 7.678024335735068462e+01
1.461984770289073976e-01 3.796448595462617703e+01
1.467832709370230082e-01 4.217734526575311804e+01
1.473704040207710897e-01 7.618340730120822002e+01
1.479598856368541382e-01 3.536176576904619395e+01
1.485517251794015725e-01 7.179864788609430093e+01
1.491459320801191979e-01 2.145735847684226769e+02
1.497425158084396690e-01 8.749316589155581880e+01
1.503414858716734248e-01 5.046746347783682154e+02
1.509428518151600951e-01 2.306658473345366929e+02
1.515466232224207677e-01 9.408954537602799917e+01
1.521528097153104220e-01 3.144590185541510436e+02
1.527614209541716672e-01 1.325789893894368561e+02
1.533724666379883694e-01 1.002275104744168885e+02
1.539859565045403056e-01 1.505003342443634153e+02
1.546019003305584838e-01 7.919107573653799648e+01
1.552203079318807133e-01 9.409307568559796664e+01
1.558411891636082569e-01 9.960650342027959425e+01
1.564645539202626778e-01 1.083847110985668110e+02
1.570904121359437411e-01 1.093430138432653109e+02
1.577187737844875093e-01 1.230452458318475095e+02
1.583496488796254653e-01 1.375087559006443314e+02
1.589830474751439959e-01 1.574184942164385461e+02
1.596189796650445414e-01 2.071228838837676562e+02
1.602574555837047166e-01 2.459944391929983567e+02
1.608984854060395708e-01 2.694953540386687223e+02
1.615420793476636807e-01 2.958696099264226405e+02
1.621882476650543525e-01 3.320787079042719370e+02
1.628370006557145755e-01 3.909561189040648514e+02
1.634883486583374457e-01 4.438642939321409244e+02
1.641423020529707844e-01 5.194806642267252528e+02
1.647988712611826723e-01 5.801988136779904153e+02
1.654580667462274002e-01 7.444676801547842615e+02
1.661198990132123077e-01 7.744190169327887361e+02
1.667843786092651215e-01 8.664608371950079118e+02
1.674515161237022098e-01 9.804222593761534199e+02
1.681213221881969755e-01 1.084819139742060088e+03
1.687938074769497754e-01 1.268091091481863941e+03
1.694689827068575905e-01 1.409170228476895772e+03
1.701468586376850278e-01 1.617860417319951466e+03
1.708274460722357391e-01 1.809750603987623435e+03
1.715107558565246715e-01 1.975342619928994054e+03
1.721967988799507909e-01 2.302711028126307156e+03
1.728855860754705820e-01 2.443893111860426416e+03
1.735771284197724640e-01 2.822383905351029171e+03
1.742714369334515678e-01 3.066832377114173141e+03
1.749685226811853456e-01 3.464811928983921462e+03
1.756683967719100681e-01 4.020893930449392428e+03
1.763710703589977391e-01 4.561579905732282896e+03
1.770765546404337309e-01 5.187389576948488866e+03
1.777848608589954471e-01 5.599772612965860390e+03
1.784960003024314568e-01 6.452692643891432454e+03
1.792099843036411844e-01 7.265773516657252003e+03
1.799268242408557650e-01 8.189458109306124243e+03
1.806465315378191772e-01 9.451172461242360441e+03
1.813691176639704306e-01 1.006600335676248687e+04
1.820945941346263086e-01 1.147880375886020920e+04
1.828229725111648329e-01 1.360954173102822642e+04
1.835542644012094771e-01 1.359712292804249773e+04
1.842884814588143239e-01 1.544145998325738947e+04
1.850256353846495561e-01 1.926375827007890985e+04
1.857657379261881403e-01 1.840933023748651249e+04
1.865088008778928996e-01 2.365005333294180673e+04
1.872548360814044743e-01 2.339335751362345763e+04
1.880038554257300876e-01 2.448763138476650056e+04
1.887558708474330049e-01 3.080298049986646583e+04
1.895108943308226879e-01 3.029264743604417527e+04
1.902689379081460019e-01 3.353582757048359053e+04
1.910300136597785636e-01 4.536926862504565361e+04
1.917941337144176972e-01 4.212013589357055753e+04
1.925613102492753359e-01 4.932132712404186168e+04
1.933315554902724498e-01 6.459825987642054679e+04
1.941048817122335568e-01 6.061177190890654310e+04
1.948813012390824828e-01 6.768294985187285056e+04
1.956608264440388156e-01 9.894622668438778783e+04
1.964434697498149418e-01 7.735103864558319037e+04
1.972292436288141937e-01 9.893694851808168460e+04
1.980181606033294406e-01 1.324326976186400570e+05
1.988102332457427346e-01 1.173681685421993898e+05
1.996054741787257336e-01 1.250252276922566671e+05
2.004038960754406518e-01 1.421535159331492614e+05
2.012055116597424309e-01 1.566204131529630977e+05
2.020103337063813842e-01 1.773344481205569464e+05
2.028183750412069219e-01 1.950032791433777311e+05
2.036296485413717494e-01 1.838563702659525152e+05
2.044441671355372303e-01 1.920735070284529938e+05
2.052619438040793887e-01 2.235882391335608845e+05
2.060829915792957157e-01 2.283043942033945059e+05
2.069073235456129201e-01 2.442060170444636024e+05
2.077349528397953449e-01 2.670606105773835443e+05
2.085658926511545219e-01 2.965722448235804331e+05
2.094001562217591150e-01 3.216771210716474452e+05
2.102377568466461677e-01 3.520868296571251703e+05
2.110787078740327671e-01 3.715506960216236184e+05
2.119230227055288740e-01 4.151199113000556245e+05
2.127707147963510126e-01 4.567303104603212560e+05
2.136217976555363773e-01 5.111625570109993569e+05
2.144762848461585492e-01 5.675718809074511519e+05
2.153341899855431840e-01 6.301303408299409784e+05
2.161955267454853669e-01 7.038195572642735206e+05
2.170603088524672986e-01 7.784807513720307034e+05
2.179285500878772042e-01 8.736643287625355879e+05
2.188002642882286852e-01 9.676560206263040891e+05
2.196754653453815986e-01 1.043170888197545195e+06
2.205541672067631020e-01 1.151674430771569954e+06
2.214363838755901703e-01 1.337157877368318615e+06
2.223221294110925284e-01 1.490677921157703502e+06
2.232114179287369160e-01 1.682489351725967834e+06
2.241042636004518529e-01 1.755428287955529988e+06
2.250006806548536520e-01 2.043091914503360167e+06
2.259006833774730438e-01 2.259238261269293260e+06
2.268042861109829667e-01 2.428983644004921429e+06
2.277115032554268836e-01 2.614362493944989517e+06
2.286223492684485714e-01 2.756210625275622122e+06
2.295368386655223802e-01 3.591365335149879567e+06
2.304549860201844658e-01 3.458697047109613195e+06
2.313768059642651864e-01 4.042394760782691184e+06
2.323023131881222503e-01 3.927766979902253952e+06
2.332315224408747223e-01 4.653035998394266702e+06
2.341644485306381973e-01 5.472880450701426715e+06
2.351011063247607502e-01 4.895971369303650223e+06
2.360415107500598020e-01 6.245652227600392886e+06
2.369856767930600405e-01 5.470194248513975181e+06
2.379336195002322851e-01 7.113688524154800922e+06
2.388853539782332114e-01 7.054187444706565700e+06
2.398408953941461863e-01 1.029910444315208495e+07
2.408002589757227141e-01 1.196394613820257969e+07
2.417634600116256582e-01 9.603952981140505522e+06
2.427305138516721306e-01 1.660961962315545604e+07
2.437014359070788505e-01 1.476862713094823249e+07
2.446762416507071713e-01 2.677769477373047173e+07
2.456549466173099938e-01 1.721589462396236509e+07
2.466375664037792625e-01 2.124382933966415375e+07
2.476241166693943785e-01 2.739880249040681869e+07
2.486146131360719436e-01 1.453152250046075135e+07
2.496090715886161993e-01 2.680892039002116770e+07
2.506075078749706586e-01 2.338061383707002178e+07
2.516099379064705155e-01 2.981204610334302858e+07
2.526163776580964138e-01 4.374840328156340867e+07
2.536268431687287994e-01 1.188746167778674662e+08
2.546413505414037437e-01 1.448456509960376322e+08
2.556599159435693491e-01 7.557591296520386636e+07
2.566825556073435988e-01 5.864109205413295329e+07
2.577092858297729827e-01 6.822304144462496042e+07
2.587401229730920682e-01 5.356181359748536348e+07
2.597750834649844576e-01 8.129261341316974163e+07
2.608141837988444123e-01 8.292425631012836099e+07
2.618574405340398092e-01 1.583358747391730547e+08
2.629048702961759298e-01 3.151829953190826178e+08
2.639564897773606367e-01 3.164842958857561350e+08
2.650123157364701054e-01 3.067093320639192462e+08
2.660723649994159445e-01 2.622642622277479172e+08
2.671366544594135917e-01 2.588280247506376207e+08
2.682052010772512096e-01 3.247290790484452248e+08
2.692780218815602478e-01 2.416795264723296463e+08
2.703551339690865030e-01 4.114144060468595624e+08
2.714365545049627904e-01 3.734550369931932688e+08
2.725223007229827243e-01 3.622134240281209946e+08
2.736123899258746106e-01 4.555591503096783757e+08
2.747068394855781692e-01 5.956483599444155693e+08
2.758056668435204806e-01 7.222964603796644211e+08
2.769088895108945403e-01 1.311229713775548458e+09
2.780165250689380918e-01 1.097674596150168419e+09
2.791285911692138466e-01 1.435039711391247988e+09
2.802451055338907038e-01 1.305126222607366800e+09
2.813660859560263017e-01 1.229205299410427570e+09
2.824915502998503469e-01 1.135315772385502815e+09
2.836215165010497197e-01 9.807393302284089327e+08
2.847560025670539119e-01 4.121071853158531785e+08
2.858950265773221866e-01 6.342678313042802811e+08
2.870386066836315142e-01 1.403494219873623133e+09
2.881867611103660631e-01 2.403713634884780407e+09
2.893395081548075787e-01 3.518439530213987350e+09
2.904968661874267610e-01 4.146610629589776516e+09
2.916588536521764197e-01 5.296542915654122353e+09
2.928254890667851273e-01 5.029684097547019958e+09
2.939967910230522619e-01 5.290718339527630806e+09
2.951727781871444911e-01 4.336795249993197441e+09
2.963534692998930908e-01 4.817861413623082161e+09
2.975388831770926501e-01 5.092472597324358940e+09
2.987290387098009981e-01 6.811615460618037224e+09
2.999239548646402409e-01 5.555676423954557419e+09
3.011236506840988536e-01 9.874272124176490784e+09
3.023281452868351593e-01 5.297309536636750221e+09
3.035374578679824742e-01 1.318163507399646378e+10
3.047516076994544187e-01 1.223191526386176109e+10
3.059706141302522830e-01 1.424813683204729462e+10
3.071944965867733357e-01 2.323362136838969040e+10
3.084232745731204095e-01 2.922545940543721390e+10
3.096569676714128194e-01 2.568831867075512314e+10
3.108955955420985018e-01 3.676627749253339386e+10
3.121391779242668751e-01 3.994078534190467072e+10
3.133877346359639215e-01 4.680340980394140625e+10
3.146412855745078230e-01 5.666772859258586884e+10
3.158998507168058190e-01 5.523781559231978607e+10
3.171634501196730627e-01 7.876494255431507874e+10
3.184321039201517545e-01 6.413933459687211609e+10
3.197058323358323295e-01 5.680746168497575378e+10
3.209846556651756444e-01 7.683981901812701416e+10
3.222685942878363852e-01 8.798027798188403320e+10
3.235576686649877520e-01 8.515130201317782593e+10
3.248518993396476984e-01 1.102377191511046906e+11
3.261513069370062801e-01 1.226447182560309753e+11
3.274559121647543369e-01 1.391957331156507568e+11
3.287657358134133401e-01 1.471343484861073914e+11
3.300807987566670154e-01 1.479160498078566284e+11
3.314011219516936890e-01 1.943161747249881897e+11
3.327267264395004642e-01 1.971184299220409241e+11
3.340576333452584534e-01 2.213338529085811462e+11
3.353938638786395088e-01 2.048874898231492615e+11
3.367354393341540630e-01 1.934647650252044678e+11
3.380823810914907468e-01 2.141166769551532593e+11
3.394347106158566718e-01 2.509886554276365662e+11
3.407924494583201014e-01 2.429561563679096069e+11
3.421556192561533982e-01 2.367280939026965637e+11
3.435242417331779707e-01 1.603000557735823059e+11
3.448983387001106626e-01 1.831355047495589600e+11
3.462779320549111417e-01 2.149867201586325684e+11
3.476630437831307319e-01 1.770005747165115967e+11
3.490536959582632992e-01 1.926902830574362183e+11
3.504499107420963600e-01 3.448025844332517090e+11
3.518517103850647421e-01 2.966484142031952515e+11
3.532591172266050239e-01 3.758096527375406494e+11
3.546721536955114717e-01 4.484952196686571045e+11
3.560908423102934761e-01 2.445801611302436218e+11
3.575152056795346533e-01 1.672811808155314331e+11
3.589452665022527800e-01 2.905624485938493652e+11
3.603810475682617254e-01 3.785680524345231323e+11
3.618225717585348278e-01 3.116456110865543213e+11
3.632698620455689364e-01 3.308491092329019165e+11
3.647229414937512293e-01 2.949542209611771851e+11
3.661818332597261971e-01 5.508445279287662354e+11
3.676465605927651259e-01 4.136728512285352173e+11
3.691171468351361895e-01 4.612660708896647339e+11
3.705936154224767076e-01 2.796345542673461914e+11
3.720759898841666247e-01 1.378586964635679626e+11
3.735642938437032656e-01 1.313002402743058319e+11
3.750585510190780902e-01 1.529333321814653625e+11
3.765587852231543908e-01 3.287623768953468018e+11
3.780650203640470441e-01 6.585992419534425049e+11
3.795772804455032068e-01 4.234499796252760010e+11
3.810955895672852312e-01 4.805810202875971680e+11
3.826199719255543585e-01 1.969604746539035034e+11
3.841504518132565771e-01 3.336087137217999268e+11
3.856870536205096456e-01 2.101994435865772095e+11
3.872298018349916715e-01 3.672164559888412476e+11
3.887787210423316320e-01 3.409553966881286621e+11
3.903338359265008939e-01 4.266022829188004150e+11
3.918951712702069545e-01 4.554245458224490967e+11
3.934627519552877928e-01 2.700958072007547913e+11
3.950366029631089404e-01 6.175176762537846680e+11
3.966167493749613859e-01 4.681043731980084839e+11
3.982032163724612550e-01 8.078721535680906982e+11
3.997960292379510450e-01 9.457089643323155518e+11
4.013952133549028578e-01 1.135650293532626709e+12
4.030007942083224659e-01 1.309600577206170410e+12
4.046127973851557647e-01 1.034919062684298340e+12
4.062312485746963908e-01 1.045425620008390869e+12
4.078561735689951728e-01 1.191548259394936768e+12
4.094875982632711353e-01 1.275625069009473633e+12
4.111255486563242245e-01 1.484635050642610840e+12
4.127700508509495880e-01 1.339386670278773682e+12
4.144211310543532978e-01 1.236760879198659424e+12
4.160788155785707931e-01 1.381035342544053711e+12
4.177431308408850463e-01 1.121604326593076416e+12
4.194141033642486138e-01 8.198321562283332520e+11
4.210917597777056320e-01 4.775933911316459351e+11
4.227761268168164221e-01 1.374328454759803162e+11
4.244672313240837602e-01 4.972695843432363892e+11
4.261651002493800910e-01 8.452327292860729980e+11
4.278697606503775730e-01 1.002760114553094727e+12
4.295812396929790666e-01 8.413000971457115479e+11
4.312995646517510107e-01 1.050522199544635376e+12
4.330247629103580187e-01 1.388271065356475586e+12
4.347568619619994745e-01 1.716010222916994385e+12
4.364958894098474596e-01 1.582373728352858887e+12
4.382418729674867897e-01 1.188739204181140625e+12
4.399948404593567730e-01 1.495302175135656006e+12
4.417548198211941890e-01 1.555685651910034912e+12
4.435218391004789873e-01 1.287855757545016602e+12
4.452959264568808750e-01 1.346782188325255371e+12
4.470771101627084021e-01 1.721303395700229492e+12
4.488654186033592119e-01 1.739124813436591309e+12
4.506608802777726241e-01 1.931291638710043213e+12
4.524635237988837710e-01 1.635476373102330078e+12
4.542733778940792333e-01 1.758165783251979004e+12
4.560904714056555065e-01 1.957944755623310303e+12
4.579148332912781894e-01 1.916190809339584717e+12
4.597464926244433370e-01 1.758041040607285400e+12
4.615854785949410899e-01 2.076976609727858887e+12
4.634318205093208576e-01 1.756216751641216064e+12
4.652855477913582227e-01 1.949234415914579834e+12
4.671466899825236219e-01 1.924809902440615723e+12
4.690152767424536906e-01 1.969775467879600342e+12
4.708913378494234969e-01 2.181467922304385742e+12
4.727749032008212171e-01 2.106155844047022705e+12
4.746660028136244769e-01 2.237584072641499023e+12
4.765646668248789131e-01 1.687958349630745605e+12
4.784709254921784560e-01 1.339857977554250000e+12
4.803848091941470555e-01 1.663194129609815186e+12
4.823063484309236815e-01 1.715629436591780029e+12
4.842355738246474361e-01 1.947237421239198975e+12
4.861725161199459966e-01 2.093882032433558838e+12
4.881172061844257226e-01 2.313238516810848633e+12
4.900696750091634302e-01 2.181803408462034668e+12
4.920299537092001074e-01 2.443375131181758789e+12
4.939980735240369625e-01 2.815628928622977539e+12
4.959740658181330253e-01 2.134187996639791504e+12
4.979579620814056362e-01 2.337274219045933594e+12
4.999497939297311566e-01 2.033367767182465576e+12
5.019495931054501758e-01 1.929057136458603516e+12
5.039573914778719965e-01 2.209472401311391602e+12
5.059732210437835054e-01 1.962180905573156738e+12
5.079971139279585435e-01 2.016909759135246826e+12
5.100291023836703852e-01 1.859928782650161621e+12
5.120692187932051054e-01 1.786688421152833008e+12
5.141174956683780550e-01 1.740617753906233154e+12
5.161739656510514473e-01 1.521588770648728516e+12
5.182386615136556074e-01 1.144763422613457031e+12
5.203116161597103329e-01 1.666818971611849365e+12
5.223928626243490303e-01 2.551305810829550293e+12
5.244824340748465152e-01 2.651277580556923340e+12
5.265803638111459239e-01 2.070406832517561279e+12
5.286866852663905103e-01 2.679261466953294922e+12
5.308014320074561088e-01 2.719249998680556641e+12
5.329246377354859288e-01 2.348937619303086914e+12
5.350563362864277916e-01 2.729152648142313477e+12
5.371965616315735881e-01 2.435698348645145996e+12
5.393453478780998456e-01 2.521433917340545410e+12
5.415027292696121819e-01 2.541893474468750000e+12
5.436687401866906466e-01 2.215938294767925293e+12
5.458434151474373941e-01 1.923398310750091309e+12
5.480267888080271321e-01 2.256993871264683105e+12
5.502188959632591247e-01 2.136252733356573486e+12
5.524197715471121928e-01 2.275780031410132324e+12
5.546294506333006025e-01 2.440635316326474121e+12
5.568479684358338400e-01 2.428176286969044922e+12
5.590753603095770519e-01 2.095854190335356934e+12
5.613116617508153716e-01 1.995955470953881836e+12
5.635569083978186899e-01 1.816413437944205322e+12
5.658111360314097560e-01 2.049100273123268555e+12
5.680743805755354980e-01 1.886985068368135742e+12
5.703466780978375672e-01 2.133002301333017334e+12
5.726280648102289872e-01 2.206388440840829590e+12
5.749185770694699160e-01 2.406211707985847656e+12
5.772182513777477375e-01 2.263479689468005859e+12
5.795271243832587071e-01 2.540629435551872070e+12
5.818452328807918184e-01 2.534454712778854980e+12
5.841726138123150003e-01 2.435329124923070312e+12
5.865093042675643131e-01 1.820751465600973633e+12
5.888553414846344758e-01 8.362332875866729736e+11
5.912107628505729462e-01 1.227175260135519287e+12
5.935756059019753339e-01 1.573993481997116943e+12
5.959499083255832552e-01 1.562481325835405273e+12
5.983337079588855190e-01 1.781149174781338379e+12
6.007270427907210886e-01 1.956866631200491699e+12
6.031299509618840426e-01 2.223313660260829590e+12
6.055424707657315331e-01 2.557182151633131348e+12
6.079646406487945187e-01 2.843388003309348633e+12
6.103964992113897203e-01 3.052297194932080078e+12
6.128380852082353503e-01 3.169254843345232422e+12
6.152894375490681744e-01 2.744556789659939941e+12
6.177505952992645710e-01 2.097423761535717773e+12
6.202215976804615893e-01 1.845175833000042236e+12
6.227024840711834486e-01 1.456507782949188232e+12
6.251932940074681477e-01 1.743020366651460693e+12
6.276940671834980723e-01 1.960250425641389404e+12
6.302048434522321552e-01 2.312985092854654785e+12
6.327256628260409244e-01 2.701370837238935059e+12
6.352565654773452142e-01 2.766167646516677734e+12
6.377975917392545435e-01 2.398136220593853027e+12
6.403487821062116003e-01 3.018273191622425293e+12
6.429101772346363930e-01 3.436347180840770996e+12
6.454818179435749537e-01 3.599043471544324219e+12
6.480637452153492628e-01 3.848518331070348633e+12
6.506560001962106154e-01 3.912430434153748047e+12
6.532586241969955410e-01 4.310101939664026367e+12
6.558716586937833881e-01 3.844811954649034668e+12
6.584951453285585732e-01 3.687507404438421387e+12
6.611291259098727169e-01 3.488941915244273438e+12
6.637736424135122215e-01 3.143630199767597168e+12
6.664287369831662922e-01 2.894505837854824707e+12
6.690944519310989547e-01 2.683257050010698242e+12
6.717708297388232941e-01 2.629965450736184082e+12
6.744579130577786907e-01 2.683119243120902344e+12
6.771557447100098326e-01 2.959719149434740723e+12
6.798643676888498355e-01 2.681159179167640137e+12
6.825838251596052508e-01 2.651136170176781738e+12
6.853141604602436265e-01 2.471436639160424805e+12
6.880554171020846210e-01 2.302763196889378418e+12
6.908076387704928933e-01 2.429081666539531250e+12
6.935708693255748791e-01 3.036218682316541504e+12
6.963451528028771209e-01 3.496685887468528320e+12
6.991305334140887062e-01 3.775062968085445801e+12
7.019270555477450380e-01 4.092798101227884766e+12
7.047347637699360456e-01 5.081148236501589844e+12
7.075537028250157290e-01 4.574357606109053711e+12
7.103839176363159202e-01 3.960377498774329590e+12
7.132254533068611568e-01 3.590295596007672363e+12
7.160783551200886610e-01 3.791578083219708984e+12
7.189426685405689854e-01 4.038482634364709961e+12
7.218184392147313222e-01 4.006959415696824707e+12
7.247057129715901436e-01 4.452546927392001953e+12
7.276045358234763949e-01 4.791812643559540039e+12
7.305149539667704639e-01 5.209797457982457031e+12
7.334370137826373703e-01 5.493969265045026367e+12
7.363707618377679509e-01 5.724681557197611328e+12
7.393162448851190449e-01 5.887416016997224609e+12
7.422735098646596752e-01 5.912014384252402344e+12
7.452426039041182282e-01 5.963988965598067383e+12
7.482235743197346300e-01 6.049633756106190430e+12
7.512164686170136330e-01 6.073277650448021484e+12
7.542213344914817652e-01 6.164025726115336914e+12
7.572382198294477229e-01 6.179023419053853516e+12
7.602671727087656484e-01 5.768957737122005859e+12
7.633082413996006288e-01 5.730310672169386719e+12
7.663614743651989691e-01 4.800416596849989258e+12
7.694269202626597970e-01 4.892723022574960938e+12
7.725046279437104424e-01 5.183179815883523438e+12
7.755946464554852593e-01 5.041224175130104492e+12
7.786970250413072225e-01 5.137343108509092773e+12
7.818118131414724115e-01 5.355622394906008789e+12
7.849390603940383793e-01 5.153267307072906250e+12
7.880788166356144098e-01 5.440906827829341797e+12
7.912311319021569922e-01 5.427319599240434570e+12
7.943960564297655180e-01 5.647769836143280273e+12
7.975736406554845281e-01 5.809855681954134766e+12
8.007639352181065151e-01 5.979630872041633789e+12
8.039669909589789443e-01 6.112764885596984375e+12
8.071828589228148276e-01 6.244340579401791992e+12
8.104115903585061842e-01 6.360045155108864258e+12
8.136532367199402760e-01 6.496232406861280273e+12
8.169078496668199518e-01 6.323374223939395508e+12
8.201754810654874328e-01 5.526635097351813477e+12
8.234561829897493190e-01 6.313260284619300781e+12
8.267500077217083687e-01 6.312272342388619141e+12
8.300570077525952772e-01 6.081253683569136719e+12
8.333772357836056743e-01 6.166801217280413086e+12
8.367107447267401188e-01 6.040787603490777344e+12
8.400575877056470908e-01 6.092745094954455078e+12
8.434178180564695371e-01 5.753790485268733398e+12
8.467914893286955236e-01 5.362403535531367188e+12
8.501786552860102208e-01 5.460548944119055664e+12
8.535793699071543283e-01 5.422893167423094727e+12
8.569936873867830540e-01 5.831325367208631836e+12
8.604216621363300899e-01 6.014083542426960938e+12
8.638633487848753623e-01 6.079207277733312500e+12
8.673188021800150027e-01 5.842873363047207031e+12
8.707880773887352044e-01 6.052251659914095703e+12
8.742712296982900755e-01 6.153336712029150391e+12
8.777683146170831563e-01 6.332397874770412109e+12
8.812793878755513788e-01 6.320496831491602539e+12
8.848045054270535781e-01 6.387665968065007812e+12
8.883437234487617795e-01 5.691959194184911133e+12
8.918970983425568155e-01 6.052896832661783203e+12
8.954646867359271623e-01 5.809891568914086914e+12
8.990465454828707736e-01 6.024053462700589844e+12
9.026427316648023558e-01 5.922368276683845703e+12
9.062533025914615292e-01 5.920101722960194336e+12
9.098783158018273198e-01 6.110892170239783203e+12
9.135178290650346478e-01 6.214293670420978516e+12
9.171719003812948134e-01 6.325950339432742188e+12
9.208405879828199803e-01 6.409486382144750000e+12
9.245239503347512100e-01 6.406608947065516602e+12
9.282220461360901620e-01 6.380082465454998047e+12
9.319349343206346781e-01 6.309068995246812500e+12
9.356626740579171431e-01 6.300657484245651367e+12
9.394053247541488405e-01 6.199493787591826172e+12
9.431629460531654185e-01 6.300044102349211914e+12
9.469355978373780180e-01 6.354131429268933594e+12
9.507233402287275092e-01 6.376586829004811523e+12
9.545262335896426142e-01 6.357664512790968750e+12
9.583443385240012491e-01 6.322050175180760742e+12
9.621777158780971950e-01 6.298301710460561523e+12
9.660264267416096562e-01 6.249470975336356445e+12
9.698905324485760371e-01 6.303577674754895508e+12
9.737700945783701600e-01 6.080851479932055664e+12
9.776651749566835914e-01 6.027417941026421875e+12
9.815758356565105203e-01 6.093457325857527344e+12
9.855021389991363012e-01 6.017035138372974609e+12
9.894441475551331022e-01 5.810219247653890625e+12
9.934019241453534432e-01 5.323882291078014648e+12
9.973755318419349480e-01 5.570931911295648438e+12
1.001365033969302543e+00 5.648394737636299805e+12
1.005370494105179757e+00 5.562163701106826172e+12
1.009391976081600362e+00 5.695346710800229492e+12
1.013429543985926884e+00 5.743672626578732422e+12
1.017483262161870350e+00 5.738464078498577148e+12
1.021553195210518128e+00 5.786390446720537109e+12
1.025639407991360219e+00 5.624949234329237305e+12
1.029741965623325539e+00 5.575903826083008789e+12
1.033860933485818867e+00 5.590355197911169922e+12
1.037996377219762012e+00 5.752195136611864258e+12
1.042148362728641198e+00 5.699490804240380859e+12
1.046316956179555557e+00 5.808757508457117188e+12
1.050502224004274066e+00 5.788931538467759766e+12
1.054704232900291139e+00 5.844290485842619141e+12
1.058923049831892227e+00 5.789483044627635742e+12
1.063158742031219628e+00 5.784939011571305664e+12
1.067411376999344741e+00 5.682684428063202148e+12
1.071681022507342096e+00 5.685568756795984375e+12
1.075967746597371377e+00 5.741506811663058594e+12
1.080271617583760779e+00 5.698958109564505859e+12
1.084592704054095913e+00 5.737442370084696289e+12
1.088931074870312044e+00 5.717380852617820312e+12
1.093286799169793433e+00 5.693520338902460938e+12
1.097659946366472461e+00 5.626233499556126953e+12
1.102050586151938294e+00 5.621978807675485352e+12
1.106458788496546219e+00 5.576141153341365234e+12
1.110884623650532532e+00 5.518879045962508789e+12
1.115328162145134749e+00 5.576449342752335938e+12
1.119789474793714934e+00 5.533192693814196289e+12
1.124268632692889902e+00 5.556959033907570312e+12
1.128765707223661430e+00 5.522278981339775391e+12
1.133280770052556230e+00 5.516014130228392578e+12
1.137813893132766374e+00 5.192189209052719727e+12
1.142365148705297484e+00 5.201103541579744141e+12
1.146934609300118479e+00 5.455051387085297852e+12
1.151522347737319096e+00 5.497248325943414062e+12
1.156128437128268516e+00 5.429725024557508789e+12
1.160752950876781542e+00 5.347045174675628906e+12
1.165395962680288999e+00 5.399273441461445312e+12
1.170057546531009907e+00 5.315211376425151367e+12
1.174737776717134086e+00 5.349651297089658203e+12
1.179436727824002773e+00 5.198300763908114258e+12
1.184154474735298557e+00 5.192401103141960938e+12
1.188891092634239977e+00 5.227141673915483398e+12
1.193646657004777012e+00 5.247062167735540039e+12
1.198421243632796118e+00 5.054679944346339844e+12
1.203214928607327261e+00 5.131034723753937500e+12
1.208027788321756724e+00 5.150054973257640625e+12
1.212859899475043468e+00 5.121606965456632812e+12
1.217711339072943710e+00 5.148942466541768555e+12
1.222582184429235275e+00 5.094441504433800781e+12
1.227472513166952384e+00 5.127382820284903320e+12
1.232382403219620226e+00 5.079028285585840820e+12
1.237311932832498407e+00 5.046349114805795898e+12
1.242261180563828615e+00 4.866895508611420898e+12
1.247230225286083849e+00 4.949730273770071289e+12
1.252219146187228072e+00 4.881122704049440430e+12
1.257228022771976983e+00 4.907924153790957031e+12
1.262256934863064783e+00 4.878218101259457031e+12
1.267305962602517155e+00 4.875762521943914062e+12
1.272375186452927354e+00 4.864788777591603516e+12
1.277464687198738957e+00 4.850339556083043945e+12
1.282574545947533950e+00 4.797478409167032227e+12
1.287704844131324133e+00 4.734753760875413086e+12
1.292855663507849417e+00 4.704177943158337891e+12
1.298027086161880783e+00 4.731147724394029297e+12
1.303219194506528344e+00 4.717935438472487305e+12
1.308432071284554521e+00 4.669457916146019531e+12
1.313665799569692760e+00 4.683419569647783203e+12
1.318920462767971591e+00 4.663616646426690430e+12
1.324196144619043336e+00 4.592424410140675781e+12
1.329492929197519491e+00 4.502860938049507812e+12
1.334810900914309650e+00 4.242631788171932129e+12
1.340150144517967101e+00 4.199834511419482910e+12
1.345510745096038852e+00 4.166945150228436035e+12
1.350892788076423212e+00 4.160358131444587891e+12
1.356296359228728932e+00 4.125787763496812988e+12
1.361721544665643879e+00 4.109354835360036621e+12
1.367168430844306393e+00 4.118640338761270996e+12
1.372637104567683730e+00 4.123824131119962891e+12
1.378127652985954299e+00 4.115005643735416016e+12
1.383640163597898098e+00 4.081584539341490234e+12
1.389174724252289828e+00 3.990591952593272949e+12
1.394731423149298877e+00 3.938500613269203125e+12
1.400310348841896202e+00 3.895385507991310547e+12
1.405911590237263642e+00 3.883564181995953613e+12
1.411535236598212784e+00 3.793652643271011719e+12
1.417181377544605603e+00 3.742230545044921387e+12
1.422850103054784210e+00 3.742548070521093750e+12
1.428541503467003038e+00 3.685358864499660156e+12
1.434255669480871243e+00 3.699739154546135254e+12
1.439992692158794885e+00 3.683063215007294434e+12
1.445752662927429988e+00 3.681934271217766113e+12
1.451535673579139596e+00 3.647341207417874512e+12
1.457341816273456159e+00 3.637375089866900391e+12
1.463171183538549913e+00 3.585884500063112305e+12
1.469023868272704147e+00 3.540849472788816895e+12
1.474899963745795128e+00 3.543941594853942383e+12
1.480799563600778246e+00 3.525122737948100098e+12
1.486722761855181485e+00 3.484688036100653809e+12
1.492669652902602007e+00 3.505608280008765137e+12
1.498640331514212276e+00 3.493739898759432617e+12
1.504634892840269300e+00 3.378785223361110840e+12
1.510653432411630304e+00 3.486794280842499023e+12
1.516696046141276843e+00 3.473293213726302734e+12
1.522762830325842032e+00 3.486868966132677734e+12
1.528853881647145307e+00 3.479414568015735840e+12
1.534969297173733649e+00 3.449481768816873047e+12
1.541109174362428780e+00 3.429408447827258301e+12
1.547273611059878373e+00 3.433002150135556152e+12
1.553462705504118135e+00 3.429498565897924805e+12
1.559676556326134556e+00 3.403686611155327148e+12
1.565915262551438980e+00 3.416140464443093750e+12
1.572178923601644795e+00 3.388856758868958496e+12
1.578467639296051495e+00 3.407846887499403809e+12
1.584781509853235626e+00 3.416819877301173340e+12
1.591120635892648405e+00 3.402147133329495605e+12
1.597485118436219098e+00 3.416066068861803223e+12
1.603875058909963958e+00 3.402345069508678223e+12
1.610290559145603595e+00 3.387947524462727539e+12
1.616731721382186127e+00 3.226798495799769043e+12
1.623198648267714761e+00 3.354197117134923340e+12
1.629691442860785600e+00 3.385983067403757812e+12
1.636210208632228769e+00 3.394287382282484863e+12
1.642755049466757766e+00 3.380457860392736328e+12
1.649326069664624805e+00 3.367200383894641113e+12
1.655923373943283039e+00 3.359790968681629395e+12
1.662547067439056336e+00 3.337173156002128906e+12
1.669197255708812611e+00 3.323424559177054688e+12
1.675874044731648027e+00 3.304861703467797852e+12
1.682577540910574321e+00 3.269397742097884277e+12
1.689307851074216771e+00 3.223613984622254883e+12
1.696065082478513508e+00 3.179305333896474121e+12
1.702849342808427480e+00 3.129452953615180664e+12
1.709660740179661298e+00 2.996054745712940430e+12
1.716499383140379864e+00 2.963319162040404297e+12
1.723365380672941427e+00 2.934401381250575684e+12
1.730258842195633306e+00 2.887748524789436523e+12
1.737179877564415831e+00 2.790121275914703125e+12
1.744128597074673603e+00 2.744949193829477539e+12
1.751105111462972097e+00 2.678902889711684082e+12
1.758109531908824241e+00 2.582700919562717773e+12
1.765141970036459451e+00 2.539245483039402344e+12
1.772202537916605314e+00 2.470253729609676758e+12
1.779291348068271716e+00 2.387721824726253418e+12
1.786408513460544745e+00 2.346698538897687500e+12
1.793554147514387020e+00 2.289333168730076172e+12
1.800728364104444257e+00 2.258636098783072266e+12
1.807931277560862249e+00 2.193721983453232910e+12
1.815163002671105641e+00 2.201931681810190918e+12
1.822423654681789795e+00 2.161350776977184082e+12
1.829713349300517100e+00 2.123978780946421387e+12
1.837032202697718830e+00 2.108716776685745605e+12
1.844380331508509885e+00 2.011495646537532959e+12
1.851757852834543527e+00 1.986460830107696533e+12
1.859164884245881888e+00 1.875244786310301514e+12
1.866601543782865358e+00 1.955487577306562256e+12
1.874067949957996859e+00 1.901638379847363770e+12
1.881564221757828781e+00 1.920024315014251221e+12
1.889090478644860127e+00 1.915500716123268066e+12
1.896646840559439662e+00 1.911964467200045410e+12
1.904233427921677269e+00 1.899321161236217773e+12
1.911850361633363971e+00 1.902940743772605469e+12
1.919497763079897279e+00 1.860645511792594482e+12
1.927175754132217200e+00 1.805069959265902832e+12
1.934884457148745796e+00 1.820402289341943359e+12
1.942623994977340729e+00 1.708779241439317383e+12
1.950394490957250149e+00 1.734349132061040527e+12
1.958196068921079336e+00 1.784796037527006104e+12
1.966028853196763793e+00 1.780682290033969482e+12
1.973892968609550991e+00 1.659965743428160645e+12
1.981788540483989447e+00 1.617166511260234375e+12
1.989715694645925126e+00 1.608575406620844482e+12
1.997674557424508723e+00 1.652020825050905029e+12
2.005665255654207169e+00 1.637325596504477051e+12
2.013687916676823786e+00 1.609921173864041748e+12
2.021742668343530891e+00 1.602069421011128906e+12
2.029829639016905052e+00 1.575726150519406006e+12
2.037948957572972564e+00 1.559201871740389893e+12
2.046100753403264694e+00 1.539375889035376709e+12
2.054285156416877811e+00 1.543848960922819580e+12
2.062502297042545507e+00 1.512382920285681396e+12
2.070752306230715600e+00 1.509366664568080322e+12
2.079035315455638244e+00 1.497024347426694092e+12
2.087351456717461140e+00 1.477739936503091797e+12
2.095700862544330967e+00 1.471215425135898926e+12
2.104083665994508134e+00 1.471681383603919434e+12
2.112500000658485977e+00 1.465124285908064941e+12
2.120950000661120161e+00 1.457539965515533691e+12
2.129433800663764753e+00 1.435375389115842773e+12
2.137951535866419839e+00 1.435073345236332520e+12
2.146503342009885351e+00 1.443516960333085938e+12
2.155089355377924676e+00 1.433588609936401367e+12
2.163709712799436691e+00 1.434827706048648438e+12
2.172364551650634468e+00 1.425573639993610840e+12
2.181054009857236853e+00 1.417208362505976807e+12
2.189778225896665376e+00 1.413639782442404053e+12
2.198537338800252705e+00 1.413031470958569824e+12
2.207331488155453325e+00 1.366806110609786133e+12
2.216160814108075083e+00 1.404794995114234863e+12
2.225025457364507631e+00 1.391812632392260010e+12
2.233925559193965515e+00 1.390014583179483887e+12
2.242861261430741493e+00 1.388058622297063232e+12
2.251832706476463830e+00 1.377707642128890381e+12
2.260840037302370042e+00 1.350312984864708740e+12
2.269883397451579299e+00 1.357933434328553955e+12
2.278962931041386142e+00 1.341392473130908447e+12
2.288078782765551100e+00 1.337758238681924072e+12
2.297231097896613505e+00 1.250751585270043945e+12
2.306420022288200311e+00 1.275952710291714355e+12
2.315645702377353121e+00 1.255689935759198975e+12
2.324908285186861878e+00 1.181816923675850586e+12
2.334207918327609654e+00 1.185223449487291992e+12
2.343544750000919663e+00 1.186077703247939941e+12
2.352918929000923143e+00 1.121894394065924316e+12
2.362330604716927240e+00 1.128863997271109863e+12
2.371779927135795329e+00 1.131051173705537598e+12
2.381267046844337987e+00 1.071751852458166260e+12
2.390792115031715070e+00 1.049346943665274048e+12
2.400355283491842240e+00 1.030531259628564941e+12
2.409956704625809465e+00 9.862361307369364014e+11
2.419596531444312859e+00 9.683638964546049805e+11
2.429274917570089620e+00 9.345893742410313721e+11
2.438992017240370291e+00 9.039175559424378662e+11
2.448747985309331465e+00 8.733846428218925781e+11
2.458542977250568917e+00 8.465594639436701660e+11
2.468377149159570738e+00 8.350126384669598389e+11
2.478250657756209563e+00 7.856085943635854492e+11
2.488163660387234355e+00 7.833197747144827881e+11
2.498116315028783063e+00 7.714701070355052490e+11
2.508108780288898387e+00 7.355721345938310547e+11
2.518141215410053757e+00 7.288838625140727539e+11
2.528213780271693967e+00 7.058796561618909912e+11
2.538326635392781139e+00 6.943188543368022461e+11
2.548479941934351789e+00 6.902127343160267334e+11
2.558673861702089436e+00 6.776698203008691406e+11
2.568908557148898097e+00 6.806395744282965088e+11
2.579184191377493551e+00 6.562725661329378662e+11
2.589500928143003478e+00 6.676144857529436035e+11
2.599858931855575594e+00 6.668461613861916504e+11
2.610258367582998229e+00 6.676688166485913086e+11
2.620699401053329769e+00 6.580262971548265381e+11
2.631182198657543214e+00 6.559949875085384521e+11
2.641706927452173392e+00 6.545425067012431641e+11
2.652273755161981938e+00 6.608467078616248779e+11
2.662882850182629824e+00 6.607682493538032227e+11
2.673534381583360542e+00 6.331892373581314697e+11
2.684228519109693956e+00 6.287587626726364746e+11
2.694965433186132575e+00 6.053052708733197021e+11
2.705745294918877164e+00 6.022003772539482422e+11
2.716568276098552559e+00 5.844882777579677734e+11
2.727434549202946812e+00 5.630728185074904785e+11
2.738344287399758326e+00 5.535616053197056885e+11
2.749297664549357201e+00 5.474852041659173584e+11
2.760294855207554576e+00 5.450570677632681274e+11
2.771336034628385292e+00 5.289142278608769531e+11
2.782421378766898545e+00 5.194371826611600952e+11
2.793551064281966312e+00 5.179586653556613770e+11
2.804725268539093985e+00 5.002424180589329834e+11
2.815944169613250558e+00 4.877130692788707886e+11
2.827207946291703244e+00 4.976989861478195801e+11
2.838516778076869862e+00 4.780942075194609375e+11
2.849870845189177437e+00 4.708661093829856567e+11
2.861270328569933685e+00 4.773145803248609619e+11
2.872715409884213589e+00 4.634972370616403198e+11
2.884206271523750420e+00 4.613034135623315430e+11
2.895743096609845413e+00 4.620453795836450195e+11
2.907326068996284985e+00 4.408311810913887939e+11
2.918955373272270393e+00 4.427758923377593994e+11
2.930631194765359826e+00 4.367279759473024292e+11
2.942353719544420709e+00 4.222951328322094727e+11
2.954123134422598440e+00 4.263725516483646851e+11
2.965939626960289122e+00 4.151185798569560547e+11
2.977803385468130504e+00 4.176989750771938477e+11
2.989714599010003138e+00 4.057062588055070801e+11
3.001673457406043077e+00 4.041336312590947266e+11
3.013680151235667015e+00 4.016673348426094971e+11
3.025734871840609408e+00 3.850558290077927856e+11
3.037837811327972037e+00 3.975153864818295288e+11
3.049989162573283785e+00 3.812306134265117188e+11
3.062189119223576395e+00 3.873191121176419678e+11
3.074437875700470890e+00 3.773871761717414551e+11
3.086735627203272880e+00 3.718365756337314453e+11
3.099082569712085622e+00 3.734247457618081665e+11
3.111478899990933744e+00 3.629882079627363892e+11
3.123924815590897186e+00 3.652516236698131104e+11
3.136420514853261121e+00 3.595233462651016235e+11
3.148966196912674320e+00 3.564657399866368408e+11
3.161562061700325277e+00 3.550653765829853516e+11
3.174208309947126327e+00 3.470083626066752319e+11
3.186905143186915090e+00 3.528279999148335571e+11
3.199652763759662566e+00 3.375822181922282715e+11
3.212451374814701222e+00 3.486391515478984375e+11
3.225301180313960625e+00 3.397570683018749390e+11
3.238202385035215958e+00 3.376139232965862427e+11
3.251155194575356955e+00 3.365654516134701538e+11
3.264159815353658622e+00 3.339199138814310913e+11
3.277216454615073271e+00 3.303467817711258545e+11
3.290325320433533207e+00 3.280754670947173462e+11
3.303486621715267635e+00 3.281463133173811035e+11
3.316700568202128441e+00 3.221367968968911133e+11
3.329967370474937294e+00 3.258726037976886597e+11
3.343287239956836743e+00 3.166885289680196533e+11
3.356660388916663962e+00 3.177986695281097412e+11
3.370087030472330714e+00 3.161017192494252930e+11
3.383567378594220187e+00 3.119195569819739990e+11
3.397101648108596716e+00 3.117700025016483154e+11
3.410690054701031482e+00 3.069731575587208862e+11
3.424332814919834878e+00 3.070509674675035400e+11
3.438030146179514634e+00 3.035479013733806763e+11
3.451782266764232610e+00 3.020619404293195801e+11
3.465589395831289998e+00 3.005528857124277344e+11
3.479451753414614767e+00 2.974422955603457031e+11
3.493369560428273068e+00 2.926022383979873657e+11
3.507343038669985980e+00 2.950835306383088989e+11
3.521372410824665788e+00 2.876506522528031006e+11
3.535457900467964709e+00 2.877121957491761475e+11
3.549599732069836477e+00 2.850980605533984985e+11
3.563798130998116154e+00 2.821654359655144653e+11
3.578053323522108364e+00 2.801381949268430786e+11
3.592365536816196858e+00 2.780207223563527222e+11
3.606734998963461614e+00 2.753761721072144775e+11
3.621161938959315041e+00 2.722016512871849365e+11
3.635646586715152839e+00 2.697880079628441162e+11
3.650189173062013293e+00 2.676685841094184875e+11
3.664789929754260545e+00 2.653729131246663513e+11
3.679449089473277645e+00 2.619980680019906311e+11
3.694166885831170699e+00 2.596745360189147644e+11
3.708943553374495661e+00 2.588477830582591248e+11
3.723779327587993571e+00 2.559705246602942505e+11
3.738674444898345328e+00 2.520508062080838318e+11
3.753629142677938901e+00 2.521428818766015320e+11
3.768643659248651190e+00 2.477699752988054504e+11
3.783718233885645432e+00 2.473845545944268188e+11
3.798853106821188153e+00 2.439393457523526001e+11
3.814048519248473657e+00 2.418661599906416016e+11
3.829304713325467180e+00 2.364470758761156616e+11
3.844621932178768908e+00 2.358483826682733765e+11
3.860000419907484215e+00 2.342559673331995544e+11
3.875440421587113882e+00 2.301481992213194275e+11
3.890942183273462529e+00 2.270804532566398621e+11
3.906505952006555926e+00 2.247367272269220886e+11
3.922131975814582727e+00 2.220476645892203369e+11
3.937820503717840648e+00 2.187273278489747314e+11
3.953571785732711508e+00 2.141651803231527405e+11
3.969386072875642490e+00 2.118309643836381836e+11
3.985263617167145167e+00 2.062848123288060303e+11
4.001204671635814059e+00 2.043073438288995361e+11
4.017209490322357190e+00 2.021753706948662415e+11
4.033278328283646630e+00 1.974864180163152771e+11
4.049411441596781458e+00 1.937139747934496155e+11
4.065609087363168506e+00 1.907396726319194031e+11
4.081871523712622185e+00 1.844802698445749817e+11
4.098199009807472315e+00 1.842833905015267639e+11
4.114591805846702144e+00 1.805812165951539307e+11
4.131050173070089038e+00 1.780154299892373047e+11
4.147574373762369149e+00 1.766145464771433105e+11
4.164164671257418959e+00 1.713560210666305847e+11
4.180821329942449260e+00 1.702971834583171692e+11
4.197544615262219558e+00 1.681805145772374878e+11
4.214334793723269357e+00 1.642746730213294983e+11
4.231192132898162761e+00 1.649007075539833069e+11
4.248116901429755288e+00 1.585494388484890137e+11
4.265109369035473996e+00 1.567325085739016418e+11
4.282169806511615384e+00 1.559742803154098816e+11
4.299298485737661935e+00 1.485916463986488953e+11
4.316495679680612874e+00 1.475303267550075378e+11
4.333761662399335357e+00 1.447318827922808838e+11
4.351096709048932532e+00 1.399587097520071106e+11
4.368501095885127583e+00 1.365475914010464172e+11
4.385975100268668214e+00 1.344773629441931305e+11
4.403519000669743555e+00 1.309000369308610229e+11
4.421133076672422391e+00 1.281390122689759369e+11
4.438817608979111817e+00 1.256161369171907959e+11
4.456572879415028332e+00 1.243187282040350342e+11
4.474399170932688463e+00 1.201414382293122864e+11
4.492296767616419828e+00 1.194606253267281647e+11
4.510265954686884626e+00 1.184561743458088684e+11
4.528307018505633330e+00 1.146913569386129150e+11
4.546420246579655711e+00 1.142300005366085510e+11
4.564605927565974497e+00 1.110377010232936249e+11
4.582864351276237258e+00 1.115340027064387360e+11
4.601195808681342925e+00 1.082608487803081207e+11
4.619600591916067422e+00 1.078701885988657074e+11
4.638078994283731937e+00 1.063943631502318878e+11
4.656631310260867629e+00 1.053698460958897705e+11
4.675257835501911430e+00 1.026190640313014526e+11
4.693958866843916944e+00 1.025435405444719543e+11
4.712734702311292878e+00 1.003988617277422638e+11
4.731585641120538810e+00 9.952515369586703491e+10
4.750511983685020923e+00 9.834969296745141602e+10
4.769514031619761063e+00 9.566470587194697571e+10
4.788592087746240011e+00 9.422847596883618164e+10
4.807746456097224730e+00 9.312441274995176697e+10
4.826977441921613377e+00 9.221131654055867004e+10
4.846285351689299858e+00 9.091191442310725403e+10
4.865670493096057925e+00 8.928042670874176025e+10
4.885133175068442135e+00 8.761261297312356567e+10
4.904673707768715474e+00 8.626531008425877380e+10
4.924292402599791174e+00 8.546512024842283630e+10
4.943989572210189642e+00 8.372491714232344055e+10
4.963765530499030021e+00 8.142535031094206238e+10
4.983620592621027079e+00 8.215867926420671082e+10
5.003555074991511198e+00 7.977596848649842834e+10
5.023569295291476777e+00 7.764569187688121033e+10
5.043663572472643075e+00 7.853723584550511169e+10
5.063838226762532813e+00 7.614817157563899231e+10
5.084093579669583640e+00 7.472015444847064209e+10
5.104429953988261381e+00 7.445800061935011292e+10
5.124847673804215020e+00 7.294753490480368042e+10
5.145347064499431688e+00 7.274038677163969421e+10
5.165928452757428957e+00 7.015699701943690491e+10
5.186592166568458673e+00 7.084061966116204834e+10
5.207338535234733001e+00 6.844650181623420715e+10
5.228167889375671784e+00 6.852299333867707062e+10
5.249080560933174766e+00 6.641225863575531006e+10
5.270076883176907145e+00 6.636309490030606079e+10
5.291157190709615321e+00 6.503393278928640747e+10
5.312321819472453299e+00 6.445229883978106689e+10
5.333571106750343738e+00 6.379283155849349213e+10
5.354905391177344320e+00 6.222044257715578461e+10
5.376325012742054099e+00 6.186637066045935822e+10
5.397830312793021612e+00 6.100833431036976624e+10
5.419421634044193858e+00 5.894787131243162537e+10
5.441099320580370602e+00 5.929629202156719208e+10
5.462863717862692425e+00 5.798681089871327209e+10
5.484715172734142996e+00 5.744759471677737427e+10
5.506654033425078865e+00 5.712881513550245667e+10
5.528680649558780580e+00 5.527493976630877686e+10
5.550795372157015350e+00 5.465281752053858948e+10
5.572998553645643227e+00 5.386421628243904114e+10
5.595290547860225949e+00 5.418417437934172058e+10
5.617671710051667766e+00 5.256327759983397675e+10
5.640142396891874021e+00 5.236431925927642059e+10
5.662702966479441713e+00 5.150830003403354645e+10
5.685353778345359821e+00 5.018946387217998505e+10
5.708095193458740724e+00 4.998892710655622101e+10
5.730927574232576482e+00 4.856164641190637970e+10
5.753851284529505783e+00 4.937104304107308960e+10
5.776866689667624399e+00 4.787147686127951050e+10
5.799974156426294769e+00 4.786126786072296143e+10
5.823174053051999977e+00 4.629893969619684601e+10
5.846466749264207508e+00 4.576174565153331757e+10
5.869852616261264977e+00 4.579992697815833282e+10
5.893332026726310069e+00 4.484988533148058319e+10
5.916905354833215114e+00 4.480624611032450867e+10
5.940572976252548543e+00 4.366144232302750397e+10
5.964335268157558545e+00 4.342831555312574768e+10
5.988192609230189589e+00 4.269395421210168457e+10
6.012145379667110490e+00 4.268087933382096100e+10
6.036193961185778889e+00 4.103161202695946503e+10
6.060338737030522616e+00 4.125752539283668518e+10
6.084580091978644134e+00 4.127505949781020355e+10
6.108918412346558746e+00 3.974962666329384613e+10
6.133354085995945226e+00 4.036579038965322876e+10
6.157887502339929320e+00 3.956267163644741058e+10
6.182519052349287669e+00 3.854906181792489624e+10
6.207249128558685491e+00 3.838775339223280334e+10
6.232078125072920471e+00 3.799985459528159332e+10
6.257006437573212843e+00 3.706803742984172058e+10
6.282034463323505236e+00 3.663089092956576538e+10
6.307162601176800720e+00 3.618937023804055023e+10
6.332391251581507063e+00 3.566065843783370972e+10
6.357720816587833390e+00 3.491956400905387878e+10
6.383151699854184180e+00 3.406533436054018402e+10
6.408684306653601226e+00 3.325480751525558090e+10
6.434319043880215361e+00 3.280530008705256271e+10
6.460056320055736379e+00 3.133884871801138306e+10
6.485896545335958052e+00 2.993222138169283295e+10
6.511840131517302233e+00 2.981930086038398743e+10
6.537887492043371829e+00 2.884509283674027634e+10
6.564039042011545533e+00 2.807526229269372940e+10
6.590295198179591196e+00 2.729666568328997040e+10
6.616656378972309405e+00 2.703878562691500854e+10
6.643123004488199257e+00 2.620950851766363907e+10
6.669695496506150789e+00 2.595924680152795410e+10
6.696374278492176479e+00 2.541582804387833405e+10
6.723159775606144528e+00 2.553778549343635178e+10
6.750052414708568094e+00 2.504051412108755875e+10
6.777052624367403411e+00 2.407576814200037384e+10
6.804160834864871887e+00 2.412767767528079987e+10
6.831377478204331055e+00 2.359684433499282837e+10
6.858702988117148180e+00 2.368692115273976898e+10
6.886137800069615622e+00 2.317501135255091095e+10
6.913682351269895499e+00 2.266289100335411072e+10
6.941337080674975013e+00 2.252557556299213409e+10
6.969102428997675069e+00 2.228660736518805313e+10
6.996978838713665994e+00 2.204663630472060776e+10
7.024966754068519670e+00 2.176061119269861221e+10
7.053066621084793653e+00 2.141502460036561966e+10
7.081278887569133929e+00 2.105274670712351990e+10
7.109604003119409654e+00 2.043947910968942642e+10
7.138042419131887861e+00 2.057534028182648849e+10
7.166594588808414379e+00 2.036874051724088287e+10
7.195260967163648047e+00 1.992917336507604218e+10
7.224042011032302923e+00 1.963969782742100906e+10
7.252938179076432235e+00 1.936710260507537460e+10
7.281949931792737196e+00 1.923528620841704941e+10
7.311077731519908696e+00 1.892025654844540787e+10
7.340322042445988515e+00 1.858234963224999619e+10
7.369683330615771411e+00 1.825603503628349304e+10
7.399162063938235612e+00 1.839877282731357574e+10
7.428758712193988423e+00 1.767411745139970779e+10
7.458473747042765112e+00 1.779699397642393494e+10
7.488307642030935796e+00 1.747300801030283356e+10
7.518260872599060285e+00 1.704816532026006126e+10
7.548333916089456253e+00 1.713852963799582481e+10
7.578527251753813587e+00 1.657171896168396568e+10
7.608841360760829176e+00 1.609043613968726349e+10
7.639276726203872769e+00 1.618774809049121475e+10
7.669833833108687493e+00 1.576969522500544357e+10
7.700513168441122325e+00 1.575839557456066513e+10
7.731315221114887670e+00 1.540429928572281647e+10
7.762240481999347352e+00 1.508124949468573570e+10
7.793289443927344351e+00 1.502869520799107361e+10
7.824462601703054077e+00 1.497591814753039551e+10
7.855760452109866065e+00 1.461689270026058388e+10
7.887183493918306532e+00 1.408070968615492439e+10
7.918732227893980458e+00 1.415596777236081314e+10
7.950407156805555431e+00 1.393034682997030258e+10
7.982208785432777454e+00 1.346700803967644501e+10
8.014137620574508958e+00 1.357606310512239265e+10
8.046194171056805899e+00 1.319695512723271561e+10
8.078378947741034821e+00 1.301563892209476852e+10
8.110692463531997021e+00 1.270236447883765411e+10
8.143135233386125549e+00 1.265146134116546440e+10
8.175707774319670662e+00 1.254457360703736496e+10
8.208410605416949224e+00 1.213370790631605530e+10
8.241244247838615422e+00 1.217340590116828728e+10
8.274209224829968790e+00 1.173739567286237717e+10
8.307306061729288871e+00 1.175686672343311691e+10
8.340535285976207192e+00 1.146366397861083031e+10
8.373897427120111203e+00 1.117897760373549080e+10
8.407393016828594412e+00 1.128804463888196373e+10
8.441022588895906509e+00 1.093950100666414261e+10
8.474786679251490540e+00 1.096680607733057785e+10
8.508685825968495209e+00 1.063496163181843758e+10
8.542720569272368891e+00 1.059043247403669739e+10
8.576891451549458978e+00 1.035546490606692696e+10
8.611199017355655627e+00 1.032662183649976921e+10
8.645643813425078150e+00 1.022666477307251549e+10
8.680226388678779159e+00 1.001318560181847763e+10
8.714947294233493125e+00 9.917296969273668289e+09
8.749807083410427566e+00 9.570505141094966888e+09
8.784806311744070229e+00 9.629253288896434784e+09
8.819945536991047774e+00 9.459922927222940445e+09
8.855225319139009343e+00 9.279681222474855423e+09
8.890646220415566958e+00 9.294585720648862839e+09
8.926208805297228821e+00 9.182535433889715195e+09
8.961913640518417878e+00 8.899186864224498749e+09
8.997761295080492161e+00 8.909053214697271347e+09
9.033752340260813085e+00 8.809417305937446594e+09
9.069887349621856387e+00 8.675445501389059067e+09
9.106166899020346150e+00 8.516387361398818970e+09
9.142591566616424359e+00 8.446837370624042511e+09
9.179161932882891506e+00 8.336500855142333984e+09
9.215878580614422333e+00 8.177146815030036926e+09
9.252742094936881045e+00 8.004289029522089005e+09
9.289753063316627646e+00 7.966291486585020065e+09
9.326912075569895322e+00 7.780437522575901031e+09
9.364219723872173162e+00 7.839153787222303391e+09
9.401676602767663482e+00 7.554819699876889229e+09
9.439283309178733816e+00 7.465379133149141312e+09
9.477040442415447075e+00 7.421266176868960381e+09
9.514948604185111236e+00 7.282526022748329163e+09
9.553008398601852136e+00 7.268033951652436256e+09
9.591220432196260859e+00 7.054385461042269707e+09
9.629585313925044687e+00 6.939392516040042877e+09
9.668103655180747324e+00 6.848130301609333038e+09
9.706776069801470896e+00 6.754780708240000725e+09
9.745603174080676112e+00 6.708615781833607674e+09
9.784585586776998412e+00 6.622145334639803886e+09
9.823723929124106746e+00 6.475076106403392792e+09
9.863018824840601440e+00 6.392649086120647430e+09
9.902470900139965337e+00 6.129525396662728310e+09
9.942080783740523842e+00 6.189476031168653488e+09
9.981849106875488431e+00 6.051756587146623611e+09
1.002177650330298952e+01 6.010931199211855888e+09
1.006186360931619994e+01 5.864901411249021530e+09
1.010211106375346723e+01 5.741904992994565010e+09
1.014251950800847979e+01 5.696579410566451073e+09
1.018308958604051284e+01 5.658354806184089661e+09
1.022382194438467451e+01 5.508779031952489853e+09
1.026471723216221399e+01 5.443660181735400200e+09
1.030577610109086173e+01 5.326882288453797340e+09
1.034699920549522467e+01 5.232232380208534241e+09
1.038838720231720458e+01 5.168820666693877220e+09
1.042994075112647501e+01 5.089763912985896111e+09
1.047166051413097954e+01 5.004011721168061256e+09
1.051354715618750468e+01 4.916417047295416832e+09
1.055560134481225454e+01 4.833470071523493767e+09
1.059782375019150358e+01 4.746308896696664810e+09
1.064021504519226902e+01 4.719778990368077278e+09
1.068277590537303823e+01 4.661473994061697006e+09
1.072550700899452991e+01 4.494846481866728783e+09
1.076840903703050856e+01 4.445648516115900993e+09
1.081148267317863088e+01 4.400054043288597107e+09
1.085472860387134553e+01 4.428327322937336922e+09
1.089814751828683015e+01 4.203184201957904339e+09
1.094174010835997635e+01 4.202757034390630245e+09
1.098550706879341909e+01 4.066255791206885815e+09
1.102944909706859100e+01 4.031273252002006054e+09
1.107356689345686540e+01 3.988568009706465721e+09
1.111786116103069233e+01 3.906596338494033813e+09
1.116233260567481622e+01 3.864960655919014931e+09
1.120698193609751492e+01 3.763652311253845215e+09
1.125180986384190440e+01 3.741706124119833469e+09
1.129681710329727373e+01 3.667737093488028049e+09
1.134200437171046083e+01 3.634530231348933697e+09
1.138737238919730466e+01 3.571791212107746601e+09
1.143292187875409383e+01 3.487609109641769886e+09
1.147865356626910938e+01 3.462122309831409931e+09
1.152456818053418530e+01 3.381209848028734207e+09
1.157066645325632237e+01 3.320855260123970985e+09
1.161694911906934635e+01 3.271164861959258080e+09
1.166341691554562487e+01 3.253430833758914948e+09
1.171007058320780736e+01 3.169276612445489883e+09
1.175691086554063958e+01 3.085068584420832157e+09
1.180393850900279951e+01 3.080934800754470825e+09
1.185115426303881137e+01 3.007043780951334476e+09
1.189855888009096674e+01 3.000829266083017349e+09
1.194615311561133097e+01 2.946365276587973118e+09
1.199393772807377623e+01 2.903658679764306068e+09
1.204191347898607134e+01 2.862672532941772938e+09
1.209008113290201614e+01 2.810330566225809097e+09
1.213844145743362368e+01 2.757894526673558712e+09
1.218699522326335938e+01 2.739008864151148319e+09
1.223574320415641381e+01 2.678569787473735332e+09
1.228468617697303777e+01 2.677925494680874825e+09
1.233382492168093059e+01 2.580875948011124134e+09
1.238316022136765504e+01 2.569190353646429539e+09
1.243269286225312520e+01 2.468533895877992153e+09
1.248242363370213859e+01 2.501096379191466331e+09
1.253235332823694748e+01 2.427666828842692852e+09
1.258248274154989410e+01 2.417254086756921291e+09
1.263281267251609385e+01 2.379938888371887684e+09
1.268334392320615756e+01 2.316282670152652740e+09
1.273407729889898299e+01 2.344788856824455738e+09
1.278501360809457665e+01 2.238399579471258163e+09
1.283615366252695544e+01 2.205431176505042553e+09
1.288749827717706253e+01 2.218818708835337162e+09
1.293904827028577031e+01 2.127418938557979822e+09
1.299080446336691352e+01 2.142253710422643423e+09
1.304276768122038099e+01 2.087168882678533316e+09
1.309493875194526424e+01 2.072114502349981785e+09
1.314731850695304693e+01 2.020158309968487978e+09
1.319990778098085649e+01 1.992818029378928423e+09
1.325270741210477965e+01 1.958701678453347206e+09
1.330571824175319939e+01 1.926003936653653622e+09
1.335894111472021173e+01 1.894516938834933281e+09
1.341237687917909227e+01 1.891465040730676174e+09
1.346602638669580898e+01 1.824732419644198895e+09
1.351989049224258999e+01 1.836892256782647133e+09
1.357397005421156067e+01 1.784072156563400269e+09
1.362826593442840917e+01 1.765662111587409735e+09
1.368277899816612297e+01 1.745354135404218674e+09
1.373751011415878942e+01 1.687530955761489868e+09
1.379246015461542463e+01 1.695621933222880840e+09
1.384762999523388416e+01 1.643025888921380758e+09
1.390302051521481808e+01 1.659038871005052328e+09
1.395863259727567751e+01 1.615590746997655392e+09
1.401446712766477987e+01 1.578550781243171692e+09
1.407052499617543972e+01 1.586183156861384869e+09
1.412680709616014063e+01 1.517140307532486916e+09
1.418331432454478147e+01 1.481729358629091263e+09
1.424004758184296193e+01 1.493870510744894266e+09
1.429700777217033369e+01 1.487710445239512444e+09
1.435419580325901379e+01 1.434320978408196449e+09
1.441161258647204946e+01 1.427391572310564518e+09
1.446925903681793812e+01 1.377223336977390289e+09
1.452713607296521126e+01 1.387995317325306177e+09
1.458524461725707155e+01 1.360509704562736511e+09
1.464358559572609764e+01 1.323259584061329842e+09
1.470215993810900557e+01 1.297266710755047321e+09
1.476096857786143879e+01 1.314259027727033377e+09
1.482001245217288599e+01 1.281669682151074409e+09
1.487929250198157760e+01 1.251448624851013899e+09
1.493880967198950316e+01 1.234173538643584013e+09
1.499856491067746056e+01 1.210720247345547676e+09
1.505855917032016933e+01 1.206680413154577017e+09
1.511879340700144958e+01 1.178842272656138897e+09
1.517926858062945605e+01 1.159679666201801777e+09
1.523998565495197433e+01 1.153941007846871376e+09
1.530094559757178274e+01 1.122831524513173580e+09
1.536214937996206764e+01 1.101059556875728369e+09
1.542359797748191674e+01 1.088673591170397520e+09
1.548529236939184450e+01 1.081758639136789083e+09
1.554723353886941339e+01 1.049559953402221084e+09
1.560942247302489072e+01 1.055477334862012863e+09
1.567186016291699069e+01 1.029238185855871797e+09
1.573454760356865556e+01 1.005669508909542203e+09
1.579748579398293096e+01 1.002805350289529562e+09
1.586067573715886247e+01 9.828871807435588837e+08
1.592411844010749888e+01 9.778590277128454447e+08
1.598781491386792730e+01 9.343025649682943821e+08
1.605176617352340074e+01 9.370764745470666885e+08
1.611597323821749228e+01 9.129649471967325211e+08
1.618043713117036120e+01 9.020577777596004009e+08
1.624515887969504391e+01 8.826594972493367195e+08
1.631013951521382310e+01 8.890312173845056295e+08
1.637538007327468037e+01 8.816548578833240271e+08
1.644088159356778078e+01 8.628651723191126585e+08
1.650664511994205341e+01 8.345911420312794447e+08
1.657267170042182158e+01 8.196281804678544998e+08
1.663896238722350418e+01 8.035480762839829922e+08
1.670551823677240222e+01 8.055730849139747620e+08
1.677234030971949608e+01 8.035126460377006531e+08
1.683942967095837062e+01 7.800575173966473341e+08
1.690678738964220429e+01 7.675493964984296560e+08
1.697441453920077237e+01 7.601337899871530533e+08
1.704231219735757108e+01 7.639076697283486128e+08
1.711048144614700561e+01 7.207999025765709877e+08
1.717892337193159236e+01 7.260144605222626925e+08
1.724763906541932101e+01 7.014102805835434198e+08
1.731662962168099895e+01 6.924383554952061176e+08
1.738589614016772344e+01 6.845997549643683434e+08
1.745543972472839300e+01 6.851775313664795160e+08
1.752526148362730751e+01 6.699954397130792141e+08
1.759536252956181812e+01 6.527267959858460426e+08
1.766574397968006238e+01 6.430932292081944942e+08
1.773640695559878466e+01 6.367144797393162251e+08
1.780735258342117433e+01 6.323390399399452209e+08
1.787858199375486024e+01 6.280753206096699238e+08
1.795009632172988034e+01 6.081748428862245083e+08
1.802189670701679702e+01 6.055356830420956612e+08
1.809398429384486562e+01 5.923975167006207705e+08
1.816636023102024211e+01 5.648943719833894968e+08
1.823902567194432578e+01 5.802163182543785572e+08
1.831198177463210186e+01 5.695475861595940590e+08
1.838522970173062987e+01 5.578549330818775892e+08
1.845877062053754969e+01 5.536264616628704071e+08
1.853260570301970134e+01 5.285779324172366858e+08
1.860673612583178027e+01 5.203348886138869524e+08
1.868116307033510637e+01 5.221882234977206588e+08
1.875588772261644976e+01 5.134774072062875032e+08
1.883091127350691352e+01 5.135368219075182080e+08
1.890623491860094063e+01 4.999383341073683500e+08
1.898185985827534594e+01 4.886937487496325970e+08
1.905778729770844748e+01 4.921428077583412528e+08
1.913401844689928311e+01 4.882114015216063261e+08
1.921055452068688041e+01 4.594937471472833157e+08
1.928739673876962968e+01 4.668435927244422436e+08
1.936454632572470658e+01 4.594165306028115153e+08
1.944200451102760141e+01 4.406148313197231293e+08
1.951977252907171589e+01 4.522469194123406410e+08
1.959785161918800256e+01 4.284645266643289924e+08
1.967624302566475691e+01 4.268766372928059697e+08
1.991079942767366973e+01 4.114571894241160750e+08
