# Wavelength (micrometer), Flux (W / m2 / m)
1.000553076518779783e-01 1.313359799670243979e+09
1.004555288824854897e-01 1.111435258901387275e-10
1.008573509980154326e-01 1.913720852939628926e-10
1.012607804020075053e-01 1.642809935053337078e-10
1.016658235236155422e-01 2.717414142507898773e-10
1.020724868177099870e-01 1.070918731149521577e-07
1.024807767649808382e-01 1.592873473036000972e-08
1.028906998720407612e-01 8.671174640319766665e-10
1.033022626715289355e-01 1.777321570266272285e-07
1.037154717222150413e-01 8.013444768853750120e-10
1.041303336091038839e-01 7.080325872137701571e-10
1.045468549435403099e-01 8.222284136941391841e-09
1.049650423633144702e-01 2.083846594150128144e-10
1.053849025327677214e-01 2.125113535268134117e-08
1.058064421428987906e-01 5.137908189303217479e-10
1.062296679114703990e-01 2.842366916087307064e-08
1.066545865831162732e-01 1.459997529299784542e-08
1.070812049294487533e-01 3.591167212258466837e-09
1.075095297491665408e-01 4.752811186484158283e-07
1.079395678681632220e-01 4.739417281592189130e-09
1.083713261396358624e-01 2.070806916778182809e-07
1.088048114441943909e-01 7.230634178292826818e-08
1.092400306899711654e-01 2.394699707192945654e-05
1.096769908127310511e-01 1.266065410104780285e-07
1.101156987759819850e-01 1.774707197844245876e-07
1.105561615710859147e-01 1.231621893895521410e-05
1.109983862173702651e-01 2.527769331254456735e-06
1.114423797622397516e-01 5.508656964477874218e-07
1.118881492812886930e-01 1.160795735222852971e-07
1.123357018784138517e-01 7.138486329228639593e-07
1.127850446859275102e-01 4.328438793114480114e-04
1.132361848646712132e-01 2.358024407903087298e-04
1.136891296041298988e-01 1.455902862086940538e-04
1.141438861225464035e-01 1.743887822411734046e-04
1.146004616670366072e-01 1.102849445183186089e-04
1.150588635137047705e-01 1.141306721133787395e-04
1.155190989677595953e-01 5.905749920920725705e-05
1.159811753636306314e-01 2.046844442236170727e-04
1.164451000650851553e-01 3.826491263175662991e-05
1.169108804653455069e-01 4.170192056125413699e-05
1.173785239872068981e-01 2.938094139824308200e-04
1.178480380831557206e-01 1.288241019463666655e-03
1.183194302354883543e-01 5.135337688226481682e-04
1.187927079564302935e-01 1.897051682534853093e-04
1.192678787882560099e-01 5.882698705528414994e-04
1.197449503034090645e-01 1.057834609843892083e-03
1.202239301046226783e-01 5.246795772598168201e-05
1.207048258250411760e-01 5.628115985783578622e-04
1.211876451283413342e-01 2.144355755790783118e-04
1.216723957088547137e-01 6.154709024932710751e-05
1.221590852916901310e-01 2.451084314786936068e-04
1.226477216328568792e-01 4.075317832048242763e-04
1.231383125193883099e-01 1.737008108255435278e-04
1.236308657694658586e-01 1.694828715513219857e-04
1.241253892325437369e-01 7.577308048029520620e-05
1.246218907894739159e-01 8.505489380631244001e-05
1.251203783526317892e-01 1.012233801715283350e-04
1.256208598660423226e-01 2.137901839696356658e-04
1.261233433055065078e-01 3.016698835061014643e-04
1.266278366787285392e-01 1.219989102611754967e-05
1.271343480254434610e-01 4.340316296494131534e-04
1.276428854175452321e-01 5.552209245585613701e-04
1.281534569592154005e-01 2.248830405312371816e-05
1.286660707870522780e-01 7.439392138399621699e-05
1.291807350702004475e-01 9.150966049817991490e-04
1.296974580104812425e-01 3.512443145473500400e-04
1.302162478425231973e-01 1.864155249531734837e-04
1.307371128338932764e-01 7.454916823714495284e-04
1.312600612852288795e-01 3.937787965219432477e-04
1.317851015303697915e-01 1.000484161822874380e-03
1.323122419364912705e-01 3.487378235443492139e-03
1.328414909042372472e-01 2.501668378601662468e-03
1.333728568678542170e-01 2.046896429192977471e-03
1.339063482953256612e-01 6.046313329810720826e-04
1.344419736885069383e-01 1.892889834123046705e-03
1.349797415832609815e-01 6.328725624934882811e-03
1.355196605495940232e-01 5.011479371043539750e-03
1.360617391917924301e-01 1.133297415560233744e-02
1.366059861485595939e-01 3.261553949886419022e-03
1.371524100931538481e-01 9.400258212945959571e-04
1.377010197335264696e-01 3.241796096378618541e-03
1.382518238124605670e-01 2.477953369406859369e-02
1.388048311077104136e-01 1.612256795088362615e-02
1.393600504321412248e-01 4.251448986767560577e-03
1.399174906338697677e-01 2.709333268189072046e-03
1.404771605964052761e-01 3.730010475692070032e-02
1.410390692387908651e-01 1.141712074858440389e-02
1.416032255157460562e-01 9.767152024605220417e-02
1.421696384178090522e-01 1.737808915005752131e-03
1.427383169714803168e-01 3.071456049143043987e-02
1.433092702393662099e-01 8.037032104887841255e-01
1.438825073203236771e-01 1.039362886809318959e-01
1.444580373496049674e-01 4.828854718565355197e-01
1.450358694990033503e-01 1.082567441328584484e-01
1.456160129769993872e-01 1.056699969178678922e+00
1.461984770289073976e-01 1.034964334542443076e+00
1.467832709370230082e-01 3.039331269552645320e-01
1.473704040207710897e-01 9.835344119866773482e-01
1.479598856368541382e-01 4.164244150445325920e-02
1.485517251794015725e-01 5.469858325454769465e-01
1.491459320801191979e-01 1.585195582025286987e+00
1.497425158084396690e-01 4.032919102054993155e-01
1.503414858716734248e-01 7.255660802393222752e+00
1.509428518151600951e-01 1.014437976842983868e+00
1.515466232224207677e-01 1.419041259388656995e-01
1.521528097153104220e-01 4.901065070364798992e-01
1.527614209541716672e-01 4.255154513255329091e-02
1.533724666379883694e-01 3.790118119646054828e-02
1.539859565045403056e-01 6.700061292425774084e-02
1.546019003305584838e-01 1.075996581998538409e-03
1.552203079318807133e-01 4.523976918445708241e-03
1.558411891636082569e-01 2.822634987247935826e-03
1.564645539202626778e-01 1.625825448257654099e-03
1.570904121359437411e-01 1.618691711821450534e-03
1.577187737844875093e-01 6.958201792354745414e-04
1.583496488796254653e-01 1.794035222610946417e-03
1.589830474751439959e-01 5.430792246431300971e-03
1.596189796650445414e-01 1.005199199099962668e-03
1.602574555837047166e-01 1.249551544156788209e-03
1.608984854060395708e-01 2.862242478873329530e-03
1.615420793476636807e-01 2.107665116701467820e-03
1.621882476650543525e-01 2.353643153238309509e-03
1.628370006557145755e-01 2.239437423537132387e-03
1.634883486583374457e-01 3.205363823274479974e-03
1.641423020529707844e-01 4.004164887810099903e-03
1.647988712611826723e-01 4.909271789192772538e-03
1.654580667462274002e-01 2.131962529915738293e-03
1.661198990132123077e-01 8.507523878415268817e-03
1.667843786092651215e-01 8.940835494090306271e-03
1.674515161237022098e-01 1.494931684737653074e-02
1.681213221881969755e-01 4.309316392130899120e-02
1.687938074769497754e-01 2.334857740879473648e-02
1.694689827068575905e-01 1.580672122502000121e-01
1.701468586376850278e-01 1.065159364143177106e-01
1.708274460722357391e-01 1.347527425399820122e-01
1.715107558565246715e-01 1.741303101734685832e-01
1.721967988799507909e-01 1.651977079311020558e-01
1.728855860754705820e-01 2.786672079719803574e-01
1.735771284197724640e-01 1.645874809445499465e-01
1.742714369334515678e-01 1.236854297250113005e-01
1.749685226811853456e-01 6.516262652818987089e-01
1.756683967719100681e-01 2.522518335914863963e-01
1.763710703589977391e-01 1.157038155608047569e+00
1.770765546404337309e-01 1.548175603488772589e+00
1.777848608589954471e-01 3.479496940264287241e-01
1.784960003024314568e-01 2.244443466376175866e+00
1.792099843036411844e-01 1.673264367397849561e+00
1.799268242408557650e-01 1.902617529638986893e+00
1.806465315378191772e-01 5.518394912031959976e+00
1.813691176639704306e-01 8.657227005845853363e-01
1.820945941346263086e-01 3.679592052584212514e+00
1.828229725111648329e-01 1.043741034829310621e+01
1.835542644012094771e-01 6.157190845652918965e-01
1.842884814588143239e-01 5.869818594357726127e+00
1.850256353846495561e-01 2.249325393621512958e+01
1.857657379261881403e-01 2.504652425338966371e+00
1.865088008778928996e-01 2.377886522033838190e+01
1.872548360814044743e-01 1.471855739371829230e+01
1.880038554257300876e-01 3.649178349723644743e+00
1.887558708474330049e-01 3.311245699651098562e+01
1.895108943308226879e-01 1.515792765762163441e+01
1.902689379081460019e-01 7.880034303712069921e+00
1.910300136597785636e-01 6.745164815007640868e+01
1.917941337144176972e-01 2.402410218383872120e+01
1.925613102492753359e-01 3.669719963721524891e+01
1.933315554902724498e-01 1.209269815033653686e+02
1.941048817122335568e-01 6.468918111417795558e+01
1.948813012390824828e-01 6.408338431448525796e+01
1.956608264440388156e-01 2.600575095131287640e+02
1.964434697498149418e-01 6.620508606845353938e+01
1.972292436288141937e-01 1.444892604350560248e+02
1.980181606033294406e-01 2.823660858768696471e+02
1.988102332457427346e-01 1.531510750604700775e+02
1.996054741787257336e-01 1.371892169510077508e+02
2.004038960754406518e-01 1.768426110155221522e+02
2.012055116597424309e-01 1.802440990405704895e+02
2.020103337063813842e-01 2.126833820592995608e+02
2.028183750412069219e-01 2.451917157900315374e+02
2.036296485413717494e-01 1.554167397858275876e+02
2.044441671355372303e-01 1.347854829612176673e+02
2.052619438040793887e-01 2.122017714230384229e+02
2.060829915792957157e-01 1.683084025580447474e+02
2.069073235456129201e-01 1.597842104588557390e+02
2.077349528397953449e-01 1.741680322204654203e+02
2.085658926511545219e-01 2.266796548148915917e+02
2.094001562217591150e-01 2.242936853460090560e+02
2.102377568466461677e-01 2.222089295649269047e+02
2.110787078740327671e-01 1.478918682388639354e+02
2.119230227055288740e-01 2.167969879518831533e+02
2.127707147963510126e-01 2.458342272056040656e+02
2.136217976555363773e-01 2.975112478440983637e+02
2.144762848461585492e-01 1.413111909994944995e+02
2.153341899855431840e-01 2.759888545471538919e+02
2.161955267454853669e-01 4.133927658136864238e+02
2.170603088524672986e-01 4.917601009465723791e+02
2.179285500878772042e-01 2.768232109716017817e+02
2.188002642882286852e-01 3.193029889576839082e+02
2.196754653453815986e-01 6.474044626364324131e+02
2.205541672067631020e-01 4.910758946381213264e+02
2.214363838755901703e-01 1.379904431077755589e+03
2.223221294110925284e-01 4.525230905843733353e+02
2.232114179287369160e-01 2.860588481724799749e+03
2.241042636004518529e-01 1.389199494037525028e+03
2.250006806548536520e-01 5.110454223084055229e+03
2.259006833774730438e-01 2.172656038059758885e+03
2.268042861109829667e-01 3.933108733428845426e+03
2.277115032554268836e-01 5.259185621764131611e+03
2.286223492684485714e-01 5.448266985358921374e+03
2.295368386655223802e-01 1.631974158328477824e+04
2.304549860201844658e-01 2.426075236024974402e+03
2.313768059642651864e-01 1.183214081653802714e+04
2.323023131881222503e-01 9.802647183655944900e+03
2.332315224408747223e-01 1.951344841212110623e+04
2.341644485306381973e-01 2.621041518329155588e+04
2.351011063247607502e-01 4.365257992996613211e+03
2.360415107500598020e-01 3.126100396064031156e+04
2.369856767930600405e-01 4.170625042445833060e+03
2.379336195002322851e-01 3.781312569668251672e+04
2.388853539782332114e-01 2.698641489089809693e+04
2.398408953941461863e-01 1.100306234898069233e+05
2.408002589757227141e-01 1.291051202731707453e+05
2.417634600116256582e-01 2.683348402114358396e+04
2.427305138516721306e-01 2.101327508132752846e+05
2.437014359070788505e-01 1.358288355120339547e+05
2.446762416507071713e-01 5.160595054414031329e+05
2.456549466173099938e-01 1.839161055404661456e+05
2.466375664037792625e-01 3.239812519196582143e+05
2.476241166693943785e-01 4.504173122145219240e+05
2.486146131360719436e-01 3.511933536117139010e+04
2.496090715886161993e-01 4.254184872000517789e+05
2.506075078749706586e-01 2.438184000785891258e+05
2.516099379064705155e-01 4.618647989958679536e+05
2.526163776580964138e-01 6.839303430533296196e+05
2.536268431687287994e-01 4.878597415097145364e+06
2.546413505414037437e-01 6.243974781736720353e+06
2.556599159435693491e-01 2.087435653125685640e+06
2.566825556073435988e-01 1.573403183232316747e+06
2.577092858297729827e-01 1.833279476565444842e+06
2.587401229730920682e-01 1.089891307099274592e+06
2.597750834649844576e-01 2.283511518319217954e+06
2.608141837988444123e-01 2.027205583330215653e+06
2.618574405340398092e-01 7.055185094419006258e+06
2.629048702961759298e-01 1.852423721695913374e+07
2.639564897773606367e-01 1.836275490304532647e+07
2.650123157364701054e-01 1.774098462598581985e+07
2.660723649994159445e-01 1.247951670998873003e+07
2.671366544594135917e-01 1.386647775510784425e+07
2.682052010772512096e-01 1.655431486199815199e+07
2.692780218815602478e-01 1.043572007216550969e+07
2.703551339690865030e-01 2.357201881623939425e+07
2.714365545049627904e-01 1.819759863484862447e+07
2.725223007229827243e-01 1.692559863207582012e+07
2.736123899258746106e-01 2.379236383449725807e+07
2.747068394855781692e-01 3.438372935997050256e+07
2.758056668435204806e-01 4.754317812268465757e+07
2.769088895108945403e-01 1.093091778989577293e+08
2.780165250689380918e-01 8.620611378866083920e+07
2.791285911692138466e-01 1.179780425983242989e+08
2.802451055338907038e-01 9.887182352787832916e+07
2.813660859560263017e-01 8.638928480963946879e+07
2.824915502998503469e-01 6.981011295564840734e+07
2.836215165010497197e-01 5.571640880775027722e+07
2.847560025670539119e-01 1.154127678094025515e+07
2.858950265773221866e-01 2.412964418001550063e+07
2.870386066836315142e-01 9.143588986036284268e+07
2.881867611103660631e-01 2.054862987743673623e+08
2.893395081548075787e-01 3.400613304532867670e+08
2.904968661874267610e-01 4.306301205790864229e+08
2.916588536521764197e-01 5.448744804908509254e+08
2.928254890667851273e-01 5.128655070318375230e+08
2.939967910230522619e-01 5.247206930415065885e+08
2.951727781871444911e-01 4.287660313701416850e+08
2.963534692998930908e-01 4.628974348447433710e+08
2.975388831770926501e-01 5.112264133549110293e+08
2.987290387098009981e-01 7.408199110476363897e+08
2.999239548646402409e-01 5.374537806069104671e+08
3.011236506840988536e-01 1.226444072345013857e+09
3.023281452868351593e-01 5.240906846515281796e+08
3.035374578679824742e-01 1.789684699108204603e+09
3.047516076994544187e-01 1.561949120918905973e+09
3.059706141302522830e-01 1.856718838652402401e+09
3.071944965867733357e-01 3.260414280584186554e+09
3.084232745731204095e-01 4.221178514734437943e+09
3.096569676714128194e-01 3.895947955402734280e+09
3.108955955420985018e-01 5.475619499270014763e+09
3.121391779242668751e-01 6.110014286379964828e+09
3.133877346359639215e-01 7.489617938248438835e+09
3.146412855745078230e-01 9.518633046256006241e+09
3.158998507168058190e-01 9.253551738826105118e+09
3.171634501196730627e-01 1.434266540311187744e+10
3.184321039201517545e-01 1.133248760685066795e+10
3.197058323358323295e-01 1.041497356348355865e+10
3.209846556651756444e-01 1.471417159880632019e+10
3.222685942878363852e-01 1.736936618962852859e+10
3.235576686649877520e-01 1.698830570906716156e+10
3.248518993396476984e-01 2.166803996386369705e+10
3.261513069370062801e-01 2.387719629219380188e+10
3.274559121647543369e-01 2.740020462036910629e+10
3.287657358134133401e-01 3.017209344296421814e+10
3.300807987566670154e-01 2.782507661094682312e+10
3.314011219516936890e-01 4.106557749896924591e+10
3.327267264395004642e-01 4.233813023057662201e+10
3.340576333452584534e-01 5.072132500114756012e+10
3.353938638786395088e-01 4.757429787525399780e+10
3.367354393341540630e-01 4.841754309146028137e+10
3.380823810914907468e-01 5.276531425263124084e+10
3.394347106158566718e-01 6.025759701967609406e+10
3.407924494583201014e-01 6.131285044426253510e+10
3.421556192561533982e-01 5.721086870303370667e+10
3.435242417331779707e-01 3.485927797315655518e+10
3.448983387001106626e-01 4.226924550115805817e+10
3.462779320549111417e-01 4.966096550797868347e+10
3.476630437831307319e-01 3.990467275236151886e+10
3.490536959582632992e-01 4.402280796071843719e+10
3.504499107420963600e-01 8.657829091263781738e+10
3.518517103850647421e-01 7.771084078305390930e+10
3.532591172266050239e-01 1.014582572846028900e+11
3.546721536955114717e-01 1.261607845098379517e+11
3.560908423102934761e-01 6.876899721895121765e+10
3.575152056795346533e-01 4.536206076016449738e+10
3.589452665022527800e-01 8.174268544668905640e+10
3.603810475682617254e-01 1.103329734605311279e+11
3.618225717585348278e-01 9.186910251104107666e+10
3.632698620455689364e-01 9.735626238395193481e+10
3.647229414937512293e-01 8.803972201933616638e+10
3.661818332597261971e-01 1.651866790883100281e+11
3.676465605927651259e-01 1.168267745506503754e+11
3.691171468351361895e-01 1.319585740915647125e+11
3.705936154224767076e-01 7.295090647188494873e+10
3.720759898841666247e-01 3.088836660374887466e+10
3.735642938437032656e-01 2.992102171008177567e+10
3.750585510190780902e-01 3.915475215485007477e+10
3.765587852231543908e-01 9.756005293293035889e+10
3.780650203640470441e-01 2.055445729133007507e+11
3.795772804455032068e-01 1.311725555334385376e+11
3.810955895672852312e-01 1.536510098759671326e+11
3.826199719255543585e-01 5.868727705508869934e+10
3.841504518132565771e-01 1.094004669285685730e+11
3.856870536205096456e-01 5.166626165882810974e+10
3.872298018349916715e-01 1.031467807251181183e+11
3.887787210423316320e-01 9.100350073531925964e+10
3.903338359265008939e-01 1.237257700395939789e+11
3.918951712702069545e-01 1.430426752396500244e+11
3.934627519552877928e-01 1.103623345457177887e+11
3.950366029631089404e-01 2.281503946803458252e+11
3.966167493749613859e-01 1.816784510226933594e+11
3.982032163724612550e-01 3.021425042728588257e+11
3.997960292379510450e-01 3.310029776599470215e+11
4.013952133549028578e-01 3.865656435328339844e+11
4.030007942083224659e-01 4.469563034657867432e+11
4.046127973851557647e-01 3.436965539240611572e+11
4.062312485746963908e-01 3.517299628205921631e+11
4.078561735689951728e-01 3.880001026494263916e+11
4.094875982632711353e-01 4.168758304173832397e+11
4.111255486563242245e-01 4.700930648455552368e+11
4.127700508509495880e-01 4.099983215811477051e+11
4.144211310543532978e-01 3.623024578492882080e+11
4.160788155785707931e-01 3.956255335691544189e+11
4.177431308408850463e-01 2.937951274800312500e+11
4.194141033642486138e-01 2.144653770864243164e+11
4.210917597777056320e-01 1.084744187843259277e+11
4.227761268168164221e-01 2.307742899659046936e+10
4.244672313240837602e-01 1.203529027183407593e+11
4.261651002493800910e-01 2.042086183068930359e+11
4.278697606503775730e-01 2.649333674152179260e+11
4.295812396929790666e-01 2.575023004171210022e+11
4.312995646517510107e-01 3.026006180101569214e+11
4.330247629103580187e-01 3.747429984794943237e+11
4.347568619619994745e-01 4.344518674805234375e+11
4.364958894098474596e-01 4.010667321374671021e+11
4.382418729674867897e-01 3.334289498416368408e+11
4.399948404593567730e-01 3.869593772284185181e+11
4.417548198211941890e-01 4.362468382936416626e+11
4.435218391004789873e-01 3.388619501977983398e+11
4.452959264568808750e-01 3.592529001690173340e+11
4.470771101627084021e-01 3.856668487889385376e+11
4.488654186033592119e-01 4.176223929209213867e+11
4.506608802777726241e-01 4.365991259356869507e+11
4.524635237988837710e-01 4.471009158958184204e+11
4.542733778940792333e-01 4.493425553841458740e+11
4.560904714056555065e-01 4.557542476878029175e+11
4.579148332912781894e-01 5.077133072668697510e+11
4.597464926244433370e-01 3.527121967798688354e+11
4.615854785949410899e-01 4.959029606108504639e+11
4.634318205093208576e-01 3.562241651730860596e+11
4.652855477913582227e-01 4.411392347507896729e+11
4.671466899825236219e-01 4.458693351620212402e+11
4.690152767424536906e-01 4.822442505563323364e+11
4.708913378494234969e-01 5.514539799511436768e+11
4.727749032008212171e-01 5.129729511861706543e+11
4.746660028136244769e-01 5.797237899465164795e+11
4.765646668248789131e-01 3.867478700815181885e+11
4.784709254921784560e-01 3.233275122225583496e+11
4.803848091941470555e-01 4.171198398943972778e+11
4.823063484309236815e-01 4.449035626337863770e+11
4.842355738246474361e-01 5.279951379116483765e+11
4.861725161199459966e-01 5.123394020111522827e+11
4.881172061844257226e-01 6.455425446730479736e+11
4.900696750091634302e-01 5.827291927082752686e+11
4.920299537092001074e-01 7.113041022105988770e+11
4.939980735240369625e-01 8.476837595449547119e+11
4.959740658181330253e-01 5.554623261507399902e+11
4.979579620814056362e-01 6.991233746598295898e+11
4.999497939297311566e-01 6.077319059659782715e+11
5.019495931054501758e-01 5.633589501442020264e+11
5.039573914778719965e-01 7.007123873009940186e+11
5.059732210437835054e-01 5.359775218836533203e+11
5.079971139279585435e-01 5.761767440162227783e+11
5.100291023836703852e-01 5.357801578405061035e+11
5.120692187932051054e-01 5.486596098260614014e+11
5.141174956683780550e-01 5.610796264715227051e+11
5.161739656510514473e-01 4.719080628579299316e+11
5.182386615136556074e-01 3.385745645497907715e+11
5.203116161597103329e-01 4.911234269899896851e+11
5.223928626243490303e-01 7.486259742299255371e+11
5.244824340748465152e-01 6.578838357208015137e+11
5.265803638111459239e-01 5.949368704452905273e+11
5.286866852663905103e-01 6.470994021499648438e+11
5.308014320074561088e-01 6.644216298219835205e+11
5.329246377354859288e-01 5.755522809247772217e+11
5.350563362864277916e-01 6.101514228520953369e+11
5.371965616315735881e-01 5.018220864966123047e+11
5.393453478780998456e-01 5.365400343716296387e+11
5.415027292696121819e-01 5.231191688943469849e+11
5.436687401866906466e-01 4.974486399507620850e+11
5.458434151474373941e-01 3.615134101080491333e+11
5.480267888080271321e-01 4.552183664466964111e+11
5.502188959632591247e-01 4.273280178310361328e+11
5.524197715471121928e-01 4.668312017972930908e+11
5.546294506333006025e-01 5.165349344565029297e+11
5.568479684358338400e-01 4.858370331385335693e+11
5.590753603095770519e-01 4.177299493418375854e+11
5.613116617508153716e-01 3.248963764576693115e+11
5.635569083978186899e-01 2.530605095287042847e+11
5.658111360314097560e-01 3.171029680446141968e+11
5.680743805755354980e-01 2.753181756167886353e+11
5.703466780978375672e-01 3.322680417860295410e+11
5.726280648102289872e-01 3.511740001986026611e+11
5.749185770694699160e-01 4.063103999608082886e+11
5.772182513777477375e-01 3.692352710319441528e+11
5.795271243832587071e-01 4.617056797669741821e+11
5.818452328807918184e-01 4.672194823616360474e+11
5.841726138123150003e-01 4.342067850693676147e+11
5.865093042675643131e-01 2.980774207420858765e+11
5.888553414846344758e-01 1.321283957267426300e+11
5.912107628505729462e-01 1.744544232286617737e+11
5.935756059019753339e-01 2.216344216410911255e+11
5.959499083255832552e-01 2.119669606310942688e+11
5.983337079588855190e-01 2.609219055994962769e+11
6.007270427907210886e-01 2.975351722227191772e+11
6.031299509618840426e-01 3.624401609799214478e+11
6.055424707657315331e-01 4.500322758429268188e+11
6.079646406487945187e-01 5.403890379947766113e+11
6.103964992113897203e-01 6.292756894933101807e+11
6.128380852082353503e-01 7.140922658062185059e+11
6.152894375490681744e-01 6.084628530976641846e+11
6.177505952992645710e-01 3.827793751911246948e+11
6.202215976804615893e-01 3.043187323781413574e+11
6.227024840711834486e-01 2.066479460594374084e+11
6.251932940074681477e-01 2.658874300323789062e+11
6.276940671834980723e-01 3.096823706154475708e+11
6.302048434522321552e-01 4.016243874863054810e+11
6.327256628260409244e-01 5.202590437129305420e+11
6.352565654773452142e-01 5.970919694909254150e+11
6.377975917392545435e-01 6.134636508229224854e+11
6.403487821062116003e-01 8.425429795559492188e+11
6.429101772346363930e-01 9.030246717004710693e+11
6.454818179435749537e-01 1.038956598127942383e+12
6.480637452153492628e-01 1.087884499176168213e+12
6.506560001962106154e-01 1.153615318019150879e+12
6.532586241969955410e-01 1.311477103327190430e+12
6.558716586937833881e-01 9.835880306365125732e+11
6.584951453285585732e-01 8.854457028398284912e+11
6.611291259098727169e-01 7.569123940632893066e+11
6.637736424135122215e-01 6.196848206654310303e+11
6.664287369831662922e-01 5.635851109429714355e+11
6.690944519310989547e-01 5.181810241753699341e+11
6.717708297388232941e-01 5.196952216796453247e+11
6.744579130577786907e-01 5.525432094295399170e+11
6.771557447100098326e-01 6.885440372578590088e+11
6.798643676888498355e-01 6.567368553202099609e+11
6.825838251596052508e-01 7.179507302264920654e+11
6.853141604602436265e-01 6.859402116894096680e+11
6.880554171020846210e-01 6.780302460148469238e+11
6.908076387704928933e-01 7.939698502724782715e+11
6.935708693255748791e-01 9.600843561047155762e+11
6.963451528028771209e-01 1.201132767566822021e+12
6.991305334140887062e-01 1.362574512843666748e+12
7.019270555477450380e-01 1.485092277290374756e+12
7.047347637699360456e-01 1.842186156707298828e+12
7.075537028250157290e-01 1.528860293380027344e+12
7.103839176363159202e-01 1.273742605687067627e+12
7.132254533068611568e-01 1.106501298619652588e+12
7.160783551200886610e-01 1.197299262438886963e+12
7.189426685405689854e-01 1.280171485344180664e+12
7.218184392147313222e-01 1.230076333776229248e+12
7.247057129715901436e-01 1.446303988644929932e+12
7.276045358234763949e-01 1.608502070352215576e+12
7.305149539667704639e-01 1.879371548808632568e+12
7.334370137826373703e-01 2.156185973917179199e+12
7.363707618377679509e-01 2.329777910253456055e+12
7.393162448851190449e-01 2.502964968309282227e+12
7.422735098646596752e-01 2.565172767496084961e+12
7.452426039041182282e-01 2.571437090887392090e+12
7.482235743197346300e-01 2.688656486437520020e+12
7.512164686170136330e-01 2.704785485306689941e+12
7.542213344914817652e-01 2.825753734196282227e+12
7.572382198294477229e-01 2.824483877584077148e+12
7.602671727087656484e-01 2.525606745285975098e+12
7.633082413996006288e-01 2.433648811124791016e+12
7.663614743651989691e-01 1.770333741074439209e+12
7.694269202626597970e-01 1.848994681755662109e+12
7.725046279437104424e-01 1.993317693534490723e+12
7.755946464554852593e-01 1.917572302764756592e+12
7.786970250413072225e-01 1.933788507875448486e+12
7.818118131414724115e-01 2.120561193906394775e+12
7.849390603940383793e-01 1.788279300832655273e+12
7.880788166356144098e-01 2.022742465264187256e+12
7.912311319021569922e-01 1.932991340293921631e+12
7.943960564297655180e-01 2.134977253735034180e+12
7.975736406554845281e-01 2.224617008767546387e+12
8.007639352181065151e-01 2.411911387732789551e+12
8.039669909589789443e-01 2.599665449197144043e+12
8.071828589228148276e-01 2.857909203501759766e+12
8.104115903585061842e-01 3.020948583059146484e+12
8.136532367199402760e-01 3.274848859290622559e+12
8.169078496668199518e-01 3.291797166041021973e+12
8.201754810654874328e-01 2.741273654811406250e+12
8.234561829897493190e-01 3.087332329607079590e+12
8.267500077217083687e-01 3.049998969675646973e+12
8.300570077525952772e-01 2.772593437204104492e+12
8.333772357836056743e-01 2.941707415332549316e+12
8.367107447267401188e-01 2.826566998113833496e+12
8.400575877056470908e-01 2.912104924099428223e+12
8.434178180564695371e-01 2.488404377920531738e+12
8.467914893286955236e-01 1.946457660078211182e+12
8.501786552860102208e-01 2.098246551073814697e+12
8.535793699071543283e-01 2.162616490966702881e+12
8.569936873867830540e-01 2.382202406947765625e+12
8.604216621363300899e-01 2.599084393383167480e+12
8.638633487848753623e-01 2.850304074299540527e+12
8.673188021800150027e-01 3.007026393808826660e+12
8.707880773887352044e-01 3.086499325664783691e+12
8.742712296982900755e-01 3.227369461388351562e+12
8.777683146170831563e-01 3.454817774174448730e+12
8.812793878755513788e-01 3.558523135919984375e+12
8.848045054270535781e-01 3.599239055086377930e+12
8.883437234487617795e-01 2.952629915851295410e+12
8.918970983425568155e-01 3.400078706789897461e+12
8.954646867359271623e-01 2.974896098454746094e+12
8.990465454828707736e-01 3.252409230666672852e+12
9.026427316648023558e-01 3.216887382669708008e+12
9.062533025914615292e-01 3.249017747320908203e+12
9.098783158018273198e-01 3.421106865420790039e+12
9.135178290650346478e-01 3.510458777336470215e+12
9.171719003812948134e-01 3.638718099923015625e+12
9.208405879828199803e-01 3.729350962007441895e+12
9.245239503347512100e-01 3.696428094144357910e+12
9.282220461360901620e-01 3.702824681543388672e+12
9.319349343206346781e-01 3.615010426924319824e+12
9.356626740579171431e-01 3.646560062722779785e+12
9.394053247541488405e-01 3.628856616361073730e+12
9.431629460531654185e-01 3.702136131434221191e+12
9.469355978373780180e-01 3.803493381899930664e+12
9.507233402287275092e-01 3.843504247911398438e+12
9.545262335896426142e-01 3.877672500143610840e+12
9.583443385240012491e-01 3.871013239354621094e+12
9.621777158780971950e-01 3.896797055946284668e+12
9.660264267416096562e-01 3.906670436077108398e+12
9.698905324485760371e-01 3.953431697982687012e+12
9.737700945783701600e-01 3.619047773584305664e+12
9.776651749566835914e-01 3.606745927263492188e+12
9.815758356565105203e-01 3.575556651547632324e+12
9.855021389991363012e-01 3.519158701139324707e+12
9.894441475551331022e-01 3.423422461219591309e+12
9.934019241453534432e-01 3.048430221922590820e+12
9.973755318419349480e-01 3.276433917396176758e+12
1.001365033969302543e+00 3.320031484987274414e+12
1.005370494105179757e+00 3.292430600310610352e+12
1.009391976081600362e+00 3.403728690914076660e+12
1.013429543985926884e+00 3.500282292889180176e+12
1.017483262161870350e+00 3.508707842565478027e+12
1.021553195210518128e+00 3.587676496333975098e+12
1.025639407991360219e+00 3.505054609319318848e+12
1.029741965623325539e+00 3.492692343796297852e+12
1.033860933485818867e+00 3.546088417309489746e+12
1.037996377219762012e+00 3.673804154101144531e+12
1.042148362728641198e+00 3.666229772861595215e+12
1.046316956179555557e+00 3.776963744709380859e+12
1.050502224004274066e+00 3.779052660507405273e+12
1.054704232900291139e+00 3.831769687903030762e+12
1.058923049831892227e+00 3.803535505539961914e+12
1.063158742031219628e+00 3.802425713077451172e+12
1.067411376999344741e+00 3.740786382956217285e+12
1.071681022507342096e+00 3.743648058534964355e+12
1.075967746597371377e+00 3.808015800353141113e+12
1.080271617583760779e+00 3.767309434114618164e+12
1.084592704054095913e+00 3.820432709265191406e+12
1.088931074870312044e+00 3.763236663611726074e+12
1.093286799169793433e+00 3.754534262602045898e+12
1.097659946366472461e+00 3.679068224425515137e+12
1.102050586151938294e+00 3.660005937518333984e+12
1.106458788496546219e+00 3.568432391973929199e+12
1.110884623650532532e+00 3.553939444698094727e+12
1.115328162145134749e+00 3.621309649432407715e+12
1.119789474793714934e+00 3.592153830983172363e+12
1.124268632692889902e+00 3.642498428419776367e+12
1.128765707223661430e+00 3.635811596928303711e+12
1.133280770052556230e+00 3.622148629351492676e+12
1.137813893132766374e+00 3.400439881444763184e+12
1.142365148705297484e+00 3.411177559382088867e+12
1.146934609300118479e+00 3.633146009082156738e+12
1.151522347737319096e+00 3.680503636811006348e+12
1.156128437128268516e+00 3.638640119801609863e+12
1.160752950876781542e+00 3.624149888956835938e+12
1.165395962680288999e+00 3.658554323901328125e+12
1.170057546531009907e+00 3.576768569575427734e+12
1.174737776717134086e+00 3.611076805551825684e+12
1.179436727824002773e+00 3.465459752403080566e+12
1.184154474735298557e+00 3.546777007776527344e+12
1.188891092634239977e+00 3.577636832811195801e+12
1.193646657004777012e+00 3.577802573639649902e+12
1.198421243632796118e+00 3.451918243768587402e+12
1.203214928607327261e+00 3.483920223410360352e+12
1.208027788321756724e+00 3.535689183900841797e+12
1.212859899475043468e+00 3.496861092217586914e+12
1.217711339072943710e+00 3.538222711281489746e+12
1.222582184429235275e+00 3.502573258725766602e+12
1.227472513166952384e+00 3.547001371436994629e+12
1.232382403219620226e+00 3.521456885521236816e+12
1.237311932832498407e+00 3.502478327083657227e+12
1.242261180563828615e+00 3.337491385985181641e+12
1.247230225286083849e+00 3.416677512158880859e+12
1.252219146187228072e+00 3.365265584959459473e+12
1.257228022771976983e+00 3.386436464621375488e+12
1.262256934863064783e+00 3.365615006167418945e+12
1.267305962602517155e+00 3.402649494281559570e+12
1.272375186452927354e+00 3.381626722796543945e+12
1.277464687198738957e+00 3.384431829502147461e+12
1.282574545947533950e+00 3.384157321485791016e+12
1.287704844131324133e+00 3.307994536223727539e+12
1.292855663507849417e+00 3.299386373240304688e+12
1.298027086161880783e+00 3.322950663194700684e+12
1.303219194506528344e+00 3.320172690833367676e+12
1.308432071284554521e+00 3.281160234975524414e+12
1.313665799569692760e+00 3.304856852916559082e+12
1.318920462767971591e+00 3.291750539128939453e+12
1.324196144619043336e+00 3.220888675727641113e+12
1.329492929197519491e+00 3.118045412961634766e+12
1.334810900914309650e+00 2.803425257932288086e+12
1.340150144517967101e+00 2.763233351763561035e+12
1.345510745096038852e+00 2.725992714313343750e+12
1.350892788076423212e+00 2.717857748239938965e+12
1.356296359228728932e+00 2.670229463671420898e+12
1.361721544665643879e+00 2.652141421695921875e+12
1.367168430844306393e+00 2.676159606376748047e+12
1.372637104567683730e+00 2.667268330024844238e+12
1.378127652985954299e+00 2.689855372669858398e+12
1.383640163597898098e+00 2.665450596135653320e+12
1.389174724252289828e+00 2.583871044232907715e+12
1.394731423149298877e+00 2.533550697332610352e+12
1.400310348841896202e+00 2.487867202294867676e+12
1.405911590237263642e+00 2.495567276911689941e+12
1.411535236598212784e+00 2.398154727447783691e+12
1.417181377544605603e+00 2.343523587703497559e+12
1.422850103054784210e+00 2.354569939166269531e+12
1.428541503467003038e+00 2.324811941434122070e+12
1.434255669480871243e+00 2.320842691217548828e+12
1.439992692158794885e+00 2.322185401370356445e+12
1.445752662927429988e+00 2.333948803221382812e+12
1.451535673579139596e+00 2.309848568056674316e+12
1.457341816273456159e+00 2.329456346304173340e+12
1.463171183538549913e+00 2.268823231285030762e+12
1.469023868272704147e+00 2.234610427580602051e+12
1.474899963745795128e+00 2.245747453949489258e+12
1.480799563600778246e+00 2.241678007585929688e+12
1.486722761855181485e+00 2.232100750346748535e+12
1.492669652902602007e+00 2.238652792636503418e+12
1.498640331514212276e+00 2.241321570931235352e+12
1.504634892840269300e+00 2.235646286634962891e+12
1.510653432411630304e+00 2.251896376930384277e+12
1.516696046141276843e+00 2.256974410513783691e+12
1.522762830325842032e+00 2.270278018224814453e+12
1.528853881647145307e+00 2.269256778043134277e+12
1.534969297173733649e+00 2.254567490564809570e+12
1.541109174362428780e+00 2.238126754501506836e+12
1.547273611059878373e+00 2.258738678928609863e+12
1.553462705504118135e+00 2.267122103209519043e+12
1.559676556326134556e+00 2.250016695770004395e+12
1.565915262551438980e+00 2.273759218295249023e+12
1.572178923601644795e+00 2.270238652045614258e+12
1.578467639296051495e+00 2.305281788963471191e+12
1.584781509853235626e+00 2.306848457680662109e+12
1.591120635892648405e+00 2.299867910325718262e+12
1.597485118436219098e+00 2.318355246758042480e+12
1.603875058909963958e+00 2.321989256953554199e+12
1.610290559145603595e+00 2.319446504198644531e+12
1.616731721382186127e+00 2.274135730610389648e+12
1.623198648267714761e+00 2.324790607314745117e+12
1.629691442860785600e+00 2.344509641905535645e+12
1.636210208632228769e+00 2.365278732901758789e+12
1.642755049466757766e+00 2.368095450555776855e+12
1.649326069664624805e+00 2.370172713538708008e+12
1.655923373943283039e+00 2.378369401265389648e+12
1.662547067439056336e+00 2.371368446844252441e+12
1.669197255708812611e+00 2.372560245175246582e+12
1.675874044731648027e+00 2.371613053812333496e+12
1.682577540910574321e+00 2.350288819582709473e+12
1.689307851074216771e+00 2.310276799008741211e+12
1.696065082478513508e+00 2.274566399451870605e+12
1.702849342808427480e+00 2.235033196795495605e+12
1.709660740179661298e+00 2.156835344685651855e+12
1.716499383140379864e+00 2.069000617487874268e+12
1.723365380672941427e+00 2.051311778004524902e+12
1.730258842195633306e+00 2.016464073003261719e+12
1.737179877564415831e+00 1.928910365139942871e+12
1.744128597074673603e+00 1.902077951692031006e+12
1.751105111462972097e+00 1.846645287752933838e+12
1.758109531908824241e+00 1.762566490292330811e+12
1.765141970036459451e+00 1.729975823870965332e+12
1.772202537916605314e+00 1.674267683987719971e+12
1.779291348068271716e+00 1.604103783826464355e+12
1.786408513460544745e+00 1.578872784841931396e+12
1.793554147514387020e+00 1.535303416131284668e+12
1.800728364104444257e+00 1.509922927958835205e+12
1.807931277560862249e+00 1.451670516328810791e+12
1.815163002671105641e+00 1.469313377001601562e+12
1.822423654681789795e+00 1.438287523302167969e+12
1.829713349300517100e+00 1.414816815110752686e+12
1.837032202697718830e+00 1.402576527812576904e+12
1.844380331508509885e+00 1.329225249669570312e+12
1.851757852834543527e+00 1.308863488491765381e+12
1.859164884245881888e+00 1.217782073974307373e+12
1.866601543782865358e+00 1.280112868201438965e+12
1.874067949957996859e+00 1.253764744097303223e+12
1.881564221757828781e+00 1.267230497509086914e+12
1.889090478644860127e+00 1.276767060212481689e+12
1.896646840559439662e+00 1.273174115529251709e+12
1.904233427921677269e+00 1.271196752356006836e+12
1.911850361633363971e+00 1.271428663532078857e+12
1.919497763079897279e+00 1.244512176362718018e+12
1.927175754132217200e+00 1.228111952504259033e+12
1.934884457148745796e+00 1.237772808367407227e+12
1.942623994977340729e+00 1.183067807559211914e+12
1.950394490957250149e+00 1.204033595694061768e+12
1.958196068921079336e+00 1.216080908744665771e+12
1.966028853196763793e+00 1.210538488586570557e+12
1.973892968609550991e+00 1.160023089855572998e+12
1.981788540483989447e+00 1.129129342095816650e+12
1.989715694645925126e+00 1.122553419491081787e+12
1.997674557424508723e+00 1.126456008167916016e+12
2.005665255654207169e+00 1.108747601910339844e+12
2.013687916676823786e+00 1.094760948692471680e+12
2.021742668343530891e+00 1.093037953719614258e+12
2.029829639016905052e+00 1.075843138702810425e+12
2.037948957572972564e+00 1.066066442433314453e+12
2.046100753403264694e+00 1.057493328849359375e+12
2.054285156416877811e+00 1.062571908688452515e+12
2.062502297042545507e+00 1.046306960360027954e+12
2.070752306230715600e+00 1.047276169922189697e+12
2.079035315455638244e+00 1.041479039976547485e+12
2.087351456717461140e+00 1.031065281406985352e+12
2.095700862544330967e+00 1.034106363769671387e+12
2.104083665994508134e+00 1.039133975024582031e+12
2.112500000658485977e+00 1.037812235220429565e+12
2.120950000661120161e+00 1.036709205724232544e+12
2.129433800663764753e+00 1.022774797380164673e+12
2.137951535866419839e+00 1.027782466979089722e+12
2.146503342009885351e+00 1.040868026133015137e+12
2.155089355377924676e+00 1.036046538505363159e+12
2.163709712799436691e+00 1.043177869715966919e+12
2.172364551650634468e+00 1.040192308149208740e+12
2.181054009857236853e+00 1.037980139165879028e+12
2.189778225896665376e+00 1.038931801407002075e+12
2.198537338800252705e+00 1.043748594453180420e+12
2.207331488155453325e+00 1.021514342285731934e+12
2.216160814108075083e+00 1.044118836813246826e+12
2.225025457364507631e+00 1.043131062382406860e+12
2.233925559193965515e+00 1.041127727655283813e+12
2.242861261430741493e+00 1.044110932250717163e+12
2.251832706476463830e+00 1.037883367157466797e+12
2.260840037302370042e+00 1.024257417516142456e+12
2.269883397451579299e+00 1.029079929813024780e+12
2.278962931041386142e+00 1.019830688779021606e+12
2.288078782765551100e+00 1.019349588346730591e+12
2.297231097896613505e+00 9.168641751909757080e+11
2.306420022288200311e+00 9.604979773458364258e+11
2.315645702377353121e+00 9.442098835242570801e+11
2.324908285186861878e+00 8.638831179983812256e+11
2.334207918327609654e+00 8.892519925666684570e+11
2.343544750000919663e+00 8.856075880171003418e+11
2.352918929000923143e+00 8.130253521212761230e+11
2.362330604716927240e+00 8.287229697860246582e+11
2.371779927135795329e+00 8.393691289329704590e+11
2.381267046844337987e+00 7.760008319544506836e+11
2.390792115031715070e+00 7.639688686263551025e+11
2.400355283491842240e+00 7.595819923818178711e+11
2.409956704625809465e+00 7.187154455048461914e+11
2.419596531444312859e+00 7.057076972565335693e+11
2.429274917570089620e+00 6.800897979226669922e+11
2.438992017240370291e+00 6.567130820930622559e+11
2.448747985309331465e+00 6.311310724141601562e+11
2.458542977250568917e+00 6.107477355554697266e+11
2.468377149159570738e+00 6.020049010762171631e+11
2.478250657756209563e+00 5.628427812690114746e+11
2.488163660387234355e+00 5.619206470991096191e+11
2.498116315028783063e+00 5.542180116119224854e+11
2.508108780288898387e+00 5.223263511425241089e+11
2.518141215410053757e+00 5.182342490297048950e+11
2.528213780271693967e+00 5.008646885921304321e+11
2.538326635392781139e+00 4.931323378385160522e+11
2.548479941934351789e+00 4.896957061623415527e+11
2.558673861702089436e+00 4.791877577242418823e+11
2.568908557148898097e+00 4.821452288590587158e+11
2.579184191377493551e+00 4.617512318677461548e+11
2.589500928143003478e+00 4.729914644048718872e+11
2.599858931855575594e+00 4.738644676816018677e+11
2.610258367582998229e+00 4.754465849733914185e+11
2.620699401053329769e+00 4.661181445385432129e+11
2.631182198657543214e+00 4.664906598149843140e+11
2.641706927452173392e+00 4.623307744909836426e+11
2.652273755161981938e+00 4.713213286932850952e+11
2.662882850182629824e+00 4.724669857983456421e+11
2.673534381583360542e+00 4.499497566635134277e+11
2.684228519109693956e+00 4.503899007606747437e+11
2.694965433186132575e+00 4.314488341445809326e+11
2.705745294918877164e+00 4.315640766072139893e+11
2.716568276098552559e+00 4.195121557341065674e+11
2.727434549202946812e+00 4.016840759745625610e+11
2.738344287399758326e+00 3.950841956638660278e+11
2.749297664549357201e+00 3.908535981529962158e+11
2.760294855207554576e+00 3.899007255011007080e+11
2.771336034628385292e+00 3.781253029951439819e+11
2.782421378766898545e+00 3.690160408751766968e+11
2.793551064281966312e+00 3.686929838531442871e+11
2.804725268539093985e+00 3.558444528327561646e+11
2.815944169613250558e+00 3.462787602075338745e+11
2.827207946291703244e+00 3.557668669564665527e+11
2.838516778076869862e+00 3.410007213078279419e+11
2.849870845189177437e+00 3.365536283702617798e+11
2.861270328569933685e+00 3.411462406733886108e+11
2.872715409884213589e+00 3.332314912281721191e+11
2.884206271523750420e+00 3.307120724204575806e+11
2.895743096609845413e+00 3.327116732621878662e+11
2.907326068996284985e+00 3.147267412266851196e+11
2.918955373272270393e+00 3.168438635966036377e+11
2.930631194765359826e+00 3.154097729250769043e+11
2.942353719544420709e+00 3.045414080991110229e+11
2.954123134422598440e+00 3.075176297333635254e+11
2.965939626960289122e+00 2.998562170527485352e+11
2.977803385468130504e+00 3.036614828385016479e+11
2.989714599010003138e+00 2.936701082052255249e+11
3.001673457406043077e+00 2.937661058723898926e+11
3.013680151235667015e+00 2.921232829593904419e+11
3.025734871840609408e+00 2.806151590215657959e+11
3.037837811327972037e+00 2.911081710545131836e+11
3.049989162573283785e+00 2.790585351991262207e+11
3.062189119223576395e+00 2.853013287123468018e+11
3.074437875700470890e+00 2.773523736588644409e+11
3.086735627203272880e+00 2.746247425783182373e+11
3.099082569712085622e+00 2.758774912912996826e+11
3.111478899990933744e+00 2.681672259620348206e+11
3.123924815590897186e+00 2.710179473965802612e+11
3.136420514853261121e+00 2.671175336126589050e+11
3.148966196912674320e+00 2.654013536513706970e+11
3.161562061700325277e+00 2.654741387311296997e+11
3.174208309947126327e+00 2.589725632638633728e+11
3.186905143186915090e+00 2.659228180322741699e+11
3.199652763759662566e+00 2.519733804422484741e+11
3.212451374814701222e+00 2.628496206157848511e+11
3.225301180313960625e+00 2.560177102803210144e+11
3.238202385035215958e+00 2.547124237230104980e+11
3.251155194575356955e+00 2.555916369180587769e+11
3.264159815353658622e+00 2.539875424696163330e+11
3.277216454615073271e+00 2.508734458287853088e+11
3.290325320433533207e+00 2.499408540758755493e+11
3.303486621715267635e+00 2.505480421291354065e+11
3.316700568202128441e+00 2.455973690832800293e+11
3.329967370474937294e+00 2.502306496056857300e+11
3.343287239956836743e+00 2.418982139063849487e+11
3.356660388916663962e+00 2.439072853129487610e+11
3.370087030472330714e+00 2.432454630930024719e+11
3.383567378594220187e+00 2.397531558123797607e+11
3.397101648108596716e+00 2.399854968189562683e+11
3.410690054701031482e+00 2.371487209066122437e+11
3.424332814919834878e+00 2.373087351511479797e+11
3.438030146179514634e+00 2.345188489064983521e+11
3.451782266764232610e+00 2.345475567661486206e+11
3.465589395831289998e+00 2.336664158300008240e+11
3.479451753414614767e+00 2.312912882531851807e+11
3.493369560428273068e+00 2.267574265812237549e+11
3.507343038669985980e+00 2.307192529823342590e+11
3.521372410824665788e+00 2.239517582253074951e+11
3.535457900467964709e+00 2.246809885721151123e+11
3.549599732069836477e+00 2.229378278802398987e+11
3.563798130998116154e+00 2.211399542392891235e+11
3.578053323522108364e+00 2.200210410360354004e+11
3.592365536816196858e+00 2.186893251220149841e+11
3.606734998963461614e+00 2.168155112694668884e+11
3.621161938959315041e+00 2.143492974800329590e+11
3.635646586715152839e+00 2.130738105306578064e+11
3.650189173062013293e+00 2.117502959771084595e+11
3.664789929754260545e+00 2.105864694345076599e+11
3.679449089473277645e+00 2.079370256613244324e+11
3.694166885831170699e+00 2.064348407412229919e+11
3.708943553374495661e+00 2.067995682887534790e+11
3.723779327587993571e+00 2.050542188601261902e+11
3.738674444898345328e+00 2.013099989397940674e+11
3.753629142677938901e+00 2.026120484445772400e+11
3.768643659248651190e+00 1.992081604429062500e+11
3.783718233885645432e+00 1.999599191152939148e+11
3.798853106821188153e+00 1.971088760243988953e+11
3.814048519248473657e+00 1.959901394616500854e+11
3.829304713325467180e+00 1.908326359742884521e+11
3.844621932178768908e+00 1.913592432938584595e+11
3.860000419907484215e+00 1.908487375956606750e+11
3.875440421587113882e+00 1.874944113989610901e+11
3.890942183273462529e+00 1.850246324865208130e+11
3.906505952006555926e+00 1.833537130827401733e+11
3.922131975814582727e+00 1.813634083395522766e+11
3.937820503717840648e+00 1.786734835511270142e+11
3.953571785732711508e+00 1.747659007662688599e+11
3.969386072875642490e+00 1.726433726610117493e+11
3.985263617167145167e+00 1.677963914668281860e+11
4.001204671635814059e+00 1.659995695187644043e+11
4.017209490322357190e+00 1.643971457333297424e+11
4.033278328283646630e+00 1.602242329146817627e+11
4.049411441596781458e+00 1.561536315660028687e+11
4.065609087363168506e+00 1.540399330045122681e+11
4.081871523712622185e+00 1.479331863475945129e+11
4.098199009807472315e+00 1.484449381640084839e+11
4.114591805846702144e+00 1.451268234094033203e+11
4.131050173070089038e+00 1.428804314660984192e+11
4.147574373762369149e+00 1.424155845154209290e+11
4.164164671257418959e+00 1.370802027942072754e+11
4.180821329942449260e+00 1.367473588666827545e+11
4.197544615262219558e+00 1.350642440444432678e+11
4.214334793723269357e+00 1.315320781084377136e+11
4.231192132898162761e+00 1.326078318179480743e+11
4.248116901429755288e+00 1.258650826972194519e+11
4.265109369035473996e+00 1.245618737586622314e+11
4.282169806511615384e+00 1.240121076583649902e+11
4.299298485737661935e+00 1.179944582547962646e+11
4.316495679680612874e+00 1.177610883166187286e+11
4.333761662399335357e+00 1.149605318131387024e+11
4.351096709048932532e+00 1.109204261216363373e+11
4.368501095885127583e+00 1.080358060039984436e+11
4.385975100268668214e+00 1.062422192978659210e+11
4.403519000669743555e+00 1.030135465505274658e+11
4.421133076672422391e+00 1.006070025254246216e+11
4.438817608979111817e+00 9.849246931682528687e+10
4.456572879415028332e+00 9.772669430291862488e+10
4.474399170932688463e+00 9.406305166299287415e+10
4.492296767616419828e+00 9.357738709531869507e+10
4.510265954686884626e+00 9.308382958270793152e+10
4.528307018505633330e+00 8.967670539751536560e+10
4.546420246579655711e+00 8.961525718763279724e+10
4.564605927565974497e+00 8.691344145234472656e+10
4.582864351276237258e+00 8.797520865690745544e+10
4.601195808681342925e+00 8.504675667261294556e+10
4.619600591916067422e+00 8.465825198867543030e+10
4.638078994283731937e+00 8.374451829421786499e+10
4.656631310260867629e+00 8.266173062725576782e+10
4.675257835501911430e+00 8.028705740836195374e+10
4.693958866843916944e+00 8.081656783284953308e+10
4.712734702311292878e+00 7.866653305459539795e+10
4.731585641120538810e+00 7.825297244355528259e+10
4.750511983685020923e+00 7.762820423869558716e+10
4.769514031619761063e+00 7.490020401121884155e+10
4.788592087746240011e+00 7.404090029701245117e+10
4.807746456097224730e+00 7.371945711007395935e+10
4.826977441921613377e+00 7.253047056674684143e+10
4.846285351689299858e+00 7.170186959646638489e+10
4.865670493096057925e+00 7.024808226516441345e+10
4.885133175068442135e+00 6.924401906574476624e+10
4.904673707768715474e+00 6.831302970794969940e+10
4.924292402599791174e+00 6.759200544368669128e+10
4.943989572210189642e+00 6.592614380424897003e+10
4.963765530499030021e+00 6.426840827881676483e+10
4.983620592621027079e+00 6.503051785555014801e+10
5.003555074991511198e+00 6.320692746371715546e+10
5.023569295291476777e+00 6.144976793346096802e+10
5.043663572472643075e+00 6.287372820962390900e+10
5.063838226762532813e+00 6.045743117553639221e+10
5.084093579669583640e+00 5.962386341500942230e+10
5.104429953988261381e+00 5.939516152006906128e+10
5.124847673804215020e+00 5.805837263957975769e+10
5.145347064499431688e+00 5.814992615607395935e+10
5.165928452757428957e+00 5.615296882430102539e+10
5.186592166568458673e+00 5.675185382627568817e+10
5.207338535234733001e+00 5.476707378470471191e+10
5.228167889375671784e+00 5.510105980378223419e+10
5.249080560933174766e+00 5.328237480997246552e+10
5.270076883176907145e+00 5.319880799159009552e+10
5.291157190709615321e+00 5.236094856474972534e+10
5.312321819472453299e+00 5.193865606957324982e+10
5.333571106750343738e+00 5.138518805788636017e+10
5.354905391177344320e+00 4.991121224423862457e+10
5.376325012742054099e+00 5.006593693851506805e+10
5.397830312793021612e+00 4.889963841974337769e+10
5.419421634044193858e+00 4.715384911601476288e+10
5.441099320580370602e+00 4.775583881749549103e+10
5.462863717862692425e+00 4.662599665058723450e+10
5.484715172734142996e+00 4.628575171324845886e+10
5.506654033425078865e+00 4.621968647091783142e+10
5.528680649558780580e+00 4.410900206260433197e+10
5.550795372157015350e+00 4.386276480911362457e+10
5.572998553645643227e+00 4.330856186336666107e+10
5.595290547860225949e+00 4.375322567631520081e+10
5.617671710051667766e+00 4.229181781645380402e+10
5.640142396891874021e+00 4.233117544948091125e+10
5.662702966479441713e+00 4.155033740369670105e+10
5.685353778345359821e+00 4.032442410346155548e+10
5.708095193458740724e+00 4.039720392773326111e+10
5.730927574232576482e+00 3.906573928808154297e+10
5.753851284529505783e+00 4.002974097452954865e+10
5.776866689667624399e+00 3.850206269511679840e+10
5.799974156426294769e+00 3.875514608522287750e+10
5.823174053051999977e+00 3.741401638368988800e+10
5.846466749264207508e+00 3.700244957410466003e+10
5.869852616261264977e+00 3.712362142124779510e+10
5.893332026726310069e+00 3.628771932556211090e+10
5.916905354833215114e+00 3.634350426565621948e+10
5.940572976252548543e+00 3.533363267215135956e+10
5.964335268157558545e+00 3.533394189236755371e+10
5.988192609230189589e+00 3.463696060058272552e+10
6.012145379667110490e+00 3.473985267605413818e+10
6.036193961185778889e+00 3.326960247969276428e+10
6.060338737030522616e+00 3.354570766731262970e+10
6.084580091978644134e+00 3.382065382160391998e+10
6.108918412346558746e+00 3.238817147444568253e+10
6.133354085995945226e+00 3.318700886403596497e+10
6.157887502339929320e+00 3.239899724185656738e+10
6.182519052349287669e+00 3.158250795441185379e+10
6.207249128558685491e+00 3.152699287477487946e+10
6.232078125072920471e+00 3.126297102499530411e+10
6.257006437573212843e+00 3.044560292258930206e+10
6.282034463323505236e+00 3.008327792877587509e+10
6.307162601176800720e+00 2.980526893794780350e+10
6.332391251581507063e+00 2.939458766767076874e+10
6.357720816587833390e+00 2.874470237533551025e+10
6.383151699854184180e+00 2.803000873053475571e+10
6.408684306653601226e+00 2.727420494544203186e+10
6.434319043880215361e+00 2.700411363220219421e+10
6.460056320055736379e+00 2.568385534563722992e+10
6.485896545335958052e+00 2.430688032435510254e+10
6.511840131517302233e+00 2.443934944163795090e+10
6.537887492043371829e+00 2.356133730326706314e+10
6.564039042011545533e+00 2.280208678193642426e+10
6.590295198179591196e+00 2.206297528478536987e+10
6.616656378972309405e+00 2.185482815084445953e+10
6.643123004488199257e+00 2.106005314663129807e+10
6.669695496506150789e+00 2.096538172301257706e+10
6.696374278492176479e+00 2.053366591914966202e+10
6.723159775606144528e+00 2.080291268609509659e+10
6.750052414708568094e+00 2.031011309997751999e+10
6.777052624367403411e+00 1.949237814366088104e+10
6.804160834864871887e+00 1.959593498567672729e+10
6.831377478204331055e+00 1.914743656938019562e+10
6.858702988117148180e+00 1.925122575700742340e+10
6.886137800069615622e+00 1.883300834374671555e+10
6.913682351269895499e+00 1.844881394944159698e+10
6.941337080674975013e+00 1.844700875648961258e+10
6.969102428997675069e+00 1.824257588487305450e+10
6.996978838713665994e+00 1.804462342441762543e+10
7.024966754068519670e+00 1.781751103079964066e+10
7.053066621084793653e+00 1.750152645733517456e+10
7.081278887569133929e+00 1.721944600783538437e+10
7.109604003119409654e+00 1.665043492982758713e+10
7.138042419131887861e+00 1.686351843049645615e+10
7.166594588808414379e+00 1.672238194017374611e+10
7.195260967163648047e+00 1.639400565103226471e+10
7.224042011032302923e+00 1.616300568950747871e+10
7.252938179076432235e+00 1.594842748377081299e+10
7.281949931792737196e+00 1.583700121013837242e+10
7.311077731519908696e+00 1.559222354738165855e+10
7.340322042445988515e+00 1.525562728264425659e+10
7.369683330615771411e+00 1.501831810904847145e+10
7.399162063938235612e+00 1.522433363052716637e+10
7.428758712193988423e+00 1.454265854547113800e+10
7.458473747042765112e+00 1.467736428732966042e+10
7.488307642030935796e+00 1.442293845995869827e+10
7.518260872599060285e+00 1.403723473104373550e+10
7.548333916089456253e+00 1.419902360094888496e+10
7.578527251753813587e+00 1.370240424266267967e+10
7.608841360760829176e+00 1.322564764610012436e+10
7.639276726203872769e+00 1.340671633426900864e+10
7.669833833108687493e+00 1.301024032772306061e+10
7.700513168441122325e+00 1.303135599880144882e+10
7.731315221114887670e+00 1.276753548887048531e+10
7.762240481999347352e+00 1.246603586887332916e+10
7.793289443927344351e+00 1.245554869727547455e+10
7.824462601703054077e+00 1.244673016231303406e+10
7.855760452109866065e+00 1.210343278874987030e+10
7.887183493918306532e+00 1.163145492335448837e+10
7.918732227893980458e+00 1.171741380230123711e+10
7.950407156805555431e+00 1.156973052049221420e+10
7.982208785432777454e+00 1.112017511819097328e+10
8.014137620574508958e+00 1.128894194622880173e+10
8.046194171056805899e+00 1.093121397379110718e+10
8.078378947741034821e+00 1.080339208312833977e+10
8.110692463531997021e+00 1.053930230464619064e+10
8.143135233386125549e+00 1.054005508214374352e+10
8.175707774319670662e+00 1.043100456727067757e+10
8.208410605416949224e+00 1.005342331091304970e+10
8.241244247838615422e+00 1.013479955518146133e+10
8.274209224829968790e+00 9.734662840551914215e+09
8.307306061729288871e+00 9.783052145207054138e+09
8.340535285976207192e+00 9.473677796579858780e+09
8.373897427120111203e+00 9.277631397541688919e+09
8.407393016828594412e+00 9.394500659509666443e+09
8.441022588895906509e+00 9.077857969696338654e+09
8.474786679251490540e+00 9.165148173160707474e+09
8.508685825968495209e+00 8.887250427668792725e+09
8.542720569272368891e+00 8.840436583974037170e+09
8.576891451549458978e+00 8.628749925282335281e+09
8.611199017355655627e+00 8.649981747488449097e+09
8.645643813425078150e+00 8.581690676499929428e+09
8.680226388678779159e+00 8.364845293203350067e+09
8.714947294233493125e+00 8.283646319704537392e+09
8.749807083410427566e+00 7.971055658433845520e+09
8.784806311744070229e+00 8.070528888299633980e+09
8.819945536991047774e+00 7.935318465684369087e+09
8.855225319139009343e+00 7.792218568963681221e+09
8.890646220415566958e+00 7.836324292423018456e+09
8.926208805297228821e+00 7.735667620482460022e+09
8.961913640518417878e+00 7.465661892860216141e+09
8.997761295080492161e+00 7.514568861586037636e+09
9.033752340260813085e+00 7.434177194133481026e+09
9.069887349621856387e+00 7.324734606359512329e+09
9.106166899020346150e+00 7.201846994196137428e+09
9.142591566616424359e+00 7.140976397462541580e+09
9.179161932882891506e+00 7.075457297236953735e+09
9.215878580614422333e+00 6.906457073644049644e+09
9.252742094936881045e+00 6.760781212300477982e+09
9.289753063316627646e+00 6.733885754185862541e+09
9.326912075569895322e+00 6.610276229272490501e+09
9.364219723872173162e+00 6.669888133522190094e+09
9.401676602767663482e+00 6.422180994043931007e+09
9.439283309178733816e+00 6.346263298880496979e+09
9.477040442415447075e+00 6.335082832703550339e+09
9.514948604185111236e+00 6.215245320554902077e+09
9.553008398601852136e+00 6.229960672954095840e+09
9.591220432196260859e+00 6.023228489019730568e+09
9.629585313925044687e+00 5.908470829738827705e+09
9.668103655180747324e+00 5.865554819055321693e+09
9.706776069801470896e+00 5.766937531153387070e+09
9.745603174080676112e+00 5.746202202399205208e+09
9.784585586776998412e+00 5.685446080742046356e+09
9.823723929124106746e+00 5.544635234371148109e+09
9.863018824840601440e+00 5.481549571182718277e+09
9.902470900139965337e+00 5.216590420790295601e+09
9.942080783740523842e+00 5.322726296630046844e+09
9.981849106875488431e+00 5.199653453778308868e+09
1.002177650330298952e+01 5.169919799943801880e+09
1.006186360931619994e+01 5.045082476163896561e+09
1.010211106375346723e+01 4.927910001079307556e+09
1.014251950800847979e+01 4.908747226590266228e+09
1.018308958604051284e+01 4.892184180712558746e+09
1.022382194438467451e+01 4.746566806608256340e+09
1.026471723216221399e+01 4.699409939164188385e+09
1.030577610109086173e+01 4.589994853600508690e+09
1.034699920549522467e+01 4.505458994005726814e+09
1.038838720231720458e+01 4.472765408819453239e+09
1.042994075112647501e+01 4.384370406563902855e+09
1.047166051413097954e+01 4.316042944338128090e+09
1.051354715618750468e+01 4.258378467682153702e+09
1.055560134481225454e+01 4.178810222473690033e+09
1.059782375019150358e+01 4.077936895812813282e+09
1.064021504519226902e+01 4.074336956752950191e+09
1.068277590537303823e+01 4.038648415195327282e+09
1.072550700899452991e+01 3.892116261209031105e+09
1.076840903703050856e+01 3.828871726917578697e+09
1.081148267317863088e+01 3.804486208397274017e+09
1.085472860387134553e+01 3.836374718776371002e+09
1.089814751828683015e+01 3.630327608081086159e+09
1.094174010835997635e+01 3.621911383712123394e+09
1.098550706879341909e+01 3.507825542238576889e+09
1.102944909706859100e+01 3.481208808525012970e+09
1.107356689345686540e+01 3.455048961000842094e+09
1.111786116103069233e+01 3.375169565609014988e+09
1.116233260567481622e+01 3.331343263496021271e+09
1.120698193609751492e+01 3.247194782014721870e+09
1.125180986384190440e+01 3.224733138813982487e+09
1.129681710329727373e+01 3.162782952026431084e+09
1.134200437171046083e+01 3.139197148684959888e+09
1.138737238919730466e+01 3.085987089233028412e+09
1.143292187875409383e+01 3.013706308638819218e+09
1.147865356626910938e+01 2.994519446508817196e+09
1.152456818053418530e+01 2.924638521822271347e+09
1.157066645325632237e+01 2.864128495677433491e+09
1.161694911906934635e+01 2.829104841192131996e+09
1.166341691554562487e+01 2.813868399854148388e+09
1.171007058320780736e+01 2.735712599524115086e+09
1.175691086554063958e+01 2.657993303950561047e+09
1.180393850900279951e+01 2.652734335398132324e+09
1.185115426303881137e+01 2.597082186267239094e+09
1.189855888009096674e+01 2.594297914409135818e+09
1.194615311561133097e+01 2.544450177929732800e+09
1.199393772807377623e+01 2.507742946359039307e+09
1.204191347898607134e+01 2.470902783457064629e+09
1.209008113290201614e+01 2.435942972788529873e+09
1.213844145743362368e+01 2.371513889038190842e+09
1.218699522326335938e+01 2.369712858850488663e+09
1.223574320415641381e+01 2.301662649229893208e+09
1.228468617697303777e+01 2.314940051459393978e+09
1.233382492168093059e+01 2.228210320865784168e+09
1.238316022136765504e+01 2.225351903661923885e+09
1.243269286225312520e+01 2.120285786052894592e+09
1.248242363370213859e+01 2.156386942009500027e+09
1.253235332823694748e+01 2.089483701227330685e+09
1.258248274154989410e+01 2.088720090663097858e+09
1.263281267251609385e+01 2.055115001100076675e+09
1.268334392320615756e+01 1.999819223260372639e+09
1.273407729889898299e+01 2.028371590040913105e+09
1.278501360809457665e+01 1.925300815011689186e+09
1.283615366252695544e+01 1.894147258317408800e+09
1.288749827717706253e+01 1.923419862986231804e+09
1.293904827028577031e+01 1.830731109029406786e+09
1.299080446336691352e+01 1.850458779882578611e+09
1.304276768122038099e+01 1.797055219095862865e+09
1.309493875194526424e+01 1.792899525377676964e+09
1.314731850695304693e+01 1.742868137573620081e+09
1.319990778098085649e+01 1.713275108833828211e+09
1.325270741210477965e+01 1.688558418091235399e+09
1.330571824175319939e+01 1.661612863444717884e+09
1.335894111472021173e+01 1.634579561280008793e+09
1.341237687917909227e+01 1.629183044324599504e+09
1.346602638669580898e+01 1.567795049296464920e+09
1.351989049224258999e+01 1.587022577353033304e+09
1.357397005421156067e+01 1.534894171187883615e+09
1.362826593442840917e+01 1.521522325748553991e+09
1.368277899816612297e+01 1.506059894943742275e+09
1.373751011415878942e+01 1.456262172507856369e+09
1.379246015461542463e+01 1.471258128862660408e+09
1.384762999523388416e+01 1.414143821507529259e+09
1.390302051521481808e+01 1.437485441039866447e+09
1.395863259727567751e+01 1.396562625477102995e+09
1.401446712766477987e+01 1.356577500161226273e+09
1.407052499617543972e+01 1.374064651420962811e+09
1.412680709616014063e+01 1.300129776603289604e+09
1.418331432454478147e+01 1.275733484077828884e+09
1.424004758184296193e+01 1.289761338760294199e+09
1.429700777217033369e+01 1.281890459760674238e+09
1.435419580325901379e+01 1.236442638076728582e+09
1.441161258647204946e+01 1.232139772925696611e+09
1.446925903681793812e+01 1.186135251483443260e+09
1.452713607296521126e+01 1.194847215307642698e+09
1.458524461725707155e+01 1.177852072325769186e+09
1.464358559572609764e+01 1.132772575968995094e+09
1.470215993810900557e+01 1.116559247278832674e+09
1.476096857786143879e+01 1.139034758597924232e+09
1.482001245217288599e+01 1.103410717331560373e+09
1.487929250198157760e+01 1.077207168026206732e+09
1.493880967198950316e+01 1.064001793791409969e+09
1.499856491067746056e+01 1.048712470234869599e+09
1.505855917032016933e+01 1.043326339947460294e+09
1.511879340700144958e+01 1.019639330140069246e+09
1.517926858062945605e+01 9.965250008813521862e+08
1.523998565495197433e+01 9.990628916968622208e+08
1.530094559757178274e+01 9.659907867386726141e+08
1.536214937996206764e+01 9.536053678899942636e+08
1.542359797748191674e+01 9.402510098577424288e+08
1.548529236939184450e+01 9.324242339303963184e+08
1.554723353886941339e+01 9.039220263852295876e+08
1.560942247302489072e+01 9.138038092459751368e+08
1.567186016291699069e+01 8.900072724203188419e+08
1.573454760356865556e+01 8.715234503489269018e+08
1.579748579398293096e+01 8.688727087494522333e+08
1.586067573715886247e+01 8.473239585887641907e+08
1.592411844010749888e+01 8.492759745890464783e+08
1.598781491386792730e+01 8.062757172758324146e+08
1.605176617352340074e+01 8.107549350103828907e+08
1.611597323821749228e+01 7.857645017307217121e+08
1.618043713117036120e+01 7.790045632805070877e+08
1.624515887969504391e+01 7.600513356707727909e+08
1.631013951521382310e+01 7.732988743480995893e+08
1.637538007327468037e+01 7.628273317238987684e+08
1.644088159356778078e+01 7.504407855674161911e+08
1.650664511994205341e+01 7.218233590627222061e+08
1.657267170042182158e+01 7.050990729258275032e+08
1.663896238722350418e+01 6.913681477308312654e+08
1.670551823677240222e+01 6.952945806265125275e+08
1.677234030971949608e+01 6.983224314797080755e+08
1.683942967095837062e+01 6.717985966442881823e+08
1.690678738964220429e+01 6.610085429665185213e+08
1.697441453920077237e+01 6.623896550147298574e+08
1.704231219735757108e+01 6.669954880365293026e+08
1.711048144614700561e+01 6.223708539631526470e+08
1.717892337193159236e+01 6.265172236654211283e+08
1.724763906541932101e+01 6.015670291175570488e+08
1.731662962168099895e+01 5.962073701594065428e+08
1.738589614016772344e+01 5.911202338623590469e+08
1.745543972472839300e+01 5.945848914797396660e+08
1.752526148362730751e+01 5.810930277350264788e+08
1.759536252956181812e+01 5.655802480374958515e+08
1.766574397968006238e+01 5.544317151048004627e+08
1.773640695559878466e+01 5.491247007072056532e+08
1.780735258342117433e+01 5.468541818066134453e+08
1.787858199375486024e+01 5.422798485012643337e+08
1.795009632172988034e+01 5.227848552778415084e+08
1.802189670701679702e+01 5.259476006050214767e+08
1.809398429384486562e+01 5.142336396884495020e+08
1.816636023102024211e+01 4.873261625152758360e+08
1.823902567194432578e+01 5.056482300965461731e+08
1.831198177463210186e+01 4.953831467671169043e+08
1.838522970173062987e+01 4.827233959630568624e+08
1.845877062053754969e+01 4.816826301151866317e+08
1.853260570301970134e+01 4.548252432502186298e+08
1.860673612583178027e+01 4.468920215811579823e+08
1.868116307033510637e+01 4.519130490825358033e+08
1.875588772261644976e+01 4.431819469048112631e+08
1.883091127350691352e+01 4.455148391177081466e+08
1.890623491860094063e+01 4.310189752889615893e+08
1.898185985827534594e+01 4.226439603840231895e+08
1.905778729770844748e+01 4.306308315969966650e+08
1.913401844689928311e+01 4.251395613693218827e+08
1.921055452068688041e+01 3.952862409073373079e+08
1.928739673876962968e+01 4.046961357878731489e+08
1.936454632572470658e+01 3.968911778043515086e+08
1.944200451102760141e+01 3.771096948710470796e+08
1.951977252907171589e+01 3.927835152027583718e+08
1.959785161918800256e+01 3.695626463120718598e+08
1.967624302566475691e+01 3.693435225710812807e+08
1.991079942767366973e+01 3.563920447615292072e+08
