# Wavelength (micrometer), Flux (W / m2 / m)
1.000553076518779783e-01 7.402869189428023528e+05
1.004555288824854897e-01 7.477009284835324999e-07
1.008573509980154326e-01 9.729326014160329668e-07
1.012607804020075053e-01 1.364766755826068292e-06
1.016658235236155422e-01 1.526545492149357293e-06
1.020724868177099870e-01 1.439664529753727748e-06
1.024807767649808382e-01 2.037150889896191559e-06
1.028906998720407612e-01 2.450156148386751876e-06
1.033022626715289355e-01 2.756633860158333759e-06
1.037154717222150413e-01 3.463793549696451644e-06
1.041303336091038839e-01 4.050610161563705225e-06
1.045468549435403099e-01 4.063890185491438814e-06
1.049650423633144702e-01 5.568533973047618942e-06
1.053849025327677214e-01 8.245004514308136936e-06
1.058064421428987906e-01 9.821316384034245992e-06
1.062296679114703990e-01 8.769956690840019633e-06
1.066545865831162732e-01 1.361042145866400085e-05
1.070812049294487533e-01 1.129149552815708575e-05
1.075095297491665408e-01 1.614502459687231802e-05
1.079395678681632220e-01 2.353199379500273063e-05
1.083713261396358624e-01 2.032785896964530733e-05
1.088048114441943909e-01 2.877378131912093704e-05
1.092400306899711654e-01 3.511169204042461630e-05
1.096769908127310511e-01 3.341181616289972431e-05
1.101156987759819850e-01 5.742667663321166134e-05
1.105561615710859147e-01 4.849012941383100200e-05
1.109983862173702651e-01 6.809321100164700876e-05
1.114423797622397516e-01 9.778589085370991926e-05
1.118881492812886930e-01 6.967259583538635333e-05
1.123357018784138517e-01 1.097123361741327165e-04
1.127850446859275102e-01 1.512806327933114044e-04
1.132361848646712132e-01 1.464219263384695133e-04
1.136891296041298988e-01 1.584068307855933291e-04
1.141438861225464035e-01 2.094387370668586608e-04
1.146004616670366072e-01 1.983401019113450060e-04
1.150588635137047705e-01 2.931782805226712313e-04
1.155190989677595953e-01 2.103616709263572237e-04
1.159811753636306314e-01 3.277044403454909788e-04
1.164451000650851553e-01 3.276337177797332997e-04
1.169108804653455069e-01 3.958767991651532996e-04
1.173785239872068981e-01 4.960690361165559503e-04
1.178480380831557206e-01 6.936128854112568170e-04
1.183194302354883543e-01 5.647465523948534682e-04
1.187927079564302935e-01 6.271763075287673309e-04
1.192678787882560099e-01 8.872056590502749255e-04
1.197449503034090645e-01 1.051597044831657519e-03
1.202239301046226783e-01 1.038314395675590416e-03
1.207048258250411760e-01 1.117612095614726672e-03
1.211876451283413342e-01 1.598132450739553258e-03
1.216723957088547137e-01 1.904740556644091750e-03
1.221590852916901310e-01 3.781874567042842108e-03
1.226477216328568792e-01 1.524451130167189458e-02
1.231383125193883099e-01 4.369639267070807992e-03
1.236308657694658586e-01 6.945089429308421922e-03
1.241253892325437369e-01 3.724324973190810267e-03
1.246218907894739159e-01 3.650649190940817145e-03
1.251203783526317892e-01 4.151311505480386257e-03
1.256208598660423226e-01 5.271234785826152056e-03
1.261233433055065078e-01 6.413067162223774938e-03
1.266278366787285392e-01 5.583122307155511353e-03
1.271343480254434610e-01 9.729940647064306072e-03
1.276428854175452321e-01 9.741502515353555811e-03
1.281534569592154005e-01 8.337883336652024760e-03
1.286660707870522780e-01 9.940137576855023749e-03
1.291807350702004475e-01 1.624578317971090563e-02
1.296974580104812425e-01 1.700231226962204550e-02
1.302162478425231973e-01 1.688530972107842379e-02
1.307371128338932764e-01 2.356598422835928450e-02
1.312600612852288795e-01 3.253221888238991277e-02
1.317851015303697915e-01 2.596636296251927239e-02
1.323122419364912705e-01 2.684133481713266850e-02
1.328414909042372472e-01 3.283746462885497180e-02
1.333728568678542170e-01 5.261434791887956847e-02
1.339063482953256612e-01 3.607481745222304581e-02
1.344419736885069383e-01 4.398316943361506998e-02
1.349797415832609815e-01 5.245109128308837049e-02
1.355196605495940232e-01 6.939759470216193271e-02
1.360617391917924301e-01 8.381369187639584051e-02
1.366059861485595939e-01 7.921304071967391613e-02
1.371524100931538481e-01 1.079826517486401488e-01
1.377010197335264696e-01 1.409495929152504434e-01
1.382518238124605670e-01 1.392284225665276209e-01
1.388048311077104136e-01 1.888770661386906524e-01
1.393600504321412248e-01 2.875783603396121491e-01
1.399174906338697677e-01 2.699612408738517044e-01
1.404771605964052761e-01 3.934487031030171611e-01
1.410390692387908651e-01 4.810438203232016430e-01
1.416032255157460562e-01 6.793814597319668414e-01
1.421696384178090522e-01 6.467388612640502243e-01
1.427383169714803168e-01 7.113173370761621817e-01
1.433092702393662099e-01 2.284963289106786810e+00
1.438825073203236771e-01 1.085001041144614042e+00
1.444580373496049674e-01 1.964991511561891002e+00
1.450358694990033503e-01 2.606725336989649922e+00
1.456160129769993872e-01 4.169410690903597505e+00
1.461984770289073976e-01 2.173191932381030256e+00
1.467832709370230082e-01 2.868461882906084615e+00
1.473704040207710897e-01 4.467762196174557054e+00
1.479598856368541382e-01 4.680926193477096930e+00
1.485517251794015725e-01 5.440546230372967251e+00
1.491459320801191979e-01 1.479606220449727516e+01
1.497425158084396690e-01 7.119317157603319401e+00
1.503414858716734248e-01 2.978420642886369762e+01
1.509428518151600951e-01 2.302778298650893518e+01
1.515466232224207677e-01 1.255101420301166115e+01
1.521528097153104220e-01 2.171930060347298408e+01
1.527614209541716672e-01 1.907303437846056582e+01
1.533724666379883694e-01 1.671402079961180931e+01
1.539859565045403056e-01 2.518302295144899006e+01
1.546019003305584838e-01 1.100512108755630791e+01
1.552203079318807133e-01 1.563937479632014771e+01
1.558411891636082569e-01 1.592356679630239746e+01
1.564645539202626778e-01 1.455659188796007619e+01
1.570904121359437411e-01 1.537319716720654483e+01
1.577187737844875093e-01 1.519096529591908151e+01
1.583496488796254653e-01 1.705680385503309893e+01
1.589830474751439959e-01 2.393065346669660087e+01
1.596189796650445414e-01 2.240297203292501749e+01
1.602574555837047166e-01 2.472831064488308783e+01
1.608984854060395708e-01 2.806663850484412492e+01
1.615420793476636807e-01 3.123355525755723505e+01
1.621882476650543525e-01 3.561000561564470956e+01
1.628370006557145755e-01 4.231458421089365629e+01
1.634883486583374457e-01 4.518946917847126343e+01
1.641423020529707844e-01 5.026784491417317469e+01
1.647988712611826723e-01 5.850714571913685091e+01
1.654580667462274002e-01 6.287984150127167027e+01
1.661198990132123077e-01 7.815347598630826553e+01
1.667843786092651215e-01 8.973523953232549388e+01
1.674515161237022098e-01 1.063072635109757016e+02
1.681213221881969755e-01 1.319125460238372796e+02
1.687938074769497754e-01 1.391014897983542937e+02
1.694689827068575905e-01 2.187031286478847107e+02
1.701468586376850278e-01 2.122393275065033436e+02
1.708274460722357391e-01 2.467053181842863694e+02
1.715107558565246715e-01 2.869966088378844233e+02
1.721967988799507909e-01 3.159976919307144385e+02
1.728855860754705820e-01 3.908411718562991837e+02
1.735771284197724640e-01 3.913982435827020367e+02
1.742714369334515678e-01 4.377481263376658376e+02
1.749685226811853456e-01 6.275951352022583478e+02
1.756683967719100681e-01 5.654853921945816637e+02
1.763710703589977391e-01 8.401709267923915831e+02
1.770765546404337309e-01 9.610015346186694387e+02
1.777848608589954471e-01 8.126193597269804059e+02
1.784960003024314568e-01 1.274530423828841322e+03
1.792099843036411844e-01 1.212261726714885526e+03
1.799268242408557650e-01 1.365092281237771886e+03
1.806465315378191772e-01 1.996946035703130065e+03
1.813691176639704306e-01 1.410030962235655352e+03
1.820945941346263086e-01 2.066327398024414379e+03
1.828229725111648329e-01 3.096365139936403011e+03
1.835542644012094771e-01 1.873104676709690239e+03
1.842884814588143239e-01 3.033306856205439090e+03
1.850256353846495561e-01 4.828463240180316461e+03
1.857657379261881403e-01 3.043039406913104358e+03
1.865088008778928996e-01 5.562602877526014709e+03
1.872548360814044743e-01 5.534891992221705550e+03
1.880038554257300876e-01 4.442797664150235505e+03
1.887558708474330049e-01 7.906324085417299102e+03
1.895108943308226879e-01 7.151177527873910549e+03
1.902689379081460019e-01 6.789284271135799827e+03
1.910300136597785636e-01 1.295035224202226891e+04
1.917941337144176972e-01 1.090241826569218210e+04
1.925613102492753359e-01 1.203269819886080586e+04
1.933315554902724498e-01 1.970865359546323089e+04
1.941048817122335568e-01 1.767323960134207664e+04
1.948813012390824828e-01 1.887943181095633918e+04
1.956608264440388156e-01 3.315307637114302634e+04
1.964434697498149418e-01 2.355673661950373571e+04
1.972292436288141937e-01 2.999486282844611924e+04
1.980181606033294406e-01 4.648057701181269658e+04
1.988102332457427346e-01 3.925298194765931112e+04
1.996054741787257336e-01 3.917927045092147455e+04
2.004038960754406518e-01 4.928263392837117135e+04
2.012055116597424309e-01 5.459393872864122386e+04
2.020103337063813842e-01 5.875732774170160701e+04
2.028183750412069219e-01 6.746402166054960981e+04
2.036296485413717494e-01 6.467128768156809383e+04
2.044441671355372303e-01 6.513706208976518974e+04
2.052619438040793887e-01 7.940185417483260971e+04
2.060829915792957157e-01 7.983575164732214762e+04
2.069073235456129201e-01 8.195937099899313762e+04
2.077349528397953449e-01 9.066775050548661966e+04
2.085658926511545219e-01 1.028077309998857236e+05
2.094001562217591150e-01 1.056460208426146128e+05
2.102377568466461677e-01 1.132955034397630661e+05
2.110787078740327671e-01 1.082438540168762265e+05
2.119230227055288740e-01 1.230533243386653776e+05
2.127707147963510126e-01 1.346285966586618160e+05
2.136217976555363773e-01 1.507143958574269200e+05
2.144762848461585492e-01 1.365106047584468615e+05
2.153341899855431840e-01 1.624264442788837478e+05
2.161955267454853669e-01 1.887074783387888165e+05
2.170603088524672986e-01 2.088321001079837442e+05
2.179285500878772042e-01 1.991439994574773300e+05
2.188002642882286852e-01 2.229586161157990573e+05
2.196754653453815986e-01 2.690354622261002660e+05
2.205541672067631020e-01 2.734608898527153651e+05
2.214363838755901703e-01 3.610817914457590086e+05
2.223221294110925284e-01 3.063452803638602491e+05
2.232114179287369160e-01 4.834774364452485461e+05
2.241042636004518529e-01 4.272116286596580758e+05
2.250006806548536520e-01 6.535015138091760455e+05
2.259006833774730438e-01 5.347754048709565541e+05
2.268042861109829667e-01 6.781700170717778383e+05
2.277115032554268836e-01 7.926999216579173226e+05
2.286223492684485714e-01 8.786013439308797242e+05
2.295368386655223802e-01 1.293560672062489437e+06
2.304549860201844658e-01 8.119114022124743788e+05
2.313768059642651864e-01 1.320365325407943456e+06
2.323023131881222503e-01 1.346746424836970633e+06
2.332315224408747223e-01 1.817707073378743837e+06
2.341644485306381973e-01 1.952858621896513738e+06
2.351011063247607502e-01 1.188149291211231844e+06
2.360415107500598020e-01 2.176782775662018918e+06
2.369856767930600405e-01 1.382100659536719555e+06
2.379336195002322851e-01 2.582908490487779025e+06
2.388853539782332114e-01 2.452585256015124731e+06
2.398408953941461863e-01 4.361284952263732441e+06
2.408002589757227141e-01 5.353075911662844941e+06
2.417634600116256582e-01 2.818417673995120451e+06
2.427305138516721306e-01 7.230457630763047375e+06
2.437014359070788505e-01 6.371064301937650889e+06
2.446762416507071713e-01 1.322535823937348649e+07
2.456549466173099938e-01 7.750763748553405516e+06
2.466375664037792625e-01 9.232205340010277927e+06
2.476241166693943785e-01 1.034410121999875642e+07
2.486146131360719436e-01 4.809677040888565592e+06
2.496090715886161993e-01 9.891423477855926380e+06
2.506075078749706586e-01 9.833742243904458359e+06
2.516099379064705155e-01 1.146422830604993366e+07
2.526163776580964138e-01 1.332534545519653708e+07
2.536268431687287994e-01 3.818818317801605165e+07
2.546413505414037437e-01 3.938150987980998307e+07
2.556599159435693491e-01 4.140122296323067695e+07
2.566825556073435988e-01 3.263152202600316703e+07
2.577092858297729827e-01 3.861641907630988955e+07
2.587401229730920682e-01 2.779250601281564310e+07
2.597750834649844576e-01 4.623217113219670951e+07
2.608141837988444123e-01 4.565264288842212409e+07
2.618574405340398092e-01 1.073243503911890984e+08
2.629048702961759298e-01 2.376467855117840469e+08
2.639564897773606367e-01 2.360118188938198090e+08
2.650123157364701054e-01 2.373288625826101601e+08
2.660723649994159445e-01 1.891495471686750650e+08
2.671366544594135917e-01 1.894578216478112936e+08
2.682052010772512096e-01 2.276324509336858988e+08
2.692780218815602478e-01 1.534021711534357965e+08
2.703551339690865030e-01 2.648932705363404453e+08
2.714365545049627904e-01 1.603462021060079336e+08
2.725223007229827243e-01 1.216978745785230249e+08
2.736123899258746106e-01 1.693558515404404700e+08
2.747068394855781692e-01 1.697038045431301296e+08
2.758056668435204806e-01 2.835547372496958375e+08
2.769088895108945403e-01 5.520728727259513140e+08
2.780165250689380918e-01 4.383688541845208406e+08
2.791285911692138466e-01 5.057846699401026964e+08
2.802451055338907038e-01 4.184360128454448581e+08
2.813660859560263017e-01 3.582477789461584687e+08
2.824915502998503469e-01 2.967346430628844500e+08
2.836215165010497197e-01 2.244591954606886804e+08
2.847560025670539119e-01 1.151960332343192250e+08
2.858950265773221866e-01 1.574426260412075520e+08
2.870386066836315142e-01 3.006452135863168836e+08
2.881867611103660631e-01 5.119581676654994488e+08
2.893395081548075787e-01 8.301854987698684931e+08
2.904968661874267610e-01 1.135724758654559851e+09
2.916588536521764197e-01 1.563836978725008488e+09
2.928254890667851273e-01 1.662545933307924271e+09
2.939967910230522619e-01 1.432402129012495279e+09
2.951727781871444911e-01 1.211090328686966419e+09
2.963534692998930908e-01 1.520670678621694326e+09
2.975388831770926501e-01 1.518802144444818020e+09
2.987290387098009981e-01 2.090864659814440250e+09
2.999239548646402409e-01 1.627007616425321341e+09
3.011236506840988536e-01 2.985701644814018250e+09
3.023281452868351593e-01 1.274671825189352274e+09
3.035374578679824742e-01 4.092184490470767975e+09
3.047516076994544187e-01 4.151847958887504578e+09
3.059706141302522830e-01 5.470635270739624977e+09
3.071944965867733357e-01 1.152320302278110123e+10
3.084232745731204095e-01 1.896807640585314560e+10
3.096569676714128194e-01 1.339240444720954704e+10
3.108955955420985018e-01 2.771036281894945908e+10
3.121391779242668751e-01 2.911861889279146576e+10
3.133877346359639215e-01 3.541229794720568848e+10
3.146412855745078230e-01 3.969343734995446014e+10
3.158998507168058190e-01 4.221145994698369598e+10
3.171634501196730627e-01 5.466060831193643188e+10
3.184321039201517545e-01 3.456539446477206421e+10
3.197058323358323295e-01 2.233781428033871460e+10
3.209846556651756444e-01 4.593621723268612671e+10
3.222685942878363852e-01 5.403958195742407227e+10
3.235576686649877520e-01 5.390841011299700928e+10
3.248518993396476984e-01 7.677165909327665710e+10
3.261513069370062801e-01 8.813687902342497253e+10
3.274559121647543369e-01 1.046148719940899353e+11
3.287657358134133401e-01 1.042646389859849091e+11
3.300807987566670154e-01 7.966571314404397583e+10
3.314011219516936890e-01 1.250076387222061920e+11
3.327267264395004642e-01 1.341754749189351807e+11
3.340576333452584534e-01 1.097105366958394318e+11
3.353938638786395088e-01 9.733597113988140869e+10
3.367354393341540630e-01 9.694540360218911743e+10
3.380823810914907468e-01 1.028114059659896698e+11
3.394347106158566718e-01 1.532097937357362976e+11
3.407924494583201014e-01 1.428468821744907837e+11
3.421556192561533982e-01 1.274964405833576050e+11
3.435242417331779707e-01 5.501698124538821411e+10
3.448983387001106626e-01 6.449080318274740601e+10
3.462779320549111417e-01 7.899055242866087341e+10
3.476630437831307319e-01 5.374961381742807007e+10
3.490536959582632992e-01 5.668793860687532806e+10
3.504499107420963600e-01 1.647063887478999634e+11
3.518517103850647421e-01 1.251687518335867004e+11
3.532591172266050239e-01 1.917486846626662292e+11
3.546721536955114717e-01 2.383110949837207031e+11
3.560908423102934761e-01 8.961220830864610291e+10
3.575152056795346533e-01 5.145551162747006989e+10
3.589452665022527800e-01 1.212875383129417725e+11
3.603810475682617254e-01 1.666662808126580505e+11
3.618225717585348278e-01 1.217406712057855530e+11
3.632698620455689364e-01 1.127422354348463593e+11
3.647229414937512293e-01 8.824175659213954163e+10
3.661818332597261971e-01 2.463337066968380432e+11
3.676465605927651259e-01 1.601632401097503662e+11
3.691171468351361895e-01 1.746906122506487732e+11
3.705936154224767076e-01 8.065397338847271729e+10
3.720759898841666247e-01 2.874620940360544205e+10
3.735642938437032656e-01 2.750791822684130096e+10
3.750585510190780902e-01 3.878578480157405853e+10
3.765587852231543908e-01 1.113115958033023224e+11
3.780650203640470441e-01 2.774889187333363647e+11
3.795772804455032068e-01 1.595125920339859314e+11
3.810955895672852312e-01 1.882449243298797302e+11
3.826199719255543585e-01 5.934434938840106964e+10
3.841504518132565771e-01 1.174372768096491852e+11
3.856870536205096456e-01 4.952466600627442169e+10
3.872298018349916715e-01 1.097435510917327881e+11
3.887787210423316320e-01 9.302762206851268005e+10
3.903338359265008939e-01 1.371411571441931000e+11
3.918951712702069545e-01 1.518973030925932007e+11
3.934627519552877928e-01 1.076012738421046295e+11
3.950366029631089404e-01 2.636100054202627258e+11
3.966167493749613859e-01 1.692352223772364807e+11
3.982032163724612550e-01 3.594351326714721680e+11
3.997960292379510450e-01 4.322042158933834839e+11
4.013952133549028578e-01 5.824879856535810547e+11
4.030007942083224659e-01 6.960846177116672363e+11
4.046127973851557647e-01 4.961138797834695435e+11
4.062312485746963908e-01 5.099318345722882080e+11
4.078561735689951728e-01 5.872760931330936279e+11
4.094875982632711353e-01 6.653596517875782471e+11
4.111255486563242245e-01 7.527184845315759277e+11
4.127700508509495880e-01 6.628982172435699463e+11
4.144211310543532978e-01 5.802443748892459717e+11
4.160788155785707931e-01 6.117630984654301758e+11
4.177431308408850463e-01 4.455925288882330322e+11
4.194141033642486138e-01 2.773847083768953247e+11
4.210917597777056320e-01 1.221954886713002167e+11
4.227761268168164221e-01 3.305402241068542480e+10
4.244672313240837602e-01 1.345984720373720703e+11
4.261651002493800910e-01 2.680104107832814636e+11
4.278697606503775730e-01 3.620269646383803101e+11
4.295812396929790666e-01 3.055485848259963379e+11
4.312995646517510107e-01 4.872081715552996216e+11
4.330247629103580187e-01 7.280279693660797119e+11
4.347568619619994745e-01 9.764394400007427979e+11
4.364958894098474596e-01 8.878759985742852783e+11
4.382418729674867897e-01 5.972547119652346191e+11
4.399948404593567730e-01 8.959553149594130859e+11
4.417548198211941890e-01 8.836059933074044189e+11
4.435218391004789873e-01 7.443270084033280029e+11
4.452959264568808750e-01 8.069621766065838623e+11
4.470771101627084021e-01 1.241281034223055176e+12
4.488654186033592119e-01 1.253361621779877197e+12
4.506608802777726241e-01 1.489721540954621338e+12
4.524635237988837710e-01 1.078750249281670044e+12
4.542733778940792333e-01 1.209494959230836182e+12
4.560904714056555065e-01 1.488428760627844482e+12
4.579148332912781894e-01 1.329772587789887695e+12
4.597464926244433370e-01 1.596663099680672363e+12
4.615854785949410899e-01 1.708966599054884766e+12
4.634318205093208576e-01 1.648171376769827881e+12
4.652855477913582227e-01 1.652351871350842285e+12
4.671466899825236219e-01 1.520921496537594971e+12
4.690152767424536906e-01 1.575947002622561279e+12
4.708913378494234969e-01 1.835773421923284424e+12
4.727749032008212171e-01 1.824570773932641846e+12
4.746660028136244769e-01 1.839705967866986084e+12
4.765646668248789131e-01 1.579151874660788330e+12
4.784709254921784560e-01 1.039163913012760986e+12
4.803848091941470555e-01 1.360048401574031738e+12
4.823063484309236815e-01 1.482852563975689209e+12
4.842355738246474361e-01 1.620520199222589844e+12
4.861725161199459966e-01 1.974932360913563721e+12
4.881172061844257226e-01 1.913709918609229248e+12
4.900696750091634302e-01 1.848658857852395264e+12
4.920299537092001074e-01 1.862778505016840576e+12
4.939980735240369625e-01 2.094447760506941895e+12
4.959740658181330253e-01 1.895526419748823975e+12
4.979579620814056362e-01 1.667666501647762939e+12
4.999497939297311566e-01 1.379667728022929688e+12
5.019495931054501758e-01 1.349357955721397949e+12
5.039573914778719965e-01 1.517207823381499023e+12
5.059732210437835054e-01 1.551493736730747803e+12
5.079971139279585435e-01 1.420195754718554688e+12
5.100291023836703852e-01 1.110996955480330322e+12
5.120692187932051054e-01 1.003197406073454590e+12
5.141174956683780550e-01 9.517889852568504639e+11
5.161739656510514473e-01 8.728711197318435059e+11
5.182386615136556074e-01 7.384660750493581543e+11
5.203116161597103329e-01 1.095913225767595459e+12
5.223928626243490303e-01 1.865155032447524170e+12
5.244824340748465152e-01 2.109277728267031738e+12
5.265803638111459239e-01 1.415157246068025635e+12
5.286866852663905103e-01 2.173351357660958740e+12
5.308014320074561088e-01 2.190013751895303711e+12
5.329246377354859288e-01 1.728367015054624268e+12
5.350563362864277916e-01 2.244465442134397949e+12
5.371965616315735881e-01 1.976485598941734619e+12
5.393453478780998456e-01 2.113865357446914307e+12
5.415027292696121819e-01 2.162085646589705566e+12
5.436687401866906466e-01 1.743801619702852783e+12
5.458434151474373941e-01 1.908316205661348389e+12
5.480267888080271321e-01 2.202723392118376953e+12
5.502188959632591247e-01 2.018133120847409180e+12
5.524197715471121928e-01 2.256835048316934082e+12
5.546294506333006025e-01 2.356039773291996582e+12
5.568479684358338400e-01 2.346287682149191895e+12
5.590753603095770519e-01 1.869080405937551270e+12
5.613116617508153716e-01 2.307160786035586426e+12
5.635569083978186899e-01 2.576903269621172363e+12
5.658111360314097560e-01 2.672242252388324219e+12
5.680743805755354980e-01 2.294989382860360840e+12
5.703466780978375672e-01 2.637864844196104004e+12
5.726280648102289872e-01 2.629147238589656250e+12
5.749185770694699160e-01 2.630808777008696777e+12
5.772182513777477375e-01 2.494999218934738281e+12
5.795271243832587071e-01 2.459977632753968262e+12
5.818452328807918184e-01 2.259793894339025879e+12
5.841726138123150003e-01 1.910285755764559570e+12
5.865093042675643131e-01 1.129364804974008301e+12
5.888553414846344758e-01 3.278284507318331909e+11
5.912107628505729462e-01 7.149091381191044922e+11
5.935756059019753339e-01 1.560100802075367676e+12
5.959499083255832552e-01 2.028167350620052246e+12
5.983337079588855190e-01 2.361541675007867188e+12
6.007270427907210886e-01 2.630438016414194824e+12
6.031299509618840426e-01 2.871376201535625000e+12
6.055424707657315331e-01 3.074694141245125000e+12
6.079646406487945187e-01 3.245149105500370605e+12
6.103964992113897203e-01 3.059408269971721680e+12
6.128380852082353503e-01 2.936193526984852051e+12
6.152894375490681744e-01 2.643420100846994629e+12
6.177505952992645710e-01 2.644984348452085449e+12
6.202215976804615893e-01 2.788320136563678223e+12
6.227024840711834486e-01 2.526858949471138672e+12
6.251932940074681477e-01 2.767315875259069336e+12
6.276940671834980723e-01 2.924415683285046875e+12
6.302048434522321552e-01 3.017922484474711914e+12
6.327256628260409244e-01 3.167935086395027832e+12
6.352565654773452142e-01 2.961752344532207031e+12
6.377975917392545435e-01 1.978167128170920410e+12
6.403487821062116003e-01 2.713721545260731445e+12
6.429101772346363930e-01 3.297627310899222168e+12
6.454818179435749537e-01 3.373352316728198730e+12
6.480637452153492628e-01 3.832803783107832031e+12
6.506560001962106154e-01 3.833784543960980957e+12
6.532586241969955410e-01 4.360227355278776855e+12
6.558716586937833881e-01 4.214625660803026367e+12
6.584951453285585732e-01 4.049536108737307617e+12
6.611291259098727169e-01 4.238819376589575195e+12
6.637736424135122215e-01 4.175562370510442871e+12
6.664287369831662922e-01 3.995982613769016602e+12
6.690944519310989547e-01 3.851472728440296875e+12
6.717708297388232941e-01 3.618586966373658203e+12
6.744579130577786907e-01 3.533156218750508301e+12
6.771557447100098326e-01 3.482575955054313965e+12
6.798643676888498355e-01 3.013462825890439453e+12
6.825838251596052508e-01 2.769088376025029785e+12
6.853141604602436265e-01 2.183797546743020264e+12
6.880554171020846210e-01 1.751908688758401123e+12
6.908076387704928933e-01 1.662076263827187012e+12
6.935708693255748791e-01 2.262661666237445801e+12
6.963451528028771209e-01 2.639939951974794922e+12
6.991305334140887062e-01 2.867755714456827148e+12
7.019270555477450380e-01 3.261078264356972168e+12
7.047347637699360456e-01 4.497920912918440430e+12
7.075537028250157290e-01 4.416820556141048828e+12
7.103839176363159202e-01 4.129190451189672363e+12
7.132254533068611568e-01 3.955834035355262695e+12
7.160783551200886610e-01 4.059594617077686523e+12
7.189426685405689854e-01 4.382773259150540039e+12
7.218184392147313222e-01 4.454523618182348633e+12
7.247057129715901436e-01 4.620854784537748047e+12
7.276045358234763949e-01 4.845739533476850586e+12
7.305149539667704639e-01 4.983801491085451172e+12
7.334370137826373703e-01 4.841773855902178711e+12
7.363707618377679509e-01 4.902753523963190430e+12
7.393162448851190449e-01 4.910655067415126953e+12
7.422735098646596752e-01 4.877382313681364258e+12
7.452426039041182282e-01 4.853546039681596680e+12
7.482235743197346300e-01 4.849526276141036133e+12
7.512164686170136330e-01 4.870858729164479492e+12
7.542213344914817652e-01 4.921003954314361328e+12
7.572382198294477229e-01 4.959120478526226562e+12
7.602671727087656484e-01 4.966461498965476562e+12
7.633082413996006288e-01 5.079226449230913086e+12
7.663614743651989691e-01 3.447669293446688477e+12
7.694269202626597970e-01 3.891290795086409668e+12
7.725046279437104424e-01 5.059619462465268555e+12
7.755946464554852593e-01 5.117518584762778320e+12
7.786970250413072225e-01 5.134205568677135742e+12
7.818118131414724115e-01 5.095392070369087891e+12
7.849390603940383793e-01 5.148440808573507812e+12
7.880788166356144098e-01 5.224564805454254883e+12
7.912311319021569922e-01 5.265190639435980469e+12
7.943960564297655180e-01 5.304960829209463867e+12
7.975736406554845281e-01 5.359094704270294922e+12
8.007639352181065151e-01 5.420526456222695312e+12
8.039669909589789443e-01 5.381630773670432617e+12
8.071828589228148276e-01 5.345299665266736328e+12
8.104115903585061842e-01 5.357980942905879883e+12
8.136532367199402760e-01 5.357485084782905273e+12
8.169078496668199518e-01 4.936398108331185547e+12
8.201754810654874328e-01 4.010046388982329102e+12
8.234561829897493190e-01 5.372816342406768555e+12
8.267500077217083687e-01 5.418566391733727539e+12
8.300570077525952772e-01 5.429687312847222656e+12
8.333772357836056743e-01 5.319450043681942383e+12
8.367107447267401188e-01 5.210410903792219727e+12
8.400575877056470908e-01 5.194741849501616211e+12
8.434178180564695371e-01 5.025837341309854492e+12
8.467914893286955236e-01 5.203110810007286133e+12
8.501786552860102208e-01 5.133442068237987305e+12
8.535793699071543283e-01 5.001457316419339844e+12
8.569936873867830540e-01 5.351926179357329102e+12
8.604216621363300899e-01 5.395296187982693359e+12
8.638633487848753623e-01 5.187169817568813477e+12
8.673188021800150027e-01 4.798001700758083008e+12
8.707880773887352044e-01 4.758401780320507812e+12
8.742712296982900755e-01 4.845441210864006836e+12
8.777683146170831563e-01 5.051793020448666016e+12
8.812793878755513788e-01 4.987164234669418945e+12
8.848045054270535781e-01 5.191822131361823242e+12
8.883437234487617795e-01 4.957554946462895508e+12
8.918970983425568155e-01 5.158098804182029297e+12
8.954646867359271623e-01 5.156971408932274414e+12
8.990465454828707736e-01 5.197177199227456055e+12
9.026427316648023558e-01 5.010891735712966797e+12
9.062533025914615292e-01 4.905607395342379883e+12
9.098783158018273198e-01 5.053638080774077148e+12
9.135178290650346478e-01 5.097814452946525391e+12
9.171719003812948134e-01 5.160454347511071289e+12
9.208405879828199803e-01 5.227041192613260742e+12
9.245239503347512100e-01 5.222326946314364258e+12
9.282220461360901620e-01 5.197524251135659180e+12
9.319349343206346781e-01 5.123707346739291992e+12
9.356626740579171431e-01 5.115984628105599609e+12
9.394053247541488405e-01 4.861310519823439453e+12
9.431629460531654185e-01 5.070650279849150391e+12
9.469355978373780180e-01 5.131342562738617188e+12
9.507233402287275092e-01 5.172800993701807617e+12
9.545262335896426142e-01 5.160514577714636719e+12
9.583443385240012491e-01 5.073767925025449219e+12
9.621777158780971950e-01 5.001501625909114258e+12
9.660264267416096562e-01 4.902549379240927734e+12
9.698905324485760371e-01 5.006578669975813477e+12
9.737700945783701600e-01 4.935076697748395508e+12
9.776651749566835914e-01 4.847503778059554688e+12
9.815758356565105203e-01 5.124881533254252930e+12
9.855021389991363012e-01 5.074295571842633789e+12
9.894441475551331022e-01 4.680521267333331055e+12
9.934019241453534432e-01 3.928023796514282227e+12
9.973755318419349480e-01 4.242947270580456055e+12
1.001365033969302543e+00 4.374069211814049805e+12
1.005370494105179757e+00 4.247452925793530273e+12
1.009391976081600362e+00 4.473702999426245117e+12
1.013429543985926884e+00 4.474213968639694336e+12
1.017483262161870350e+00 4.486077390605057617e+12
1.021553195210518128e+00 4.534244934143380859e+12
1.025639407991360219e+00 4.344227604471622559e+12
1.029741965623325539e+00 4.268240484040846680e+12
1.033860933485818867e+00 4.297950693821497559e+12
1.037996377219762012e+00 4.519281095052130859e+12
1.042148362728641198e+00 4.457021885311890625e+12
1.046316956179555557e+00 4.597999065784359375e+12
1.050502224004274066e+00 4.572085228927886719e+12
1.054704232900291139e+00 4.672312630937707031e+12
1.058923049831892227e+00 4.620536825163137695e+12
1.063158742031219628e+00 4.638221224654012695e+12
1.067411376999344741e+00 4.517572875593230469e+12
1.071681022507342096e+00 4.545284919729035156e+12
1.075967746597371377e+00 4.630837126208208008e+12
1.080271617583760779e+00 4.616155565408589844e+12
1.084592704054095913e+00 4.669889787640257812e+12
1.088931074870312044e+00 4.665013607915585938e+12
1.093286799169793433e+00 4.679593083656674805e+12
1.097659946366472461e+00 4.632101676067666992e+12
1.102050586151938294e+00 4.668695248197856445e+12
1.106458788496546219e+00 4.668448800167025391e+12
1.110884623650532532e+00 4.597427089851107422e+12
1.115328162145134749e+00 4.690416005466125000e+12
1.119789474793714934e+00 4.658518192356260742e+12
1.124268632692889902e+00 4.686368598978239258e+12
1.128765707223661430e+00 4.651358900527781250e+12
1.133280770052556230e+00 4.658321699139070312e+12
1.137813893132766374e+00 4.170969480367954590e+12
1.142365148705297484e+00 4.184704179549515625e+12
1.146934609300118479e+00 4.605066295311655273e+12
1.151522347737319096e+00 4.676475708692390625e+12
1.156128437128268516e+00 4.608429189886541016e+12
1.160752950876781542e+00 4.525595352167368164e+12
1.165395962680288999e+00 4.591264476901946289e+12
1.170057546531009907e+00 4.437688569589979492e+12
1.174737776717134086e+00 4.530186068915770508e+12
1.179436727824002773e+00 4.304219389609225586e+12
1.184154474735298557e+00 4.440229041811844727e+12
1.188891092634239977e+00 4.444628055613304688e+12
1.193646657004777012e+00 4.467168604752409180e+12
1.198421243632796118e+00 4.220128914225885742e+12
1.203214928607327261e+00 4.319488489901845703e+12
1.208027788321756724e+00 4.383608386209661621e+12
1.212859899475043468e+00 4.334272220127815430e+12
1.217711339072943710e+00 4.386266454277254395e+12
1.222582184429235275e+00 4.323948326808482422e+12
1.227472513166952384e+00 4.382370445549454102e+12
1.232382403219620226e+00 4.327598493657199219e+12
1.237311932832498407e+00 4.289592837484823730e+12
1.242261180563828615e+00 4.055352650828507324e+12
1.247230225286083849e+00 4.209344813340759277e+12
1.252219146187228072e+00 4.091340382594546387e+12
1.257228022771976983e+00 4.183277577942641113e+12
1.262256934863064783e+00 4.164731107282403320e+12
1.267305962602517155e+00 4.194092264549987305e+12
1.272375186452927354e+00 4.170080765865739258e+12
1.277464687198738957e+00 4.157130827699377441e+12
1.282574545947533950e+00 4.105193955888549316e+12
1.287704844131324133e+00 4.025124528083811035e+12
1.292855663507849417e+00 3.992933059961219727e+12
1.298027086161880783e+00 4.040696337063661133e+12
1.303219194506528344e+00 4.037229594200216797e+12
1.308432071284554521e+00 4.002044671153415527e+12
1.313665799569692760e+00 4.033016003596387207e+12
1.318920462767971591e+00 4.019121192776741211e+12
1.324196144619043336e+00 3.956069246438508301e+12
1.329492929197519491e+00 3.904025628024618164e+12
1.334810900914309650e+00 3.765375390331762695e+12
1.340150144517967101e+00 3.727677542987973145e+12
1.345510745096038852e+00 3.716505705808687012e+12
1.350892788076423212e+00 3.719397337893709961e+12
1.356296359228728932e+00 3.699283109343878418e+12
1.361721544665643879e+00 3.711476878440149902e+12
1.367168430844306393e+00 3.717250633255442383e+12
1.372637104567683730e+00 3.734704653464028320e+12
1.378127652985954299e+00 3.710969355950643066e+12
1.383640163597898098e+00 3.692737562204306152e+12
1.389174724252289828e+00 3.644812427527624023e+12
1.394731423149298877e+00 3.611950193147296875e+12
1.400310348841896202e+00 3.584703557246071777e+12
1.405911590237263642e+00 3.572544169814011230e+12
1.411535236598212784e+00 3.519714834332809082e+12
1.417181377544605603e+00 3.493953051150642578e+12
1.422850103054784210e+00 3.491688193571856445e+12
1.428541503467003038e+00 3.436956323528780762e+12
1.434255669480871243e+00 3.456695851559525879e+12
1.439992692158794885e+00 3.444696254149831543e+12
1.445752662927429988e+00 3.442677117698819336e+12
1.451535673579139596e+00 3.425010581781036621e+12
1.457341816273456159e+00 3.408732301721887695e+12
1.463171183538549913e+00 3.388629504867443848e+12
1.469023868272704147e+00 3.349240891896707031e+12
1.474899963745795128e+00 3.357745444051422363e+12
1.480799563600778246e+00 3.343758697427937988e+12
1.486722761855181485e+00 3.312546217690501953e+12
1.492669652902602007e+00 3.321650746698885742e+12
1.498640331514212276e+00 3.300789353464423828e+12
1.504634892840269300e+00 3.241096315319803711e+12
1.510653432411630304e+00 3.286378645121470215e+12
1.516696046141276843e+00 3.260670109243056152e+12
1.522762830325842032e+00 3.282650641253167480e+12
1.528853881647145307e+00 3.279255805644477539e+12
1.534969297173733649e+00 3.247791770092543945e+12
1.541109174362428780e+00 3.238417026103493164e+12
1.547273611059878373e+00 3.229261128015348633e+12
1.553462705504118135e+00 3.217772678757433594e+12
1.559676556326134556e+00 3.199923824616799805e+12
1.565915262551438980e+00 3.195408405578698242e+12
1.572178923601644795e+00 3.176318688779224121e+12
1.578467639296051495e+00 3.186324500154195801e+12
1.584781509853235626e+00 3.171616781963131836e+12
1.591120635892648405e+00 3.156517074377298340e+12
1.597485118436219098e+00 3.152569898949529785e+12
1.603875058909963958e+00 3.126349681134222656e+12
1.610290559145603595e+00 3.105789936582647949e+12
1.616731721382186127e+00 3.023462561328262207e+12
1.623198648267714761e+00 3.063461885502748535e+12
1.629691442860785600e+00 3.066949687869413086e+12
1.636210208632228769e+00 3.058912101685627930e+12
1.642755049466757766e+00 3.028900202314368652e+12
1.649326069664624805e+00 3.006598581674748535e+12
1.655923373943283039e+00 2.981561800529742676e+12
1.662547067439056336e+00 2.951914835509239258e+12
1.669197255708812611e+00 2.929195748133557617e+12
1.675874044731648027e+00 2.900965529978094238e+12
1.682577540910574321e+00 2.867827947241828125e+12
1.689307851074216771e+00 2.834397442215678711e+12
1.696065082478513508e+00 2.796735582029223145e+12
1.702849342808427480e+00 2.756713123414092285e+12
1.709660740179661298e+00 2.689908309477420898e+12
1.716499383140379864e+00 2.653849943007491699e+12
1.723365380672941427e+00 2.621711759085270996e+12
1.730258842195633306e+00 2.580177860317901855e+12
1.737179877564415831e+00 2.522435442028963867e+12
1.744128597074673603e+00 2.478508572244739746e+12
1.751105111462972097e+00 2.435496430586280273e+12
1.758109531908824241e+00 2.369411401548304688e+12
1.765141970036459451e+00 2.330958110953576172e+12
1.772202537916605314e+00 2.281815722980770508e+12
1.779291348068271716e+00 2.223390991139577148e+12
1.786408513460544745e+00 2.184084701180931641e+12
1.793554147514387020e+00 2.135990110353863770e+12
1.800728364104444257e+00 2.111516950687782227e+12
1.807931277560862249e+00 2.066271148521532227e+12
1.815163002671105641e+00 2.059660686623073242e+12
1.822423654681789795e+00 2.033516787697471680e+12
1.829713349300517100e+00 1.995989883902089111e+12
1.837032202697718830e+00 1.983624883164088135e+12
1.844380331508509885e+00 1.888449223862997314e+12
1.851757852834543527e+00 1.883760610499745361e+12
1.859164884245881888e+00 1.803394149533559814e+12
1.866601543782865358e+00 1.860900063578680420e+12
1.874067949957996859e+00 1.815546235123878418e+12
1.881564221757828781e+00 1.828245157721362549e+12
1.889090478644860127e+00 1.818561754828819580e+12
1.896646840559439662e+00 1.814980761655898438e+12
1.904233427921677269e+00 1.794721423433768555e+12
1.911850361633363971e+00 1.794431811908027344e+12
1.919497763079897279e+00 1.757804807225249512e+12
1.927175754132217200e+00 1.664461900483249268e+12
1.934884457148745796e+00 1.675277728612408203e+12
1.942623994977340729e+00 1.538347721914439453e+12
1.950394490957250149e+00 1.561562505051808594e+12
1.958196068921079336e+00 1.642839747519337891e+12
1.966028853196763793e+00 1.637619002275884033e+12
1.973892968609550991e+00 1.484682495236434082e+12
1.981788540483989447e+00 1.463148824460519531e+12
1.989715694645925126e+00 1.464982018375127441e+12
1.997674557424508723e+00 1.533264800415466309e+12
2.005665255654207169e+00 1.527236632516856445e+12
2.013687916676823786e+00 1.501460289906213379e+12
2.021742668343530891e+00 1.497176302910230469e+12
2.029829639016905052e+00 1.471090542286095459e+12
2.037948957572972564e+00 1.459730606463341064e+12
2.046100753403264694e+00 1.444241623894550537e+12
2.054285156416877811e+00 1.444845084901090820e+12
2.062502297042545507e+00 1.419033812635167969e+12
2.070752306230715600e+00 1.414764913534682617e+12
2.079035315455638244e+00 1.403053434763435059e+12
2.087351456717461140e+00 1.386671302616949707e+12
2.095700862544330967e+00 1.377414073864469238e+12
2.104083665994508134e+00 1.370086510412340576e+12
2.112500000658485977e+00 1.360009819477940186e+12
2.120950000661120161e+00 1.348945177414112305e+12
2.129433800663764753e+00 1.331952437077732666e+12
2.137951535866419839e+00 1.323091838368170166e+12
2.146503342009885351e+00 1.317686663550331787e+12
2.155089355377924676e+00 1.304869528097568115e+12
2.163709712799436691e+00 1.295213302477465088e+12
2.172364551650634468e+00 1.282599298753322266e+12
2.181054009857236853e+00 1.267137495089477051e+12
2.189778225896665376e+00 1.256971288078249756e+12
2.198537338800252705e+00 1.246941572732150635e+12
2.207331488155453325e+00 1.191387045458336182e+12
2.216160814108075083e+00 1.222782512807845459e+12
2.225025457364507631e+00 1.207942808528313721e+12
2.233925559193965515e+00 1.197789751171734375e+12
2.242861261430741493e+00 1.186337040588266846e+12
2.251832706476463830e+00 1.172699489573678467e+12
2.260840037302370042e+00 1.156875939451890137e+12
2.269883397451579299e+00 1.146932186056614746e+12
2.278962931041386142e+00 1.132968205998052490e+12
2.288078782765551100e+00 1.121301875021674561e+12
2.297231097896613505e+00 1.063834594603786011e+12
2.306420022288200311e+00 1.070984976249443970e+12
2.315645702377353121e+00 1.059997234617702515e+12
2.324908285186861878e+00 1.013240229757857178e+12
2.334207918327609654e+00 1.007967211223459595e+12
2.343544750000919663e+00 1.009823438996514282e+12
2.352918929000923143e+00 9.773960969632239990e+11
2.362330604716927240e+00 9.722420518730054932e+11
2.371779927135795329e+00 9.692154791506096191e+11
2.381267046844337987e+00 9.386644677461982422e+11
2.390792115031715070e+00 9.241361870782220459e+11
2.400355283491842240e+00 9.124024723351513672e+11
2.409956704625809465e+00 8.853538351672620850e+11
2.419596531444312859e+00 8.689423374837294922e+11
2.429274917570089620e+00 8.484408779465493164e+11
2.438992017240370291e+00 8.246204148245100098e+11
2.448747985309331465e+00 7.999709523194960938e+11
2.458542977250568917e+00 7.811696935344588623e+11
2.468377149159570738e+00 7.744352040081597900e+11
2.478250657756209563e+00 7.319300051920183105e+11
2.488163660387234355e+00 7.290460505231101074e+11
2.498116315028783063e+00 7.206286494256282959e+11
2.508108780288898387e+00 6.876682076666718750e+11
2.518141215410053757e+00 6.857121129385610352e+11
2.528213780271693967e+00 6.631501538025272217e+11
2.538326635392781139e+00 6.535086600917075195e+11
2.548479941934351789e+00 6.503277841582481689e+11
2.558673861702089436e+00 6.430944195040854492e+11
2.568908557148898097e+00 6.462729137301311035e+11
2.579184191377493551e+00 6.285278644423282471e+11
2.589500928143003478e+00 6.361994342911140137e+11
2.599858931855575594e+00 6.373742983048111572e+11
2.610258367582998229e+00 6.414386003131885986e+11
2.620699401053329769e+00 6.331525126289295654e+11
2.631182198657543214e+00 6.308617569619365234e+11
2.641706927452173392e+00 6.343339786780538330e+11
2.652273755161981938e+00 6.356231495317138672e+11
2.662882850182629824e+00 6.316114189232572021e+11
2.673534381583360542e+00 6.001193285940394287e+11
2.684228519109693956e+00 5.890132846262521973e+11
2.694965433186132575e+00 5.694149001711647949e+11
2.705745294918877164e+00 5.618145351275598145e+11
2.716568276098552559e+00 5.450141927446030273e+11
2.727434549202946812e+00 5.314140368500794067e+11
2.738344287399758326e+00 5.228916556014182739e+11
2.749297664549357201e+00 5.235257161726627808e+11
2.760294855207554576e+00 5.188014077542974243e+11
2.771336034628385292e+00 5.043781650669086304e+11
2.782421378766898545e+00 4.974857388083967896e+11
2.793551064281966312e+00 5.043424644937857056e+11
2.804725268539093985e+00 4.796890090735896606e+11
2.815944169613250558e+00 4.719926493923589478e+11
2.827207946291703244e+00 4.854077771686844482e+11
2.838516778076869862e+00 4.600981436129199829e+11
2.849870845189177437e+00 4.549225240652229614e+11
2.861270328569933685e+00 4.671856007433283691e+11
2.872715409884213589e+00 4.456112679018480225e+11
2.884206271523750420e+00 4.466847593963304443e+11
2.895743096609845413e+00 4.458260824241628418e+11
2.907326068996284985e+00 4.262926482900843506e+11
2.918955373272270393e+00 4.337432767286458130e+11
2.930631194765359826e+00 4.228538683812480469e+11
2.942353719544420709e+00 4.102406100546140747e+11
2.954123134422598440e+00 4.155603652043781128e+11
2.965939626960289122e+00 4.026024732098464966e+11
2.977803385468130504e+00 4.075456016254210815e+11
2.989714599010003138e+00 3.959074385683150024e+11
3.001673457406043077e+00 3.951029520949566650e+11
3.013680151235667015e+00 3.949704920107384033e+11
3.025734871840609408e+00 3.746323245030911865e+11
3.037837811327972037e+00 3.928763098345134888e+11
3.049989162573283785e+00 3.725732921409181519e+11
3.062189119223576395e+00 3.811872385919912720e+11
3.074437875700470890e+00 3.705854532833809814e+11
3.086735627203272880e+00 3.668611213605222168e+11
3.099082569712085622e+00 3.706010577464594116e+11
3.111478899990933744e+00 3.594083424094881592e+11
3.123924815590897186e+00 3.626628408120652466e+11
3.136420514853261121e+00 3.572424919922540894e+11
3.148966196912674320e+00 3.554020242654653931e+11
3.161562061700325277e+00 3.535089625704149170e+11
3.174208309947126327e+00 3.467106039450637817e+11
3.186905143186915090e+00 3.523010182969414062e+11
3.199652763759662566e+00 3.388813329144398193e+11
3.212451374814701222e+00 3.492433430983939819e+11
3.225301180313960625e+00 3.416749292518201904e+11
3.238202385035215958e+00 3.388285880472116699e+11
3.251155194575356955e+00 3.384260308941719360e+11
3.264159815353658622e+00 3.351703112890939941e+11
3.277216454615073271e+00 3.326191519935759888e+11
3.290325320433533207e+00 3.300812457835606689e+11
3.303486621715267635e+00 3.299895424934047241e+11
3.316700568202128441e+00 3.245680220696843262e+11
3.329967370474937294e+00 3.280800321630240479e+11
3.343287239956836743e+00 3.194000525695341797e+11
3.356660388916663962e+00 3.197996218557756348e+11
3.370087030472330714e+00 3.174339492108673706e+11
3.383567378594220187e+00 3.132635232652144165e+11
3.397101648108596716e+00 3.123796400350438232e+11
3.410690054701031482e+00 3.069202229670580444e+11
3.424332814919834878e+00 3.068876028484390259e+11
3.438030146179514634e+00 3.040032557832930908e+11
3.451782266764232610e+00 3.007321203305712280e+11
3.465589395831289998e+00 2.986737513574458008e+11
3.479451753414614767e+00 2.955035354386764526e+11
3.493369560428273068e+00 2.908678510728966675e+11
3.507343038669985980e+00 2.917027515329078979e+11
3.521372410824665788e+00 2.852544540516793213e+11
3.535457900467964709e+00 2.841108067266757812e+11
3.549599732069836477e+00 2.813387758955343018e+11
3.563798130998116154e+00 2.778281616122426147e+11
3.578053323522108364e+00 2.753499303152227173e+11
3.592365536816196858e+00 2.728442837577690430e+11
3.606734998963461614e+00 2.696171619004706726e+11
3.621161938959315041e+00 2.663750488189950256e+11
3.635646586715152839e+00 2.636296122071860657e+11
3.650189173062013293e+00 2.610428502857657471e+11
3.664789929754260545e+00 2.580379248566528320e+11
3.679449089473277645e+00 2.546059945548479614e+11
3.694166885831170699e+00 2.520102884712006531e+11
3.708943553374495661e+00 2.501121570615857849e+11
3.723779327587993571e+00 2.471280858905986328e+11
3.738674444898345328e+00 2.433100153463089294e+11
3.753629142677938901e+00 2.420548734320173645e+11
3.768643659248651190e+00 2.381712186973231506e+11
3.783718233885645432e+00 2.364672979048808594e+11
3.798853106821188153e+00 2.332037011078958740e+11
3.814048519248473657e+00 2.305437897123312378e+11
3.829304713325467180e+00 2.264540373990313110e+11
3.844621932178768908e+00 2.246405630698294067e+11
3.860000419907484215e+00 2.222341955568425598e+11
3.875440421587113882e+00 2.188319454283428345e+11
3.890942183273462529e+00 2.158541854180372925e+11
3.906505952006555926e+00 2.131681607781794739e+11
3.922131975814582727e+00 2.105354718048073730e+11
3.937820503717840648e+00 2.074381284448822632e+11
3.953571785732711508e+00 2.040132666945410461e+11
3.969386072875642490e+00 2.012564442492145996e+11
3.985263617167145167e+00 1.969301644708320312e+11
4.001204671635814059e+00 1.948703319761864929e+11
4.017209490322357190e+00 1.923177780077542725e+11
4.033278328283646630e+00 1.886228008882914734e+11
4.049411441596781458e+00 1.845681921469356689e+11
4.065609087363168506e+00 1.827704475542902222e+11
4.081871523712622185e+00 1.779997347508762512e+11
4.098199009807472315e+00 1.768620897698779907e+11
4.114591805846702144e+00 1.738246876410907288e+11
4.131050173070089038e+00 1.710079034467036133e+11
4.147574373762369149e+00 1.696025319048349304e+11
4.164164671257418959e+00 1.652717444809946594e+11
4.180821329942449260e+00 1.638964620596743164e+11
4.197544615262219558e+00 1.619202118494725647e+11
4.214334793723269357e+00 1.584944722728358765e+11
4.231192132898162761e+00 1.583292618618511353e+11
4.248116901429755288e+00 1.535257414484841919e+11
4.265109369035473996e+00 1.518455996553855896e+11
4.282169806511615384e+00 1.505720453105968933e+11
4.299298485737661935e+00 1.405519058005675049e+11
4.316495679680612874e+00 1.371213176318377380e+11
4.333761662399335357e+00 1.336398568995258484e+11
4.351096709048932532e+00 1.290076173593036041e+11
4.368501095885127583e+00 1.237076091158516235e+11
4.385975100268668214e+00 1.204043119775562744e+11
4.403519000669743555e+00 1.174770973588324585e+11
4.421133076672422391e+00 1.145862399391346893e+11
4.438817608979111817e+00 1.113124748204232483e+11
4.456572879415028332e+00 1.095377615840676727e+11
4.474399170932688463e+00 1.060698182221263275e+11
4.492296767616419828e+00 1.050251744054880371e+11
4.510265954686884626e+00 1.037164136107012939e+11
4.528307018505633330e+00 1.011316487348078003e+11
4.546420246579655711e+00 1.003225510239164886e+11
4.564605927565974497e+00 9.782370959003048706e+10
4.582864351276237258e+00 9.777286405930946350e+10
4.601195808681342925e+00 9.670650099771853638e+10
4.619600591916067422e+00 9.640609971759700012e+10
4.638078994283731937e+00 9.449654856674447632e+10
4.656631310260867629e+00 9.617584385236161804e+10
4.675257835501911430e+00 9.339128024469866943e+10
4.693958866843916944e+00 9.315532919945985413e+10
4.712734702311292878e+00 9.167321233236413574e+10
4.731585641120538810e+00 9.191104083130894470e+10
4.750511983685020923e+00 8.939608077173738098e+10
4.769514031619761063e+00 8.756133766325505066e+10
4.788592087746240011e+00 8.655782689146699524e+10
4.807746456097224730e+00 8.558447006394795227e+10
4.826977441921613377e+00 8.504623175743354797e+10
4.846285351689299858e+00 8.332728005171215820e+10
4.865670493096057925e+00 8.259143562201623535e+10
4.885133175068442135e+00 8.066438151206149292e+10
4.904673707768715474e+00 7.941717658140737915e+10
4.924292402599791174e+00 7.776685942306036377e+10
4.943989572210189642e+00 7.685874870933750916e+10
4.963765530499030021e+00 7.417552592725036621e+10
4.983620592621027079e+00 7.611529063642927551e+10
5.003555074991511198e+00 7.266905739829074097e+10
5.023569295291476777e+00 7.095960027295426941e+10
5.043663572472643075e+00 7.196010135636402893e+10
5.063838226762532813e+00 7.068462673287191772e+10
5.084093579669583640e+00 6.834224431036759949e+10
5.104429953988261381e+00 6.889330980569644165e+10
5.124847673804215020e+00 6.732235207872466278e+10
5.145347064499431688e+00 6.773729616603775787e+10
5.165928452757428957e+00 6.445107868403913879e+10
5.186592166568458673e+00 6.603302896986471558e+10
5.207338535234733001e+00 6.322211005653406525e+10
5.228167889375671784e+00 6.373199328374980927e+10
5.249080560933174766e+00 6.122102655807121277e+10
5.270076883176907145e+00 6.185369401686437988e+10
5.291157190709615321e+00 6.001432126191754913e+10
5.312321819472453299e+00 6.030882888545171356e+10
5.333571106750343738e+00 5.979187796822008514e+10
5.354905391177344320e+00 5.842537843131266022e+10
5.376325012742054099e+00 5.762664248887383270e+10
5.397830312793021612e+00 5.775570631294406128e+10
5.419421634044193858e+00 5.511908626699012756e+10
5.441099320580370602e+00 5.651789387325410461e+10
5.462863717862692425e+00 5.479934629801213837e+10
5.484715172734142996e+00 5.443901897976608276e+10
5.506654033425078865e+00 5.396734518625482178e+10
5.528680649558780580e+00 5.298821967776696777e+10
5.550795372157015350e+00 5.205549129025618744e+10
5.572998553645643227e+00 5.123915918975640106e+10
5.595290547860225949e+00 5.184216477706694031e+10
5.617671710051667766e+00 5.045565711642031860e+10
5.640142396891874021e+00 5.030375001989821625e+10
5.662702966479441713e+00 4.933331986664484406e+10
5.685353778345359821e+00 4.789535311288304138e+10
5.708095193458740724e+00 4.809812475298094940e+10
5.730927574232576482e+00 4.666595113875724030e+10
5.753851284529505783e+00 4.745623605556792450e+10
5.776866689667624399e+00 4.600597938045963287e+10
5.799974156426294769e+00 4.620209319177452087e+10
5.823174053051999977e+00 4.435181992209519196e+10
5.846466749264207508e+00 4.411910637495795441e+10
5.869852616261264977e+00 4.409011163280014038e+10
5.893332026726310069e+00 4.324430590257231903e+10
5.916905354833215114e+00 4.350253735105505371e+10
5.940572976252548543e+00 4.209074086359061432e+10
5.964335268157558545e+00 4.186330036170416260e+10
5.988192609230189589e+00 4.161356021640766907e+10
6.012145379667110490e+00 4.149035007740939331e+10
6.036193961185778889e+00 3.978760505294580078e+10
6.060338737030522616e+00 4.007188945142993927e+10
6.084580091978644134e+00 4.008926259426989746e+10
6.108918412346558746e+00 3.859372126939274597e+10
6.133354085995945226e+00 3.952432269844472504e+10
6.157887502339929320e+00 3.853257347045189667e+10
6.182519052349287669e+00 3.755673637915234375e+10
6.207249128558685491e+00 3.750371246627259827e+10
6.232078125072920471e+00 3.716831619433914948e+10
6.257006437573212843e+00 3.635467814522207642e+10
6.282034463323505236e+00 3.596939560589695740e+10
6.307162601176800720e+00 3.544054454812849426e+10
6.332391251581507063e+00 3.498824028102664948e+10
6.357720816587833390e+00 3.422044088890066147e+10
6.383151699854184180e+00 3.338194862682119370e+10
6.408684306653601226e+00 3.232880630793375015e+10
6.434319043880215361e+00 3.214724023834657288e+10
6.460056320055736379e+00 3.008641662950273895e+10
6.485896545335958052e+00 2.852681045718723679e+10
6.511840131517302233e+00 2.842107641844522858e+10
6.537887492043371829e+00 2.774796834483727264e+10
6.564039042011545533e+00 2.672164492043117142e+10
6.590295198179591196e+00 2.598880118885930634e+10
6.616656378972309405e+00 2.577966812917932129e+10
6.643123004488199257e+00 2.518637744645373535e+10
6.669695496506150789e+00 2.490150180093524933e+10
6.696374278492176479e+00 2.446609894245549393e+10
6.723159775606144528e+00 2.430111051611886215e+10
6.750052414708568094e+00 2.423320576962259674e+10
6.777052624367403411e+00 2.306714354331290054e+10
6.804160834864871887e+00 2.304800285036854935e+10
6.831377478204331055e+00 2.245873579464527130e+10
6.858702988117148180e+00 2.272260743390711212e+10
6.886137800069615622e+00 2.242098826916596603e+10
6.913682351269895499e+00 2.184758576005483627e+10
6.941337080674975013e+00 2.162116780825310516e+10
6.969102428997675069e+00 2.147569904881860352e+10
6.996978838713665994e+00 2.135517112806896210e+10
7.024966754068519670e+00 2.083911202943667984e+10
7.053066621084793653e+00 2.062087525536191940e+10
7.081278887569133929e+00 2.023343104830989838e+10
7.109604003119409654e+00 1.976996474824681854e+10
7.138042419131887861e+00 1.990369896340384674e+10
7.166594588808414379e+00 1.971034771977725220e+10
7.195260967163648047e+00 1.929020216321403503e+10
7.224042011032302923e+00 1.884781006848255539e+10
7.252938179076432235e+00 1.861649999269118881e+10
7.281949931792737196e+00 1.858309244554922104e+10
7.311077731519908696e+00 1.845867384076261520e+10
7.340322042445988515e+00 1.783003157281813431e+10
7.369683330615771411e+00 1.757814402484986115e+10
7.399162063938235612e+00 1.778853957626187897e+10
7.428758712193988423e+00 1.700707864741854668e+10
7.458473747042765112e+00 1.713544401718545914e+10
7.488307642030935796e+00 1.689460356542535973e+10
7.518260872599060285e+00 1.658826252427841187e+10
7.548333916089456253e+00 1.653990845473447227e+10
7.578527251753813587e+00 1.589020484704058075e+10
7.608841360760829176e+00 1.543603988721743584e+10
7.639276726203872769e+00 1.563821849748212051e+10
7.669833833108687493e+00 1.520151574448911095e+10
7.700513168441122325e+00 1.523227760821779251e+10
7.731315221114887670e+00 1.478566113663712311e+10
7.762240481999347352e+00 1.449528059761933899e+10
7.793289443927344351e+00 1.435388661617484856e+10
7.824462601703054077e+00 1.441557142006981277e+10
7.855760452109866065e+00 1.406620184907176971e+10
7.887183493918306532e+00 1.338897272782419586e+10
7.918732227893980458e+00 1.360956389787815475e+10
7.950407156805555431e+00 1.330136491993771172e+10
7.982208785432777454e+00 1.287286729484229279e+10
8.014137620574508958e+00 1.306789118401574516e+10
8.046194171056805899e+00 1.254068749503073311e+10
8.078378947741034821e+00 1.249242936838767624e+10
8.110692463531997021e+00 1.210691712726200676e+10
8.143135233386125549e+00 1.209983161999062538e+10
8.175707774319670662e+00 1.202640256624634171e+10
8.208410605416949224e+00 1.158425270613804245e+10
8.241244247838615422e+00 1.172343366087667656e+10
8.274209224829968790e+00 1.126404975799236679e+10
8.307306061729288871e+00 1.132551938802813339e+10
8.340535285976207192e+00 1.100570299494848442e+10
8.373897427120111203e+00 1.070363122595558167e+10
8.407393016828594412e+00 1.097809308980382538e+10
8.441022588895906509e+00 1.052998563109540749e+10
8.474786679251490540e+00 1.060639900188981247e+10
8.508685825968495209e+00 1.026714793462458801e+10
8.542720569272368891e+00 1.026127266441254997e+10
8.576891451549458978e+00 1.005730689410786247e+10
8.611199017355655627e+00 1.004990437316048241e+10
8.645643813425078150e+00 9.973091753242641449e+09
8.680226388678779159e+00 9.744142208952894211e+09
8.714947294233493125e+00 9.658184008267663956e+09
8.749807083410427566e+00 9.320049835028310776e+09
8.784806311744070229e+00 9.416053819372070312e+09
8.819945536991047774e+00 9.227399013923789978e+09
8.855225319139009343e+00 9.044776097735321045e+09
8.890646220415566958e+00 9.143456063575233459e+09
8.926208805297228821e+00 9.010171276248447418e+09
8.961913640518417878e+00 8.718551111719562531e+09
8.997761295080492161e+00 8.733270849475557327e+09
9.033752340260813085e+00 8.619706156128332138e+09
9.069887349621856387e+00 8.529398652350696564e+09
9.106166899020346150e+00 8.330816276660660744e+09
9.142591566616424359e+00 8.298332907226034164e+09
9.179161932882891506e+00 8.175117001604698181e+09
9.215878580614422333e+00 8.060019176641391754e+09
9.252742094936881045e+00 7.856775875780564308e+09
9.289753063316627646e+00 7.845734690828720093e+09
9.326912075569895322e+00 7.685918272868313789e+09
9.364219723872173162e+00 7.755259930534363747e+09
9.401676602767663482e+00 7.456490907601058960e+09
9.439283309178733816e+00 7.334590537710134506e+09
9.477040442415447075e+00 7.293688769379640579e+09
9.514948604185111236e+00 7.195575249705790520e+09
9.553008398601852136e+00 7.209811715599110603e+09
9.591220432196260859e+00 6.954564724182828903e+09
9.629585313925044687e+00 6.868330711329573631e+09
9.668103655180747324e+00 6.788450115299500465e+09
9.706776069801470896e+00 6.687776228832859039e+09
9.745603174080676112e+00 6.640891311215565681e+09
9.784585586776998412e+00 6.585053170945775986e+09
9.823723929124106746e+00 6.417052056243199348e+09
9.863018824840601440e+00 6.332510125123811722e+09
9.902470900139965337e+00 5.959425059959865570e+09
9.942080783740523842e+00 6.129056519672747612e+09
9.981849106875488431e+00 5.982129105993830681e+09
1.002177650330298952e+01 5.959397319444342613e+09
1.006186360931619994e+01 5.780470635137578964e+09
1.010211106375346723e+01 5.629912506522432327e+09
1.014251950800847979e+01 5.640639265512859344e+09
1.018308958604051284e+01 5.575299677240188599e+09
1.022382194438467451e+01 5.432576086052827835e+09
1.026471723216221399e+01 5.321849427665767670e+09
1.030577610109086173e+01 5.239156671567375183e+09
1.034699920549522467e+01 5.165939641553546906e+09
1.038838720231720458e+01 5.046749043619493484e+09
1.042994075112647501e+01 4.970607616692036629e+09
1.047166051413097954e+01 4.862901274015130043e+09
1.051354715618750468e+01 4.829898140306268692e+09
1.055560134481225454e+01 4.715014859454571724e+09
1.059782375019150358e+01 4.643929080548933983e+09
1.064021504519226902e+01 4.644799457818290710e+09
1.068277590537303823e+01 4.549234402278241158e+09
1.072550700899452991e+01 4.383396088170035362e+09
1.076840903703050856e+01 4.344215215342632294e+09
1.081148267317863088e+01 4.289971250161263943e+09
1.085472860387134553e+01 4.375930029107712746e+09
1.089814751828683015e+01 4.046087972165114403e+09
1.094174010835997635e+01 4.114043351418317795e+09
1.098550706879341909e+01 3.918733298853024483e+09
1.102944909706859100e+01 3.915237916906150818e+09
1.107356689345686540e+01 3.868221323750823498e+09
1.111786116103069233e+01 3.791491315704182148e+09
1.116233260567481622e+01 3.744034720248479843e+09
1.120698193609751492e+01 3.644750724187398911e+09
1.125180986384190440e+01 3.632631992066640854e+09
1.129681710329727373e+01 3.546491538677194595e+09
1.134200437171046083e+01 3.507161948490454674e+09
1.138737238919730466e+01 3.475777070360709667e+09
1.143292187875409383e+01 3.378095342896527290e+09
1.147865356626910938e+01 3.349610074206134796e+09
1.152456818053418530e+01 3.251353667252870560e+09
1.157066645325632237e+01 3.196566434134190559e+09
1.161694911906934635e+01 3.139021827571712971e+09
1.166341691554562487e+01 3.170135100264718056e+09
1.171007058320780736e+01 3.058324716070346355e+09
1.175691086554063958e+01 2.933727943894198418e+09
1.180393850900279951e+01 2.956297343884101868e+09
1.185115426303881137e+01 2.881160605609832764e+09
1.189855888009096674e+01 2.880647262771706104e+09
1.194615311561133097e+01 2.847722005093390465e+09
1.199393772807377623e+01 2.797037661739250660e+09
1.204191347898607134e+01 2.758733953015132904e+09
1.209008113290201614e+01 2.668630831686603069e+09
1.213844145743362368e+01 2.621399081117905617e+09
1.218699522326335938e+01 2.641505006297838688e+09
1.223574320415641381e+01 2.560379568038611889e+09
1.228468617697303777e+01 2.594428456714245319e+09
1.233382492168093059e+01 2.464839962273386478e+09
1.238316022136765504e+01 2.470231378739541531e+09
1.243269286225312520e+01 2.332208208573540688e+09
1.248242363370213859e+01 2.392977794877022743e+09
1.253235332823694748e+01 2.297094703358097076e+09
1.258248274154989410e+01 2.313020252190234661e+09
1.263281267251609385e+01 2.268005123232763767e+09
1.268334392320615756e+01 2.217844026105431080e+09
1.273407729889898299e+01 2.255069757124129772e+09
1.278501360809457665e+01 2.118675276299597025e+09
1.283615366252695544e+01 2.081989474982895136e+09
1.288749827717706253e+01 2.132807313424655199e+09
1.293904827028577031e+01 2.019823121833599567e+09
1.299080446336691352e+01 2.036227149813610554e+09
1.304276768122038099e+01 1.971070050964390993e+09
1.309493875194526424e+01 1.975144584512365818e+09
1.314731850695304693e+01 1.933142470486033201e+09
1.319990778098085649e+01 1.897155756881551743e+09
1.325270741210477965e+01 1.840573182110425949e+09
1.330571824175319939e+01 1.814224294041411638e+09
1.335894111472021173e+01 1.795112975922697783e+09
1.341237687917909227e+01 1.807257189910907030e+09
1.346602638669580898e+01 1.725423288145580292e+09
1.351989049224258999e+01 1.748235069331892729e+09
1.357397005421156067e+01 1.693561507326604605e+09
1.362826593442840917e+01 1.667623405047563314e+09
1.368277899816612297e+01 1.648492111220340252e+09
1.373751011415878942e+01 1.586344071158391237e+09
1.379246015461542463e+01 1.619602326640271187e+09
1.384762999523388416e+01 1.537806377971723080e+09
1.390302051521481808e+01 1.589837092693491459e+09
1.395863259727567751e+01 1.540296377429977655e+09
1.401446712766477987e+01 1.486762317472891092e+09
1.407052499617543972e+01 1.530552288998950720e+09
1.412680709616014063e+01 1.428524768779215336e+09
1.418331432454478147e+01 1.397446964519067526e+09
1.424004758184296193e+01 1.412631462024436951e+09
1.429700777217033369e+01 1.406742786488466740e+09
1.435419580325901379e+01 1.352986270140754700e+09
1.441161258647204946e+01 1.342297637212681293e+09
1.446925903681793812e+01 1.295231120874185324e+09
1.452713607296521126e+01 1.317293417349041939e+09
1.458524461725707155e+01 1.285535259137295723e+09
1.464358559572609764e+01 1.245801452637193203e+09
1.470215993810900557e+01 1.226990510318610191e+09
1.476096857786143879e+01 1.259629785973708153e+09
1.482001245217288599e+01 1.211144895960793972e+09
1.487929250198157760e+01 1.168094190576256990e+09
1.493880967198950316e+01 1.169538468485585690e+09
1.499856491067746056e+01 1.146618844859030247e+09
1.505855917032016933e+01 1.135413562208135366e+09
1.511879340700144958e+01 1.104683108715875626e+09
1.517926858062945605e+01 1.097052548079046011e+09
1.523998565495197433e+01 1.093568126762333870e+09
1.530094559757178274e+01 1.066382429493921041e+09
1.536214937996206764e+01 1.038818574548190832e+09
1.542359797748191674e+01 1.019490781837606668e+09
1.548529236939184450e+01 1.018486324481546640e+09
1.554723353886941339e+01 9.881688402213535309e+08
1.560942247302489072e+01 9.932977158030488491e+08
1.567186016291699069e+01 9.717261720156843662e+08
1.573454760356865556e+01 9.472478109132755995e+08
1.579748579398293096e+01 9.497436575110101700e+08
1.586067573715886247e+01 9.238511562241840363e+08
1.592411844010749888e+01 9.280567334452902079e+08
1.598781491386792730e+01 8.743878516023318768e+08
1.605176617352340074e+01 8.797649037388728857e+08
1.611597323821749228e+01 8.542678294230369329e+08
1.618043713117036120e+01 8.569677418949797153e+08
1.624515887969504391e+01 8.272870133386646509e+08
1.631013951521382310e+01 8.417376792046920061e+08
1.637538007327468037e+01 8.354446547998068333e+08
1.644088159356778078e+01 8.145761112790536880e+08
1.650664511994205341e+01 7.842042221474462748e+08
1.657267170042182158e+01 7.711867275309671164e+08
1.663896238722350418e+01 7.469447215347566605e+08
1.670551823677240222e+01 7.615740202176787853e+08
1.677234030971949608e+01 7.640668392309556007e+08
1.683942967095837062e+01 7.363242625978772640e+08
1.690678738964220429e+01 7.207618571740587950e+08
1.697441453920077237e+01 7.127227176550577879e+08
1.704231219735757108e+01 7.293809269078332186e+08
1.711048144614700561e+01 6.708822838950625658e+08
1.717892337193159236e+01 6.879724554794116020e+08
1.724763906541932101e+01 6.557584915749945641e+08
1.731662962168099895e+01 6.478568952092297077e+08
1.738589614016772344e+01 6.383661617922211885e+08
1.745543972472839300e+01 6.472307777123845816e+08
1.752526148362730751e+01 6.332738634153296947e+08
1.759536252956181812e+01 6.134034638913432360e+08
1.766574397968006238e+01 5.996681969283374548e+08
1.773640695559878466e+01 5.949526145539087057e+08
1.780735258342117433e+01 5.921268454860472679e+08
1.787858199375486024e+01 5.963088845332075357e+08
1.795009632172988034e+01 5.666759257674438953e+08
1.802189670701679702e+01 5.744172197740899324e+08
1.809398429384486562e+01 5.600450342917404175e+08
1.816636023102024211e+01 5.263523336532375216e+08
1.823902567194432578e+01 5.457964690800994635e+08
1.831198177463210186e+01 5.412806651629210711e+08
1.838522970173062987e+01 5.235009302859337330e+08
1.845877062053754969e+01 5.157595798798143864e+08
1.853260570301970134e+01 4.933750136022869349e+08
1.860673612583178027e+01 4.818924548512886763e+08
1.868116307033510637e+01 4.883635026232998967e+08
1.875588772261644976e+01 4.790941346318309307e+08
1.883091127350691352e+01 4.864122491248663068e+08
1.890623491860094063e+01 4.680977104569162726e+08
1.898185985827534594e+01 4.545342805928287506e+08
1.905778729770844748e+01 4.627417808087307811e+08
1.913401844689928311e+01 4.587439558257634044e+08
1.921055452068688041e+01 4.282035326702193618e+08
1.928739673876962968e+01 4.361684061623170376e+08
1.936454632572470658e+01 4.332383425236918926e+08
1.944200451102760141e+01 4.069653914014434218e+08
1.951977252907171589e+01 4.293346328667581677e+08
1.959785161918800256e+01 4.020327025656635761e+08
1.967624302566475691e+01 3.999108950001284480e+08
1.991079942767366973e+01 3.851565506403929591e+08
