# Wavelength (micrometer), Flux (W / m2 / m)
1.000553076518779783e-01 1.132828458913079696e+06
1.004555288824854897e-01 3.160428383431677323e-12
1.008573509980154326e-01 4.580448861368448108e-12
1.012607804020075053e-01 4.794932369983283885e-12
1.016658235236155422e-01 5.839302001409240621e-12
1.020724868177099870e-01 2.271287844121624907e-09
1.024807767649808382e-01 2.801345389797240028e-10
1.028906998720407612e-01 2.032676897516944525e-11
1.033022626715289355e-01 4.605922683456545932e-09
1.037154717222150413e-01 1.829690227530054143e-11
1.041303336091038839e-01 2.348249893068986841e-11
1.045468549435403099e-01 1.844516976667319861e-10
1.049650423633144702e-01 4.219977344299038142e-12
1.053849025327677214e-01 5.981503102842288568e-10
1.058064421428987906e-01 1.505151180215594871e-11
1.062296679114703990e-01 9.825146140711834310e-10
1.066545865831162732e-01 3.993301580497551786e-10
1.070812049294487533e-01 1.401545255698489343e-10
1.075095297491665408e-01 1.874964750715946751e-08
1.079395678681632220e-01 1.991155507689345957e-10
1.083713261396358624e-01 8.682948954385928497e-09
1.088048114441943909e-01 3.025776621915981606e-09
1.092400306899711654e-01 1.109727096899429107e-06
1.096769908127310511e-01 5.452581952895212385e-09
1.101156987759819850e-01 7.226769448189428286e-09
1.105561615710859147e-01 5.726136669569636898e-07
1.109983862173702651e-01 1.426590735311220377e-07
1.114423797622397516e-01 2.767989407086009266e-08
1.118881492812886930e-01 6.301169283525458830e-09
1.123357018784138517e-01 3.083004944225843203e-08
1.127850446859275102e-01 2.404481788115338297e-05
1.132361848646712132e-01 9.656740693905625954e-06
1.136891296041298988e-01 7.150666500756306423e-06
1.141438861225464035e-01 8.692227457284353560e-06
1.146004616670366072e-01 6.338973197202062959e-06
1.150588635137047705e-01 5.868026129662610790e-06
1.155190989677595953e-01 3.594779212588173597e-06
1.159811753636306314e-01 9.909533707413249729e-06
1.164451000650851553e-01 1.805941855371375497e-06
1.169108804653455069e-01 1.923279402785427714e-06
1.173785239872068981e-01 3.013703931091573591e-06
1.178480380831557206e-01 2.722614527346311389e-06
1.183194302354883543e-01 3.672482442846319783e-06
1.187927079564302935e-01 2.207094025926757529e-07
1.192678787882560099e-01 2.627295913496263182e-07
1.197449503034090645e-01 1.471457793614892620e-07
1.202239301046226783e-01 2.167625617643544476e-08
1.207048258250411760e-01 3.551717692423217612e-07
1.211876451283413342e-01 1.488089405765646996e-07
1.216723957088547137e-01 5.620414895660138954e-09
1.221590852916901310e-01 2.876566543082465211e-07
1.226477216328568792e-01 1.367644581294242177e-06
1.231383125193883099e-01 5.870049041753292724e-09
1.236308657694658586e-01 6.867727949100175218e-08
1.241253892325437369e-01 4.756039013997824515e-08
1.246218907894739159e-01 2.252237174916308181e-08
1.251203783526317892e-01 3.255960313744115973e-07
1.256208598660423226e-01 6.353345390155610670e-07
1.261233433055065078e-01 2.436522677726393200e-07
1.266278366787285392e-01 5.073373444992658120e-09
1.271343480254434610e-01 2.951052183721066736e-06
1.276428854175452321e-01 1.404831231793794576e-06
1.281534569592154005e-01 5.508989868226853466e-08
1.286660707870522780e-01 8.263072610294133342e-07
1.291807350702004475e-01 4.492018936288655716e-06
1.296974580104812425e-01 4.605806133713020611e-06
1.302162478425231973e-01 1.233627500265686937e-09
1.307371128338932764e-01 1.239505168404461946e-07
1.312600612852288795e-01 2.194061580692901938e-05
1.317851015303697915e-01 4.559157008597696506e-08
1.323122419364912705e-01 8.873860922998519055e-07
1.328414909042372472e-01 2.566567150461653044e-06
1.333728568678542170e-01 6.078794827372646123e-07
1.339063482953256612e-01 8.984074617943150763e-09
1.344419736885069383e-01 7.518716387857355896e-07
1.349797415832609815e-01 1.368196577737764698e-06
1.355196605495940232e-01 7.773323319021149952e-07
1.360617391917924301e-01 1.324941689363235194e-06
1.366059861485595939e-01 2.554195933772888030e-07
1.371524100931538481e-01 7.303554172456589354e-09
1.377010197335264696e-01 7.982174079784159637e-08
1.382518238124605670e-01 1.738461306250191246e-05
1.388048311077104136e-01 2.392778588684039697e-06
1.393600504321412248e-01 9.620889832564159027e-08
1.399174906338697677e-01 5.333515606199822344e-08
1.404771605964052761e-01 6.088059677032526431e-06
1.410390692387908651e-01 6.372872869173729582e-07
1.416032255157460562e-01 2.227845700926206059e-05
1.421696384178090522e-01 6.761989848115606141e-09
1.427383169714803168e-01 3.014340030425765592e-06
1.433092702393662099e-01 3.053444643974849134e-04
1.438825073203236771e-01 1.306360190065774339e-05
1.444580373496049674e-01 1.780736171400228423e-04
1.450358694990033503e-01 9.085843421665143810e-06
1.456160129769993872e-01 3.855308309876821250e-04
1.461984770289073976e-01 1.167203117285531885e-03
1.467832709370230082e-01 5.364059810562565623e-05
1.473704040207710897e-01 4.501329365789201106e-04
1.479598856368541382e-01 1.916274318422648675e-06
1.485517251794015725e-01 1.155703619397026078e-04
1.491459320801191979e-01 3.751005913465474775e-04
1.497425158084396690e-01 4.107480836090943301e-05
1.503414858716734248e-01 3.040978782701018318e-03
1.509428518151600951e-01 1.194597238455314292e-04
1.515466232224207677e-01 6.772116954677669784e-07
1.521528097153104220e-01 1.079739972771340473e-05
1.527614209541716672e-01 3.562814931540362775e-09
1.533724666379883694e-01 1.125686123926400373e-08
1.539859565045403056e-01 3.313487542379074945e-09
1.546019003305584838e-01 1.814915992778478001e-11
1.552203079318807133e-01 1.616868127057187371e-10
1.558411891636082569e-01 1.153834338148481810e-10
1.564645539202626778e-01 5.895299043006591645e-11
1.570904121359437411e-01 7.205442464027993563e-11
1.577187737844875093e-01 3.455831256785357377e-11
1.583496488796254653e-01 1.193530284283142731e-10
1.589830474751439959e-01 1.029907926279786313e-09
1.596189796650445414e-01 5.306293749137918328e-11
1.602574555837047166e-01 9.011938398666591430e-11
1.608984854060395708e-01 4.509956633148122529e-10
1.615420793476636807e-01 2.834448350085797096e-10
1.621882476650543525e-01 6.311550826052322467e-10
1.628370006557145755e-01 5.282455350003232976e-10
1.634883486583374457e-01 9.990400547776377548e-10
1.641423020529707844e-01 1.699849515063955008e-09
1.647988712611826723e-01 1.247954703334459416e-09
1.654580667462274002e-01 1.286838597268334971e-10
1.661198990132123077e-01 3.664060198547445949e-09
1.667843786092651215e-01 2.250091721603163959e-09
1.674515161237022098e-01 1.003481747668337491e-08
1.681213221881969755e-01 4.705460639488282292e-08
1.687938074769497754e-01 1.523298441419306916e-08
1.694689827068575905e-01 4.266221100436183542e-07
1.701468586376850278e-01 1.800443478760422992e-07
1.708274460722357391e-01 2.131866203269867061e-07
1.715107558565246715e-01 2.866945930695232665e-07
1.721967988799507909e-01 2.305505843659293611e-07
1.728855860754705820e-01 4.553514911677449953e-07
1.735771284197724640e-01 2.350708560941407851e-07
1.742714369334515678e-01 1.119817586575048110e-07
1.749685226811853456e-01 2.334757517847158754e-06
1.756683967719100681e-01 4.050480514707203109e-07
1.763710703589977391e-01 6.106772389461995724e-06
1.770765546404337309e-01 1.037374196687029360e-05
1.777848608589954471e-01 5.069529977376313785e-07
1.784960003024314568e-01 2.022858658500711985e-05
1.792099843036411844e-01 1.118900814025461665e-05
1.799268242408557650e-01 1.056163484907078519e-05
1.806465315378191772e-01 1.139905359802752429e-04
1.813691176639704306e-01 2.646468081196806551e-06
1.820945941346263086e-01 2.470769317336873663e-05
1.828229725111648329e-01 2.606396777264587843e-04
1.835542644012094771e-01 8.506754300703673519e-07
1.842884814588143239e-01 6.586086273949134809e-05
1.850256353846495561e-01 1.081202087322631405e-03
1.857657379261881403e-01 1.038712517569570330e-05
1.865088008778928996e-01 8.232737152226755895e-04
1.872548360814044743e-01 1.733315071708952716e-04
1.880038554257300876e-01 1.434182465660252516e-05
1.887558708474330049e-01 1.452064489502054214e-03
1.895108943308226879e-01 1.870221158139329196e-04
1.902689379081460019e-01 3.981265958397121267e-05
1.910300136597785636e-01 4.522540370813387181e-03
1.917941337144176972e-01 2.207054780398581817e-04
1.925613102492753359e-01 7.152284974979177977e-04
1.933315554902724498e-01 6.888712012355265209e-03
1.941048817122335568e-01 1.556645290786730362e-03
1.948813012390824828e-01 1.017667120560908356e-03
1.956608264440388156e-01 1.510717700384093740e-02
1.964434697498149418e-01 6.935466122336862368e-04
1.972292436288141937e-01 2.702466670958346764e-03
1.980181606033294406e-01 6.969163029521437819e-03
1.988102332457427346e-01 1.757714269944404134e-03
1.996054741787257336e-01 1.255682542957444348e-03
2.004038960754406518e-01 1.713458549667282128e-03
2.012055116597424309e-01 1.579079084748278216e-03
2.020103337063813842e-01 1.791412273146229632e-03
2.028183750412069219e-01 2.449414183001639468e-03
2.036296485413717494e-01 1.197774734779246102e-03
2.044441671355372303e-01 6.687547430061753853e-04
2.052619438040793887e-01 2.144773946659718489e-03
2.060829915792957157e-01 1.315333288826949030e-03
2.069073235456129201e-01 1.291513424206966205e-03
2.077349528397953449e-01 1.560766211745054756e-03
2.085658926511545219e-01 2.442718495403501180e-03
2.094001562217591150e-01 2.777378124793902260e-03
2.102377568466461677e-01 2.513900630845157264e-03
2.110787078740327671e-01 1.538939550922223008e-03
2.119230227055288740e-01 2.898618835608135144e-03
2.127707147963510126e-01 3.826761395723361336e-03
2.136217976555363773e-01 5.399499029453668116e-03
2.144762848461585492e-01 1.421415690427935618e-03
2.153341899855431840e-01 5.261525725227525138e-03
2.161955267454853669e-01 1.004348103360019548e-02
2.170603088524672986e-01 1.314033422248020271e-02
2.179285500878772042e-01 4.931020686655874022e-03
2.188002642882286852e-01 5.162220658996598092e-03
2.196754653453815986e-01 1.985981968558077349e-02
2.205541672067631020e-01 1.076586442122016637e-02
2.214363838755901703e-01 9.746584681005335260e-02
2.223221294110925284e-01 1.047109544082145023e-02
2.232114179287369160e-01 2.668288158572337809e-01
2.241042636004518529e-01 5.619422101990063922e-02
2.250006806548536520e-01 8.575426156064743788e-01
2.259006833774730438e-01 1.528445838025914993e-01
2.268042861109829667e-01 3.275939574612716787e-01
2.277115032554268836e-01 4.611018398133252538e-01
2.286223492684485714e-01 3.805035505291747833e-01
2.295368386655223802e-01 3.951911943182123022e+00
2.304549860201844658e-01 6.607660120665356795e-02
2.313768059642651864e-01 1.890822405796655614e+00
2.323023131881222503e-01 9.212913529811366242e-01
2.332315224408747223e-01 4.272289129783131578e+00
2.341644485306381973e-01 8.384608583647084501e+00
2.351011063247607502e-01 3.231665162811391268e-01
2.360415107500598020e-01 1.538436204034285382e+01
2.369856767930600405e-01 2.291248917359044734e-01
2.379336195002322851e-01 1.928119442651690818e+01
2.388853539782332114e-01 8.197127263622578042e+00
2.398408953941461863e-01 1.601023022274814309e+02
2.408002589757227141e-01 1.601800180814361454e+02
2.417634600116256582e-01 5.357856065410805613e+00
2.427305138516721306e-01 2.658673251849887720e+02
2.437014359070788505e-01 9.386139685937469324e+01
2.446762416507071713e-01 1.090640495826304686e+03
2.456549466173099938e-01 1.810645147551993830e+02
2.466375664037792625e-01 4.710017253414241054e+02
2.476241166693943785e-01 2.436265976265271433e+02
2.486146131360719436e-01 3.507308765385495075e+00
2.496090715886161993e-01 4.877893625484497875e+02
2.506075078749706586e-01 2.237094319359769088e+02
2.516099379064705155e-01 4.353625077781592267e+02
2.526163776580964138e-01 2.483264133273207221e+02
2.536268431687287994e-01 1.364159276076552669e+04
2.546413505414037437e-01 9.853221766404194568e+03
2.556599159435693491e-01 7.468271055775528112e+03
2.566825556073435988e-01 6.608664859241989689e+03
2.577092858297729827e-01 7.214285336182924766e+03
2.587401229730920682e-01 3.587828526539169161e+03
2.597750834649844576e-01 1.013550441957519797e+04
2.608141837988444123e-01 5.843681221804196866e+03
2.618574405340398092e-01 6.082148928860649175e+04
2.629048702961759298e-01 2.143437481234454608e+05
2.639564897773606367e-01 2.111570575707193348e+05
2.650123157364701054e-01 2.071455583533552126e+05
2.660723649994159445e-01 1.038685701317474886e+05
2.671366544594135917e-01 1.577633186914052931e+05
2.682052010772512096e-01 1.575656700829671172e+05
2.692780218815602478e-01 7.989308404510476976e+04
2.703551339690865030e-01 2.663200640955984709e+05
2.714365545049627904e-01 1.098217208746633260e+05
2.725223007229827243e-01 7.652499033586669248e+04
2.736123899258746106e-01 1.497181796551350853e+05
2.747068394855781692e-01 1.175989247602931864e+05
2.758056668435204806e-01 4.559488031086190604e+05
2.769088895108945403e-01 1.495936604671344161e+06
2.780165250689380918e-01 1.069493294999703532e+06
2.791285911692138466e-01 1.328795135852254927e+06
2.802451055338907038e-01 8.538325073772986652e+05
2.813660859560263017e-01 5.028661262741573155e+05
2.824915502998503469e-01 2.059905203552925377e+05
2.836215165010497197e-01 6.063712058202600747e+04
2.847560025670539119e-01 3.700515866497569277e+03
2.858950265773221866e-01 9.915319988897901567e+03
2.870386066836315142e-01 1.282927905574425095e+05
2.881867611103660631e-01 8.689721226976179751e+05
2.893395081548075787e-01 2.585034782792082056e+06
2.904968661874267610e-01 4.691735849190686829e+06
2.916588536521764197e-01 7.014848677659391426e+06
2.928254890667851273e-01 7.017715102675923146e+06
2.939967910230522619e-01 5.218219540188534185e+06
2.951727781871444911e-01 3.366472638686053455e+06
2.963534692998930908e-01 4.640447278076377697e+06
2.975388831770926501e-01 4.892621688864422031e+06
2.987290387098009981e-01 9.150805210138425231e+06
2.999239548646402409e-01 6.663844195258672349e+06
3.011236506840988536e-01 1.908027465392201021e+07
3.023281452868351593e-01 3.827582940653055441e+06
3.035374578679824742e-01 3.098888875384818390e+07
3.047516076994544187e-01 2.768302886206482351e+07
3.059706141302522830e-01 4.213984309324792027e+07
3.071944965867733357e-01 1.151763551547563225e+08
3.084232745731204095e-01 1.770457636511410475e+08
3.096569676714128194e-01 1.616484382334751785e+08
3.108955955420985018e-01 2.556949649359360635e+08
3.121391779242668751e-01 3.020721381684458256e+08
3.133877346359639215e-01 4.015735158935497999e+08
3.146412855745078230e-01 5.475312467743091583e+08
3.158998507168058190e-01 5.363851813986245990e+08
3.171634501196730627e-01 9.345250155466300249e+08
3.184321039201517545e-01 6.505118809944447279e+08
3.197058323358323295e-01 5.016062470627012253e+08
3.209846556651756444e-01 9.551187517475531101e+08
3.222685942878363852e-01 1.199826895558798552e+09
3.235576686649877520e-01 1.083535584761182547e+09
3.248518993396476984e-01 1.578205454960101604e+09
3.261513069370062801e-01 1.779926668828135729e+09
3.274559121647543369e-01 2.125913760494764805e+09
3.287657358134133401e-01 2.414585971376233578e+09
3.300807987566670154e-01 1.492223531480646849e+09
3.314011219516936890e-01 3.455213101630608559e+09
3.327267264395004642e-01 3.716108361709687233e+09
3.340576333452584534e-01 4.839421285914224625e+09
3.353938638786395088e-01 4.614328409814190865e+09
3.367354393341540630e-01 5.203024872857217789e+09
3.380823810914907468e-01 5.696361208168231010e+09
3.394347106158566718e-01 5.885401245787676811e+09
3.407924494583201014e-01 6.143962958012023926e+09
3.421556192561533982e-01 5.119429320089009285e+09
3.435242417331779707e-01 2.094138521617526770e+09
3.448983387001106626e-01 2.616811466528316498e+09
3.462779320549111417e-01 3.395050997120807648e+09
3.476630437831307319e-01 2.357172441740688324e+09
3.490536959582632992e-01 2.519100128522191525e+09
3.504499107420963600e-01 8.341771525148678780e+09
3.518517103850647421e-01 7.261134437737802505e+09
3.532591172266050239e-01 1.126449461224179649e+10
3.546721536955114717e-01 1.561826537341408539e+10
3.560908423102934761e-01 7.000759081404126167e+09
3.575152056795346533e-01 3.882788605621364594e+09
3.589452665022527800e-01 8.863163511666488647e+09
3.603810475682617254e-01 1.330158038180110550e+10
3.618225717585348278e-01 1.038104436635531616e+10
3.632698620455689364e-01 1.166541242405912209e+10
3.647229414937512293e-01 1.168895640465818977e+10
3.661818332597261971e-01 2.257805129173397064e+10
3.676465605927651259e-01 1.119088044276433563e+10
3.691171468351361895e-01 1.268194986146569061e+10
3.705936154224767076e-01 4.604789109555046082e+09
3.720759898841666247e-01 1.014601566391088009e+09
3.735642938437032656e-01 1.049796536258703232e+09
3.750585510190780902e-01 2.302745482134740353e+09
3.765587852231543908e-01 9.508342324893314362e+09
3.780650203640470441e-01 2.479349548531554031e+10
3.795772804455032068e-01 1.474946509658034325e+10
3.810955895672852312e-01 1.806483932866017151e+10
3.826199719255543585e-01 4.511190288696610451e+09
3.841504518132565771e-01 1.158734033532180595e+10
3.856870536205096456e-01 2.379817043263700485e+09
3.872298018349916715e-01 7.263527146951933861e+09
3.887787210423316320e-01 5.333811930547954559e+09
3.903338359265008939e-01 1.003078892748403931e+10
3.918951712702069545e-01 1.327432852387183571e+10
3.934627519552877928e-01 1.717935817575596619e+10
3.950366029631089404e-01 3.839096329935624695e+10
3.966167493749613859e-01 3.756557844205502319e+10
3.982032163724612550e-01 5.118912972311428833e+10
3.997960292379510450e-01 5.545096464855334473e+10
4.013952133549028578e-01 5.613218570751138306e+10
4.030007942083224659e-01 6.351551992153060150e+10
4.046127973851557647e-01 3.426959727804183960e+10
4.062312485746963908e-01 4.137026377584529114e+10
4.078561735689951728e-01 4.662745187832020569e+10
4.094875982632711353e-01 4.344938026714428711e+10
4.111255486563242245e-01 4.941956324853337097e+10
4.127700508509495880e-01 4.086440308799083710e+10
4.144211310543532978e-01 3.033574782852424622e+10
4.160788155785707931e-01 3.246546595828974915e+10
4.177431308408850463e-01 1.853000613559814835e+10
4.194141033642486138e-01 1.302551639876302719e+10
4.210917597777056320e-01 3.973810927368288517e+09
4.227761268168164221e-01 5.616304737445533276e+08
4.244672313240837602e-01 5.116286600256484985e+09
4.261651002493800910e-01 1.176899070454373550e+10
4.278697606503775730e-01 1.771431330357570648e+10
4.295812396929790666e-01 2.379039313862685013e+10
4.312995646517510107e-01 2.373984848052751923e+10
4.330247629103580187e-01 3.221776081638221741e+10
4.347568619619994745e-01 3.171349390344574356e+10
4.364958894098474596e-01 3.048827697484247971e+10
4.382418729674867897e-01 3.082945810947122192e+10
4.399948404593567730e-01 3.183523611445988846e+10
4.417548198211941890e-01 3.806391970891629028e+10
4.435218391004789873e-01 2.644919689734435272e+10
4.452959264568808750e-01 3.086552632499739075e+10
4.470771101627084021e-01 2.826870422843360519e+10
4.488654186033592119e-01 3.149564896808165359e+10
4.506608802777726241e-01 3.567976563315452576e+10
4.524635237988837710e-01 4.048632792643151855e+10
4.542733778940792333e-01 3.835788724842864227e+10
4.560904714056555065e-01 3.496807552915234375e+10
4.579148332912781894e-01 4.629405845488426971e+10
4.597464926244433370e-01 2.415541623719813538e+10
4.615854785949410899e-01 4.448285767930870056e+10
4.634318205093208576e-01 2.473216755378171158e+10
4.652855477913582227e-01 3.561475734199275208e+10
4.671466899825236219e-01 3.930694080327876282e+10
4.690152767424536906e-01 4.154268352913368988e+10
4.708913378494234969e-01 5.703093469290265656e+10
4.727749032008212171e-01 4.326785863756444550e+10
4.746660028136244769e-01 5.221669230589019775e+10
4.765646668248789131e-01 3.093605227992711639e+10
4.784709254921784560e-01 2.851374508390327835e+10
4.803848091941470555e-01 4.750524604773587799e+10
4.823063484309236815e-01 4.337241179081401062e+10
4.842355738246474361e-01 5.668745830550420380e+10
4.861725161199459966e-01 4.589428755727573395e+10
4.881172061844257226e-01 6.888849425309237671e+10
4.900696750091634302e-01 6.385971816831100464e+10
4.920299537092001074e-01 7.904701969611143494e+10
4.939980735240369625e-01 9.636606373039689636e+10
4.959740658181330253e-01 5.019393194242403412e+10
4.979579620814056362e-01 6.846082491376895142e+10
4.999497939297311566e-01 6.382376134449729919e+10
5.019495931054501758e-01 4.633034857551091003e+10
5.039573914778719965e-01 6.767283368893778992e+10
5.059732210437835054e-01 4.909855530470343781e+10
5.079971139279585435e-01 5.756378963880789948e+10
5.100291023836703852e-01 4.653353271247716522e+10
5.120692187932051054e-01 4.242133226280039215e+10
5.141174956683780550e-01 4.157042819758222198e+10
5.161739656510514473e-01 3.533468772259980011e+10
5.182386615136556074e-01 2.557627161175531006e+10
5.203116161597103329e-01 3.911602195806110382e+10
5.223928626243490303e-01 5.078584714414224243e+10
5.244824340748465152e-01 3.637729805394110870e+10
5.265803638111459239e-01 4.272080923010485840e+10
5.286866852663905103e-01 3.522951894427915955e+10
5.308014320074561088e-01 4.433191437493125153e+10
5.329246377354859288e-01 3.446166941353496552e+10
5.350563362864277916e-01 3.390628404355881119e+10
5.371965616315735881e-01 2.439349726403821564e+10
5.393453478780998456e-01 2.758612245283987808e+10
5.415027292696121819e-01 2.583213847080517197e+10
5.436687401866906466e-01 2.661915981584934235e+10
5.458434151474373941e-01 1.932490149583108902e+10
5.480267888080271321e-01 2.218530631838982391e+10
5.502188959632591247e-01 2.483014401226559067e+10
5.524197715471121928e-01 2.758321413046944046e+10
5.546294506333006025e-01 3.204559022023264694e+10
5.568479684358338400e-01 2.849032304905075836e+10
5.590753603095770519e-01 2.349367087659436798e+10
5.613116617508153716e-01 1.774371290895069504e+10
5.635569083978186899e-01 1.316559728197886276e+10
5.658111360314097560e-01 1.720565116880792999e+10
5.680743805755354980e-01 1.498309906012775612e+10
5.703466780978375672e-01 1.837510186542502213e+10
5.726280648102289872e-01 1.991557052116528320e+10
5.749185770694699160e-01 2.244862741316061401e+10
5.772182513777477375e-01 2.126956798480438232e+10
5.795271243832587071e-01 2.875644981450712967e+10
5.818452328807918184e-01 2.950658383975988007e+10
5.841726138123150003e-01 2.637956873649927139e+10
5.865093042675643131e-01 1.871479390075933075e+10
5.888553414846344758e-01 5.031453052496746063e+09
5.912107628505729462e-01 1.162372548564865685e+10
5.935756059019753339e-01 1.514208284402310944e+10
5.959499083255832552e-01 1.479978015378894043e+10
5.983337079588855190e-01 1.762561755448999405e+10
6.007270427907210886e-01 1.959031201632117844e+10
6.031299509618840426e-01 2.386813406408857346e+10
6.055424707657315331e-01 2.986968985580997467e+10
6.079646406487945187e-01 3.735502232334583282e+10
6.103964992113897203e-01 4.309469264521686554e+10
6.128380852082353503e-01 5.180493258186296844e+10
6.152894375490681744e-01 4.530816314145520782e+10
6.177505952992645710e-01 3.064143672375812149e+10
6.202215976804615893e-01 2.486348512951073074e+10
6.227024840711834486e-01 1.906271224976809692e+10
6.251932940074681477e-01 2.208201904651770782e+10
6.276940671834980723e-01 2.404247124241243362e+10
6.302048434522321552e-01 3.010997348886606216e+10
6.327256628260409244e-01 3.910379839302172089e+10
6.352565654773452142e-01 4.733226676522898102e+10
6.377975917392545435e-01 6.039015552937030029e+10
6.403487821062116003e-01 8.566312566601777649e+10
6.429101772346363930e-01 9.174369922737171936e+10
6.454818179435749537e-01 1.144074313975873413e+11
6.480637452153492628e-01 1.208832773300045776e+11
6.506560001962106154e-01 1.318131976073620911e+11
6.532586241969955410e-01 1.545766101516342163e+11
6.558716586937833881e-01 9.456256156968400574e+10
6.584951453285585732e-01 8.222811922007369995e+10
6.611291259098727169e-01 6.315430207883041382e+10
6.637736424135122215e-01 4.998994507799510956e+10
6.664287369831662922e-01 4.685814455891110992e+10
6.690944519310989547e-01 4.543080753942050171e+10
6.717708297388232941e-01 4.664177045320030212e+10
6.744579130577786907e-01 5.119444805296474457e+10
6.771557447100098326e-01 6.596791239386473846e+10
6.798643676888498355e-01 6.714277978254265594e+10
6.825838251596052508e-01 8.119972629102644348e+10
6.853141604602436265e-01 8.622795249209280396e+10
6.880554171020846210e-01 7.953430281856597900e+10
6.908076387704928933e-01 9.519671215099990845e+10
6.935708693255748791e-01 1.240854683109338531e+11
6.963451528028771209e-01 1.740607827650159607e+11
6.991305334140887062e-01 1.940529469912517090e+11
7.019270555477450380e-01 2.131269025481478882e+11
7.047347637699360456e-01 2.275056770933926086e+11
7.075537028250157290e-01 1.774765249438814087e+11
7.103839176363159202e-01 1.492543377988787842e+11
7.132254533068611568e-01 1.302306542757437134e+11
7.160783551200886610e-01 1.450287576333768311e+11
7.189426685405689854e-01 1.570781269324216003e+11
7.218184392147313222e-01 1.530767658629303589e+11
7.247057129715901436e-01 1.901818174832177124e+11
7.276045358234763949e-01 2.178195879092619629e+11
7.305149539667704639e-01 2.746615940548898315e+11
7.334370137826373703e-01 3.232822219256693726e+11
7.363707618377679509e-01 3.493635184222778931e+11
7.393162448851190449e-01 3.477947143709397583e+11
7.422735098646596752e-01 3.645473934776723022e+11
7.452426039041182282e-01 3.444538185751910400e+11
7.482235743197346300e-01 4.021411688793557129e+11
7.512164686170136330e-01 4.038492620215574341e+11
7.542213344914817652e-01 4.709605193332524414e+11
7.572382198294477229e-01 4.819109779535455933e+11
7.602671727087656484e-01 4.542614767113703003e+11
7.633082413996006288e-01 4.204021494992647705e+11
7.663614743651989691e-01 1.706656846005407104e+11
7.694269202626597970e-01 1.937070361583584290e+11
7.725046279437104424e-01 3.372815154604053955e+11
7.755946464554852593e-01 3.486120445769796753e+11
7.786970250413072225e-01 3.427362717604580078e+11
7.818118131414724115e-01 4.059402354189647827e+11
7.849390603940383793e-01 2.570939802277723083e+11
7.880788166356144098e-01 3.229501393429546509e+11
7.912311319021569922e-01 2.524582636763711853e+11
7.943960564297655180e-01 2.850302963622689819e+11
7.975736406554845281e-01 2.615139434929478149e+11
8.007639352181065151e-01 3.070653499432531128e+11
8.039669909589789443e-01 3.749347799678348999e+11
8.071828589228148276e-01 4.934423066118950195e+11
8.104115903585061842e-01 5.893452561678975830e+11
8.136532367199402760e-01 7.668068335092071533e+11
8.169078496668199518e-01 8.401143696452827148e+11
8.201754810654874328e-01 7.435537688576197510e+11
8.234561829897493190e-01 8.034965086445097656e+11
8.267500077217083687e-01 7.887891925620500488e+11
8.300570077525952772e-01 6.763149867213046875e+11
8.333772357836056743e-01 7.673082321757965088e+11
8.367107447267401188e-01 7.405814749740595703e+11
8.400575877056470908e-01 7.714544874959562988e+11
8.434178180564695371e-01 5.613461777043666992e+11
8.467914893286955236e-01 3.513250623992572632e+11
8.501786552860102208e-01 3.848637159711496582e+11
8.535793699071543283e-01 3.788026625987695923e+11
8.569936873867830540e-01 4.259485750632606812e+11
8.604216621363300899e-01 4.855888706277159424e+11
8.638633487848753623e-01 5.731911282114290771e+11
8.673188021800150027e-01 6.318826289377449951e+11
8.707880773887352044e-01 6.984729825089158936e+11
8.742712296982900755e-01 7.865141152242519531e+11
8.777683146170831563e-01 9.444097792714082031e+11
8.812793878755513788e-01 1.073018741665430664e+12
8.848045054270535781e-01 1.184161217460625977e+12
8.883437234487617795e-01 9.404622203122727051e+11
8.918970983425568155e-01 1.204864451464661621e+12
8.954646867359271623e-01 9.915225958717542725e+11
8.990465454828707736e-01 1.177444089860659668e+12
9.026427316648023558e-01 1.113562718952258057e+12
9.062533025914615292e-01 1.187393147713396729e+12
9.098783158018273198e-01 1.280817991920407227e+12
9.135178290650346478e-01 1.332165098227127197e+12
9.171719003812948134e-01 1.439995467553100098e+12
9.208405879828199803e-01 1.388115471590968262e+12
9.245239503347512100e-01 1.240197687486284912e+12
9.282220461360901620e-01 1.265008216982718506e+12
9.319349343206346781e-01 1.157309272143555420e+12
9.356626740579171431e-01 1.202963948213947266e+12
9.394053247541488405e-01 1.271274507806021240e+12
9.431629460531654185e-01 1.276148007880655762e+12
9.469355978373780180e-01 1.408992978658041260e+12
9.507233402287275092e-01 1.436320543160759277e+12
9.545262335896426142e-01 1.509163496370827637e+12
9.583443385240012491e-01 1.531086992360686279e+12
9.621777158780971950e-01 1.564266984925258545e+12
9.660264267416096562e-01 1.614542738548434814e+12
9.698905324485760371e-01 1.669140420531430908e+12
9.737700945783701600e-01 1.438764340544017334e+12
9.776651749566835914e-01 1.458421839717640869e+12
9.815758356565105203e-01 1.390777987579601807e+12
9.855021389991363012e-01 1.392420282619762451e+12
9.894441475551331022e-01 1.405658341508743164e+12
9.934019241453534432e-01 1.139696470582261475e+12
9.973755318419349480e-01 1.291939271696740479e+12
1.001365033969302543e+00 1.285667090536747803e+12
1.005370494105179757e+00 1.290512057365125732e+12
1.009391976081600362e+00 1.364042608096566162e+12
1.013429543985926884e+00 1.477009934782579834e+12
1.017483262161870350e+00 1.458190943223946289e+12
1.021553195210518128e+00 1.539317684378366211e+12
1.025639407991360219e+00 1.507822059518737549e+12
1.029741965623325539e+00 1.517891446717426758e+12
1.033860933485818867e+00 1.610308671267972412e+12
1.037996377219762012e+00 1.702442422766200439e+12
1.042148362728641198e+00 1.751130094067845947e+12
1.046316956179555557e+00 1.816883548035832764e+12
1.050502224004274066e+00 1.783295791885428223e+12
1.054704232900291139e+00 1.807382618174813477e+12
1.058923049831892227e+00 1.766533971916938477e+12
1.063158742031219628e+00 1.829661081022778076e+12
1.067411376999344741e+00 1.828010106692108398e+12
1.071681022507342096e+00 1.837317104073420898e+12
1.075967746597371377e+00 1.916388489168304443e+12
1.080271617583760779e+00 1.855692400353182861e+12
1.084592704054095913e+00 1.957180593695125732e+12
1.088931074870312044e+00 1.870053345641506104e+12
1.093286799169793433e+00 1.879266673622497803e+12
1.097659946366472461e+00 1.776766582406327393e+12
1.102050586151938294e+00 1.761295163303564453e+12
1.106458788496546219e+00 1.680822658375686523e+12
1.110884623650532532e+00 1.692056836540892578e+12
1.115328162145134749e+00 1.763466312291191895e+12
1.119789474793714934e+00 1.737703478717785889e+12
1.124268632692889902e+00 1.812409997368656494e+12
1.128765707223661430e+00 1.827960851796629150e+12
1.133280770052556230e+00 1.808758338740062500e+12
1.137813893132766374e+00 1.676898927241203125e+12
1.142365148705297484e+00 1.688335267720318848e+12
1.146934609300118479e+00 1.871344357470727051e+12
1.151522347737319096e+00 1.916044161536706787e+12
1.156128437128268516e+00 1.893309642201179199e+12
1.160752950876781542e+00 1.916468728291660645e+12
1.165395962680288999e+00 1.956656199347225586e+12
1.170057546531009907e+00 1.805345275256030518e+12
1.174737776717134086e+00 1.905608684498541748e+12
1.179436727824002773e+00 1.684296298861812744e+12
1.184154474735298557e+00 1.838733435907276367e+12
1.188891092634239977e+00 1.939957926140436523e+12
1.193646657004777012e+00 1.929178711550373047e+12
1.198421243632796118e+00 1.830297837762361328e+12
1.203214928607327261e+00 1.863373096298815186e+12
1.208027788321756724e+00 1.936929226802445312e+12
1.212859899475043468e+00 1.902117490725874756e+12
1.217711339072943710e+00 1.962880218905769287e+12
1.222582184429235275e+00 1.946657522119428955e+12
1.227472513166952384e+00 2.005109730522381348e+12
1.232382403219620226e+00 2.002673632931040039e+12
1.237311932832498407e+00 2.000296876758639160e+12
1.242261180563828615e+00 1.794595796060275146e+12
1.247230225286083849e+00 1.880728799721299561e+12
1.252219146187228072e+00 1.781429406659045898e+12
1.257228022771976983e+00 1.835566587443146484e+12
1.262256934863064783e+00 1.827393109014329834e+12
1.267305962602517155e+00 1.923221192994444336e+12
1.272375186452927354e+00 1.888934611221735107e+12
1.277464687198738957e+00 1.916319496898825928e+12
1.282574545947533950e+00 1.960065619289479492e+12
1.287704844131324133e+00 1.881103453313441895e+12
1.292855663507849417e+00 1.897048191803437012e+12
1.298027086161880783e+00 1.922868226075439453e+12
1.303219194506528344e+00 1.937192350181748291e+12
1.308432071284554521e+00 1.890086649748994385e+12
1.313665799569692760e+00 1.922029807796505859e+12
1.318920462767971591e+00 1.919640085865714355e+12
1.324196144619043336e+00 1.848201993117555908e+12
1.329492929197519491e+00 1.722661779405461182e+12
1.334810900914309650e+00 1.405247979949707275e+12
1.340150144517967101e+00 1.361753054089957275e+12
1.345510745096038852e+00 1.315923649602025391e+12
1.350892788076423212e+00 1.299158656447367432e+12
1.356296359228728932e+00 1.241687865808444824e+12
1.361721544665643879e+00 1.203349071453761230e+12
1.367168430844306393e+00 1.232564168833520508e+12
1.372637104567683730e+00 1.184883102092044189e+12
1.378127652985954299e+00 1.236658122926300049e+12
1.383640163597898098e+00 1.232550400477685547e+12
1.389174724252289828e+00 1.181418872620400146e+12
1.394731423149298877e+00 1.150451221265355225e+12
1.400310348841896202e+00 1.110253187462387939e+12
1.405911590237263642e+00 1.124206217825222900e+12
1.411535236598212784e+00 1.043794783193983032e+12
1.417181377544605603e+00 9.971424092580251465e+11
1.422850103054784210e+00 1.011148543277473633e+12
1.428541503467003038e+00 9.945945316376110840e+11
1.434255669480871243e+00 9.924755277539758301e+11
1.439992692158794885e+00 1.013060406261562378e+12
1.445752662927429988e+00 1.028762485999146484e+12
1.451535673579139596e+00 1.027478731562638428e+12
1.457341816273456159e+00 1.072405724050779053e+12
1.463171183538549913e+00 1.014157247304406372e+12
1.469023868272704147e+00 9.947678471010048828e+11
1.474899963745795128e+00 1.012538127918573486e+12
1.480799563600778246e+00 1.023073682221501953e+12
1.486722761855181485e+00 1.022021899416268311e+12
1.492669652902602007e+00 1.032102090063159912e+12
1.498640331514212276e+00 1.041570375096123779e+12
1.504634892840269300e+00 1.062600902905124756e+12
1.510653432411630304e+00 1.069476390211378052e+12
1.516696046141276843e+00 1.090250923532716431e+12
1.522762830325842032e+00 1.102055487201512939e+12
1.528853881647145307e+00 1.108201178246494873e+12
1.534969297173733649e+00 1.110389283777809570e+12
1.541109174362428780e+00 1.108712105261368896e+12
1.547273611059878373e+00 1.140400670594690430e+12
1.553462705504118135e+00 1.154996035124433594e+12
1.559676556326134556e+00 1.150598773466648438e+12
1.565915262551438980e+00 1.180173991220966553e+12
1.572178923601644795e+00 1.188616078077127197e+12
1.578467639296051495e+00 1.219392438540163818e+12
1.584781509853235626e+00 1.233439196124165283e+12
1.591120635892648405e+00 1.235319311880069580e+12
1.597485118436219098e+00 1.255126028116888672e+12
1.603875058909963958e+00 1.272297524919738770e+12
1.610290559145603595e+00 1.277135462131174561e+12
1.616731721382186127e+00 1.291779436584636719e+12
1.623198648267714761e+00 1.300082999495399170e+12
1.629691442860785600e+00 1.317689389478264648e+12
1.636210208632228769e+00 1.342275822191065430e+12
1.642755049466757766e+00 1.349292348237996338e+12
1.649326069664624805e+00 1.361254215253136475e+12
1.655923373943283039e+00 1.376321899945287598e+12
1.662547067439056336e+00 1.377865726308721924e+12
1.669197255708812611e+00 1.389439373078313965e+12
1.675874044731648027e+00 1.400697991856292480e+12
1.682577540910574321e+00 1.393033931522817383e+12
1.689307851074216771e+00 1.363649083033004639e+12
1.696065082478513508e+00 1.337203281957098145e+12
1.702849342808427480e+00 1.310101084601490479e+12
1.709660740179661298e+00 1.262024075426238525e+12
1.716499383140379864e+00 1.169273915329645508e+12
1.723365380672941427e+00 1.160433575084616455e+12
1.730258842195633306e+00 1.135153078523102783e+12
1.737179877564415831e+00 1.074736340693853760e+12
1.744128597074673603e+00 1.066277743814736816e+12
1.751105111462972097e+00 1.027798126179514893e+12
1.758109531908824241e+00 9.669375619104770508e+11
1.765141970036459451e+00 9.427583562969121094e+11
1.772202537916605314e+00 9.039336682916054688e+11
1.779291348068271716e+00 8.503961683630827637e+11
1.786408513460544745e+00 8.378025345897784424e+11
1.793554147514387020e+00 8.086927488795859375e+11
1.800728364104444257e+00 7.895811424141662598e+11
1.807931277560862249e+00 7.439140221869140625e+11
1.815163002671105641e+00 7.633863270260803223e+11
1.822423654681789795e+00 7.423506901694916992e+11
1.829713349300517100e+00 7.323540665031173096e+11
1.837032202697718830e+00 7.214971953793479004e+11
1.844380331508509885e+00 6.648151043878243408e+11
1.851757852834543527e+00 6.580831582133765869e+11
1.859164884245881888e+00 5.894803561144212646e+11
1.866601543782865358e+00 6.349803855220545654e+11
1.874067949957996859e+00 6.329284957008392334e+11
1.881564221757828781e+00 6.406112655150649414e+11
1.889090478644860127e+00 6.601395148125275879e+11
1.896646840559439662e+00 6.579531015575443115e+11
1.904233427921677269e+00 6.656204056026809082e+11
1.911850361633363971e+00 6.620788121088850098e+11
1.919497763079897279e+00 6.502589853279682617e+11
1.927175754132217200e+00 6.466541320504084473e+11
1.934884457148745796e+00 6.521801585037741699e+11
1.942623994977340729e+00 6.291234972768886719e+11
1.950394490957250149e+00 6.472015668029975586e+11
1.958196068921079336e+00 6.445755903728142090e+11
1.966028853196763793e+00 6.413043163473040771e+11
1.973892968609550991e+00 6.266881551246821289e+11
1.981788540483989447e+00 6.080076614747252197e+11
1.989715694645925126e+00 6.038646025570070801e+11
1.997674557424508723e+00 5.939453516562629395e+11
2.005665255654207169e+00 5.838689244614520264e+11
2.013687916676823786e+00 5.825908638018914795e+11
2.021742668343530891e+00 5.896426774557951660e+11
2.029829639016905052e+00 5.784713992130886230e+11
2.037948957572972564e+00 5.772627787866964111e+11
2.046100753403264694e+00 5.808701287571580811e+11
2.054285156416877811e+00 5.877685823647572021e+11
2.062502297042545507e+00 5.850023950434199219e+11
2.070752306230715600e+00 5.922379849045749512e+11
2.079035315455638244e+00 5.936707643396505127e+11
2.087351456717461140e+00 5.912125874961877441e+11
2.095700862544330967e+00 6.011915999962351074e+11
2.104083665994508134e+00 6.117335550407445068e+11
2.112500000658485977e+00 6.155046586325091553e+11
2.120950000661120161e+00 6.200292495176755371e+11
2.129433800663764753e+00 6.155053869372874756e+11
2.137951535866419839e+00 6.233610472051462402e+11
2.146503342009885351e+00 6.383800248875524902e+11
2.155089355377924676e+00 6.374949331409096680e+11
2.163709712799436691e+00 6.468376488433270264e+11
2.172364551650634468e+00 6.494606723676724854e+11
2.181054009857236853e+00 6.488824260590874023e+11
2.189778225896665376e+00 6.524212876021639404e+11
2.198537338800252705e+00 6.595161911788723145e+11
2.207331488155453325e+00 6.523412760735311279e+11
2.216160814108075083e+00 6.622764077538651123e+11
2.225025457364507631e+00 6.657203132380075684e+11
2.233925559193965515e+00 6.655275387630947266e+11
2.242861261430741493e+00 6.703319252858103027e+11
2.251832706476463830e+00 6.658992536198100586e+11
2.260840037302370042e+00 6.597593888592208252e+11
2.269883397451579299e+00 6.629652681472969971e+11
2.278962931041386142e+00 6.579913804799909668e+11
2.288078782765551100e+00 6.612374904754702148e+11
2.297231097896613505e+00 5.541177495409432373e+11
2.306420022288200311e+00 6.133303440760228271e+11
2.315645702377353121e+00 6.011589280970501709e+11
2.324908285186861878e+00 5.208229212587138672e+11
2.334207918327609654e+00 5.607535114517491455e+11
2.343544750000919663e+00 5.543474801731392822e+11
2.352918929000923143e+00 4.821506686377973633e+11
2.362330604716927240e+00 4.984345948190995483e+11
2.371779927135795329e+00 5.152909850084299316e+11
2.381267046844337987e+00 4.597184622065207520e+11
2.390792115031715070e+00 4.545899216261400757e+11
2.400355283491842240e+00 4.664311039630943604e+11
2.409956704625809465e+00 4.347516154553640137e+11
2.419596531444312859e+00 4.238604663260639648e+11
2.429274917570089620e+00 4.044162006577369995e+11
2.438992017240370291e+00 3.912514105776951904e+11
2.448747985309331465e+00 3.697575941198265991e+11
2.458542977250568917e+00 3.580499748080717163e+11
2.468377149159570738e+00 3.517754336633339844e+11
2.478250657756209563e+00 3.201357789580252075e+11
2.488163660387234355e+00 3.205205630301159668e+11
2.498116315028783063e+00 3.167623175305280762e+11
2.508108780288898387e+00 2.887582008167501831e+11
2.518141215410053757e+00 2.881134927600440674e+11
2.528213780271693967e+00 2.755468927981555176e+11
2.538326635392781139e+00 2.721058951621073303e+11
2.548479941934351789e+00 2.681395227705453796e+11
2.558673861702089436e+00 2.608784593143803101e+11
2.568908557148898097e+00 2.637027603084600525e+11
2.579184191377493551e+00 2.477785564738962708e+11
2.589500928143003478e+00 2.594134352994911499e+11
2.599858931855575594e+00 2.621570357737231140e+11
2.610258367582998229e+00 2.649723737823177795e+11
2.620699401053329769e+00 2.544419105662043152e+11
2.631182198657543214e+00 2.566284814927041016e+11
2.641706927452173392e+00 2.530693908930385132e+11
2.652273755161981938e+00 2.637514634135173340e+11
2.662882850182629824e+00 2.647719412880701599e+11
2.673534381583360542e+00 2.460702014977597656e+11
2.684228519109693956e+00 2.489571257817561646e+11
2.694965433186132575e+00 2.354224232742627258e+11
2.705745294918877164e+00 2.354743980726672668e+11
2.716568276098552559e+00 2.293598593991690369e+11
2.727434549202946812e+00 2.188663800846875916e+11
2.738344287399758326e+00 2.149161408864465332e+11
2.749297664549357201e+00 2.123710976557663574e+11
2.760294855207554576e+00 2.129777045731179810e+11
2.771336034628385292e+00 2.056613394472880859e+11
2.782421378766898545e+00 1.961862451751288452e+11
2.793551064281966312e+00 2.001315335464721985e+11
2.804725268539093985e+00 1.906292864597173157e+11
2.815944169613250558e+00 1.841862896850519104e+11
2.827207946291703244e+00 1.942753685636740417e+11
2.838516778076869862e+00 1.834295907383413391e+11
2.849870845189177437e+00 1.824533263866470642e+11
2.861270328569933685e+00 1.859746730216276855e+11
2.872715409884213589e+00 1.833171791066437378e+11
2.884206271523750420e+00 1.809096005066420288e+11
2.895743096609845413e+00 1.843516438386236267e+11
2.907326068996284985e+00 1.688284068479888000e+11
2.918955373272270393e+00 1.710372452863351746e+11
2.930631194765359826e+00 1.755344905603180542e+11
2.942353719544420709e+00 1.679249036535443115e+11
2.954123134422598440e+00 1.695603610647955933e+11
2.965939626960289122e+00 1.653738165946774902e+11
2.977803385468130504e+00 1.714862012394668274e+11
2.989714599010003138e+00 1.642015366331008606e+11
3.001673457406043077e+00 1.659857772660218506e+11
3.013680151235667015e+00 1.654416372854910278e+11
3.025734871840609408e+00 1.596639621251031189e+11
3.037837811327972037e+00 1.685202759663787231e+11
3.049989162573283785e+00 1.597500445042019958e+11
3.062189119223576395e+00 1.680612204777196655e+11
3.074437875700470890e+00 1.614013820277885132e+11
3.086735627203272880e+00 1.623358851198052368e+11
3.099082569712085622e+00 1.641121534534777527e+11
3.111478899990933744e+00 1.585189256440033875e+11
3.123924815590897186e+00 1.628980073285416565e+11
3.136420514853261121e+00 1.604092617008750610e+11
3.148966196912674320e+00 1.602324826226601868e+11
3.161562061700325277e+00 1.625889361443652344e+11
3.174208309947126327e+00 1.571829613957617493e+11
3.186905143186915090e+00 1.663534017925153809e+11
3.199652763759662566e+00 1.527973201280834045e+11
3.212451374814701222e+00 1.642914462134960327e+11
3.225301180313960625e+00 1.604561166037659607e+11
3.238202385035215958e+00 1.594905654185359497e+11
3.251155194575356955e+00 1.634207481373745422e+11
3.264159815353658622e+00 1.629059060159707947e+11
3.277216454615073271e+00 1.606243743217125244e+11
3.290325320433533207e+00 1.609860980204802856e+11
3.303486621715267635e+00 1.618739287505650330e+11
3.316700568202128441e+00 1.584696298120493164e+11
3.329967370474937294e+00 1.646997744982187805e+11
3.343287239956836743e+00 1.567878910633528442e+11
3.356660388916663962e+00 1.598932558083980103e+11
3.370087030472330714e+00 1.611091427503288879e+11
3.383567378594220187e+00 1.575187494769570923e+11
3.397101648108596716e+00 1.580986513646766357e+11
3.410690054701031482e+00 1.577486507979808655e+11
3.424332814919834878e+00 1.579199382588267212e+11
3.438030146179514634e+00 1.559822588891892090e+11
3.451782266764232610e+00 1.579301240085149536e+11
3.465589395831289998e+00 1.578418186964781494e+11
3.479451753414614767e+00 1.560501647728843994e+11
3.493369560428273068e+00 1.515965285681073914e+11
3.507343038669985980e+00 1.576053596113727722e+11
3.521372410824665788e+00 1.517286373408020325e+11
3.535457900467964709e+00 1.529987306656053772e+11
3.549599732069836477e+00 1.523763889532615356e+11
3.563798130998116154e+00 1.518852433932807007e+11
3.578053323522108364e+00 1.517730136898350220e+11
3.592365536816196858e+00 1.513105767683122253e+11
3.606734998963461614e+00 1.501594840293031921e+11
3.621161938959315041e+00 1.485167496753489075e+11
3.635646586715152839e+00 1.485754781524739075e+11
3.650189173062013293e+00 1.480141163493582764e+11
3.664789929754260545e+00 1.479308554773995667e+11
3.679449089473277645e+00 1.457990454225351868e+11
3.694166885831170699e+00 1.454451127010583801e+11
3.708943553374495661e+00 1.470402615467185364e+11
3.723779327587993571e+00 1.467808015455706787e+11
3.738674444898345328e+00 1.426499463363476868e+11
3.753629142677938901e+00 1.450853166337425842e+11
3.768643659248651190e+00 1.429375472267635803e+11
3.783718233885645432e+00 1.446307657644754028e+11
3.798853106821188153e+00 1.424330467890073547e+11
3.814048519248473657e+00 1.421741733903013000e+11
3.829304713325467180e+00 1.376716972784631653e+11
3.844621932178768908e+00 1.391463874100693359e+11
3.860000419907484215e+00 1.393122314661709595e+11
3.875440421587113882e+00 1.373914970645319214e+11
3.890942183273462529e+00 1.353164835012556915e+11
3.906505952006555926e+00 1.342343952145367279e+11
3.922131975814582727e+00 1.330971602973379517e+11
3.937820503717840648e+00 1.311647764199741211e+11
3.953571785732711508e+00 1.279954440655844879e+11
3.969386072875642490e+00 1.262073001707046204e+11
3.985263617167145167e+00 1.221361427768760834e+11
4.001204671635814059e+00 1.195806320820238647e+11
4.017209490322357190e+00 1.189762468673610535e+11
4.033278328283646630e+00 1.157717895855753784e+11
4.049411441596781458e+00 1.084623405206856079e+11
4.065609087363168506e+00 1.105631790151345367e+11
4.081871523712622185e+00 1.037631086078367920e+11
4.098199009807472315e+00 1.054063424742335510e+11
4.114591805846702144e+00 1.031770413356488342e+11
4.131050173070089038e+00 9.874117629798501587e+10
4.147574373762369149e+00 1.014078176622036591e+11
4.164164671257418959e+00 9.617780037677932739e+10
4.180821329942449260e+00 9.636736846939985657e+10
4.197544615262219558e+00 9.214048171619374084e+10
4.214334793723269357e+00 8.446645236870526123e+10
4.231192132898162761e+00 8.245409415273930359e+10
4.248116901429755288e+00 7.455763331663565063e+10
4.265109369035473996e+00 7.300579614722305298e+10
4.282169806511615384e+00 7.103617590377511597e+10
4.299298485737661935e+00 6.749019691620285034e+10
4.316495679680612874e+00 6.714943254498525238e+10
4.333761662399335357e+00 6.476229727523196411e+10
4.351096709048932532e+00 6.260392633820220184e+10
4.368501095885127583e+00 6.066960755140300751e+10
4.385975100268668214e+00 5.903530848478630829e+10
4.403519000669743555e+00 5.748103477359786987e+10
4.421133076672422391e+00 5.636856151461714935e+10
4.438817608979111817e+00 5.471146794369947052e+10
4.456572879415028332e+00 5.523709408975656891e+10
4.474399170932688463e+00 5.353710620571721649e+10
4.492296767616419828e+00 5.383993070360860443e+10
4.510265954686884626e+00 5.448791510068740845e+10
4.528307018505633330e+00 5.297981730494212341e+10
4.546420246579655711e+00 5.382497984136079407e+10
4.564605927565974497e+00 5.227406945109284973e+10
4.582864351276237258e+00 5.374058018168342590e+10
4.601195808681342925e+00 5.267678740975808716e+10
4.619600591916067422e+00 5.245594459315792084e+10
4.638078994283731937e+00 5.204879441873406219e+10
4.656631310260867629e+00 5.208033863716605377e+10
4.675257835501911430e+00 5.034182828716587067e+10
4.693958866843916944e+00 5.202770629095268250e+10
4.712734702311292878e+00 4.984435065742631531e+10
4.731585641120538810e+00 4.997399398038692474e+10
4.750511983685020923e+00 5.014151856037027740e+10
4.769514031619761063e+00 4.752713668146146393e+10
4.788592087746240011e+00 4.729090306123406982e+10
4.807746456097224730e+00 4.758910226653705597e+10
4.826977441921613377e+00 4.663679172481917572e+10
4.846285351689299858e+00 4.651748628677812958e+10
4.865670493096057925e+00 4.522032872536643982e+10
4.885133175068442135e+00 4.460576231348334503e+10
4.904673707768715474e+00 4.399435315665158081e+10
4.924292402599791174e+00 4.403640483787848663e+10
4.943989572210189642e+00 4.249547926890064240e+10
4.963765530499030021e+00 4.116879433434165192e+10
4.983620592621027079e+00 4.254558784059939575e+10
5.003555074991511198e+00 4.097831374085239410e+10
5.023569295291476777e+00 3.913350268252005005e+10
5.043663572472643075e+00 4.135306768952874756e+10
5.063838226762532813e+00 3.970389467970247650e+10
5.084093579669583640e+00 3.891300442439286041e+10
5.104429953988261381e+00 3.955292150171560669e+10
5.124847673804215020e+00 3.846616850665344238e+10
5.145347064499431688e+00 3.914656944368518829e+10
5.165928452757428957e+00 3.777175242096721649e+10
5.186592166568458673e+00 3.868688434532052612e+10
5.207338535234733001e+00 3.681034188784027863e+10
5.228167889375671784e+00 3.793657029537178802e+10
5.249080560933174766e+00 3.620787170562734222e+10
5.270076883176907145e+00 3.632362535701634216e+10
5.291157190709615321e+00 3.572526407020468903e+10
5.312321819472453299e+00 3.580664186271266174e+10
5.333571106750343738e+00 3.539090493615185547e+10
5.354905391177344320e+00 3.406533989403174210e+10
5.376325012742054099e+00 3.476857879855087280e+10
5.397830312793021612e+00 3.352230049686066437e+10
5.419421634044193858e+00 3.186471876810453796e+10
5.441099320580370602e+00 3.296268444781352615e+10
5.462863717862692425e+00 3.203121110529954529e+10
5.484715172734142996e+00 3.187359216043324661e+10
5.506654033425078865e+00 3.227852806360707855e+10
5.528680649558780580e+00 2.991422209911063385e+10
5.550795372157015350e+00 3.000673781469747162e+10
5.572998553645643227e+00 2.955797994892720795e+10
5.595290547860225949e+00 3.031968100387582016e+10
5.617671710051667766e+00 2.909524649644670868e+10
5.640142396891874021e+00 2.938734683677462769e+10
5.662702966479441713e+00 2.883332537000661850e+10
5.685353778345359821e+00 2.761434100818572617e+10
5.708095193458740724e+00 2.805686269681888580e+10
5.730927574232576482e+00 2.672521836255172729e+10
5.753851284529505783e+00 2.801667208074971008e+10
5.776866689667624399e+00 2.643700376356600571e+10
5.799974156426294769e+00 2.713560220182722473e+10
5.823174053051999977e+00 2.585712484335319519e+10
5.846466749264207508e+00 2.572563106831863785e+10
5.869852616261264977e+00 2.588345968551353073e+10
5.893332026726310069e+00 2.526706152406743240e+10
5.916905354833215114e+00 2.563656874872663498e+10
5.940572976252548543e+00 2.451033458829113770e+10
5.964335268157558545e+00 2.487498505146619415e+10
5.988192609230189589e+00 2.444250332461959457e+10
6.012145379667110490e+00 2.470237824391936874e+10
6.036193961185778889e+00 2.335795317451419449e+10
6.060338737030522616e+00 2.360827436481877136e+10
6.084580091978644134e+00 2.431403631043629074e+10
6.108918412346558746e+00 2.303930038440435410e+10
6.133354085995945226e+00 2.414478088106009293e+10
6.157887502339929320e+00 2.327718005924935913e+10
6.182519052349287669e+00 2.271880192420033646e+10
6.207249128558685491e+00 2.292316415886942673e+10
6.232078125072920471e+00 2.266865043917361069e+10
6.257006437573212843e+00 2.208918319350428772e+10
6.282034463323505236e+00 2.188705541888554764e+10
6.307162601176800720e+00 2.168366898263174820e+10
6.332391251581507063e+00 2.146836809790670395e+10
6.357720816587833390e+00 2.100932338568901062e+10
6.383151699854184180e+00 2.035734400860874939e+10
6.408684306653601226e+00 1.956833981743362808e+10
6.434319043880215361e+00 1.955008629603020477e+10
6.460056320055736379e+00 1.830605724207457733e+10
6.485896545335958052e+00 1.677157128858985329e+10
6.511840131517302233e+00 1.722167829608137894e+10
6.537887492043371829e+00 1.642465504567039871e+10
6.564039042011545533e+00 1.573190278385918808e+10
6.590295198179591196e+00 1.497790479181876183e+10
6.616656378972309405e+00 1.481080019998898315e+10
6.643123004488199257e+00 1.412955800264302063e+10
6.669695496506150789e+00 1.427801543908634567e+10
6.696374278492176479e+00 1.413630194716315460e+10
6.723159775606144528e+00 1.447434305971212578e+10
6.750052414708568094e+00 1.409723625200877762e+10
6.777052624367403411e+00 1.341607069181152153e+10
6.804160834864871887e+00 1.361393999366275978e+10
6.831377478204331055e+00 1.312336856115842438e+10
6.858702988117148180e+00 1.339081645242957878e+10
6.886137800069615622e+00 1.316137733690077972e+10
6.913682351269895499e+00 1.297184631928962517e+10
6.941337080674975013e+00 1.301608092474598312e+10
6.969102428997675069e+00 1.288153407742659760e+10
6.996978838713665994e+00 1.282468186190917397e+10
7.024966754068519670e+00 1.269083944572997856e+10
7.053066621084793653e+00 1.234854213031198502e+10
7.081278887569133929e+00 1.214411624768327522e+10
7.109604003119409654e+00 1.164040287423146057e+10
7.138042419131887861e+00 1.204334162843982506e+10
7.166594588808414379e+00 1.199159857618477631e+10
7.195260967163648047e+00 1.173480845914761925e+10
7.224042011032302923e+00 1.155862326849772835e+10
7.252938179076432235e+00 1.139350556446067047e+10
7.281949931792737196e+00 1.139115899864783669e+10
7.311077731519908696e+00 1.124365181657523537e+10
7.340322042445988515e+00 1.088686523500940704e+10
7.369683330615771411e+00 1.074510813754146385e+10
7.399162063938235612e+00 1.107972618407283974e+10
7.428758712193988423e+00 1.037490192775986481e+10
7.458473747042765112e+00 1.060962219737079048e+10
7.488307642030935796e+00 1.044475908433716393e+10
7.518260872599060285e+00 1.012891580403926086e+10
7.548333916089456253e+00 1.040591513028934479e+10
7.578527251753813587e+00 9.877998346631433487e+09
7.608841360760829176e+00 9.357798016404619217e+09
7.639276726203872769e+00 9.793406477711423874e+09
7.669833833108687493e+00 9.356920794316102982e+09
7.700513168441122325e+00 9.447577547309011459e+09
7.731315221114887670e+00 9.279189564869100571e+09
7.762240481999347352e+00 8.987542503843713760e+09
7.793289443927344351e+00 9.082938951695461273e+09
7.824462601703054077e+00 9.123712595698673248e+09
7.855760452109866065e+00 8.825287891881958008e+09
7.887183493918306532e+00 8.290779793377134323e+09
7.918732227893980458e+00 8.452733972445534706e+09
7.950407156805555431e+00 8.371707135455528259e+09
7.982208785432777454e+00 8.048114781544219017e+09
8.014137620574508958e+00 8.276794313104795456e+09
8.046194171056805899e+00 7.877675264144214630e+09
8.078378947741034821e+00 7.881106773927530289e+09
8.110692463531997021e+00 7.635350490129350662e+09
8.143135233386125549e+00 7.705550910388566017e+09
8.175707774319670662e+00 7.624278259462951660e+09
8.208410605416949224e+00 7.265268842034340858e+09
8.241244247838615422e+00 7.439362754179240227e+09
8.274209224829968790e+00 7.041976734944278717e+09
8.307306061729288871e+00 7.223042975505622864e+09
8.340535285976207192e+00 6.880568407247377396e+09
8.373897427120111203e+00 6.749670534640606880e+09
8.407393016828594412e+00 6.933681403623694420e+09
8.441022588895906509e+00 6.622815801721831322e+09
8.474786679251490540e+00 6.823705016766536713e+09
8.508685825968495209e+00 6.562933770948824883e+09
8.542720569272368891e+00 6.547853653523187637e+09
8.576891451549458978e+00 6.358209558357892036e+09
8.611199017355655627e+00 6.456036852000154495e+09
8.645643813425078150e+00 6.409005155985170364e+09
8.680226388678779159e+00 6.233829056445211411e+09
8.714947294233493125e+00 6.198073861871841431e+09
8.749807083410427566e+00 5.902013214055112839e+09
8.784806311744070229e+00 6.065834151447552681e+09
8.819945536991047774e+00 5.948303224252524376e+09
8.855225319139009343e+00 5.883751408213342667e+09
8.890646220415566958e+00 5.952282052431943893e+09
8.926208805297228821e+00 5.895978615493839264e+09
8.961913640518417878e+00 5.608604258988278389e+09
8.997761295080492161e+00 5.720991800099688530e+09
9.033752340260813085e+00 5.675585851328049660e+09
9.069887349621856387e+00 5.612297949208065987e+09
9.106166899020346150e+00 5.507538685065493584e+09
9.142591566616424359e+00 5.471232876283001900e+09
9.179161932882891506e+00 5.442297378760203362e+09
9.215878580614422333e+00 5.306845811991059303e+09
9.252742094936881045e+00 5.158793162932887077e+09
9.289753063316627646e+00 5.177563915762585640e+09
9.326912075569895322e+00 5.099793820944261551e+09
9.364219723872173162e+00 5.195426026328369141e+09
9.401676602767663482e+00 4.956456289668142319e+09
9.439283309178733816e+00 4.916137464335612297e+09
9.477040442415447075e+00 4.939125475273313522e+09
9.514948604185111236e+00 4.823484613502117157e+09
9.553008398601852136e+00 4.906556339482538223e+09
9.591220432196260859e+00 4.675879348688660622e+09
9.629585313925044687e+00 4.595469720483921051e+09
9.668103655180747324e+00 4.588634209416803360e+09
9.706776069801470896e+00 4.485069737414356232e+09
9.745603174080676112e+00 4.524846648288842201e+09
9.784585586776998412e+00 4.486382206811345100e+09
9.823723929124106746e+00 4.347875527435976982e+09
9.863018824840601440e+00 4.303685821501560211e+09
9.902470900139965337e+00 4.037471128254013062e+09
9.942080783740523842e+00 4.220787481988287449e+09
9.981849106875488431e+00 4.103311367597606182e+09
1.002177650330298952e+01 4.075556056529031277e+09
1.006186360931619994e+01 3.973893076100871086e+09
1.010211106375346723e+01 3.861083978074379444e+09
1.014251950800847979e+01 3.908745515486537933e+09
1.018308958604051284e+01 3.891212600959599495e+09
1.022382194438467451e+01 3.748548475747310638e+09
1.026471723216221399e+01 3.719736865794663429e+09
1.030577610109086173e+01 3.642237754882753849e+09
1.034699920549522467e+01 3.567610377682335377e+09
1.038838720231720458e+01 3.549926162999486446e+09
1.042994075112647501e+01 3.460005084630970955e+09
1.047166051413097954e+01 3.408059394913995743e+09
1.051354715618750468e+01 3.401266973859133244e+09
1.055560134481225454e+01 3.310913492856278896e+09
1.059782375019150358e+01 3.204868016400903225e+09
1.064021504519226902e+01 3.247455174319971085e+09
1.068277590537303823e+01 3.234338537859414577e+09
1.072550700899452991e+01 3.096261685165753365e+09
1.076840903703050856e+01 3.014437555292811394e+09
1.081148267317863088e+01 3.040182864089559555e+09
1.085472860387134553e+01 3.068529152608563900e+09
1.089814751828683015e+01 2.874972921580003262e+09
1.094174010835997635e+01 2.894060024486870289e+09
1.098550706879341909e+01 2.751684665276032448e+09
1.102944909706859100e+01 2.745222419101716042e+09
1.107356689345686540e+01 2.737975305442105293e+09
1.111786116103069233e+01 2.689375372717689037e+09
1.116233260567481622e+01 2.641526626384947777e+09
1.120698193609751492e+01 2.571178214777653217e+09
1.125180986384190440e+01 2.553901915919533730e+09
1.129681710329727373e+01 2.506755023711037159e+09
1.134200437171046083e+01 2.487867779201272011e+09
1.138737238919730466e+01 2.445276001653586864e+09
1.143292187875409383e+01 2.393886079828516960e+09
1.147865356626910938e+01 2.381933093304314137e+09
1.152456818053418530e+01 2.331128712795205593e+09
1.157066645325632237e+01 2.256579457708013058e+09
1.161694911906934635e+01 2.232831436580864429e+09
1.166341691554562487e+01 2.220534818375288010e+09
1.171007058320780736e+01 2.161416892321172714e+09
1.175691086554063958e+01 2.070033072831358194e+09
1.180393850900279951e+01 2.087031436166926622e+09
1.185115426303881137e+01 2.044432835253550768e+09
1.189855888009096674e+01 2.040535773251571894e+09
1.194615311561133097e+01 2.008232496640125275e+09
1.199393772807377623e+01 1.985609374602619410e+09
1.204191347898607134e+01 1.958951362390074253e+09
1.209008113290201614e+01 1.918037304461812735e+09
1.213844145743362368e+01 1.867791216612467766e+09
1.218699522326335938e+01 1.889004381886831760e+09
1.223574320415641381e+01 1.818236785854358196e+09
1.228468617697303777e+01 1.830780915455558062e+09
1.233382492168093059e+01 1.768153946481594563e+09
1.238316022136765504e+01 1.753655774096346617e+09
1.243269286225312520e+01 1.642894319418464899e+09
1.248242363370213859e+01 1.703819935785357237e+09
1.253235332823694748e+01 1.620808630987136602e+09
1.258248274154989410e+01 1.645161380354577303e+09
1.263281267251609385e+01 1.610871483519877911e+09
1.268334392320615756e+01 1.572383557855039120e+09
1.273407729889898299e+01 1.591772011383343697e+09
1.278501360809457665e+01 1.502118321132436275e+09
1.283615366252695544e+01 1.471661633926393986e+09
1.288749827717706253e+01 1.523726681054620743e+09
1.293904827028577031e+01 1.427475372510170221e+09
1.299080446336691352e+01 1.464723610435910225e+09
1.304276768122038099e+01 1.400847161045711756e+09
1.309493875194526424e+01 1.412048211809051275e+09
1.314731850695304693e+01 1.370233898504177570e+09
1.319990778098085649e+01 1.335791499676284790e+09
1.325270741210477965e+01 1.303870025385222197e+09
1.330571824175319939e+01 1.288908888624887466e+09
1.335894111472021173e+01 1.286348259240232229e+09
1.341237687917909227e+01 1.281172224464158535e+09
1.346602638669580898e+01 1.214301834364168167e+09
1.351989049224258999e+01 1.243257347770980120e+09
1.357397005421156067e+01 1.190956411095059395e+09
1.362826593442840917e+01 1.183756377746890306e+09
1.368277899816612297e+01 1.175746259536850452e+09
1.373751011415878942e+01 1.116342267388964415e+09
1.379246015461542463e+01 1.153761060732659817e+09
1.384762999523388416e+01 1.085008492736088276e+09
1.390302051521481808e+01 1.125432807117488623e+09
1.395863259727567751e+01 1.086916968581202984e+09
1.401446712766477987e+01 1.042821337950698137e+09
1.407052499617543972e+01 1.077183168374497414e+09
1.412680709616014063e+01 1.005805990817954421e+09
1.418331432454478147e+01 9.776879915889863968e+08
1.424004758184296193e+01 9.969711223818531036e+08
1.429700777217033369e+01 1.007917456005457163e+09
1.435419580325901379e+01 9.485128412888907194e+08
1.441161258647204946e+01 9.537459384289654493e+08
1.446925903681793812e+01 9.115328588078503609e+08
1.452713607296521126e+01 9.271828013700693846e+08
1.458524461725707155e+01 9.062362634626679420e+08
1.464358559572609764e+01 8.648776809990143776e+08
1.470215993810900557e+01 8.589904322163296938e+08
1.476096857786143879e+01 8.860561668904865980e+08
1.482001245217288599e+01 8.546246010418709517e+08
1.487929250198157760e+01 8.178331456784572601e+08
1.493880967198950316e+01 7.952106020158717632e+08
1.499856491067746056e+01 8.125546988308633566e+08
1.505855917032016933e+01 8.073119219938808680e+08
1.511879340700144958e+01 7.831862819228268862e+08
1.517926858062945605e+01 7.549603422483165264e+08
1.523998565495197433e+01 7.776838733631594181e+08
1.530094559757178274e+01 7.440362134358211756e+08
1.536214937996206764e+01 7.384098993667825460e+08
1.542359797748191674e+01 7.240274007048132420e+08
1.548529236939184450e+01 7.221906445604673624e+08
1.554723353886941339e+01 6.875212459562735558e+08
1.560942247302489072e+01 7.134822022632124424e+08
1.567186016291699069e+01 6.934515502216467857e+08
1.573454760356865556e+01 6.677758297805830240e+08
1.579748579398293096e+01 6.752204472147277594e+08
1.586067573715886247e+01 6.535571085530456305e+08
1.592411844010749888e+01 6.657624074207355976e+08
1.598781491386792730e+01 6.118895323054789305e+08
1.605176617352340074e+01 6.267396839299691916e+08
1.611597323821749228e+01 5.988134321091395617e+08
1.618043713117036120e+01 6.109444013493115902e+08
1.624515887969504391e+01 5.735219747712472677e+08
1.631013951521382310e+01 6.019630503485295773e+08
1.637538007327468037e+01 5.934459058269155025e+08
1.644088159356778078e+01 5.823130894221205711e+08
1.650664511994205341e+01 5.580420354611134529e+08
1.657267170042182158e+01 5.460226158923805952e+08
1.663896238722350418e+01 5.181220413389145136e+08
1.670551823677240222e+01 5.395793512332828045e+08
1.677234030971949608e+01 5.470516731694161892e+08
1.683942967095837062e+01 5.243020645838354826e+08
1.690678738964220429e+01 5.100906072204673886e+08
1.697441453920077237e+01 5.159791384747663140e+08
1.704231219735757108e+01 5.330636712049293518e+08
1.711048144614700561e+01 4.699466158185558319e+08
1.717892337193159236e+01 4.868203151906167269e+08
1.724763906541932101e+01 4.622599410147250891e+08
1.731662962168099895e+01 4.613060812856251597e+08
1.738589614016772344e+01 4.484030212771469355e+08
1.745543972472839300e+01 4.633673066124680638e+08
1.752526148362730751e+01 4.488658332616376877e+08
1.759536252956181812e+01 4.327617532038630247e+08
1.766574397968006238e+01 4.280111434241139889e+08
1.773640695559878466e+01 4.248623867572292686e+08
1.780735258342117433e+01 4.248120533293420076e+08
1.787858199375486024e+01 4.259715499879252315e+08
1.795009632172988034e+01 4.017150728986930251e+08
1.802189670701679702e+01 4.105217473468182087e+08
1.809398429384486562e+01 4.014012736331918836e+08
1.816636023102024211e+01 3.649364031320455074e+08
1.823902567194432578e+01 3.949648925831879973e+08
1.831198177463210186e+01 3.885256735784959197e+08
1.838522970173062987e+01 3.788145412086585760e+08
1.845877062053754969e+01 3.732240194924112558e+08
1.853260570301970134e+01 3.460022150777216554e+08
1.860673612583178027e+01 3.336370999951692224e+08
1.868116307033510637e+01 3.473936169768299460e+08
1.875588772261644976e+01 3.396313254226033688e+08
1.883091127350691352e+01 3.546135038177202344e+08
1.890623491860094063e+01 3.339479634909340739e+08
1.898185985827534594e+01 3.241595431629056931e+08
1.905778729770844748e+01 3.398651211998264194e+08
1.913401844689928311e+01 3.338875991770495772e+08
1.921055452068688041e+01 3.014835922601562738e+08
1.928739673876962968e+01 3.115929068879765272e+08
1.936454632572470658e+01 3.115699844215142727e+08
1.944200451102760141e+01 2.788063415505231023e+08
1.951977252907171589e+01 3.106238124207458496e+08
1.959785161918800256e+01 2.845500059758169651e+08
1.967624302566475691e+01 2.858440612953694463e+08
1.991079942767366973e+01 2.767897334494473338e+08
