# Wavelength (micrometer), Flux (W / m2 / m)
1.000553076518779783e-01 1.816738353160384122e+03
1.004555288824854897e-01 1.533001621454982278e-14
1.008573509980154326e-01 2.428038020205382095e-14
1.012607804020075053e-01 2.928480964075846248e-14
1.016658235236155422e-01 2.932420727408447227e-14
1.020724868177099870e-01 1.786023384029837778e-11
1.024807767649808382e-01 2.067845588229248059e-13
1.028906998720407612e-01 1.075112174234529635e-13
1.033022626715289355e-01 5.294255271140279820e-11
1.037154717222150413e-01 1.131584728099826415e-13
1.041303336091038839e-01 2.032788626069511795e-13
1.045468549435403099e-01 1.994297048745056755e-12
1.049650423633144702e-01 8.714216689194740207e-14
1.053849025327677214e-01 1.182649159341661990e-11
1.058064421428987906e-01 2.581421111572875085e-13
1.062296679114703990e-01 2.311155646889641128e-11
1.066545865831162732e-01 4.741864947320989977e-12
1.070812049294487533e-01 1.495442888832832110e-12
1.075095297491665408e-01 3.662378643066689675e-10
1.079395678681632220e-01 2.281254564752861140e-12
1.083713261396358624e-01 2.552463355015560868e-10
1.088048114441943909e-01 8.783368553006113302e-11
1.092400306899711654e-01 2.499001537847600844e-08
1.096769908127310511e-01 1.704394887241250461e-10
1.101156987759819850e-01 2.131163140993647235e-10
1.105561615710859147e-01 1.378142843548141146e-08
1.109983862173702651e-01 4.499810082812008701e-09
1.114423797622397516e-01 1.086002732594306133e-09
1.118881492812886930e-01 1.627543017055489265e-10
1.123357018784138517e-01 1.104945874890037632e-09
1.127850446859275102e-01 7.921603542480716852e-07
1.132361848646712132e-01 2.277620044900788500e-07
1.136891296041298988e-01 1.911802845146260571e-07
1.141438861225464035e-01 2.257201443185734641e-07
1.146004616670366072e-01 2.102244822241313683e-07
1.150588635137047705e-01 1.715638557368178576e-07
1.155190989677595953e-01 1.182712618638044721e-07
1.159811753636306314e-01 2.091481677384078917e-07
1.164451000650851553e-01 3.035697156126141402e-08
1.169108804653455069e-01 3.428428306993266672e-08
1.173785239872068981e-01 8.190127703688074321e-09
1.178480380831557206e-01 2.444495229783461523e-09
1.183194302354883543e-01 1.008709882832329745e-08
1.187927079564302935e-01 2.237671990705853649e-09
1.192678787882560099e-01 2.267775293359862590e-09
1.197449503034090645e-01 1.383548408062574875e-09
1.202239301046226783e-01 8.154769077059401711e-11
1.207048258250411760e-01 5.950979713223659135e-09
1.211876451283413342e-01 1.325918240225181440e-09
1.216723957088547137e-01 6.228175441249541474e-12
1.221590852916901310e-01 1.682967042910092096e-10
1.226477216328568792e-01 2.200676450281865516e-09
1.231383125193883099e-01 3.478377838905895681e-10
1.236308657694658586e-01 1.041209120550504801e-09
1.241253892325437369e-01 7.047026582189433633e-10
1.246218907894739159e-01 1.495573454086551709e-09
1.251203783526317892e-01 1.214090102178387508e-08
1.256208598660423226e-01 8.299662162910662010e-09
1.261233433055065078e-01 8.210842161418758531e-09
1.266278366787285392e-01 1.360400163493073171e-12
1.271343480254434610e-01 6.347575102941675492e-08
1.276428854175452321e-01 5.359476811968391247e-08
1.281534569592154005e-01 2.808771448541337980e-10
1.286660707870522780e-01 8.825717172780597829e-09
1.291807350702004475e-01 1.551252256560497320e-07
1.296974580104812425e-01 1.351782781978519911e-07
1.302162478425231973e-01 3.578825250265349880e-13
1.307371128338932764e-01 2.450466819359955370e-10
1.312600612852288795e-01 1.092522800662250630e-06
1.317851015303697915e-01 5.026896651504661488e-11
1.323122419364912705e-01 4.411936396752973289e-09
1.328414909042372472e-01 1.933744843014092995e-08
1.333728568678542170e-01 3.614618779726718569e-09
1.339063482953256612e-01 9.021428796043786552e-12
1.344419736885069383e-01 5.016873850703488007e-09
1.349797415832609815e-01 1.073452508445006559e-08
1.355196605495940232e-01 4.298693454977245870e-09
1.360617391917924301e-01 9.934502932054973889e-09
1.366059861485595939e-01 6.900342346195379568e-10
1.371524100931538481e-01 9.253395746425992591e-12
1.377010197335264696e-01 1.212010529963806835e-10
1.382518238124605670e-01 2.314533851160081452e-07
1.388048311077104136e-01 1.505462767468696325e-08
1.393600504321412248e-01 1.858654232848832531e-10
1.399174906338697677e-01 1.073941786576873484e-10
1.404771605964052761e-01 7.743613601793729548e-08
1.410390692387908651e-01 1.446377600718375326e-09
1.416032255157460562e-01 2.879838968308709363e-07
1.421696384178090522e-01 3.213033242718494615e-12
1.427383169714803168e-01 1.471693850218446053e-08
1.433092702393662099e-01 3.663134836865137296e-06
1.438825073203236771e-01 9.932203832446473174e-08
1.444580373496049674e-01 2.835628190887227188e-06
1.450358694990033503e-01 5.627759613479526119e-08
1.456160129769993872e-01 4.281000090585962439e-06
1.461984770289073976e-01 1.322457627015852908e-05
1.467832709370230082e-01 5.056637874244856008e-07
1.473704040207710897e-01 7.283404694085537508e-06
1.479598856368541382e-01 5.349323495588966087e-09
1.485517251794015725e-01 1.410874339708088307e-06
1.491459320801191979e-01 4.858254582711707921e-06
1.497425158084396690e-01 2.136801315300617209e-07
1.503414858716734248e-01 3.334660881254920470e-05
1.509428518151600951e-01 8.166652748513982131e-07
1.515466232224207677e-01 2.444722963463176368e-10
1.521528097153104220e-01 2.245802140501157486e-08
1.527614209541716672e-01 1.659555897742120858e-13
1.533724666379883694e-01 4.254867316901924315e-13
1.539859565045403056e-01 2.306671158971674799e-13
1.546019003305584838e-01 9.219644935036395640e-15
1.552203079318807133e-01 6.088649557978753416e-14
1.558411891636082569e-01 5.572799069331202307e-14
1.564645539202626778e-01 2.705068797176255797e-14
1.570904121359437411e-01 4.587499966854712196e-14
1.577187737844875093e-01 3.634738055680380311e-14
1.583496488796254653e-01 6.381555486609778918e-14
1.589830474751439959e-01 5.216420939708747766e-13
1.596189796650445414e-01 5.211035429752208142e-14
1.602574555837047166e-01 7.435166953588302247e-14
1.608984854060395708e-01 3.190792097314634355e-13
1.615420793476636807e-01 2.163784871105561764e-13
1.621882476650543525e-01 6.883770070662195905e-13
1.628370006557145755e-01 5.027043932957069757e-13
1.634883486583374457e-01 1.109383841025157871e-12
1.641423020529707844e-01 2.056973712937624175e-12
1.647988712611826723e-01 1.329551681348825955e-12
1.654580667462274002e-01 2.593451791015197760e-13
1.661198990132123077e-01 4.392941983642575284e-12
1.667843786092651215e-01 1.957088972538893227e-12
1.674515161237022098e-01 1.146011747263026891e-11
1.681213221881969755e-01 3.595483783204079927e-11
1.687938074769497754e-01 1.882584513393494589e-11
1.694689827068575905e-01 2.534385344896448069e-10
1.701468586376850278e-01 1.088249699981874325e-10
1.708274460722357391e-01 1.206524621004114071e-10
1.715107558565246715e-01 1.684637459463052086e-10
1.721967988799507909e-01 1.643705492718693199e-10
1.728855860754705820e-01 2.533809041356325077e-10
1.735771284197724640e-01 2.357688002451936874e-10
1.742714369334515678e-01 1.627968423733657235e-10
1.749685226811853456e-01 1.517478488863369167e-09
1.756683967719100681e-01 4.488639701931936081e-10
1.763710703589977391e-01 5.603850931643218323e-09
1.770765546404337309e-01 8.224504071218056970e-09
1.777848608589954471e-01 6.924841924854285764e-10
1.784960003024314568e-01 2.811334581245300169e-08
1.792099843036411844e-01 1.229546083484602876e-08
1.799268242408557650e-01 1.030024756062634091e-08
1.806465315378191772e-01 3.160183243094586717e-07
1.813691176639704306e-01 2.909517440729987997e-09
1.820945941346263086e-01 2.450482095034536616e-08
1.828229725111648329e-01 1.178733231969034162e-07
1.835542644012094771e-01 1.910758419719631391e-09
1.842884814588143239e-01 9.056688658542935234e-08
1.850256353846495561e-01 9.549203897732922401e-06
1.857657379261881403e-01 1.272403543937146453e-08
1.865088008778928996e-01 5.363211873071766492e-06
1.872548360814044743e-01 2.805000362649965624e-07
1.880038554257300876e-01 2.235112204628630593e-08
1.887558708474330049e-01 9.979442099835946181e-06
1.895108943308226879e-01 3.387818680308916291e-07
1.902689379081460019e-01 6.055973556734984060e-08
1.910300136597785636e-01 4.021541601888758619e-05
1.917941337144176972e-01 3.122156540097665912e-07
1.925613102492753359e-01 1.341869239380559545e-06
1.933315554902724498e-01 5.123339612130459685e-05
1.941048817122335568e-01 3.779445034037195192e-06
1.948813012390824828e-01 1.481007287027191191e-06
1.956608264440388156e-01 9.524144745537862198e-05
1.964434697498149418e-01 9.677525600098587643e-07
1.972292436288141937e-01 3.915221827694033272e-06
1.980181606033294406e-01 1.728798723030704432e-05
1.988102332457427346e-01 2.752658807449573424e-06
1.996054741787257336e-01 1.676994900455756583e-06
2.004038960754406518e-01 2.954590315090234599e-06
2.012055116597424309e-01 2.555191695935524339e-06
2.020103337063813842e-01 2.060583203531422083e-06
2.028183750412069219e-01 1.041102683807171329e-06
2.036296485413717494e-01 2.622672787407529114e-06
2.044441671355372303e-01 1.852121362293369022e-06
2.052619438040793887e-01 4.558138145316921843e-06
2.060829915792957157e-01 3.739122634880058827e-06
2.069073235456129201e-01 4.057370120096482485e-06
2.077349528397953449e-01 4.852975464761813697e-06
2.085658926511545219e-01 6.958657545666813576e-06
2.094001562217591150e-01 8.295352365806183214e-06
2.102377568466461677e-01 8.472936963217542785e-06
2.110787078740327671e-01 6.663450743247173072e-06
2.119230227055288740e-01 1.106981615343694779e-05
2.127707147963510126e-01 1.414133504628202798e-05
2.136217976555363773e-01 2.020966679634234961e-05
2.144762848461585492e-01 8.505952874551768597e-06
2.153341899855431840e-01 2.211450226482021794e-05
2.161955267454853669e-01 3.817481458848069115e-05
2.170603088524672986e-01 4.785322756133046721e-05
2.179285500878772042e-01 2.588910750060673617e-05
2.188002642882286852e-01 2.897415287049384208e-05
2.196754653453815986e-01 8.084278611663391566e-05
2.205541672067631020e-01 5.495449044398638996e-05
2.214363838755901703e-01 5.055458248575088335e-04
2.223221294110925284e-01 5.977211746485968730e-05
2.232114179287369160e-01 1.618956553033576570e-03
2.241042636004518529e-01 2.193942913041214298e-04
2.250006806548536520e-01 9.651568989212567021e-03
2.259006833774730438e-01 7.064018256556546874e-04
2.268042861109829667e-01 1.679180539195227482e-03
2.277115032554268836e-01 2.342198388706134751e-03
2.286223492684485714e-01 1.941334037189209249e-03
2.295368386655223802e-01 8.162016130006469194e-02
2.304549860201844658e-01 3.743451660292580448e-04
2.313768059642651864e-01 2.263411210969906717e-02
2.323023131881222503e-01 5.067262607381376426e-03
2.332315224408747223e-01 7.235550443445683266e-02
2.341644485306381973e-01 2.038122080047120310e-01
2.351011063247607502e-01 1.758104128570579013e-03
2.360415107500598020e-01 4.419555779702145637e-01
2.369856767930600405e-01 1.469825837043403681e-03
2.379336195002322851e-01 6.308002816334242757e-01
2.388853539782332114e-01 1.386800103361145731e-01
2.398408953941461863e-01 8.130100242646205899e+00
2.408002589757227141e-01 7.686225473462137359e+00
2.417634600116256582e-01 4.997954341814917628e-02
2.427305138516721306e-01 1.232518461741986826e+01
2.437014359070788505e-01 2.929806249448795974e+00
2.446762416507071713e-01 7.445681371113425939e+01
2.456549466173099938e-01 7.756871993103943375e+00
2.466375664037792625e-01 2.811938432581961322e+01
2.476241166693943785e-01 2.171269982889151962e+01
2.486146131360719436e-01 3.557093417020441017e-01
2.496090715886161993e-01 3.203444150807476376e+01
2.506075078749706586e-01 1.121556742038363019e+01
2.516099379064705155e-01 2.997595771683230481e+01
2.526163776580964138e-01 4.386963973529015703e+01
2.536268431687287994e-01 5.371407529753909103e+02
2.546413505414037437e-01 4.089042831287073341e+02
2.556599159435693491e-01 5.439566759559392040e+02
2.566825556073435988e-01 5.819518884661530365e+02
2.577092858297729827e-01 6.194760016254114134e+02
2.587401229730920682e-01 2.572595314793446164e+02
2.597750834649844576e-01 9.480278862790336234e+02
2.608141837988444123e-01 3.956925458389173400e+02
2.618574405340398092e-01 5.802248358732063025e+03
2.629048702961759298e-01 1.860920181420400695e+04
2.639564897773606367e-01 1.854579461912308398e+04
2.650123157364701054e-01 1.736099270783259271e+04
2.660723649994159445e-01 8.347181410931794744e+03
2.671366544594135917e-01 1.294948386826065507e+04
2.682052010772512096e-01 1.213806118953431360e+04
2.692780218815602478e-01 6.009960912240168000e+03
2.703551339690865030e-01 1.482045930883413166e+04
2.714365545049627904e-01 4.053360838217061428e+03
2.725223007229827243e-01 2.201446917950109764e+03
2.736123899258746106e-01 4.018632508062270517e+03
2.747068394855781692e-01 2.655471308951377068e+03
2.758056668435204806e-01 7.721804743832263739e+03
2.769088895108945403e-01 1.674238397247355169e+04
2.780165250689380918e-01 8.448064677722451961e+03
2.791285911692138466e-01 5.496293135981805790e+03
2.802451055338907038e-01 1.910721083442248300e+03
2.813660859560263017e-01 5.716235459665105054e+02
2.824915502998503469e-01 9.561583116922125214e+01
2.836215165010497197e-01 1.009065128671369038e+01
2.847560025670539119e-01 5.818137618317452686e-01
2.858950265773221866e-01 1.343629178077863751e+00
2.870386066836315142e-01 2.428327899706886228e+01
2.881867611103660631e-01 3.320153080580832352e+02
2.893395081548075787e-01 2.268112894288890857e+03
2.904968661874267610e-01 9.116938058957852263e+03
2.916588536521764197e-01 2.653451623820063833e+04
2.928254890667851273e-01 4.828309168825519737e+04
2.939967910230522619e-01 5.312197460281205713e+04
2.951727781871444911e-01 5.941066626325029210e+04
2.963534692998930908e-01 9.586671278859276208e+04
2.975388831770926501e-01 1.044878441597937344e+05
2.987290387098009981e-01 1.853296807021189888e+05
2.999239548646402409e-01 1.491873320962615544e+05
3.011236506840988536e-01 3.647224815562620061e+05
3.023281452868351593e-01 1.270094964934068121e+05
3.035374578679824742e-01 7.332783387529981555e+05
3.047516076994544187e-01 7.712686210325746797e+05
3.059706141302522830e-01 1.232099262008906575e+06
3.071944965867733357e-01 4.816118687694254331e+06
3.084232745731204095e-01 1.034987544505363144e+07
3.096569676714128194e-01 1.033089830027707666e+07
3.108955955420985018e-01 1.959425067067901790e+07
3.121391779242668751e-01 2.402777221559539437e+07
3.133877346359639215e-01 3.243817227192245796e+07
3.146412855745078230e-01 4.408774054321847856e+07
3.158998507168058190e-01 4.833862843262526393e+07
3.171634501196730627e-01 7.442865884605903924e+07
3.184321039201517545e-01 3.956757164871203154e+07
3.197058323358323295e-01 2.925806013549757004e+07
3.209846556651756444e-01 8.017795592493833601e+07
3.222685942878363852e-01 1.006447939563007057e+08
3.235576686649877520e-01 7.908447424046471715e+07
3.248518993396476984e-01 1.497961826261515617e+08
3.261513069370062801e-01 1.743916203951678276e+08
3.274559121647543369e-01 2.411403386108818352e+08
3.287657358134133401e-01 2.601253983387914002e+08
3.300807987566670154e-01 9.330119849219176173e+07
3.314011219516936890e-01 2.948209477270351648e+08
3.327267264395004642e-01 4.215841600387470722e+08
3.340576333452584534e-01 4.473841584010627270e+08
3.353938638786395088e-01 3.944951747412856221e+08
3.367354393341540630e-01 4.243931917514187694e+08
3.380823810914907468e-01 4.681027846564939618e+08
3.394347106158566718e-01 6.270909798794428110e+08
3.407924494583201014e-01 5.613735429091912508e+08
3.421556192561533982e-01 4.059073200133834481e+08
3.435242417331779707e-01 6.778046885426461697e+07
3.448983387001106626e-01 9.402685457851938903e+07
3.462779320549111417e-01 1.346158056345095634e+08
3.476630437831307319e-01 6.649612452149649709e+07
3.490536959582632992e-01 6.661385099792262167e+07
3.504499107420963600e-01 6.085105817275723219e+08
3.518517103850647421e-01 5.573733076672016382e+08
3.532591172266050239e-01 1.052774282515550137e+09
3.546721536955114717e-01 1.691935556327129364e+09
3.560908423102934761e-01 5.830326951051731110e+08
3.575152056795346533e-01 2.560079050994722545e+08
3.589452665022527800e-01 8.466784038781566620e+08
3.603810475682617254e-01 1.337630097970862150e+09
3.618225717585348278e-01 9.332015904635326862e+08
3.632698620455689364e-01 9.364633346749541759e+08
3.647229414937512293e-01 7.577251822005088329e+08
3.661818332597261971e-01 1.780764061168098211e+09
3.676465605927651259e-01 6.287367314451330900e+08
3.691171468351361895e-01 6.327867590333114862e+08
3.705936154224767076e-01 1.389804084678941965e+08
3.720759898841666247e-01 2.233970035665715486e+07
3.735642938437032656e-01 2.582880274836061895e+07
3.750585510190780902e-01 8.086989495279644430e+07
3.765587852231543908e-01 5.961898449482848644e+08
3.780650203640470441e-01 1.933996592112891197e+09
3.795772804455032068e-01 1.190945484525011301e+09
3.810955895672852312e-01 1.432896565513399839e+09
3.826199719255543585e-01 2.193975690351380408e+08
3.841504518132565771e-01 6.730421395765466690e+08
3.856870536205096456e-01 6.927159595379714668e+07
3.872298018349916715e-01 2.549383475402425230e+08
3.887787210423316320e-01 1.565273043302808702e+08
3.903338359265008939e-01 4.641793799588719010e+08
3.918951712702069545e-01 7.079266658168531656e+08
3.934627519552877928e-01 1.468850307136465549e+09
3.950366029631089404e-01 3.873341016606563091e+09
3.966167493749613859e-01 4.836476930624566078e+09
3.982032163724612550e-01 5.688585820279435158e+09
3.997960292379510450e-01 5.845247016741900444e+09
4.013952133549028578e-01 6.646078220837057114e+09
4.030007942083224659e-01 8.127283135559864998e+09
4.046127973851557647e-01 3.420978326059200764e+09
4.062312485746963908e-01 5.430051640839555740e+09
4.078561735689951728e-01 5.915269336215869904e+09
4.094875982632711353e-01 5.225663260609009743e+09
4.111255486563242245e-01 5.672038444761633873e+09
4.127700508509495880e-01 4.393722999831072807e+09
4.144211310543532978e-01 2.947989670002557755e+09
4.160788155785707931e-01 2.670640360562119484e+09
4.177431308408850463e-01 1.330907856270625830e+09
4.194141033642486138e-01 7.247993912928203344e+08
4.210917597777056320e-01 2.742398009225527048e+08
4.227761268168164221e-01 1.297497997448576689e+08
4.244672313240837602e-01 3.225806914280973077e+08
4.261651002493800910e-01 6.768305458969025612e+08
4.278697606503775730e-01 1.428034823377649784e+09
4.295812396929790666e-01 2.323267120998324871e+09
4.312995646517510107e-01 2.807511725446118355e+09
4.330247629103580187e-01 4.212688979490832806e+09
4.347568619619994745e-01 4.653651923358704567e+09
4.364958894098474596e-01 4.469518861296508789e+09
4.382418729674867897e-01 3.823898478728196621e+09
4.399948404593567730e-01 5.496744634271790504e+09
4.417548198211941890e-01 6.818742033639451027e+09
4.435218391004789873e-01 4.532476507195911407e+09
4.452959264568808750e-01 5.824731782899322510e+09
4.470771101627084021e-01 5.141220684012908936e+09
4.488654186033592119e-01 6.113797886467136383e+09
4.506608802777726241e-01 7.450774870684659958e+09
4.524635237988837710e-01 8.359736563527791023e+09
4.542733778940792333e-01 8.004266686162265778e+09
4.560904714056555065e-01 7.489304195967304230e+09
4.579148332912781894e-01 1.030594951572887993e+10
4.597464926244433370e-01 4.925388485198883057e+09
4.615854785949410899e-01 1.002120375400727272e+10
4.634318205093208576e-01 5.052218577648566246e+09
4.652855477913582227e-01 8.028701928796181679e+09
4.671466899825236219e-01 8.821196939542219162e+09
4.690152767424536906e-01 9.532649269054973602e+09
4.708913378494234969e-01 1.417674595447592354e+10
4.727749032008212171e-01 1.022647430166366005e+10
4.746660028136244769e-01 1.253606834811337280e+10
4.765646668248789131e-01 6.341267333230778694e+09
4.784709254921784560e-01 4.819026395907521248e+09
4.803848091941470555e-01 8.564655586450374603e+09
4.823063484309236815e-01 8.970742720754467010e+09
4.842355738246474361e-01 1.267714388582197189e+10
4.861725161199459966e-01 1.066165356285974693e+10
4.881172061844257226e-01 1.713971443258678436e+10
4.900696750091634302e-01 1.376288399891806984e+10
4.920299537092001074e-01 1.867704672563669586e+10
4.939980735240369625e-01 2.356408459967885590e+10
4.959740658181330253e-01 1.057563956844006157e+10
4.979579620814056362e-01 1.281462421279969788e+10
4.999497939297311566e-01 1.250526757923783684e+10
5.019495931054501758e-01 9.242888863532938004e+09
5.039573914778719965e-01 1.422171606458361244e+10
5.059732210437835054e-01 1.069318672422148895e+10
5.079971139279585435e-01 1.178354978869121170e+10
5.100291023836703852e-01 9.060730977002937317e+09
5.120692187932051054e-01 8.124417308043896675e+09
5.141174956683780550e-01 7.439762685442543983e+09
5.161739656510514473e-01 6.235132496397841454e+09
5.182386615136556074e-01 4.526185119584768295e+09
5.203116161597103329e-01 6.751884437199602127e+09
5.223928626243490303e-01 1.017895368140594673e+10
5.244824340748465152e-01 7.675765782946404457e+09
5.265803638111459239e-01 8.984793474452581406e+09
5.286866852663905103e-01 7.908417929291678429e+09
5.308014320074561088e-01 9.828284704063192368e+09
5.329246377354859288e-01 7.447385837591437340e+09
5.350563362864277916e-01 7.474530498930018425e+09
5.371965616315735881e-01 5.648349610636484146e+09
5.393453478780998456e-01 6.385328106305394173e+09
5.415027292696121819e-01 6.064626559318365097e+09
5.436687401866906466e-01 6.283958425429721832e+09
5.458434151474373941e-01 4.996486338373030663e+09
5.480267888080271321e-01 5.326475994604127884e+09
5.502188959632591247e-01 6.044527198516082764e+09
5.524197715471121928e-01 6.658889769439763069e+09
5.546294506333006025e-01 7.606259114285308838e+09
5.568479684358338400e-01 6.943419179643570900e+09
5.590753603095770519e-01 6.056778414338730812e+09
5.613116617508153716e-01 5.086482203369513512e+09
5.635569083978186899e-01 4.453543380605145454e+09
5.658111360314097560e-01 5.239343719096615791e+09
5.680743805755354980e-01 4.870800118236935616e+09
5.703466780978375672e-01 5.476068808064572334e+09
5.726280648102289872e-01 5.707215982196640015e+09
5.749185770694699160e-01 5.418627979763230324e+09
5.772182513777477375e-01 5.375307891498537064e+09
5.795271243832587071e-01 6.169664899910455704e+09
5.818452328807918184e-01 5.882219068407848358e+09
5.841726138123150003e-01 4.802795320282611847e+09
5.865093042675643131e-01 2.618432663993946552e+09
5.888553414846344758e-01 1.283423376510083079e+08
5.912107628505729462e-01 1.132681988851586819e+09
5.935756059019753339e-01 3.949167244532777309e+09
5.959499083255832552e-01 4.975486500649621010e+09
5.983337079588855190e-01 6.006772636710944176e+09
6.007270427907210886e-01 6.802761542613172531e+09
6.031299509618840426e-01 7.981553462985178947e+09
6.055424707657315331e-01 9.489166389599925995e+09
6.079646406487945187e-01 1.111285666383917427e+10
6.103964992113897203e-01 1.200659473143902779e+10
6.128380852082353503e-01 1.429768449113886833e+10
6.152894375490681744e-01 1.331885340735965157e+10
6.177505952992645710e-01 1.063896556864745712e+10
6.202215976804615893e-01 9.926946672646532059e+09
6.227024840711834486e-01 9.235169678467050552e+09
6.251932940074681477e-01 1.003137463679382133e+10
6.276940671834980723e-01 1.063139820902251816e+10
6.302048434522321552e-01 1.222262783904402733e+10
6.327256628260409244e-01 1.432854871216564178e+10
6.352565654773452142e-01 1.632146919117782784e+10
6.377975917392545435e-01 1.869231936591234589e+10
6.403487821062116003e-01 2.570917100382904816e+10
6.429101772346363930e-01 2.847025538035982895e+10
6.454818179435749537e-01 3.577373169224217987e+10
6.480637452153492628e-01 3.780750875145252991e+10
6.506560001962106154e-01 4.149201407740835571e+10
6.532586241969955410e-01 4.907149038994884491e+10
6.558716586937833881e-01 3.053822398516507339e+10
6.584951453285585732e-01 2.751451450042937851e+10
6.611291259098727169e-01 2.261908867513949966e+10
6.637736424135122215e-01 1.963403128110395813e+10
6.664287369831662922e-01 1.909932931037063217e+10
6.690944519310989547e-01 1.921669212966760254e+10
6.717708297388232941e-01 1.974475944579133606e+10
6.744579130577786907e-01 2.117765317371202087e+10
6.771557447100098326e-01 2.554726057727599335e+10
6.798643676888498355e-01 2.587058419824431992e+10
6.825838251596052508e-01 2.985596617133290100e+10
6.853141604602436265e-01 2.967416993685258865e+10
6.880554171020846210e-01 2.849647726207070541e+10
6.908076387704928933e-01 3.203085636799000931e+10
6.935708693255748791e-01 3.705457930683118439e+10
6.963451528028771209e-01 5.127363056498899841e+10
6.991305334140887062e-01 5.757885613102552795e+10
7.019270555477450380e-01 6.314924962479594421e+10
7.047347637699360456e-01 7.526033112117178345e+10
7.075537028250157290e-01 5.461157898424873352e+10
7.103839176363159202e-01 4.652832146368862152e+10
7.132254533068611568e-01 4.267359212552739716e+10
7.160783551200886610e-01 4.833698839804309845e+10
7.189426685405689854e-01 5.375115247921833801e+10
7.218184392147313222e-01 5.419126261484496307e+10
7.247057129715901436e-01 6.740268242204062653e+10
7.276045358234763949e-01 7.716916253411325073e+10
7.305149539667704639e-01 9.789544723378257751e+10
7.334370137826373703e-01 1.115974294655602112e+11
7.363707618377679509e-01 1.210338598845820007e+11
7.393162448851190449e-01 1.172723553484623413e+11
7.422735098646596752e-01 1.244757325420258789e+11
7.452426039041182282e-01 1.097145199954576874e+11
7.482235743197346300e-01 1.336223143668695526e+11
7.512164686170136330e-01 1.319630504372119598e+11
7.542213344914817652e-01 1.594042406075274353e+11
7.572382198294477229e-01 1.585204259998306274e+11
7.602671727087656484e-01 1.468699017699701233e+11
7.633082413996006288e-01 1.117958197562353821e+11
7.663614743651989691e-01 1.515453032070430183e+10
7.694269202626597970e-01 2.221244179036803818e+10
7.725046279437104424e-01 8.521859655090232849e+10
7.755946464554852593e-01 1.108393629608027954e+11
7.786970250413072225e-01 1.202019215620121155e+11
7.818118131414724115e-01 1.499879160397600708e+11
7.849390603940383793e-01 9.421438125061166382e+10
7.880788166356144098e-01 1.187494380760028534e+11
7.912311319021569922e-01 8.982535200433921814e+10
7.943960564297655180e-01 1.061188279353035583e+11
7.975736406554845281e-01 9.458705757611096191e+10
8.007639352181065151e-01 1.124784149087949982e+11
8.039669909589789443e-01 1.403632857184901733e+11
8.071828589228148276e-01 1.987335455771558228e+11
8.104115903585061842e-01 2.429620145200611877e+11
8.136532367199402760e-01 3.373237603509874878e+11
8.169078496668199518e-01 3.664577371779802246e+11
8.201754810654874328e-01 3.101695378335747681e+11
8.234561829897493190e-01 3.594843201627407227e+11
8.267500077217083687e-01 3.552887693599618530e+11
8.300570077525952772e-01 2.972106573242742310e+11
8.333772357836056743e-01 3.481595273135921021e+11
8.367107447267401188e-01 3.360943954977288818e+11
8.400575877056470908e-01 3.525021316228108521e+11
8.434178180564695371e-01 2.471315993443695374e+11
8.467914893286955236e-01 1.447641794322202454e+11
8.501786552860102208e-01 1.631254365525768127e+11
8.535793699071543283e-01 1.591161587928575134e+11
8.569936873867830540e-01 1.772036165213204956e+11
8.604216621363300899e-01 2.023869529036218872e+11
8.638633487848753623e-01 2.335373174644957886e+11
8.673188021800150027e-01 2.704557827522825928e+11
8.707880773887352044e-01 2.950904145979995117e+11
8.742712296982900755e-01 3.450897196896881104e+11
8.777683146170831563e-01 4.429702056007709961e+11
8.812793878755513788e-01 5.180786787580706787e+11
8.848045054270535781e-01 5.957913136811357422e+11
8.883437234487617795e-01 4.399098510962490845e+11
8.918970983425568155e-01 6.062161422692092285e+11
8.954646867359271623e-01 4.934382976884603271e+11
8.990465454828707736e-01 6.079262457939157715e+11
9.026427316648023558e-01 5.366851399850037231e+11
9.062533025914615292e-01 5.524829094877098389e+11
9.098783158018273198e-01 6.105110324209453125e+11
9.135178290650346478e-01 6.368012562709299316e+11
9.171719003812948134e-01 7.140102468075672607e+11
9.208405879828199803e-01 7.072402054395046387e+11
9.245239503347512100e-01 5.924663475717556152e+11
9.282220461360901620e-01 6.235071844494624023e+11
9.319349343206346781e-01 5.519196942089113770e+11
9.356626740579171431e-01 5.825422410221828613e+11
9.394053247541488405e-01 6.181507942013687744e+11
9.431629460531654185e-01 6.388414253072752686e+11
9.469355978373780180e-01 7.411995193048492432e+11
9.507233402287275092e-01 7.658068582425242920e+11
9.545262335896426142e-01 8.319220394355958252e+11
9.583443385240012491e-01 8.266361532495502930e+11
9.621777158780971950e-01 8.802438468736757812e+11
9.660264267416096562e-01 9.183679826613320312e+11
9.698905324485760371e-01 9.720943151901599121e+11
9.737700945783701600e-01 8.030024621476540527e+11
9.776651749566835914e-01 8.070244002984519043e+11
9.815758356565105203e-01 7.890307371969888916e+11
9.855021389991363012e-01 7.922386506069124756e+11
9.894441475551331022e-01 7.466018683888518066e+11
9.934019241453534432e-01 5.396247321732322388e+11
9.973755318419349480e-01 6.508894214703813477e+11
1.001365033969302543e+00 6.480014125326734619e+11
1.005370494105179757e+00 6.503329550186544189e+11
1.009391976081600362e+00 6.812162686788774414e+11
1.013429543985926884e+00 7.709602956587431641e+11
1.017483262161870350e+00 7.771095741698747559e+11
1.021553195210518128e+00 8.363167579886397705e+11
1.025639407991360219e+00 8.253271320006177979e+11
1.029741965623325539e+00 8.314474209231331787e+11
1.033860933485818867e+00 8.765496664981311035e+11
1.037996377219762012e+00 9.605230820717739258e+11
1.042148362728641198e+00 9.972828104941254883e+11
1.046316956179555557e+00 1.067235278539284668e+12
1.050502224004274066e+00 1.045037041997015869e+12
1.054704232900291139e+00 1.063477014558523560e+12
1.058923049831892227e+00 1.038801431192284546e+12
1.063158742031219628e+00 1.084417515084480103e+12
1.067411376999344741e+00 1.084557990407686035e+12
1.071681022507342096e+00 1.090423289172234497e+12
1.075967746597371377e+00 1.165514134292874756e+12
1.080271617583760779e+00 1.120831385713014404e+12
1.084592704054095913e+00 1.205624411148565186e+12
1.088931074870312044e+00 1.098234839790415039e+12
1.093286799169793433e+00 1.187685311179946045e+12
1.097659946366472461e+00 1.114660366793009766e+12
1.102050586151938294e+00 1.116055083023949463e+12
1.106458788496546219e+00 1.028964715597948120e+12
1.110884623650532532e+00 1.045277945980771851e+12
1.115328162145134749e+00 1.152825105416256104e+12
1.119789474793714934e+00 1.133163791412131348e+12
1.124268632692889902e+00 1.209610739499055420e+12
1.128765707223661430e+00 1.229055218930886719e+12
1.133280770052556230e+00 1.224010324686580078e+12
1.137813893132766374e+00 1.058162148786631958e+12
1.142365148705297484e+00 1.108671459365097656e+12
1.146934609300118479e+00 1.324234305899541992e+12
1.151522347737319096e+00 1.376637869434634033e+12
1.156128437128268516e+00 1.369831560497883057e+12
1.160752950876781542e+00 1.384606883475945801e+12
1.165395962680288999e+00 1.409129565291095215e+12
1.170057546531009907e+00 1.159016471607224121e+12
1.174737776717134086e+00 1.218172413892911377e+12
1.179436727824002773e+00 1.012360604621964722e+12
1.184154474735298557e+00 1.263524916486694336e+12
1.188891092634239977e+00 1.366785464708930176e+12
1.193646657004777012e+00 1.376673732006003662e+12
1.198421243632796118e+00 1.283832357833808105e+12
1.203214928607327261e+00 1.316504264630653076e+12
1.208027788321756724e+00 1.388369198747981689e+12
1.212859899475043468e+00 1.342642758277156982e+12
1.217711339072943710e+00 1.395866397394538330e+12
1.222582184429235275e+00 1.369703583010339111e+12
1.227472513166952384e+00 1.441213083426975098e+12
1.232382403219620226e+00 1.438965259749925049e+12
1.237311932832498407e+00 1.424482106800330566e+12
1.242261180563828615e+00 1.100230617538956543e+12
1.247230225286083849e+00 1.291884434234084473e+12
1.252219146187228072e+00 1.060419351945459961e+12
1.257228022771976983e+00 1.263617888647222900e+12
1.262256934863064783e+00 1.271440837563296875e+12
1.267305962602517155e+00 1.358747010874261963e+12
1.272375186452927354e+00 1.326029752686584717e+12
1.277464687198738957e+00 1.349567891834880615e+12
1.282574545947533950e+00 1.385047153962880127e+12
1.287704844131324133e+00 1.313357542929070068e+12
1.292855663507849417e+00 1.334701498548505615e+12
1.298027086161880783e+00 1.366757988178321777e+12
1.303219194506528344e+00 1.375597923405343750e+12
1.308432071284554521e+00 1.367632465334076904e+12
1.313665799569692760e+00 1.402981047828024170e+12
1.318920462767971591e+00 1.412490246239962646e+12
1.324196144619043336e+00 1.364364881163583252e+12
1.329492929197519491e+00 1.335945825011780029e+12
1.334810900914309650e+00 1.167335080960484131e+12
1.340150144517967101e+00 1.139269877608307129e+12
1.345510745096038852e+00 1.140441693157638428e+12
1.350892788076423212e+00 1.148831946526830322e+12
1.356296359228728932e+00 1.125264466442139648e+12
1.361721544665643879e+00 1.154463625285953369e+12
1.367168430844306393e+00 1.176726590569261719e+12
1.372637104567683730e+00 1.186514601103351074e+12
1.378127652985954299e+00 1.200183535553416992e+12
1.383640163597898098e+00 1.202725985705243164e+12
1.389174724252289828e+00 1.184406862890476807e+12
1.394731423149298877e+00 1.166993434366756104e+12
1.400310348841896202e+00 1.143359417112351074e+12
1.405911590237263642e+00 1.149301624509383789e+12
1.411535236598212784e+00 1.107541026810587891e+12
1.417181377544605603e+00 1.085220696372052368e+12
1.422850103054784210e+00 1.094588068583305664e+12
1.428541503467003038e+00 1.075226173484235474e+12
1.434255669480871243e+00 1.085849324315703125e+12
1.439992692158794885e+00 1.096343811456916260e+12
1.445752662927429988e+00 1.110727640868121338e+12
1.451535673579139596e+00 1.113104832980952393e+12
1.457341816273456159e+00 1.136497781763695312e+12
1.463171183538549913e+00 1.111948252980157715e+12
1.469023868272704147e+00 1.094174255365076782e+12
1.474899963745795128e+00 1.110333226010247070e+12
1.480799563600778246e+00 1.119791567480253174e+12
1.486722761855181485e+00 1.115021279364952393e+12
1.492669652902602007e+00 1.126033586714565430e+12
1.498640331514212276e+00 1.129213267699011230e+12
1.504634892840269300e+00 1.138805864962812744e+12
1.510653432411630304e+00 1.144572804943956543e+12
1.516696046141276843e+00 1.116035830581553223e+12
1.522762830325842032e+00 1.170648117691943848e+12
1.528853881647145307e+00 1.180327045147499512e+12
1.534969297173733649e+00 1.176401625422114258e+12
1.541109174362428780e+00 1.180087790504760742e+12
1.547273611059878373e+00 1.191370878005782471e+12
1.553462705504118135e+00 1.193611607152424561e+12
1.559676556326134556e+00 1.137150386666844727e+12
1.565915262551438980e+00 1.195046942534576660e+12
1.572178923601644795e+00 1.207989356372286133e+12
1.578467639296051495e+00 1.178655663235521729e+12
1.584781509853235626e+00 1.209677111867264648e+12
1.591120635892648405e+00 1.230216583714799316e+12
1.597485118436219098e+00 1.202467726946186523e+12
1.603875058909963958e+00 1.189368491214597656e+12
1.610290559145603595e+00 1.219413374585135254e+12
1.616731721382186127e+00 1.201111195335365234e+12
1.623198648267714761e+00 1.197298177325943604e+12
1.629691442860785600e+00 1.234064447730810791e+12
1.636210208632228769e+00 1.251433329615865967e+12
1.642755049466757766e+00 1.215858924670670166e+12
1.649326069664624805e+00 1.244966162157108398e+12
1.655923373943283039e+00 1.252513625943939453e+12
1.662547067439056336e+00 1.227764456591366943e+12
1.669197255708812611e+00 1.243212738334322510e+12
1.675874044731648027e+00 1.247335342844222900e+12
1.682577540910574321e+00 1.235954180663822510e+12
1.689307851074216771e+00 1.227624681592118896e+12
1.696065082478513508e+00 1.218208722840034424e+12
1.702849342808427480e+00 1.205629437699472412e+12
1.709660740179661298e+00 1.175258047754552979e+12
1.716499383140379864e+00 1.133386625558103516e+12
1.723365380672941427e+00 1.122493469926514160e+12
1.730258842195633306e+00 1.098750730402509155e+12
1.737179877564415831e+00 1.061443574351828857e+12
1.744128597074673603e+00 1.041738080566015747e+12
1.751105111462972097e+00 1.021283620912838501e+12
1.758109531908824241e+00 9.749673553334478760e+11
1.765141970036459451e+00 9.518845081533842773e+11
1.772202537916605314e+00 9.274953182898264160e+11
1.779291348068271716e+00 8.820149766940373535e+11
1.786408513460544745e+00 8.703183511504407959e+11
1.793554147514387020e+00 8.402832886206326904e+11
1.800728364104444257e+00 8.327758293613269043e+11
1.807931277560862249e+00 7.926897146931330566e+11
1.815163002671105641e+00 8.097156609143828125e+11
1.822423654681789795e+00 7.953955251410959473e+11
1.829713349300517100e+00 7.779046555408536377e+11
1.837032202697718830e+00 7.767548677265412598e+11
1.844380331508509885e+00 7.227825806402855225e+11
1.851757852834543527e+00 7.167566972206325684e+11
1.859164884245881888e+00 6.533024700442413330e+11
1.866601543782865358e+00 6.998856493305969238e+11
1.874067949957996859e+00 6.917128753007774658e+11
1.881564221757828781e+00 7.038312893217502441e+11
1.889090478644860127e+00 7.170994571331195068e+11
1.896646840559439662e+00 7.204083051336147461e+11
1.904233427921677269e+00 7.228875389259981689e+11
1.911850361633363971e+00 7.276063930288511963e+11
1.919497763079897279e+00 7.119893388066309814e+11
1.927175754132217200e+00 6.857907762672830811e+11
1.934884457148745796e+00 6.907307275019923096e+11
1.942623994977340729e+00 6.242970854669948730e+11
1.950394490957250149e+00 6.466566963438247070e+11
1.958196068921079336e+00 6.810612653446129150e+11
1.966028853196763793e+00 6.790473371301625977e+11
1.973892968609550991e+00 6.184246240885733643e+11
1.981788540483989447e+00 6.066425735330435791e+11
1.989715694645925126e+00 6.093391929297989502e+11
1.997674557424508723e+00 6.372312541312640381e+11
2.005665255654207169e+00 6.343554482273746338e+11
2.013687916676823786e+00 6.288962519407800293e+11
2.021742668343530891e+00 6.377907375345738525e+11
2.029829639016905052e+00 6.276323081827977295e+11
2.037948957572972564e+00 6.291922147857321777e+11
2.046100753403264694e+00 6.291893544923057861e+11
2.054285156416877811e+00 6.402699441414007568e+11
2.062502297042545507e+00 6.345620859842855225e+11
2.070752306230715600e+00 6.423257446246940918e+11
2.079035315455638244e+00 6.453038217440598145e+11
2.087351456717461140e+00 6.426943782969527588e+11
2.095700862544330967e+00 6.498563342240400391e+11
2.104083665994508134e+00 6.581288268458143311e+11
2.112500000658485977e+00 6.608819540724381104e+11
2.120950000661120161e+00 6.632347677465383301e+11
2.129433800663764753e+00 6.589233900449117432e+11
2.137951535866419839e+00 6.638275107882886963e+11
2.146503342009885351e+00 6.731278858172985840e+11
2.155089355377924676e+00 6.715908548679291992e+11
2.163709712799436691e+00 6.747012127615385742e+11
2.172364551650634468e+00 6.741211343258226318e+11
2.181054009857236853e+00 6.691815888061254883e+11
2.189778225896665376e+00 6.687924734552749023e+11
2.198537338800252705e+00 6.676714632583388672e+11
2.207331488155453325e+00 6.290179793369592285e+11
2.216160814108075083e+00 6.645428451427231445e+11
2.225025457364507631e+00 6.579349283529199219e+11
2.233925559193965515e+00 6.589969616720944824e+11
2.242861261430741493e+00 6.573332709614049072e+11
2.251832706476463830e+00 6.511648985767520752e+11
2.260840037302370042e+00 6.429114958047828369e+11
2.269883397451579299e+00 6.418626071889711914e+11
2.278962931041386142e+00 6.351156497214617920e+11
2.288078782765551100e+00 6.327225087113968506e+11
2.297231097896613505e+00 4.619574839081107788e+11
2.306420022288200311e+00 5.250812442842682495e+11
2.315645702377353121e+00 5.268311834728228760e+11
2.324908285186861878e+00 4.302417927798239746e+11
2.334207918327609654e+00 4.773697674334863281e+11
2.343544750000919663e+00 4.755977204234421997e+11
2.352918929000923143e+00 4.202504892238685913e+11
2.362330604716927240e+00 4.303940209286977539e+11
2.371779927135795329e+00 4.406987161002313843e+11
2.381267046844337987e+00 4.097559504888742065e+11
2.390792115031715070e+00 4.002521785874249878e+11
2.400355283491842240e+00 4.054746008155498657e+11
2.409956704625809465e+00 3.757389681192181396e+11
2.419596531444312859e+00 3.618562351383817749e+11
2.429274917570089620e+00 3.585437261730386353e+11
2.438992017240370291e+00 3.582899701343619385e+11
2.448747985309331465e+00 3.242521982549399414e+11
2.458542977250568917e+00 3.279622409675244751e+11
2.468377149159570738e+00 3.436679462832266235e+11
2.478250657756209563e+00 3.168066001504590454e+11
2.488163660387234355e+00 3.166530991429149170e+11
2.498116315028783063e+00 3.221097766568215942e+11
2.508108780288898387e+00 3.001212829720678711e+11
2.518141215410053757e+00 2.980718183697797852e+11
2.528213780271693967e+00 2.869535553743619995e+11
2.538326635392781139e+00 2.858404314476087036e+11
2.548479941934351789e+00 2.833470477656851196e+11
2.558673861702089436e+00 2.785983323144862671e+11
2.568908557148898097e+00 2.820961021264739380e+11
2.579184191377493551e+00 2.675522846574865723e+11
2.589500928143003478e+00 2.790091179332944336e+11
2.599858931855575594e+00 2.814682979283357544e+11
2.610258367582998229e+00 2.858730047942879028e+11
2.620699401053329769e+00 2.780421277246796265e+11
2.631182198657543214e+00 2.798750627230646362e+11
2.641706927452173392e+00 2.797313740184737549e+11
2.652273755161981938e+00 2.893374622987050781e+11
2.662882850182629824e+00 2.895444520419975586e+11
2.673534381583360542e+00 2.668275203296454468e+11
2.684228519109693956e+00 2.669416722159873962e+11
2.694965433186132575e+00 2.527010537569531555e+11
2.705745294918877164e+00 2.514725621753342896e+11
2.716568276098552559e+00 2.437293541931457825e+11
2.727434549202946812e+00 2.344794709771348877e+11
2.738344287399758326e+00 2.297487574801914368e+11
2.749297664549357201e+00 2.312480184297779541e+11
2.760294855207554576e+00 2.310072190597279358e+11
2.771336034628385292e+00 2.226181656732007141e+11
2.782421378766898545e+00 2.148413078911161804e+11
2.793551064281966312e+00 2.207567925717682495e+11
2.804725268539093985e+00 2.072307027498652344e+11
2.815944169613250558e+00 2.031516918593210449e+11
2.827207946291703244e+00 2.148976662202983704e+11
2.838516778076869862e+00 2.007133461069281616e+11
2.849870845189177437e+00 1.997239856628953247e+11
2.861270328569933685e+00 2.056044651677693787e+11
2.872715409884213589e+00 1.994339770764443054e+11
2.884206271523750420e+00 1.983619702014472961e+11
2.895743096609845413e+00 2.016620643694323730e+11
2.907326068996284985e+00 1.866313129512734985e+11
2.918955373272270393e+00 1.899156133579381409e+11
2.930631194765359826e+00 1.921552026711497803e+11
2.942353719544420709e+00 1.843419211576781921e+11
2.954123134422598440e+00 1.869366108854679260e+11
2.965939626960289122e+00 1.822952958728827820e+11
2.977803385468130504e+00 1.872810365380258789e+11
2.989714599010003138e+00 1.803160667753731384e+11
3.001673457406043077e+00 1.817527900478978577e+11
3.013680151235667015e+00 1.823403392083980103e+11
3.025734871840609408e+00 1.735655352208731995e+11
3.037837811327972037e+00 1.846755947515261536e+11
3.049989162573283785e+00 1.741596670476661682e+11
3.062189119223576395e+00 1.823333765851221008e+11
3.074437875700470890e+00 1.757228671464067078e+11
3.086735627203272880e+00 1.751129322110972900e+11
3.099082569712085622e+00 1.777988907000332947e+11
3.111478899990933744e+00 1.710849358613065491e+11
3.123924815590897186e+00 1.752825119328068848e+11
3.136420514853261121e+00 1.726288226195660095e+11
3.148966196912674320e+00 1.723883675128065186e+11
3.161562061700325277e+00 1.733811015207542725e+11
3.174208309947126327e+00 1.686864031460157776e+11
3.186905143186915090e+00 1.771618674489776917e+11
3.199652763759662566e+00 1.645886212367975159e+11
3.212451374814701222e+00 1.763930138096472778e+11
3.225301180313960625e+00 1.720921983100437317e+11
3.238202385035215958e+00 1.714988897082403259e+11
3.251155194575356955e+00 1.751711249790783691e+11
3.264159815353658622e+00 1.745154841233208923e+11
3.277216454615073271e+00 1.728328717720601807e+11
3.290325320433533207e+00 1.736158219570082703e+11
3.303486621715267635e+00 1.738945582624303284e+11
3.316700568202128441e+00 1.660031881027191772e+11
3.329967370474937294e+00 1.664554650931782837e+11
3.343287239956836743e+00 1.619754066761448669e+11
3.356660388916663962e+00 1.684556840299327087e+11
3.370087030472330714e+00 1.710104859831763306e+11
3.383567378594220187e+00 1.682847145542084961e+11
3.397101648108596716e+00 1.692930306145900269e+11
3.410690054701031482e+00 1.675142717316865540e+11
3.424332814919834878e+00 1.675774982755086975e+11
3.438030146179514634e+00 1.661794049315628967e+11
3.451782266764232610e+00 1.663654998334534302e+11
3.465589395831289998e+00 1.666363756811348877e+11
3.479451753414614767e+00 1.648619687701362915e+11
3.493369560428273068e+00 1.605483570276463318e+11
3.507343038669985980e+00 1.657591334252667847e+11
3.521372410824665788e+00 1.601319603636053467e+11
3.535457900467964709e+00 1.611361005488927917e+11
3.549599732069836477e+00 1.603775999706237488e+11
3.563798130998116154e+00 1.591213479670594482e+11
3.578053323522108364e+00 1.589115801248165894e+11
3.592365536816196858e+00 1.588002903054361877e+11
3.606734998963461614e+00 1.572472312182614441e+11
3.621161938959315041e+00 1.557816278772207642e+11
3.635646586715152839e+00 1.552442440895688477e+11
3.650189173062013293e+00 1.543464765199504700e+11
3.664789929754260545e+00 1.534748030045020142e+11
3.679449089473277645e+00 1.518590735106908264e+11
3.694166885831170699e+00 1.513594207047088928e+11
3.708943553374495661e+00 1.516263074978425598e+11
3.723779327587993571e+00 1.511199769187884827e+11
3.738674444898345328e+00 1.462625524390856628e+11
3.753629142677938901e+00 1.491814797109858093e+11
3.768643659248651190e+00 1.467538507639838867e+11
3.783718233885645432e+00 1.469739948704561768e+11
3.798853106821188153e+00 1.451620929520562134e+11
3.814048519248473657e+00 1.441634055432344666e+11
3.829304713325467180e+00 1.406628663812356262e+11
3.844621932178768908e+00 1.411918017955141907e+11
3.860000419907484215e+00 1.402176564441697998e+11
3.875440421587113882e+00 1.385558803974593201e+11
3.890942183273462529e+00 1.363934729960969238e+11
3.906505952006555926e+00 1.354453232943417511e+11
3.922131975814582727e+00 1.338335311234689026e+11
3.937820503717840648e+00 1.315370563371354980e+11
3.953571785732711508e+00 1.292435804038004913e+11
3.969386072875642490e+00 1.271131287459205780e+11
3.985263617167145167e+00 1.232696449704597778e+11
4.001204671635814059e+00 1.174193846168263092e+11
4.017209490322357190e+00 1.151833227480463715e+11
4.033278328283646630e+00 1.156169104823449097e+11
4.049411441596781458e+00 1.037153145506947937e+11
4.065609087363168506e+00 1.073553326636224213e+11
4.081871523712622185e+00 9.853528331263442993e+10
4.098199009807472315e+00 9.972252147482489014e+10
4.114591805846702144e+00 1.007583785698843689e+11
4.131050173070089038e+00 9.209896293772721863e+10
4.147574373762369149e+00 9.582476745800610352e+10
4.164164671257418959e+00 9.018653053861912537e+10
4.180821329942449260e+00 9.006923458818295288e+10
4.197544615262219558e+00 8.993226533522457886e+10
4.214334793723269357e+00 8.323027316779470825e+10
4.231192132898162761e+00 8.378465309631591797e+10
4.248116901429755288e+00 7.807763011104338074e+10
4.265109369035473996e+00 7.721729203201528931e+10
4.282169806511615384e+00 7.590269230689772034e+10
4.299298485737661935e+00 6.684169961899703217e+10
4.316495679680612874e+00 6.314020063160991669e+10
4.333761662399335357e+00 6.111443989128537750e+10
4.351096709048932532e+00 5.851813059153202057e+10
4.368501095885127583e+00 5.536374755183686829e+10
4.385975100268668214e+00 5.257938662675563049e+10
4.403519000669743555e+00 5.007214578193204498e+10
4.421133076672422391e+00 4.819476589813951111e+10
4.438817608979111817e+00 4.490841393484842682e+10
4.456572879415028332e+00 4.316786611845954895e+10
4.474399170932688463e+00 4.030784822948371887e+10
4.492296767616419828e+00 3.998903319189119720e+10
4.510265954686884626e+00 3.883330264169322205e+10
4.528307018505633330e+00 3.772907546342369843e+10
4.546420246579655711e+00 3.724467224323302460e+10
4.564605927565974497e+00 3.535638405210374451e+10
4.582864351276237258e+00 3.644653168300431061e+10
4.601195808681342925e+00 3.771415192005367279e+10
4.619600591916067422e+00 3.747829701774399567e+10
4.638078994283731937e+00 3.683299570688726044e+10
4.656631310260867629e+00 4.057565360364115906e+10
4.675257835501911430e+00 3.891337472792996216e+10
4.693958866843916944e+00 3.899676981717720795e+10
4.712734702311292878e+00 3.846114130532620239e+10
4.731585641120538810e+00 3.886061545095211792e+10
4.750511983685020923e+00 3.629786631065731049e+10
4.769514031619761063e+00 3.627789844053901672e+10
4.788592087746240011e+00 3.602529015271055603e+10
4.807746456097224730e+00 3.609579056620046997e+10
4.826977441921613377e+00 3.660042025043887329e+10
4.846285351689299858e+00 3.536243029723067474e+10
4.865670493096057925e+00 3.572855800702125549e+10
4.885133175068442135e+00 3.429060001495281601e+10
4.904673707768715474e+00 3.474758352759855652e+10
4.924292402599791174e+00 3.235648115568801880e+10
4.943989572210189642e+00 3.360474607717728806e+10
4.963765530499030021e+00 3.200441851273690796e+10
4.983620592621027079e+00 3.447118428104902649e+10
5.003555074991511198e+00 3.272177347185804749e+10
5.023569295291476777e+00 3.120291067993542862e+10
5.043663572472643075e+00 3.401873321488399506e+10
5.063838226762532813e+00 3.296421435367960358e+10
5.084093579669583640e+00 3.252243244970856094e+10
5.104429953988261381e+00 3.327343838522237015e+10
5.124847673804215020e+00 3.286348464372814941e+10
5.145347064499431688e+00 3.352204200522969437e+10
5.165928452757428957e+00 3.146451696368431091e+10
5.186592166568458673e+00 3.346385649645407104e+10
5.207338535234733001e+00 3.180151202315274429e+10
5.228167889375671784e+00 3.279499467357134628e+10
5.249080560933174766e+00 3.116091022188971329e+10
5.270076883176907145e+00 3.157878351716839218e+10
5.291157190709615321e+00 3.085895375963936615e+10
5.312321819472453299e+00 3.190814484226103592e+10
5.333571106750343738e+00 3.147295183957366943e+10
5.354905391177344320e+00 3.106016957761200714e+10
5.376325012742054099e+00 3.101163639029959869e+10
5.397830312793021612e+00 3.112201440780066681e+10
5.419421634044193858e+00 2.945539658512162018e+10
5.441099320580370602e+00 3.128999588536664200e+10
5.462863717862692425e+00 2.988642392157688141e+10
5.484715172734142996e+00 3.036787136611190796e+10
5.506654033425078865e+00 3.047562682265533829e+10
5.528680649558780580e+00 2.997590381840588760e+10
5.550795372157015350e+00 2.947008655517332077e+10
5.572998553645643227e+00 2.915469456347514725e+10
5.595290547860225949e+00 3.009877388791494370e+10
5.617671710051667766e+00 2.932703662576734543e+10
5.640142396891874021e+00 2.955655107152631378e+10
5.662702966479441713e+00 2.924623596106149673e+10
5.685353778345359821e+00 2.780373501331401443e+10
5.708095193458740724e+00 2.846891270761824799e+10
5.730927574232576482e+00 2.734088047563401413e+10
5.753851284529505783e+00 2.855938494835454941e+10
5.776866689667624399e+00 2.715531191512507629e+10
5.799974156426294769e+00 2.784615308433418655e+10
5.823174053051999977e+00 2.636106346290749741e+10
5.846466749264207508e+00 2.636894950541079712e+10
5.869852616261264977e+00 2.644768197066371918e+10
5.893332026726310069e+00 2.589493958568228531e+10
5.916905354833215114e+00 2.652056906809420776e+10
5.940572976252548543e+00 2.517011693982793808e+10
5.964335268157558545e+00 2.561291214014995575e+10
5.988192609230189589e+00 2.529202024570306778e+10
6.012145379667110490e+00 2.556002983252609634e+10
6.036193961185778889e+00 2.413783643086754227e+10
6.060338737030522616e+00 2.448886132018006897e+10
6.084580091978644134e+00 2.515128361298110580e+10
6.108918412346558746e+00 2.376526412018571091e+10
6.133354085995945226e+00 2.526193303273526001e+10
6.157887502339929320e+00 2.418517943037849426e+10
6.182519052349287669e+00 2.350065481577435684e+10
6.207249128558685491e+00 2.378545426029479980e+10
6.232078125072920471e+00 2.349268433631231689e+10
6.257006437573212843e+00 2.296098560899238968e+10
6.282034463323505236e+00 2.292170970345985413e+10
6.307162601176800720e+00 2.249758275153922653e+10
6.332391251581507063e+00 2.239166696719921112e+10
6.357720816587833390e+00 2.190222404627985001e+10
6.383151699854184180e+00 2.113132541030652237e+10
6.408684306653601226e+00 2.013630312107629776e+10
6.434319043880215361e+00 2.030375525726779175e+10
6.460056320055736379e+00 1.867767471137952805e+10
6.485896545335958052e+00 1.706995116167430687e+10
6.511840131517302233e+00 1.740880487079948807e+10
6.537887492043371829e+00 1.674255097043076324e+10
6.564039042011545533e+00 1.591133578199988937e+10
6.590295198179591196e+00 1.525383653812632942e+10
6.616656378972309405e+00 1.518429284987695122e+10
6.643123004488199257e+00 1.464939015535769844e+10
6.669695496506150789e+00 1.466300926936709213e+10
6.696374278492176479e+00 1.450104270893356514e+10
6.723159775606144528e+00 1.460022408412317085e+10
6.750052414708568094e+00 1.460202609080519485e+10
6.777052624367403411e+00 1.370938374563962555e+10
6.804160834864871887e+00 1.382800685507200813e+10
6.831377478204331055e+00 1.331114627894685936e+10
6.858702988117148180e+00 1.367630067498960686e+10
6.886137800069615622e+00 1.347792859500019264e+10
6.913682351269895499e+00 1.325659807842211723e+10
6.941337080674975013e+00 1.324313958921702766e+10
6.969102428997675069e+00 1.313001872382352448e+10
6.996978838713665994e+00 1.315893043234509659e+10
7.024966754068519670e+00 1.283373627526644135e+10
7.053066621084793653e+00 1.258877536833424377e+10
7.081278887569133929e+00 1.240865613408567047e+10
7.109604003119409654e+00 1.188799846798422623e+10
7.138042419131887861e+00 1.231768201946782494e+10
7.166594588808414379e+00 1.222890004710213852e+10
7.195260967163648047e+00 1.194553621196140862e+10
7.224042011032302923e+00 1.168247494535560989e+10
7.252938179076432235e+00 1.155181600378610611e+10
7.281949931792737196e+00 1.152448227787171364e+10
7.311077731519908696e+00 1.143425331569288445e+10
7.340322042445988515e+00 1.096851645068361282e+10
7.369683330615771411e+00 1.085725141170782471e+10
7.399162063938235612e+00 1.118462892986610603e+10
7.428758712193988423e+00 1.046834303940753174e+10
7.458473747042765112e+00 1.065303000600891685e+10
7.488307642030935796e+00 1.058244538597356224e+10
7.518260872599060285e+00 1.032655258763068199e+10
7.548333916089456253e+00 1.051937112968052483e+10
7.578527251753813587e+00 9.908440623068992615e+09
7.608841360760829176e+00 9.435525655701078415e+09
7.639276726203872769e+00 9.730056708655817032e+09
7.669833833108687493e+00 9.329852301114376068e+09
7.700513168441122325e+00 9.298907095053157806e+09
7.731315221114887670e+00 8.954991019640943527e+09
7.762240481999347352e+00 8.696132518994653702e+09
7.793289443927344351e+00 8.482388600905954361e+09
7.824462601703054077e+00 8.539417744695281982e+09
7.855760452109866065e+00 8.108753962721895218e+09
7.887183493918306532e+00 7.800754978788833618e+09
7.918732227893980458e+00 7.798990964927837372e+09
7.950407156805555431e+00 7.661175187386072159e+09
7.982208785432777454e+00 7.376089826007164955e+09
8.014137620574508958e+00 7.434241313254378319e+09
8.046194171056805899e+00 7.051342630628292084e+09
8.078378947741034821e+00 7.210546113768998146e+09
8.110692463531997021e+00 6.979474776082673073e+09
8.143135233386125549e+00 7.024966617610634804e+09
8.175707774319670662e+00 6.856523519179570198e+09
8.208410605416949224e+00 6.739374823106109619e+09
8.241244247838615422e+00 6.718743561997883797e+09
8.274209224829968790e+00 6.517137914523638725e+09
8.307306061729288871e+00 6.573527768905066490e+09
8.340535285976207192e+00 6.304683648157753944e+09
8.373897427120111203e+00 6.294487491314487457e+09
8.407393016828594412e+00 6.427254207512060165e+09
8.441022588895906509e+00 6.169964208657278061e+09
8.474786679251490540e+00 6.268602942849015236e+09
8.508685825968495209e+00 6.098018796596230507e+09
8.542720569272368891e+00 6.162518206470829010e+09
8.576891451549458978e+00 6.012494757292672157e+09
8.611199017355655627e+00 6.093265640106059074e+09
8.645643813425078150e+00 5.942381191324231148e+09
8.680226388678779159e+00 5.944173061969942093e+09
8.714947294233493125e+00 5.879016901381907463e+09
8.749807083410427566e+00 5.803121986365091324e+09
8.784806311744070229e+00 5.889146413509251595e+09
8.819945536991047774e+00 5.670153110898760796e+09
8.855225319139009343e+00 5.707925082447611809e+09
8.890646220415566958e+00 5.769352819879852295e+09
8.926208805297228821e+00 5.642274570694458961e+09
8.961913640518417878e+00 5.505149615885925293e+09
8.997761295080492161e+00 5.509116434248546600e+09
9.033752340260813085e+00 5.519500997901432037e+09
9.069887349621856387e+00 5.502892676917998314e+09
9.106166899020346150e+00 5.344482000140971184e+09
9.142591566616424359e+00 5.390301995260171890e+09
9.179161932882891506e+00 5.349129286332076073e+09
9.215878580614422333e+00 5.205266497214394569e+09
9.252742094936881045e+00 5.148559374998164177e+09
9.289753063316627646e+00 5.161015995647480011e+09
9.326912075569895322e+00 5.091098706330974579e+09
9.364219723872173162e+00 5.175380959018352509e+09
9.401676602767663482e+00 4.949431023203012466e+09
9.439283309178733816e+00 4.929120454048437119e+09
9.477040442415447075e+00 4.936500541020809174e+09
9.514948604185111236e+00 4.872473035404754639e+09
9.553008398601852136e+00 4.862462961025703430e+09
9.591220432196260859e+00 4.705426441523984909e+09
9.629585313925044687e+00 4.604668525835367203e+09
9.668103655180747324e+00 4.589902394103718758e+09
9.706776069801470896e+00 4.504275414921993256e+09
9.745603174080676112e+00 4.467034491671828270e+09
9.784585586776998412e+00 4.441186602876062393e+09
9.823723929124106746e+00 4.314376188645397186e+09
9.863018824840601440e+00 4.298508839802179337e+09
9.902470900139965337e+00 4.032925641684361935e+09
9.942080783740523842e+00 4.203911058199839115e+09
9.981849106875488431e+00 4.122042035089840889e+09
1.002177650330298952e+01 4.101044127540541172e+09
1.006186360931619994e+01 4.001866622926691055e+09
1.010211106375346723e+01 3.875299685321581364e+09
1.014251950800847979e+01 3.945128243310930252e+09
1.018308958604051284e+01 3.896294308698314667e+09
1.022382194438467451e+01 3.776609647618695736e+09
1.026471723216221399e+01 3.727326980022212505e+09
1.030577610109086173e+01 3.667440335886089325e+09
1.034699920549522467e+01 3.595505391385499954e+09
1.038838720231720458e+01 3.543030520126259327e+09
1.042994075112647501e+01 3.469426444423398495e+09
1.047166051413097954e+01 3.408621347991132736e+09
1.051354715618750468e+01 3.434399442127773285e+09
1.055560134481225454e+01 3.338679347506151676e+09
1.059782375019150358e+01 3.238763007895767212e+09
1.064021504519226902e+01 3.278753168013222694e+09
1.068277590537303823e+01 3.268935312120278358e+09
1.072550700899452991e+01 3.121212448202707291e+09
1.076840903703050856e+01 3.057519622344181538e+09
1.081148267317863088e+01 3.088382492923628807e+09
1.085472860387134553e+01 3.120580098967548847e+09
1.089814751828683015e+01 2.878052106460891724e+09
1.094174010835997635e+01 2.933724423638976097e+09
1.098550706879341909e+01 2.749582859132777691e+09
1.102944909706859100e+01 2.760107836805462837e+09
1.107356689345686540e+01 2.761013779809333801e+09
1.111786116103069233e+01 2.712593689268947124e+09
1.116233260567481622e+01 2.667327770549330711e+09
1.120698193609751492e+01 2.597175443508736610e+09
1.125180986384190440e+01 2.589583629939842701e+09
1.129681710329727373e+01 2.531958817390983105e+09
1.134200437171046083e+01 2.503535845488398075e+09
1.138737238919730466e+01 2.480253865113996983e+09
1.143292187875409383e+01 2.418644077489227295e+09
1.147865356626910938e+01 2.405991749345545769e+09
1.152456818053418530e+01 2.343041288501313210e+09
1.157066645325632237e+01 2.261650323820113659e+09
1.161694911906934635e+01 2.235609917899575710e+09
1.166341691554562487e+01 2.251286338987038136e+09
1.171007058320780736e+01 2.163285927642925262e+09
1.175691086554063958e+01 2.056697288970473051e+09
1.180393850900279951e+01 2.095201405939813375e+09
1.185115426303881137e+01 2.046505692624539614e+09
1.189855888009096674e+01 2.041760458905282259e+09
1.194615311561133097e+01 2.016717964599594116e+09
1.199393772807377623e+01 1.989802367892481565e+09
1.204191347898607134e+01 1.970064866661781311e+09
1.209008113290201614e+01 1.898734583765734673e+09
1.213844145743362368e+01 1.862595391931403160e+09
1.218699522326335938e+01 1.898565931308909893e+09
1.223574320415641381e+01 1.810463331753523588e+09
1.228468617697303777e+01 1.841486677821889162e+09
1.233382492168093059e+01 1.752708010373636484e+09
1.238316022136765504e+01 1.748073261360092640e+09
1.243269286225312520e+01 1.620422851779458284e+09
1.248242363370213859e+01 1.702217755407143593e+09
1.253235332823694748e+01 1.604154182075480223e+09
1.258248274154989410e+01 1.635679891195679903e+09
1.263281267251609385e+01 1.599566893392373323e+09
1.268334392320615756e+01 1.567455295629728794e+09
1.273407729889898299e+01 1.592958783749864340e+09
1.278501360809457665e+01 1.486440484513840437e+09
1.283615366252695544e+01 1.455480223693723679e+09
1.288749827717706253e+01 1.522337645136112213e+09
1.293904827028577031e+01 1.407475487674556732e+09
1.299080446336691352e+01 1.451073964620296955e+09
1.304276768122038099e+01 1.380540178687832832e+09
1.309493875194526424e+01 1.395725688461304903e+09
1.314731850695304693e+01 1.357878450564517736e+09
1.319990778098085649e+01 1.331403182102387667e+09
1.325270741210477965e+01 1.281032809133161783e+09
1.330571824175319939e+01 1.262131289726308823e+09
1.335894111472021173e+01 1.269284642558825254e+09
1.341237687917909227e+01 1.271754094546074629e+09
1.346602638669580898e+01 1.194825856472054720e+09
1.351989049224258999e+01 1.233061814471952438e+09
1.357397005421156067e+01 1.177742349207201004e+09
1.362826593442840917e+01 1.171304199721907139e+09
1.368277899816612297e+01 1.154438476384277582e+09
1.373751011415878942e+01 1.091035809383383989e+09
1.379246015461542463e+01 1.133455021614839315e+09
1.384762999523388416e+01 1.039400194377169847e+09
1.390302051521481808e+01 1.096409044280376434e+09
1.395863259727567751e+01 1.056955357754689813e+09
1.401446712766477987e+01 1.009610681911301255e+09
1.407052499617543972e+01 1.067845488411508679e+09
1.412680709616014063e+01 9.875961144447084665e+08
1.418331432454478147e+01 9.526043223613865376e+08
1.424004758184296193e+01 9.795886751796232462e+08
1.429700777217033369e+01 9.939916318622623682e+08
1.435419580325901379e+01 9.308925076804373264e+08
1.441161258647204946e+01 9.341715341743032932e+08
1.446925903681793812e+01 8.875997892083616257e+08
1.452713607296521126e+01 9.130538675485796928e+08
1.458524461725707155e+01 8.924728502918285131e+08
1.464358559572609764e+01 8.578987336841771603e+08
1.470215993810900557e+01 8.479386846997034550e+08
1.476096857786143879e+01 8.830866712649897337e+08
1.482001245217288599e+01 8.384921175437669754e+08
1.487929250198157760e+01 8.015600476774318218e+08
1.493880967198950316e+01 8.018676638952704668e+08
1.499856491067746056e+01 7.941345858782113791e+08
1.505855917032016933e+01 7.886918923299353123e+08
1.511879340700144958e+01 7.664653381828750372e+08
1.517926858062945605e+01 7.458012488681192398e+08
1.523998565495197433e+01 7.712032635531984568e+08
1.530094559757178274e+01 7.422168451450287104e+08
1.536214937996206764e+01 7.226058492523335218e+08
1.542359797748191674e+01 7.045103079718160629e+08
1.548529236939184450e+01 7.087088741542502642e+08
1.554723353886941339e+01 6.681734647404662371e+08
1.560942247302489072e+01 6.958160132962430716e+08
1.567186016291699069e+01 6.793745494921616316e+08
1.573454760356865556e+01 6.499880622606265545e+08
1.579748579398293096e+01 6.620307153541545868e+08
1.586067573715886247e+01 6.405220485229848623e+08
1.592411844010749888e+01 6.592779350041792393e+08
1.598781491386792730e+01 5.902257933208324909e+08
1.605176617352340074e+01 6.105130453244425058e+08
1.611597323821749228e+01 5.847161415974589586e+08
1.618043713117036120e+01 6.018001643107889891e+08
1.624515887969504391e+01 5.582172354859257936e+08
1.631013951521382310e+01 5.894648183613301516e+08
1.637538007327468037e+01 5.825610840489513874e+08
1.644088159356778078e+01 5.714762231995937824e+08
1.650664511994205341e+01 5.415986324453942776e+08
1.657267170042182158e+01 5.321239038784491420e+08
1.663896238722350418e+01 4.986056978335437775e+08
1.670551823677240222e+01 5.295745946876907945e+08
1.677234030971949608e+01 5.408579411078372002e+08
1.683942967095837062e+01 5.138837599235874414e+08
1.690678738964220429e+01 4.970250240378018618e+08
1.697441453920077237e+01 4.972135555061215162e+08
1.704231219735757108e+01 5.275899450005930066e+08
1.711048144614700561e+01 4.505160615991411805e+08
1.717892337193159236e+01 4.811620138349952102e+08
1.724763906541932101e+01 4.481978776801627874e+08
1.731662962168099895e+01 4.463742709542985559e+08
1.738589614016772344e+01 4.318299359197837114e+08
1.745543972472839300e+01 4.543865473549941778e+08
1.752526148362730751e+01 4.388031816678664684e+08
1.759536252956181812e+01 4.193375154160939455e+08
1.766574397968006238e+01 4.137807427429445982e+08
1.773640695559878466e+01 4.118336405324204564e+08
1.780735258342117433e+01 4.111767762900068760e+08
1.787858199375486024e+01 4.195526464799346924e+08
1.795009632172988034e+01 3.874533616765781045e+08
1.802189670701679702e+01 4.040868540884240866e+08
1.809398429384486562e+01 3.916404512976348400e+08
1.816636023102024211e+01 3.508163097665861249e+08
1.823902567194432578e+01 3.844446258237367868e+08
1.831198177463210186e+01 3.813917715805064440e+08
1.838522970173062987e+01 3.665930413466444612e+08
1.845877062053754969e+01 3.605856795308732390e+08
1.853260570301970134e+01 3.310112250329266191e+08
1.860673612583178027e+01 3.195152860947695374e+08
1.868116307033510637e+01 3.377010061300075650e+08
1.875588772261644976e+01 3.283986560412737131e+08
1.883091127350691352e+01 3.479912087965258956e+08
1.890623491860094063e+01 3.245401040668947101e+08
1.898185985827534594e+01 3.108563301786199808e+08
1.905778729770844748e+01 3.318061982349545360e+08
1.913401844689928311e+01 3.247570364924970269e+08
1.921055452068688041e+01 2.912377356574396491e+08
1.928739673876962968e+01 3.003876592214788198e+08
1.936454632572470658e+01 3.039399390788761377e+08
1.944200451102760141e+01 2.670037005036753714e+08
1.951977252907171589e+01 3.058283911588171124e+08
1.959785161918800256e+01 2.739918155108972192e+08
1.967624302566475691e+01 2.764960601303267479e+08
1.991079942767366973e+01 2.676489709063167274e+08
