# Wavelength (micrometer), Flux (W / m2 / m)
1.000553076518779783e-01 7.107197080145770997e+03
1.004555288824854897e-01 1.925155335744071710e-15
1.008573509980154326e-01 3.378831190171583857e-15
1.012607804020075053e-01 3.889500961841673505e-15
1.016658235236155422e-01 3.705200103230382566e-15
1.020724868177099870e-01 1.574889074187693127e-12
1.024807767649808382e-01 1.378927900612271166e-14
1.028906998720407612e-01 1.375516685285189507e-14
1.033022626715289355e-01 6.028401597818122671e-12
1.037154717222150413e-01 1.434384800360927858e-14
1.041303336091038839e-01 2.774775283512605680e-14
1.045468549435403099e-01 2.125433706025692267e-13
1.049650423633144702e-01 7.874112139024701364e-15
1.053849025327677214e-01 9.486230185446416861e-13
1.058064421428987906e-01 2.524725186215996649e-14
1.062296679114703990e-01 1.909999003719349334e-12
1.066545865831162732e-01 6.099948539371622997e-13
1.070812049294487533e-01 2.124139479772989780e-13
1.075095297491665408e-01 3.895198123332950934e-11
1.079395678681632220e-01 3.336073531068034058e-13
1.083713261396358624e-01 2.150956631425391198e-11
1.088048114441943909e-01 8.228961408847504553e-12
1.092400306899711654e-01 1.362258079185996971e-08
1.096769908127310511e-01 1.606450485215878795e-11
1.101156987759819850e-01 1.932402713391750295e-11
1.105561615710859147e-01 4.202529639705003005e-09
1.109983862173702651e-01 6.780205069636110488e-10
1.114423797622397516e-01 1.008485410365431048e-10
1.118881492812886930e-01 2.251989301159422209e-11
1.123357018784138517e-01 1.013981840560520253e-10
1.127850446859275102e-01 7.037326291176557583e-07
1.132361848646712132e-01 1.325736552199575148e-07
1.136891296041298988e-01 9.756173654075835929e-08
1.141438861225464035e-01 1.146989296833177251e-07
1.146004616670366072e-01 9.527416638281447916e-08
1.150588635137047705e-01 8.376201154396181191e-08
1.155190989677595953e-01 3.541966253301578469e-08
1.159811753636306314e-01 1.704405296874468804e-07
1.164451000650851553e-01 1.844553429029047520e-08
1.169108804653455069e-01 2.103696192246382444e-08
1.173785239872068981e-01 1.374538508321139902e-07
1.178480380831557206e-01 3.939176507630000476e-07
1.183194302354883543e-01 2.433633040683324750e-07
1.187927079564302935e-01 1.326390564174182520e-08
1.192678787882560099e-01 3.137571342954693827e-08
1.197449503034090645e-01 2.070157136680230193e-08
1.202239301046226783e-01 4.016038107262545000e-10
1.207048258250411760e-01 3.366668859537685246e-09
1.211876451283413342e-01 2.879025851548681617e-10
1.216723957088547137e-01 5.558506769750784198e-12
1.221590852916901310e-01 4.070822183850019933e-09
1.226477216328568792e-01 2.272526601089128406e-08
1.231383125193883099e-01 1.154023423341327890e-09
1.236308657694658586e-01 1.979616648950225004e-08
1.241253892325437369e-01 9.421927616904797369e-09
1.246218907894739159e-01 6.143984401629300208e-10
1.251203783526317892e-01 2.620848134606753960e-09
1.256208598660423226e-01 1.150429992554739145e-07
1.261233433055065078e-01 7.056574519060282083e-08
1.266278366787285392e-01 1.600105512666238886e-09
1.271343480254434610e-01 5.124221932328534794e-08
1.276428854175452321e-01 1.682717573852522945e-08
1.281534569592154005e-01 6.882691194989437306e-09
1.286660707870522780e-01 3.755123326161370410e-08
1.291807350702004475e-01 5.122400488744732827e-08
1.296974580104812425e-01 6.400697939634973341e-08
1.302162478425231973e-01 3.447171158073316851e-09
1.307371128338932764e-01 9.799173534306460914e-08
1.312600612852288795e-01 3.044332966601134475e-07
1.317851015303697915e-01 6.122028291377760047e-08
1.323122419364912705e-01 5.488519034389845284e-07
1.328414909042372472e-01 9.450033372283422816e-07
1.333728568678542170e-01 4.300458651459080938e-07
1.339063482953256612e-01 2.143409297637427092e-08
1.344419736885069383e-01 4.948358553107807838e-07
1.349797415832609815e-01 1.204125612868785376e-06
1.355196605495940232e-01 8.034261074272263207e-07
1.360617391917924301e-01 1.475952287011007156e-06
1.366059861485595939e-01 3.616785609776984840e-07
1.371524100931538481e-01 2.818471649648568798e-08
1.377010197335264696e-01 1.600926378196582549e-07
1.382518238124605670e-01 7.552303464312750355e-06
1.388048311077104136e-01 2.526919519570163791e-06
1.393600504321412248e-01 2.185495549855668848e-07
1.399174906338697677e-01 1.514283552388559740e-07
1.404771605964052761e-01 7.101606689969740839e-06
1.410390692387908651e-01 1.095392809395980692e-06
1.416032255157460562e-01 2.384168021215494069e-05
1.421696384178090522e-01 4.432623195380426285e-08
1.427383169714803168e-01 4.537847151068788004e-06
1.433092702393662099e-01 3.488109201616559798e-04
1.438825073203236771e-01 1.776806160523927805e-05
1.444580373496049674e-01 1.668218307431963145e-04
1.450358694990033503e-01 1.363241148488778017e-05
1.456160129769993872e-01 4.525291452712837891e-04
1.461984770289073976e-01 9.716229071217976016e-04
1.467832709370230082e-01 7.111545445514243539e-05
1.473704040207710897e-01 4.956301826791210128e-04
1.479598856368541382e-01 4.421612450944049771e-06
1.485517251794015725e-01 1.503140098638048932e-04
1.491459320801191979e-01 4.857574425647629042e-04
1.497425158084396690e-01 6.934606503853377266e-05
1.503414858716734248e-01 6.360788240680275221e-03
1.509428518151600951e-01 2.238039970971394043e-04
1.515466232224207677e-01 6.121734048325015891e-06
1.521528097153104220e-01 2.345988279427139666e-05
1.527614209541716672e-01 6.344554540521676524e-08
1.533724666379883694e-01 3.098459156893695597e-07
1.539859565045403056e-01 7.681729638548242514e-08
1.546019003305584838e-01 1.769802626694529257e-12
1.552203079318807133e-01 2.150895394046318395e-10
1.558411891636082569e-01 7.006213075617145126e-11
1.564645539202626778e-01 2.271673322850922057e-11
1.570904121359437411e-01 1.363522242627117780e-10
1.577187737844875093e-01 1.923504867858637176e-12
1.583496488796254653e-01 1.855348592637342065e-10
1.589830474751439959e-01 2.107981602346262329e-09
1.596189796650445414e-01 3.833819183212643167e-11
1.602574555837047166e-01 8.571449258167927675e-11
1.608984854060395708e-01 4.264494880874514213e-10
1.615420793476636807e-01 1.226923389273230628e-10
1.621882476650543525e-01 1.141656032703287180e-10
1.628370006557145755e-01 9.983933301376160732e-11
1.634883486583374457e-01 3.181179967650291458e-10
1.641423020529707844e-01 6.545891571722462580e-10
1.647988712611826723e-01 6.453190164725649767e-10
1.654580667462274002e-01 6.672621237936474819e-11
1.661198990132123077e-01 2.416150409252352123e-09
1.667843786092651215e-01 2.237583068460357422e-09
1.674515161237022098e-01 1.272858414830971265e-08
1.681213221881969755e-01 1.352283847468402670e-07
1.687938074769497754e-01 1.566446921375980987e-08
1.694689827068575905e-01 3.549705968837210037e-06
1.701468586376850278e-01 8.250621996920816505e-07
1.708274460722357391e-01 8.707786583796771933e-07
1.715107558565246715e-01 1.461970372585074701e-06
1.721967988799507909e-01 8.774572676742591464e-07
1.728855860754705820e-01 2.496824659475247899e-06
1.735771284197724640e-01 6.231806454609323636e-07
1.742714369334515678e-01 1.407858373181271439e-07
1.749685226811853456e-01 1.273341786786837949e-05
1.756683967719100681e-01 1.085258238876115750e-06
1.763710703589977391e-01 4.326117409486801601e-05
1.770765546404337309e-01 8.560903066775579664e-05
1.777848608589954471e-01 1.070779726427905926e-06
1.784960003024314568e-01 2.154166119430442100e-04
1.792099843036411844e-01 1.041921733739276627e-04
1.799268242408557650e-01 9.407388262487863945e-05
1.806465315378191772e-01 1.149828101194594896e-03
1.813691176639704306e-01 8.404878514288305002e-06
1.820945941346263086e-01 1.691387728261785871e-04
1.828229725111648329e-01 2.878814222170158498e-05
1.835542644012094771e-01 6.159905187336223546e-07
1.842884814588143239e-01 5.881677371423605066e-04
1.850256353846495561e-01 5.425689080896523020e-03
1.857657379261881403e-01 3.739175745343789121e-05
1.865088008778928996e-01 2.328446232830197471e-03
1.872548360814044743e-01 9.094075179170925567e-04
1.880038554257300876e-01 4.580399252506430125e-05
1.887558708474330049e-01 8.377181825133472870e-03
1.895108943308226879e-01 1.746692885401063657e-03
1.902689379081460019e-01 1.660240856051406195e-04
1.910300136597785636e-01 3.789872212442793598e-02
1.917941337144176972e-01 1.861867261268983567e-03
1.925613102492753359e-01 7.044192537372168800e-03
1.933315554902724498e-01 3.942494321515332967e-02
1.941048817122335568e-01 1.248391666793455083e-02
1.948813012390824828e-01 6.132047737439684683e-03
1.956608264440388156e-01 7.149062446491726008e-02
1.964434697498149418e-01 5.376839138042689703e-03
1.972292436288141937e-01 2.728544231848724008e-02
1.980181606033294406e-01 6.332027434652894027e-02
1.988102332457427346e-01 1.491175480622854502e-02
1.996054741787257336e-01 9.274450256601611542e-03
2.004038960754406518e-01 9.848505239951841836e-03
2.012055116597424309e-01 6.252718436558775232e-03
2.020103337063813842e-01 1.449375296845061261e-03
2.028183750412069219e-01 1.691628216304214862e-04
2.036296485413717494e-01 2.622029161000630475e-03
2.044441671355372303e-01 1.477070972570862419e-03
2.052619438040793887e-01 9.835774035574510604e-03
2.060829915792957157e-01 3.978742799588624000e-03
2.069073235456129201e-01 3.393302293139209037e-03
2.077349528397953449e-01 4.553003252459407457e-03
2.085658926511545219e-01 8.258457882558434618e-03
2.094001562217591150e-01 9.437344356635792367e-03
2.102377568466461677e-01 6.508061580941588986e-03
2.110787078740327671e-01 2.920032767328595118e-03
2.119230227055288740e-01 7.315831341141446759e-03
2.127707147963510126e-01 1.121972159629483837e-02
2.136217976555363773e-01 1.729020568807541902e-02
2.144762848461585492e-01 1.490198287784061208e-03
2.153341899855431840e-01 1.386302216237331880e-02
2.161955267454853669e-01 3.227708752527461145e-02
2.170603088524672986e-01 4.959790733394706108e-02
2.179285500878772042e-01 9.616956502181762609e-03
2.188002642882286852e-01 8.736888612686634012e-03
2.196754653453815986e-01 7.150180774025949315e-02
2.205541672067631020e-01 2.449754986385790922e-02
2.214363838755901703e-01 6.275332645336595405e-01
2.223221294110925284e-01 2.070551368748104956e-02
2.232114179287369160e-01 1.877565808135343683e+00
2.241042636004518529e-01 2.747861254564054057e-01
2.250006806548536520e-01 5.602421636217441936e+00
2.259006833774730438e-01 9.326073239932537451e-01
2.268042861109829667e-01 1.880282055797358298e+00
2.277115032554268836e-01 2.469339061422783921e+00
2.286223492684485714e-01 1.944650538525622974e+00
2.295368386655223802e-01 6.876744359358316849e+00
2.304549860201844658e-01 1.768727842823293317e-01
2.313768059642651864e-01 1.113988703506271705e+01
2.323023131881222503e-01 5.737970591450468838e+00
2.332315224408747223e-01 2.555134541322114572e+01
2.341644485306381973e-01 4.860628318050111574e+01
2.351011063247607502e-01 1.485993320405467832e+00
2.360415107500598020e-01 7.965780561563749984e+01
2.369856767930600405e-01 7.072054801593458118e-01
2.379336195002322851e-01 9.173154046824642194e+01
2.388853539782332114e-01 4.868792530958867104e+01
2.398408953941461863e-01 3.183212101554302649e+02
2.408002589757227141e-01 5.041414600636759928e+02
2.417634600116256582e-01 3.375299963735237441e+01
2.427305138516721306e-01 7.762801107599137822e+02
2.437014359070788505e-01 3.589430717787487879e+02
2.446762416507071713e-01 1.310969567994055296e+03
2.456549466173099938e-01 3.475575016676374958e+02
2.466375664037792625e-01 2.021360152919787936e+02
2.476241166693943785e-01 1.331190674168597923e+02
2.486146131360719436e-01 1.484616731645854593e+01
2.496090715886161993e-01 1.488929291099811678e+02
2.506075078749706586e-01 2.095928167113246161e+02
2.516099379064705155e-01 1.658789599469979521e+02
2.526163776580964138e-01 1.869059526219129168e+02
2.536268431687287994e-01 1.442283478447707466e+03
2.546413505414037437e-01 1.271684953400109634e+03
2.556599159435693491e-01 5.131965036105263607e+03
2.566825556073435988e-01 7.444742968785966696e+03
2.577092858297729827e-01 9.296403046175184500e+03
2.587401229730920682e-01 6.370490323227737463e+03
2.597750834649844576e-01 1.388398243134191216e+04
2.608141837988444123e-01 9.260874258760257362e+03
2.618574405340398092e-01 3.128860058471101729e+04
2.629048702961759298e-01 6.154886850661991048e+04
2.639564897773606367e-01 6.898026468963254592e+04
2.650123157364701054e-01 6.367635883385847410e+04
2.660723649994159445e-01 5.078834578055950988e+04
2.671366544594135917e-01 4.580889510211750166e+04
2.682052010772512096e-01 5.607261789126280928e+04
2.692780218815602478e-01 3.210264175813504698e+04
2.703551339690865030e-01 4.310842557143417798e+04
2.714365545049627904e-01 1.443658168133680920e+04
2.725223007229827243e-01 1.077947564512987447e+04
2.736123899258746106e-01 1.297051321887774793e+04
2.747068394855781692e-01 1.028842325753332625e+04
2.758056668435204806e-01 2.017089315905427429e+04
2.769088895108945403e-01 3.214088478155893972e+04
2.780165250689380918e-01 2.489454084871348823e+04
2.791285911692138466e-01 1.937687309771808941e+04
2.802451055338907038e-01 1.101138851478633660e+04
2.813660859560263017e-01 4.911890141831991059e+03
2.824915502998503469e-01 1.610562239735198091e+03
2.836215165010497197e-01 2.593546252768158524e+02
2.847560025670539119e-01 1.316384718102865747e+01
2.858950265773221866e-01 3.134972433725944541e+01
2.870386066836315142e-01 5.529972324199086415e+02
2.881867611103660631e-01 3.745586019804525677e+03
2.893395081548075787e-01 1.426060147532409974e+04
2.904968661874267610e-01 3.545206153752982209e+04
2.916588536521764197e-01 6.945714218634963618e+04
2.928254890667851273e-01 1.087770840228821617e+05
2.939967910230522619e-01 1.045887013796322717e+05
2.951727781871444911e-01 9.679274162040161900e+04
2.963534692998930908e-01 1.425717337870800984e+05
2.975388831770926501e-01 1.445381008115307777e+05
2.987290387098009981e-01 2.147889216511425620e+05
2.999239548646402409e-01 1.847120417889077216e+05
3.011236506840988536e-01 3.491920162866023602e+05
3.023281452868351593e-01 1.383853813562095456e+05
3.035374578679824742e-01 6.225701967107349774e+05
3.047516076994544187e-01 6.803246961151309079e+05
3.059706141302522830e-01 1.021937912920084666e+06
3.071944965867733357e-01 4.248675254522935487e+06
3.084232745731204095e-01 8.305254291249924339e+06
3.096569676714128194e-01 8.532749234528539702e+06
3.108955955420985018e-01 1.584670126474835910e+07
3.121391779242668751e-01 1.837131941332703829e+07
3.133877346359639215e-01 2.469744842251340672e+07
3.146412855745078230e-01 2.884052145598268881e+07
3.158998507168058190e-01 3.834668847429969907e+07
3.171634501196730627e-01 4.727511372366857529e+07
3.184321039201517545e-01 2.177508148640876263e+07
3.197058323358323295e-01 1.223000407970637828e+07
3.209846556651756444e-01 4.570881562009897083e+07
3.222685942878363852e-01 6.280191137408100814e+07
3.235576686649877520e-01 5.499710256823322177e+07
3.248518993396476984e-01 1.053214892948643118e+08
3.261513069370062801e-01 1.254031610159169585e+08
3.274559121647543369e-01 1.724539296241084337e+08
3.287657358134133401e-01 1.694489081716390252e+08
3.300807987566670154e-01 4.863632143685057759e+07
3.314011219516936890e-01 1.707362647533634305e+08
3.327267264395004642e-01 2.850965682619755268e+08
3.340576333452584534e-01 2.228077813051505685e+08
3.353938638786395088e-01 1.859597381112640202e+08
3.367354393341540630e-01 1.852417448072748780e+08
3.380823810914907468e-01 1.733540457239144146e+08
3.394347106158566718e-01 3.497949778720495701e+08
3.407924494583201014e-01 3.082347381830782890e+08
3.421556192561533982e-01 1.817190836480175257e+08
3.435242417331779707e-01 2.554494178482505679e+07
3.448983387001106626e-01 3.626238732554209232e+07
3.462779320549111417e-01 5.000288580469058454e+07
3.476630437831307319e-01 2.656683595583357289e+07
3.490536959582632992e-01 2.704118788470024616e+07
3.504499107420963600e-01 2.609699459650092423e+08
3.518517103850647421e-01 2.452826321515354216e+08
3.532591172266050239e-01 5.375779194220113754e+08
3.546721536955114717e-01 9.496464907661217451e+08
3.560908423102934761e-01 2.673885336391526759e+08
3.575152056795346533e-01 1.128968638771422654e+08
3.589452665022527800e-01 4.237926054484874010e+08
3.603810475682617254e-01 6.563671902252526283e+08
3.618225717585348278e-01 4.389691626598036885e+08
3.632698620455689364e-01 3.158839004977431297e+08
3.647229414937512293e-01 2.242561894122109413e+08
3.661818332597261971e-01 6.596133454458678961e+08
3.676465605927651259e-01 2.544792245734346211e+08
3.691171468351361895e-01 2.418671615581745207e+08
3.705936154224767076e-01 6.064755817273646593e+07
3.720759898841666247e-01 1.537010987901985087e+07
3.735642938437032656e-01 1.757590943082313612e+07
3.750585510190780902e-01 4.206044060797480494e+07
3.765587852231543908e-01 2.552399500598564148e+08
3.780650203640470441e-01 8.399055634459018707e+08
3.795772804455032068e-01 5.407694719156382084e+08
3.810955895672852312e-01 6.467717673300005198e+08
3.826199719255543585e-01 1.049584098375929743e+08
3.841504518132565771e-01 2.874581077668511271e+08
3.856870536205096456e-01 4.180152948073159903e+07
3.872298018349916715e-01 1.221771353922900110e+08
3.887787210423316320e-01 8.273313482955420017e+07
3.903338359265008939e-01 2.041424498335705101e+08
3.918951712702069545e-01 2.874499918851189017e+08
3.934627519552877928e-01 6.752214853019349575e+08
3.950366029631089404e-01 1.615620950668146610e+09
3.966167493749613859e-01 2.841156100715361595e+09
3.982032163724612550e-01 3.008622703134279728e+09
3.997960292379510450e-01 2.991128634857583523e+09
4.013952133549028578e-01 4.989088139131010056e+09
4.030007942083224659e-01 6.088670275844591141e+09
4.046127973851557647e-01 2.577236843434356213e+09
4.062312485746963908e-01 4.146021975673650265e+09
4.078561735689951728e-01 3.500576219516341209e+09
4.094875982632711353e-01 4.048901216356503963e+09
4.111255486563242245e-01 3.813692509267498970e+09
4.127700508509495880e-01 2.958096442737803936e+09
4.144211310543532978e-01 2.159521250853340149e+09
4.160788155785707931e-01 1.613563270642970324e+09
4.177431308408850463e-01 9.222291168341449499e+08
4.194141033642486138e-01 5.051875361665197015e+08
4.210917597777056320e-01 2.172275170896400809e+08
4.227761268168164221e-01 1.322808148551680148e+08
4.244672313240837602e-01 2.346834243914700150e+08
4.261651002493800910e-01 4.189591239568076730e+08
4.278697606503775730e-01 8.112920160244951248e+08
4.295812396929790666e-01 1.295138636981942177e+09
4.312995646517510107e-01 2.329266091981451988e+09
4.330247629103580187e-01 3.812033938614878654e+09
4.347568619619994745e-01 5.294722305693324089e+09
4.364958894098474596e-01 3.718958333695934296e+09
4.382418729674867897e-01 3.145645224111129761e+09
4.399948404593567730e-01 7.251340537178512573e+09
4.417548198211941890e-01 8.993944687280666351e+09
4.435218391004789873e-01 7.053929252747171402e+09
4.452959264568808750e-01 9.715677000412477493e+09
4.470771101627084021e-01 1.098168695447907639e+10
4.488654186033592119e-01 1.291931190525243950e+10
4.506608802777726241e-01 1.926487790150911331e+10
4.524635237988837710e-01 1.563956505683057022e+10
4.542733778940792333e-01 1.682996739342848015e+10
4.560904714056555065e-01 2.081794342419945145e+10
4.579148332912781894e-01 2.262746838147441101e+10
4.597464926244433370e-01 1.694499423545051575e+10
4.615854785949410899e-01 3.080664818895728302e+10
4.634318205093208576e-01 1.887858592606144333e+10
4.652855477913582227e-01 2.456470389782346344e+10
4.671466899825236219e-01 2.005066423805295944e+10
4.690152767424536906e-01 2.404487271577148819e+10
4.708913378494234969e-01 3.771882062267472076e+10
4.727749032008212171e-01 3.515930138646002960e+10
4.746660028136244769e-01 4.011696591213872528e+10
4.765646668248789131e-01 1.860053710791935349e+10
4.784709254921784560e-01 1.089512336691079521e+10
4.803848091941470555e-01 1.555788405920404053e+10
4.823063484309236815e-01 1.820788271518340302e+10
4.842355738246474361e-01 2.830780963678481674e+10
4.861725161199459966e-01 3.221332305795558548e+10
4.881172061844257226e-01 4.411674448978162384e+10
4.900696750091634302e-01 3.017386865760248184e+10
4.920299537092001074e-01 4.177135481372206116e+10
4.939980735240369625e-01 5.128986916264547729e+10
4.959740658181330253e-01 2.808029339555449677e+10
4.979579620814056362e-01 2.698709414132726669e+10
4.999497939297311566e-01 1.964625996338221359e+10
5.019495931054501758e-01 1.663170788774202347e+10
5.039573914778719965e-01 2.496960078823346710e+10
5.059732210437835054e-01 2.115695713814898682e+10
5.079971139279585435e-01 2.241335829662325668e+10
5.100291023836703852e-01 1.774991073678292847e+10
5.120692187932051054e-01 1.487776630680615997e+10
5.141174956683780550e-01 1.244109270599000740e+10
5.161739656510514473e-01 9.567747786042943954e+09
5.182386615136556074e-01 6.040246436513780594e+09
5.203116161597103329e-01 1.061835548876052475e+10
5.223928626243490303e-01 3.162174130962671661e+10
5.244824340748465152e-01 2.948664166127925873e+10
5.265803638111459239e-01 2.114741861467076111e+10
5.286866852663905103e-01 2.935296921404786301e+10
5.308014320074561088e-01 2.814248820723302841e+10
5.329246377354859288e-01 2.138271689071080017e+10
5.350563362864277916e-01 2.752128865163264465e+10
5.371965616315735881e-01 2.188014987727801514e+10
5.393453478780998456e-01 2.530187962603883362e+10
5.415027292696121819e-01 2.524656507548749161e+10
5.436687401866906466e-01 2.083937385872800446e+10
5.458434151474373941e-01 1.398968092670130920e+10
5.480267888080271321e-01 1.975571168518033600e+10
5.502188959632591247e-01 1.788746442071166992e+10
5.524197715471121928e-01 1.972805668883651352e+10
5.546294506333006025e-01 2.175261309211617279e+10
5.568479684358338400e-01 1.946787946940725327e+10
5.590753603095770519e-01 1.603265562388169479e+10
5.613116617508153716e-01 1.245505893460817528e+10
5.635569083978186899e-01 1.061553667300180244e+10
5.658111360314097560e-01 1.296066230931953430e+10
5.680743805755354980e-01 1.153600331955801201e+10
5.703466780978375672e-01 1.330331393047732925e+10
5.726280648102289872e-01 1.312908524450254250e+10
5.749185770694699160e-01 1.386394302290798759e+10
5.772182513777477375e-01 1.202497193567103767e+10
5.795271243832587071e-01 1.246253446756129074e+10
5.818452328807918184e-01 1.097875634301593590e+10
5.841726138123150003e-01 8.550509016308018684e+09
5.865093042675643131e-01 4.471677180683706284e+09
5.888553414846344758e-01 4.458687210458779931e+08
5.912107628505729462e-01 2.355056184033167362e+09
5.935756059019753339e-01 6.817036515927590370e+09
5.959499083255832552e-01 8.791463512888248444e+09
5.983337079588855190e-01 1.130161635162089539e+10
6.007270427907210886e-01 1.379562727048512077e+10
6.031299509618840426e-01 1.744968806246379089e+10
6.055424707657315331e-01 2.251038105459593582e+10
6.079646406487945187e-01 2.848473150638017654e+10
6.103964992113897203e-01 3.481292922615306854e+10
6.128380852082353503e-01 4.153947198902074432e+10
6.152894375490681744e-01 3.493854969680261993e+10
6.177505952992645710e-01 1.930488250396286011e+10
6.202215976804615893e-01 1.727922568318056488e+10
6.227024840711834486e-01 1.445842683780255890e+10
6.251932940074681477e-01 1.869201314181648254e+10
6.276940671834980723e-01 2.246514586316660690e+10
6.302048434522321552e-01 2.927836717418222046e+10
6.327256628260409244e-01 3.890775339322772217e+10
6.352565654773452142e-01 4.103532872738752747e+10
6.377975917392545435e-01 3.081737762512733841e+10
6.403487821062116003e-01 5.273153491110734558e+10
6.429101772346363930e-01 7.519020178291149902e+10
6.454818179435749537e-01 1.026726021604614258e+11
6.480637452153492628e-01 1.171612961862457733e+11
6.506560001962106154e-01 1.324016503493465881e+11
6.532586241969955410e-01 1.659550977407403259e+11
6.558716586937833881e-01 1.093713648828937988e+11
6.584951453285585732e-01 9.548773522428222656e+10
6.611291259098727169e-01 8.123863088779499817e+10
6.637736424135122215e-01 6.292982435526347351e+10
6.664287369831662922e-01 5.237890213370818329e+10
6.690944519310989547e-01 4.889876893489134216e+10
6.717708297388232941e-01 4.885956978811926270e+10
6.744579130577786907e-01 5.404305617986641693e+10
6.771557447100098326e-01 7.662409846806155396e+10
6.798643676888498355e-01 6.063892297391822815e+10
6.825838251596052508e-01 6.333809015441455078e+10
6.853141604602436265e-01 5.162637846265357208e+10
6.880554171020846210e-01 4.661477297910289001e+10
6.908076387704928933e-01 4.543669230060810089e+10
6.935708693255748791e-01 5.927158319655762482e+10
6.963451528028771209e-01 7.810988315418515015e+10
6.991305334140887062e-01 9.408161946224082947e+10
7.019270555477450380e-01 1.386468042490928650e+11
7.047347637699360456e-01 2.709940325643300171e+11
7.075537028250157290e-01 1.637107136431322937e+11
7.103839176363159202e-01 1.109536412853161011e+11
7.132254533068611568e-01 1.015486735911999664e+11
7.160783551200886610e-01 1.124543417833970947e+11
7.189426685405689854e-01 1.573860391584708557e+11
7.218184392147313222e-01 1.534592601351925354e+11
7.247057129715901436e-01 2.254603083684872131e+11
7.276045358234763949e-01 2.731767773517649536e+11
7.305149539667704639e-01 3.543798262680085449e+11
7.334370137826373703e-01 4.107983413205505371e+11
7.363707618377679509e-01 4.352447102250017090e+11
7.393162448851190449e-01 4.356389175265249634e+11
7.422735098646596752e-01 4.241871664894484863e+11
7.452426039041182282e-01 3.975164262792655029e+11
7.482235743197346300e-01 3.833145322337974854e+11
7.512164686170136330e-01 3.637335018843444824e+11
7.542213344914817652e-01 3.574333082271384277e+11
7.572382198294477229e-01 3.314802022454839478e+11
7.602671727087656484e-01 2.378526027988544617e+11
7.633082413996006288e-01 1.373038030814713287e+11
7.663614743651989691e-01 2.282132201233026505e+10
7.694269202626597970e-01 2.902821180455911636e+10
7.725046279437104424e-01 9.917626144848629761e+10
7.755946464554852593e-01 1.615484589703674622e+11
7.786970250413072225e-01 2.297491128281801758e+11
7.818118131414724115e-01 2.929539138728835449e+11
7.849390603940383793e-01 2.630610715553796692e+11
7.880788166356144098e-01 3.375999732562955933e+11
7.912311319021569922e-01 3.474122698014281006e+11
7.943960564297655180e-01 4.284697938366441040e+11
7.975736406554845281e-01 4.824837147161457520e+11
8.007639352181065151e-01 5.771623935532769775e+11
8.039669909589789443e-01 6.128803449906376953e+11
8.071828589228148276e-01 6.669806937505050049e+11
8.104115903585061842e-01 7.170019902230609131e+11
8.136532367199402760e-01 7.821018799026488037e+11
8.169078496668199518e-01 6.812619877578312988e+11
8.201754810654874328e-01 4.660973925006774292e+11
8.234561829897493190e-01 7.407780830078222656e+11
8.267500077217083687e-01 7.648162495612924805e+11
8.300570077525952772e-01 7.137508759963005371e+11
8.333772357836056743e-01 7.908977224691191406e+11
8.367107447267401188e-01 7.320724518023566895e+11
8.400575877056470908e-01 7.566452355840642090e+11
8.434178180564695371e-01 5.897851378077899170e+11
8.467914893286955236e-01 3.802754638221502075e+11
8.501786552860102208e-01 4.831468997274311523e+11
8.535793699071543283e-01 5.358088057986268921e+11
8.569936873867830540e-01 6.497693435491601562e+11
8.604216621363300899e-01 7.538501040514416504e+11
8.638633487848753623e-01 6.524630599041740723e+11
8.673188021800150027e-01 8.028840416255744629e+11
8.707880773887352044e-01 5.569705491529023438e+11
8.742712296982900755e-01 6.111622205545145264e+11
8.777683146170831563e-01 7.397783606754554443e+11
8.812793878755513788e-01 7.780149347736926270e+11
8.848045054270535781e-01 8.903076182696551514e+11
8.883437234487617795e-01 5.883977671134025879e+11
8.918970983425568155e-01 8.123373504375679932e+11
8.954646867359271623e-01 7.405487529698171387e+11
8.990465454828707736e-01 8.762335652858342285e+11
9.026427316648023558e-01 7.673878190582736816e+11
9.062533025914615292e-01 7.733045491086958008e+11
9.098783158018273198e-01 9.124036023915917969e+11
9.135178290650346478e-01 9.572332779317672119e+11
9.171719003812948134e-01 1.051840374856954834e+12
9.208405879828199803e-01 1.122910681711832275e+12
9.245239503347512100e-01 1.090904021105772339e+12
9.282220461360901620e-01 1.113492944788322266e+12
9.319349343206346781e-01 1.044713294887487671e+12
9.356626740579171431e-01 1.056180826372184814e+12
9.394053247541488405e-01 8.325094025373052979e+11
9.431629460531654185e-01 9.973789912758457031e+11
9.469355978373780180e-01 1.095817326966418457e+12
9.507233402287275092e-01 1.168550178455606445e+12
9.545262335896426142e-01 1.198783891474182373e+12
9.583443385240012491e-01 1.095230592122421387e+12
9.621777158780971950e-01 1.137938216316337646e+12
9.660264267416096562e-01 1.083550218911624146e+12
9.698905324485760371e-01 1.182096738934789551e+12
9.737700945783701600e-01 1.086129054391527466e+12
9.776651749566835914e-01 1.023995020134492676e+12
9.815758356565105203e-01 1.163957493918708252e+12
9.855021389991363012e-01 1.144089296141878174e+12
9.894441475551331022e-01 9.847822718794417725e+11
9.934019241453534432e-01 5.309303813644774780e+11
9.973755318419349480e-01 6.746378083742945557e+11
1.001365033969302543e+00 6.710343202423576660e+11
1.005370494105179757e+00 6.566609337038541260e+11
1.009391976081600362e+00 7.690157905862708740e+11
1.013429543985926884e+00 8.138212168056973877e+11
1.017483262161870350e+00 8.398909108922275391e+11
1.021553195210518128e+00 8.725949640978649902e+11
1.025639407991360219e+00 8.357440069707351074e+11
1.029741965623325539e+00 7.822243148778177490e+11
1.033860933485818867e+00 7.887240120703662109e+11
1.037996377219762012e+00 9.455592749299372559e+11
1.042148362728641198e+00 9.499381319591978760e+11
1.046316956179555557e+00 1.057153693835302734e+12
1.050502224004274066e+00 1.041181633355213867e+12
1.054704232900291139e+00 1.156275468309902832e+12
1.058923049831892227e+00 1.144250816423967773e+12
1.063158742031219628e+00 1.136978859279065918e+12
1.067411376999344741e+00 1.063668273720620605e+12
1.071681022507342096e+00 1.092250860943365356e+12
1.075967746597371377e+00 1.202175813589596191e+12
1.080271617583760779e+00 1.216021901103347412e+12
1.084592704054095913e+00 1.287315457162580322e+12
1.088931074870312044e+00 1.204335108028490234e+12
1.093286799169793433e+00 1.320722898616302002e+12
1.097659946366472461e+00 1.304863194175703369e+12
1.102050586151938294e+00 1.348807339653313477e+12
1.106458788496546219e+00 1.345879535166088623e+12
1.110884623650532532e+00 1.261418474703190186e+12
1.115328162145134749e+00 1.423246637805361572e+12
1.119789474793714934e+00 1.423067039136528076e+12
1.124268632692889902e+00 1.471005053598430176e+12
1.128765707223661430e+00 1.474388359687384521e+12
1.133280770052556230e+00 1.459579055607562500e+12
1.137813893132766374e+00 1.103163999793383057e+12
1.142365148705297484e+00 1.196051324020425537e+12
1.146934609300118479e+00 1.503080815062348877e+12
1.151522347737319096e+00 1.606607229635759521e+12
1.156128437128268516e+00 1.583249810770987305e+12
1.160752950876781542e+00 1.588572761351187012e+12
1.165395962680288999e+00 1.565864616680030518e+12
1.170057546531009907e+00 1.193213830903214111e+12
1.174737776717134086e+00 1.288390359408141846e+12
1.179436727824002773e+00 1.105501209847839844e+12
1.184154474735298557e+00 1.492993059380013916e+12
1.188891092634239977e+00 1.576912820865603760e+12
1.193646657004777012e+00 1.552379636465369141e+12
1.198421243632796118e+00 1.295778041855833252e+12
1.203214928607327261e+00 1.337159514384734619e+12
1.208027788321756724e+00 1.492172248420701172e+12
1.212859899475043468e+00 1.398013841449870361e+12
1.217711339072943710e+00 1.507699811105094971e+12
1.222582184429235275e+00 1.430874078144288086e+12
1.227472513166952384e+00 1.558813916988700439e+12
1.232382403219620226e+00 1.517029448197230469e+12
1.237311932832498407e+00 1.478546389373896240e+12
1.242261180563828615e+00 1.011994037696543579e+12
1.247230225286083849e+00 1.386755716803428223e+12
1.252219146187228072e+00 1.018400722307041992e+12
1.257228022771976983e+00 1.391040706443999756e+12
1.262256934863064783e+00 1.411375396357838135e+12
1.267305962602517155e+00 1.519611898817338867e+12
1.272375186452927354e+00 1.493623889238396484e+12
1.277464687198738957e+00 1.498670330119016846e+12
1.282574545947533950e+00 1.509009025066262939e+12
1.287704844131324133e+00 1.351341387789804443e+12
1.292855663507849417e+00 1.347633316502106445e+12
1.298027086161880783e+00 1.412088241419344727e+12
1.303219194506528344e+00 1.446814455004534912e+12
1.308432071284554521e+00 1.432746493248986084e+12
1.313665799569692760e+00 1.501709456336070557e+12
1.318920462767971591e+00 1.506836827706934326e+12
1.324196144619043336e+00 1.440046773694152832e+12
1.329492929197519491e+00 1.433490951735944092e+12
1.334810900914309650e+00 1.399000171025217285e+12
1.340150144517967101e+00 1.377483785077620361e+12
1.345510745096038852e+00 1.406736276325470703e+12
1.350892788076423212e+00 1.424149681472041992e+12
1.356296359228728932e+00 1.418100408872876221e+12
1.361721544665643879e+00 1.465408243624131348e+12
1.367168430844306393e+00 1.478543449521190430e+12
1.372637104567683730e+00 1.523874841269543457e+12
1.378127652985954299e+00 1.495498132848124023e+12
1.383640163597898098e+00 1.511829141993594238e+12
1.389174724252289828e+00 1.502556592617774902e+12
1.394731423149298877e+00 1.499765711922323730e+12
1.400310348841896202e+00 1.489093777074167480e+12
1.405911590237263642e+00 1.488097194442123779e+12
1.411535236598212784e+00 1.474297026785111328e+12
1.417181377544605603e+00 1.468570163290088135e+12
1.422850103054784210e+00 1.470647395399842041e+12
1.428541503467003038e+00 1.437234437701793701e+12
1.434255669480871243e+00 1.471630837184303955e+12
1.439992692158794885e+00 1.479792974520240479e+12
1.445752662927429988e+00 1.483556300098590576e+12
1.451535673579139596e+00 1.492278266221656250e+12
1.457341816273456159e+00 1.483002257382886963e+12
1.463171183538549913e+00 1.490261533395221924e+12
1.469023868272704147e+00 1.469217008413342773e+12
1.474899963745795128e+00 1.486560565498699707e+12
1.480799563600778246e+00 1.485242538449629150e+12
1.486722761855181485e+00 1.472951916161078857e+12
1.492669652902602007e+00 1.481343419371678467e+12
1.498640331514212276e+00 1.470678295745434814e+12
1.504634892840269300e+00 1.466988707682328125e+12
1.510653432411630304e+00 1.460663156042310791e+12
1.516696046141276843e+00 1.355656507697969238e+12
1.522762830325842032e+00 1.465692376810746338e+12
1.528853881647145307e+00 1.474576799403125488e+12
1.534969297173733649e+00 1.456398926354632080e+12
1.541109174362428780e+00 1.460862209512262451e+12
1.547273611059878373e+00 1.449511627722823242e+12
1.553462705504118135e+00 1.439577985222492188e+12
1.559676556326134556e+00 1.418396943970875977e+12
1.565915262551438980e+00 1.429550000030699463e+12
1.572178923601644795e+00 1.426768215744171631e+12
1.578467639296051495e+00 1.419853305149522217e+12
1.584781509853235626e+00 1.412912374212295166e+12
1.591120635892648405e+00 1.418025736874047363e+12
1.597485118436219098e+00 1.403010847140491699e+12
1.603875058909963958e+00 1.382880922207142578e+12
1.610290559145603595e+00 1.384133178605876221e+12
1.616731721382186127e+00 1.370403753498293945e+12
1.623198648267714761e+00 1.363735208887278320e+12
1.629691442860785600e+00 1.368283802212693359e+12
1.636210208632228769e+00 1.365533450832441162e+12
1.642755049466757766e+00 1.346629620661083984e+12
1.649326069664624805e+00 1.349129693442199951e+12
1.655923373943283039e+00 1.340249973191538818e+12
1.662547067439056336e+00 1.327912869825220215e+12
1.669197255708812611e+00 1.324022877376015869e+12
1.675874044731648027e+00 1.313078333930775879e+12
1.682577540910574321e+00 1.303482511066474854e+12
1.689307851074216771e+00 1.294960941231993652e+12
1.696065082478513508e+00 1.281993726429043945e+12
1.702849342808427480e+00 1.270047230751537354e+12
1.709660740179661298e+00 1.251207408206525635e+12
1.716499383140379864e+00 1.238714832500042236e+12
1.723365380672941427e+00 1.224870752568327881e+12
1.730258842195633306e+00 1.207476039346712158e+12
1.737179877564415831e+00 1.188690160587191895e+12
1.744128597074673603e+00 1.170295590478241211e+12
1.751105111462972097e+00 1.155023570157715088e+12
1.758109531908824241e+00 1.126966723908365967e+12
1.765141970036459451e+00 1.108535423689370361e+12
1.772202537916605314e+00 1.091398218654744873e+12
1.779291348068271716e+00 1.064019479698780396e+12
1.786408513460544745e+00 1.044731220101342407e+12
1.793554147514387020e+00 1.020634187881152222e+12
1.800728364104444257e+00 1.013222424451077271e+12
1.807931277560862249e+00 9.898057694252003174e+11
1.815163002671105641e+00 9.897816676941536865e+11
1.822423654681789795e+00 9.844572015593096924e+11
1.829713349300517100e+00 9.629598940978660889e+11
1.837032202697718830e+00 9.618296326749448242e+11
1.844380331508509885e+00 9.126661218380782471e+11
1.851757852834543527e+00 9.118172199685706787e+11
1.859164884245881888e+00 8.751316592816807861e+11
1.866601543782865358e+00 9.038812673993813477e+11
1.874067949957996859e+00 8.903735533911457520e+11
1.881564221757828781e+00 9.041020499090979004e+11
1.889090478644860127e+00 9.049700435922056885e+11
1.896646840559439662e+00 9.089177557076096191e+11
1.904233427921677269e+00 8.964463825227347412e+11
1.911850361633363971e+00 9.000716903302983398e+11
1.919497763079897279e+00 8.749524285764212646e+11
1.927175754132217200e+00 7.995046783273087158e+11
1.934884457148745796e+00 7.985266518979007568e+11
1.942623994977340729e+00 7.039835765352336426e+11
1.950394490957250149e+00 7.153721518122841797e+11
1.958196068921079336e+00 7.996208390913646240e+11
1.966028853196763793e+00 8.044959356986922607e+11
1.973892968609550991e+00 6.889182921242720947e+11
1.981788540483989447e+00 6.797278950223016357e+11
1.989715694645925126e+00 6.983941094841392822e+11
1.997674557424508723e+00 7.724567501480888672e+11
2.005665255654207169e+00 7.764639569940209961e+11
2.013687916676823786e+00 7.675990092090059814e+11
2.021742668343530891e+00 7.714711198622962646e+11
2.029829639016905052e+00 7.603055474551456299e+11
2.037948957572972564e+00 7.593446937091345215e+11
2.046100753403264694e+00 7.555358527676928711e+11
2.054285156416877811e+00 7.574812561136092529e+11
2.062502297042545507e+00 7.480648452340793457e+11
2.070752306230715600e+00 7.479686735771518555e+11
2.079035315455638244e+00 7.427770415163411865e+11
2.087351456717461140e+00 7.368209984889370117e+11
2.095700862544330967e+00 7.325964496334749756e+11
2.104083665994508134e+00 7.290178754861016846e+11
2.112500000658485977e+00 7.235087969003083496e+11
2.120950000661120161e+00 7.178653970203227539e+11
2.129433800663764753e+00 7.105553709356116943e+11
2.137951535866419839e+00 7.048740962208159180e+11
2.146503342009885351e+00 7.001043443210115967e+11
2.155089355377924676e+00 6.929466948944761963e+11
2.163709712799436691e+00 6.864550662765499268e+11
2.172364551650634468e+00 6.792572480353653564e+11
2.181054009857236853e+00 6.681995190845141602e+11
2.189778225896665376e+00 6.625245256370758057e+11
2.198537338800252705e+00 6.558209210877674561e+11
2.207331488155453325e+00 6.122425413281578369e+11
2.216160814108075083e+00 6.421729086418488770e+11
2.225025457364507631e+00 6.331729195680876465e+11
2.233925559193965515e+00 6.292163475746342773e+11
2.242861261430741493e+00 6.225417964544920654e+11
2.251832706476463830e+00 6.149192337104871826e+11
2.260840037302370042e+00 6.076426163811263428e+11
2.269883397451579299e+00 6.015903091536673584e+11
2.278962931041386142e+00 5.945995663620599365e+11
2.288078782765551100e+00 5.872802364069342041e+11
2.297231097896613505e+00 4.453178437519346313e+11
2.306420022288200311e+00 4.881677832143341675e+11
2.315645702377353121e+00 4.991663748732947998e+11
2.324908285186861878e+00 4.194525265209966431e+11
2.334207918327609654e+00 4.554730102071990967e+11
2.343544750000919663e+00 4.715690089718945923e+11
2.352918929000923143e+00 4.355992197872664185e+11
2.362330604716927240e+00 4.333667279628209839e+11
2.371779927135795329e+00 4.496907870481557007e+11
2.381267046844337987e+00 4.359530928298830566e+11
2.390792115031715070e+00 4.214960423276181030e+11
2.400355283491842240e+00 4.371158849130933838e+11
2.409956704625809465e+00 4.246033765316209106e+11
2.419596531444312859e+00 4.119302264062546997e+11
2.429274917570089620e+00 4.100645507809597168e+11
2.438992017240370291e+00 4.026884000506389160e+11
2.448747985309331465e+00 3.844198672924567871e+11
2.458542977250568917e+00 3.770257103426912231e+11
2.468377149159570738e+00 3.819375082550707397e+11
2.478250657756209563e+00 3.641153675055748291e+11
2.488163660387234355e+00 3.621564478275496216e+11
2.498116315028783063e+00 3.656371290523150635e+11
2.508108780288898387e+00 3.487934329548377686e+11
2.518141215410053757e+00 3.497245649490040283e+11
2.528213780271693967e+00 3.350820461049066162e+11
2.538326635392781139e+00 3.348729129425114136e+11
2.548479941934351789e+00 3.320532069637523804e+11
2.558673861702089436e+00 3.348332907840274658e+11
2.568908557148898097e+00 3.379499962883557129e+11
2.579184191377493551e+00 3.305318932705819092e+11
2.589500928143003478e+00 3.376967100486202393e+11
2.599858931855575594e+00 3.429005943158637695e+11
2.610258367582998229e+00 3.529934955901002197e+11
2.620699401053329769e+00 3.481429807165347290e+11
2.631182198657543214e+00 3.483087054167143555e+11
2.641706927452173392e+00 3.554404020217462158e+11
2.652273755161981938e+00 3.570366007891330566e+11
2.662882850182629824e+00 3.524744466978856812e+11
2.673534381583360542e+00 3.201724777328679810e+11
2.684228519109693956e+00 3.105847264037720337e+11
2.694965433186132575e+00 2.994799458926854248e+11
2.705745294918877164e+00 2.946617432657185059e+11
2.716568276098552559e+00 2.873410232051568604e+11
2.727434549202946812e+00 2.858666731699796143e+11
2.738344287399758326e+00 2.801294695580419922e+11
2.749297664549357201e+00 2.909887003203971558e+11
2.760294855207554576e+00 2.844103016704791870e+11
2.771336034628385292e+00 2.767807206727186890e+11
2.782421378766898545e+00 2.702309484330560608e+11
2.793551064281966312e+00 2.865457844113098755e+11
2.804725268539093985e+00 2.594047161467022705e+11
2.815944169613250558e+00 2.605821897884977722e+11
2.827207946291703244e+00 2.784603616853757324e+11
2.838516778076869862e+00 2.521665517172479553e+11
2.849870845189177437e+00 2.536051049363737183e+11
2.861270328569933685e+00 2.658747131618963928e+11
2.872715409884213589e+00 2.480408000148343201e+11
2.884206271523750420e+00 2.533685160808734741e+11
2.895743096609845413e+00 2.527931986549734497e+11
2.907326068996284985e+00 2.407747275015394592e+11
2.918955373272270393e+00 2.507390962498901672e+11
2.930631194765359826e+00 2.423876162734232178e+11
2.942353719544420709e+00 2.361691438036655273e+11
2.954123134422598440e+00 2.402638433227422485e+11
2.965939626960289122e+00 2.322872559689015808e+11
2.977803385468130504e+00 2.394564512417692261e+11
2.989714599010003138e+00 2.322849686090913391e+11
3.001673457406043077e+00 2.331905698399937439e+11
3.013680151235667015e+00 2.362877091046551819e+11
3.025734871840609408e+00 2.211053734343047180e+11
3.037837811327972037e+00 2.380780151203006287e+11
3.049989162573283785e+00 2.225905312558693848e+11
3.062189119223576395e+00 2.328981273377450867e+11
3.074437875700470890e+00 2.248714862755394287e+11
3.086735627203272880e+00 2.257162380199830017e+11
3.099082569712085622e+00 2.290231341687663879e+11
3.111478899990933744e+00 2.228579629825448914e+11
3.123924815590897186e+00 2.259961285549661865e+11
3.136420514853261121e+00 2.218573764438488770e+11
3.148966196912674320e+00 2.205660869391246948e+11
3.161562061700325277e+00 2.217826149861877747e+11
3.174208309947126327e+00 2.187328356969006653e+11
3.186905143186915090e+00 2.234216806041668091e+11
3.199652763759662566e+00 2.155634538190979004e+11
3.212451374814701222e+00 2.235264000739870911e+11
3.225301180313960625e+00 2.202414827391777649e+11
3.238202385035215958e+00 2.185839123107447510e+11
3.251155194575356955e+00 2.207378143272032471e+11
3.264159815353658622e+00 2.149719621575397339e+11
3.277216454615073271e+00 2.154465173993730469e+11
3.290325320433533207e+00 2.157703180678156128e+11
3.303486621715267635e+00 2.151251691849350586e+11
3.316700568202128441e+00 2.097014277935990906e+11
3.329967370474937294e+00 2.078266982724684448e+11
3.343287239956836743e+00 2.036559970428133850e+11
3.356660388916663962e+00 2.061605257630946350e+11
3.370087030472330714e+00 2.077696437928673706e+11
3.383567378594220187e+00 2.032716444553494873e+11
3.397101648108596716e+00 2.039530819980111084e+11
3.410690054701031482e+00 2.002306551342493896e+11
3.424332814919834878e+00 2.015058301907731018e+11
3.438030146179514634e+00 1.996264057413226013e+11
3.451782266764232610e+00 1.973483782925166626e+11
3.465589395831289998e+00 1.970984393365087891e+11
3.479451753414614767e+00 1.947442823556094360e+11
3.493369560428273068e+00 1.916015987437538757e+11
3.507343038669985980e+00 1.906762097109683533e+11
3.521372410824665788e+00 1.871891128237918091e+11
3.535457900467964709e+00 1.867199357657694397e+11
3.549599732069836477e+00 1.854726650932235107e+11
3.563798130998116154e+00 1.832535141532947998e+11
3.578053323522108364e+00 1.817717817816047668e+11
3.592365536816196858e+00 1.808793126984178467e+11
3.606734998963461614e+00 1.787529088849490051e+11
3.621161938959315041e+00 1.766726929299533386e+11
3.635646586715152839e+00 1.747398904351661987e+11
3.650189173062013293e+00 1.715290599430743103e+11
3.664789929754260545e+00 1.699793482501426697e+11
3.679449089473277645e+00 1.692994959868381042e+11
3.694166885831170699e+00 1.676065837856386414e+11
3.708943553374495661e+00 1.653173329652573242e+11
3.723779327587993571e+00 1.644731779246111145e+11
3.738674444898345328e+00 1.598400451278648682e+11
3.753629142677938901e+00 1.613128765490626221e+11
3.768643659248651190e+00 1.594042598837195129e+11
3.783718233885645432e+00 1.566087949539907837e+11
3.798853106821188153e+00 1.552496944002261963e+11
3.814048519248473657e+00 1.536826820973150330e+11
3.829304713325467180e+00 1.513196250885744019e+11
3.844621932178768908e+00 1.503756814571607666e+11
3.860000419907484215e+00 1.474712549647018738e+11
3.875440421587113882e+00 1.463388469752048035e+11
3.890942183273462529e+00 1.442293794528733521e+11
3.906505952006555926e+00 1.426398221644493713e+11
3.922131975814582727e+00 1.405588016852864990e+11
3.937820503717840648e+00 1.381614167416489563e+11
3.953571785732711508e+00 1.366470047488877411e+11
3.969386072875642490e+00 1.345432578030703278e+11
3.985263617167145167e+00 1.318584267255835876e+11
4.001204671635814059e+00 1.281075594806788177e+11
4.017209490322357190e+00 1.249098880130992737e+11
4.033278328283646630e+00 1.243959954978741760e+11
4.049411441596781458e+00 1.177203824896848297e+11
4.065609087363168506e+00 1.193929904173752594e+11
4.081871523712622185e+00 1.147388673140824585e+11
4.098199009807472315e+00 1.141281123301556244e+11
4.114591805846702144e+00 1.137292439240760040e+11
4.131050173070089038e+00 1.087747758542721100e+11
4.147574373762369149e+00 1.102288389551337128e+11
4.164164671257418959e+00 1.065610929298708191e+11
4.180821329942449260e+00 1.057455028645514832e+11
4.197544615262219558e+00 1.053905932972614899e+11
4.214334793723269357e+00 1.021641256201845551e+11
4.231192132898162761e+00 1.029027576818271484e+11
4.248116901429755288e+00 9.951008734602320862e+10
4.265109369035473996e+00 9.873499385538645935e+10
4.282169806511615384e+00 9.796993531627963257e+10
4.299298485737661935e+00 8.268785538445751953e+10
4.316495679680612874e+00 7.424565007412380981e+10
4.333761662399335357e+00 6.891087685469180298e+10
4.351096709048932532e+00 6.459193867531250000e+10
4.368501095885127583e+00 5.899556535550103760e+10
4.385975100268668214e+00 5.495503579852756500e+10
4.403519000669743555e+00 5.263240424505846405e+10
4.421133076672422391e+00 5.080435335960588074e+10
4.438817608979111817e+00 4.768901372900643921e+10
4.456572879415028332e+00 4.589136714845519257e+10
4.474399170932688463e+00 4.368016436986092377e+10
4.492296767616419828e+00 4.321465862712905884e+10
4.510265954686884626e+00 4.213006455465240479e+10
4.528307018505633330e+00 4.115754440517716217e+10
4.546420246579655711e+00 4.067706250930244446e+10
4.564605927565974497e+00 3.887041171707695007e+10
4.582864351276237258e+00 3.972067979091317749e+10
4.601195808681342925e+00 4.056113302099754333e+10
4.619600591916067422e+00 4.021887892517987823e+10
4.638078994283731937e+00 3.953069251171907806e+10
4.656631310260867629e+00 4.286712072298298645e+10
4.675257835501911430e+00 4.144797869318756866e+10
4.693958866843916944e+00 4.118635996039619446e+10
4.712734702311292878e+00 4.077639666649303436e+10
4.731585641120538810e+00 4.121209270437147522e+10
4.750511983685020923e+00 3.848569539116010284e+10
4.769514031619761063e+00 3.840989468093335724e+10
4.788592087746240011e+00 3.856412295269318390e+10
4.807746456097224730e+00 3.816802932301515198e+10
4.826977441921613377e+00 3.851867851572884369e+10
4.846285351689299858e+00 3.724612562402597809e+10
4.865670493096057925e+00 3.791467241044747162e+10
4.885133175068442135e+00 3.622710654880781555e+10
4.904673707768715474e+00 3.635509866652653503e+10
4.924292402599791174e+00 3.411151716080982208e+10
4.943989572210189642e+00 3.529032563984741974e+10
4.963765530499030021e+00 3.375012999669889450e+10
4.983620592621027079e+00 3.608307734701615143e+10
5.003555074991511198e+00 3.441703767511755371e+10
5.023569295291476777e+00 3.295986843784883118e+10
5.043663572472643075e+00 3.547078158262397766e+10
5.063838226762532813e+00 3.513960977292961121e+10
5.084093579669583640e+00 3.439003136252239227e+10
5.104429953988261381e+00 3.548444929407724762e+10
5.124847673804215020e+00 3.484867572919127655e+10
5.145347064499431688e+00 3.654085016542977905e+10
5.165928452757428957e+00 3.375920385620769501e+10
5.186592166568458673e+00 3.601419618671554565e+10
5.207338535234733001e+00 3.387572096380461502e+10
5.228167889375671784e+00 3.513949499358467865e+10
5.249080560933174766e+00 3.397878165155325699e+10
5.270076883176907145e+00 3.418132550625345993e+10
5.291157190709615321e+00 3.358048776292379379e+10
5.312321819472453299e+00 3.477925553420300293e+10
5.333571106750343738e+00 3.447777664155175018e+10
5.354905391177344320e+00 3.385806802205633163e+10
5.376325012742054099e+00 3.376997428779629517e+10
5.397830312793021612e+00 3.426483243861647797e+10
5.419421634044193858e+00 3.203429096694385529e+10
5.441099320580370602e+00 3.470543261806973267e+10
5.462863717862692425e+00 3.272481705019239044e+10
5.484715172734142996e+00 3.324368282078878784e+10
5.506654033425078865e+00 3.317069674336806488e+10
5.528680649558780580e+00 3.333172346197057343e+10
5.550795372157015350e+00 3.063358859423399353e+10
5.572998553645643227e+00 3.140848219102259445e+10
5.595290547860225949e+00 3.248278765001247406e+10
5.617671710051667766e+00 3.182341479237493515e+10
5.640142396891874021e+00 3.275399881590641022e+10
5.662702966479441713e+00 3.211498859000927353e+10
5.685353778345359821e+00 3.072537250421520996e+10
5.708095193458740724e+00 3.137456338607456207e+10
5.730927574232576482e+00 3.044273795717762375e+10
5.753851284529505783e+00 2.957435872506547928e+10
5.776866689667624399e+00 2.839849906975488281e+10
5.799974156426294769e+00 3.021106434952098465e+10
5.823174053051999977e+00 2.865917281859738541e+10
5.846466749264207508e+00 2.879455660320504379e+10
5.869852616261264977e+00 2.875341421635836792e+10
5.893332026726310069e+00 2.880445648279544830e+10
5.916905354833215114e+00 2.941445733372301865e+10
5.940572976252548543e+00 2.749097038817254257e+10
5.964335268157558545e+00 2.691710936249209213e+10
5.988192609230189589e+00 2.730977907314193344e+10
6.012145379667110490e+00 2.736997834661478043e+10
6.036193961185778889e+00 2.704584802664859009e+10
6.060338737030522616e+00 2.687583815941992188e+10
6.084580091978644134e+00 2.714029483441719437e+10
6.108918412346558746e+00 2.593946745838642120e+10
6.133354085995945226e+00 2.875407287350823593e+10
6.157887502339929320e+00 2.704571450940066147e+10
6.182519052349287669e+00 2.498529558708578491e+10
6.207249128558685491e+00 2.562774445079301071e+10
6.232078125072920471e+00 2.554457858933627319e+10
6.257006437573212843e+00 2.530406358616690063e+10
6.282034463323505236e+00 2.584010990211199570e+10
6.307162601176800720e+00 2.443519768489935684e+10
6.332391251581507063e+00 2.475933542723071289e+10
6.357720816587833390e+00 2.434600222498571777e+10
6.383151699854184180e+00 2.385096769776341248e+10
6.408684306653601226e+00 2.185192662202391052e+10
6.434319043880215361e+00 2.241918510364543915e+10
6.460056320055736379e+00 2.038109770903785324e+10
6.485896545335958052e+00 1.853319853409277344e+10
6.511840131517302233e+00 1.894226796707845688e+10
6.537887492043371829e+00 1.842005933302200317e+10
6.564039042011545533e+00 1.754583883525391006e+10
6.590295198179591196e+00 1.663812857305947495e+10
6.616656378972309405e+00 1.671869506889397621e+10
6.643123004488199257e+00 1.640459010601811218e+10
6.669695496506150789e+00 1.640348451045676994e+10
6.696374278492176479e+00 1.635001258718841362e+10
6.723159775606144528e+00 1.597951309446761322e+10
6.750052414708568094e+00 1.653392517323653412e+10
6.777052624367403411e+00 1.529596000281628609e+10
6.804160834864871887e+00 1.516250998489433861e+10
6.831377478204331055e+00 1.446935599967441940e+10
6.858702988117148180e+00 1.509175846547233582e+10
6.886137800069615622e+00 1.518904758559015274e+10
6.913682351269895499e+00 1.488493880224057579e+10
6.941337080674975013e+00 1.476766159983929634e+10
6.969102428997675069e+00 1.453855906597384644e+10
6.996978838713665994e+00 1.482893951132999229e+10
7.024966754068519670e+00 1.404983612382945251e+10
7.053066621084793653e+00 1.375007945057906914e+10
7.081278887569133929e+00 1.376621925063969994e+10
7.109604003119409654e+00 1.347895581540615654e+10
7.138042419131887861e+00 1.353623956542394638e+10
7.166594588808414379e+00 1.359874505979856682e+10
7.195260967163648047e+00 1.340162878186562157e+10
7.224042011032302923e+00 1.281366183574118614e+10
7.252938179076432235e+00 1.284255290046422386e+10
7.281949931792737196e+00 1.286639766642804718e+10
7.311077731519908696e+00 1.280713199411774826e+10
7.340322042445988515e+00 1.208863529098884010e+10
7.369683330615771411e+00 1.209739164418535042e+10
7.399162063938235612e+00 1.219312328185083961e+10
7.428758712193988423e+00 1.169533283475696564e+10
7.458473747042765112e+00 1.175168180032593918e+10
7.488307642030935796e+00 1.145090621683053970e+10
7.518260872599060285e+00 1.179900198295775032e+10
7.548333916089456253e+00 1.153089929517666435e+10
7.578527251753813587e+00 1.074239648005627060e+10
7.608841360760829176e+00 1.037923237530302620e+10
7.639276726203872769e+00 1.070228508932798195e+10
7.669833833108687493e+00 1.017843539338324928e+10
7.700513168441122325e+00 1.007250486673062325e+10
7.731315221114887670e+00 9.609409950027313232e+09
7.762240481999347352e+00 9.331942103961412430e+09
7.793289443927344351e+00 9.188334268774164200e+09
7.824462601703054077e+00 9.231698943421276093e+09
7.855760452109866065e+00 8.792237135058553696e+09
7.887183493918306532e+00 8.287293037851048470e+09
7.918732227893980458e+00 8.529169996142484665e+09
7.950407156805555431e+00 8.261642946852776527e+09
7.982208785432777454e+00 8.152731857662244797e+09
8.014137620574508958e+00 8.094933848353243828e+09
8.046194171056805899e+00 7.632020892800914764e+09
8.078378947741034821e+00 8.044657436570413589e+09
8.110692463531997021e+00 7.632004202850613594e+09
8.143135233386125549e+00 7.702874533176476479e+09
8.175707774319670662e+00 7.573668379686780930e+09
8.208410605416949224e+00 7.315642045433816910e+09
8.241244247838615422e+00 7.541993967899923325e+09
8.274209224829968790e+00 7.250680902577924728e+09
8.307306061729288871e+00 7.331745621511255264e+09
8.340535285976207192e+00 7.036755242147644043e+09
8.373897427120111203e+00 6.911390037380478859e+09
8.407393016828594412e+00 7.298952809530411720e+09
8.441022588895906509e+00 6.863154804665971756e+09
8.474786679251490540e+00 7.006709698787695885e+09
8.508685825968495209e+00 6.734370213077355385e+09
8.542720569272368891e+00 6.840498672821168900e+09
8.576891451549458978e+00 6.738528622923905373e+09
8.611199017355655627e+00 6.822832350838468552e+09
8.645643813425078150e+00 6.673936507870436668e+09
8.680226388678779159e+00 6.566142606358693123e+09
8.714947294233493125e+00 6.547125102994645119e+09
8.749807083410427566e+00 6.371367682617319107e+09
8.784806311744070229e+00 6.520004694936791420e+09
8.819945536991047774e+00 6.325148980589279175e+09
8.855225319139009343e+00 6.275199933593656540e+09
8.890646220415566958e+00 6.468914707457400322e+09
8.926208805297228821e+00 6.303707870853148460e+09
8.961913640518417878e+00 6.130268488644402504e+09
8.997761295080492161e+00 6.158859028799792290e+09
9.033752340260813085e+00 6.101612915577164650e+09
9.069887349621856387e+00 6.090104292391473770e+09
9.106166899020346150e+00 5.885167720196023941e+09
9.142591566616424359e+00 5.972888159473500252e+09
9.179161932882891506e+00 5.914544730832170486e+09
9.215878580614422333e+00 5.854677100987864494e+09
9.252742094936881045e+00 5.745440053894661903e+09
9.289753063316627646e+00 5.769024784739651680e+09
9.326912075569895322e+00 5.714354343720658302e+09
9.364219723872173162e+00 5.779538722169796944e+09
9.401676602767663482e+00 5.538826586203746796e+09
9.439283309178733816e+00 5.420446543232883453e+09
9.477040442415447075e+00 5.459294259028301239e+09
9.514948604185111236e+00 5.412254034428628922e+09
9.553008398601852136e+00 5.495527225143840790e+09
9.591220432196260859e+00 5.292842792439250946e+09
9.629585313925044687e+00 5.242241527382895470e+09
9.668103655180747324e+00 5.197977080562162399e+09
9.706776069801470896e+00 5.154565444987645149e+09
9.745603174080676112e+00 5.136929737068982124e+09
9.784585586776998412e+00 5.155420415007462502e+09
9.823723929124106746e+00 4.929445273076294899e+09
9.863018824840601440e+00 4.958781790266458511e+09
9.902470900139965337e+00 4.468465655417415619e+09
9.942080783740523842e+00 4.820924764002592087e+09
9.981849106875488431e+00 4.708022576321207047e+09
1.002177650330298952e+01 4.730608305119617462e+09
1.006186360931619994e+01 4.587617555052532196e+09
1.010211106375346723e+01 4.418227494423507690e+09
1.014251950800847979e+01 4.538154887789402008e+09
1.018308958604051284e+01 4.458634725015533447e+09
1.022382194438467451e+01 4.352869169255150795e+09
1.026471723216221399e+01 4.218425723080181599e+09
1.030577610109086173e+01 4.200830800357746601e+09
1.034699920549522467e+01 4.102263565893807411e+09
1.038838720231720458e+01 3.952583437493598461e+09
1.042994075112647501e+01 3.879360025728761196e+09
1.047166051413097954e+01 3.798773687061041355e+09
1.051354715618750468e+01 3.869710818744237900e+09
1.055560134481225454e+01 3.758364409263479710e+09
1.059782375019150358e+01 3.681912166928619862e+09
1.064021504519226902e+01 3.728722612745329380e+09
1.068277590537303823e+01 3.644656174225497246e+09
1.072550700899452991e+01 3.524582061170310020e+09
1.076840903703050856e+01 3.459268170100110054e+09
1.081148267317863088e+01 3.454810364459546566e+09
1.085472860387134553e+01 3.538981572787893772e+09
1.089814751828683015e+01 3.157849897862628460e+09
1.094174010835997635e+01 3.276453417560776711e+09
1.098550706879341909e+01 2.999225314110181332e+09
1.102944909706859100e+01 3.055712918034486771e+09
1.107356689345686540e+01 3.028330820569564819e+09
1.111786116103069233e+01 3.018107219794480801e+09
1.116233260567481622e+01 2.931216807937479496e+09
1.120698193609751492e+01 2.875721075064695835e+09
1.125180986384190440e+01 2.852825008822668076e+09
1.129681710329727373e+01 2.794287498470855236e+09
1.134200437171046083e+01 2.743798709269045830e+09
1.138737238919730466e+01 2.792430756057095528e+09
1.143292187875409383e+01 2.669717974730041027e+09
1.147865356626910938e+01 2.620218362381017685e+09
1.152456818053418530e+01 2.541059150685774326e+09
1.157066645325632237e+01 2.469231973761921883e+09
1.161694911906934635e+01 2.417184019201751232e+09
1.166341691554562487e+01 2.506982814547357559e+09
1.171007058320780736e+01 2.361169836239225864e+09
1.175691086554063958e+01 2.182318027057219505e+09
1.180393850900279951e+01 2.292757051696002007e+09
1.185115426303881137e+01 2.203519497113479137e+09
1.189855888009096674e+01 2.229197815288557529e+09
1.194615311561133097e+01 2.208473039374766350e+09
1.199393772807377623e+01 2.167376292714241982e+09
1.204191347898607134e+01 2.145058245603461504e+09
1.209008113290201614e+01 2.005321383232307673e+09
1.213844145743362368e+01 1.983132685776118994e+09
1.218699522326335938e+01 2.068496499231932163e+09
1.223574320415641381e+01 1.934131354771845341e+09
1.228468617697303777e+01 1.997801729329550266e+09
1.233382492168093059e+01 1.880692991781858921e+09
1.238316022136765504e+01 1.880581091724874258e+09
1.243269286225312520e+01 1.713332869186336517e+09
1.248242363370213859e+01 1.834012724584591866e+09
1.253235332823694748e+01 1.692116452252796650e+09
1.258248274154989410e+01 1.749985012868310690e+09
1.263281267251609385e+01 1.703257553821360588e+09
1.268334392320615756e+01 1.692725944871941566e+09
1.273407729889898299e+01 1.727217559139075041e+09
1.278501360809457665e+01 1.572067359193632603e+09
1.283615366252695544e+01 1.535657685972454071e+09
1.288749827717706253e+01 1.661104205086901665e+09
1.293904827028577031e+01 1.502123172556226730e+09
1.299080446336691352e+01 1.542389028431787014e+09
1.304276768122038099e+01 1.448478698972156286e+09
1.309493875194526424e+01 1.487984978792182446e+09
1.314731850695304693e+01 1.438504573180384159e+09
1.319990778098085649e+01 1.447133112437848806e+09
1.325270741210477965e+01 1.328692190984933853e+09
1.330571824175319939e+01 1.311732549558299541e+09
1.335894111472021173e+01 1.344377836382525444e+09
1.341237687917909227e+01 1.355552466559904099e+09
1.346602638669580898e+01 1.250266430127772331e+09
1.351989049224258999e+01 1.317799524187805414e+09
1.357397005421156067e+01 1.255287414940909386e+09
1.362826593442840917e+01 1.241673000805193186e+09
1.368277899816612297e+01 1.221476279537421465e+09
1.373751011415878942e+01 1.142768157594799757e+09
1.379246015461542463e+01 1.212880944723965645e+09
1.384762999523388416e+01 1.087930435906995296e+09
1.390302051521481808e+01 1.181904398142355204e+09
1.395863259727567751e+01 1.143007257021955967e+09
1.401446712766477987e+01 1.067536413089097977e+09
1.407052499617543972e+01 1.171589306041457415e+09
1.412680709616014063e+01 1.043970902263533950e+09
1.418331432454478147e+01 9.984792223325111866e+08
1.424004758184296193e+01 1.021014225999162674e+09
1.429700777217033369e+01 1.064942414166297913e+09
1.435419580325901379e+01 9.784450799517549276e+08
1.441161258647204946e+01 9.711516668060368299e+08
1.446925903681793812e+01 9.286298859842642546e+08
1.452713607296521126e+01 9.644172981287052631e+08
1.458524461725707155e+01 9.442940066216930151e+08
1.464358559572609764e+01 9.033483508147709370e+08
1.470215993810900557e+01 9.009030248148587942e+08
1.476096857786143879e+01 9.624559054445344210e+08
1.482001245217288599e+01 8.731790281614288092e+08
1.487929250198157760e+01 8.234763488285071850e+08
1.493880967198950316e+01 8.618629458949142694e+08
1.499856491067746056e+01 8.340820304119181633e+08
1.505855917032016933e+01 8.249571231206791401e+08
1.511879340700144958e+01 7.995626860911229849e+08
1.517926858062945605e+01 7.901600501242558956e+08
1.523998565495197433e+01 8.177695537180041075e+08
1.530094559757178274e+01 8.012942405609135628e+08
1.536214937996206764e+01 7.597424179256094694e+08
1.542359797748191674e+01 7.303145897559431791e+08
1.548529236939184450e+01 7.430261190456204414e+08
1.554723353886941339e+01 6.983378247693936825e+08
1.560942247302489072e+01 7.202343162236956358e+08
1.567186016291699069e+01 7.175820581290484667e+08
1.573454760356865556e+01 6.681916861850365400e+08
1.579748579398293096e+01 6.933146790539091825e+08
1.586067573715886247e+01 6.687405709496393204e+08
1.592411844010749888e+01 7.044841151528408527e+08
1.598781491386792730e+01 6.045591125728744268e+08
1.605176617352340074e+01 6.347544746251403093e+08
1.611597323821749228e+01 6.065795232074285746e+08
1.618043713117036120e+01 6.455054834023638964e+08
1.624515887969504391e+01 5.759829823102865219e+08
1.631013951521382310e+01 6.146691736258568764e+08
1.637538007327468037e+01 6.162350027330551147e+08
1.644088159356778078e+01 5.849023607627799511e+08
1.650664511994205341e+01 5.585142264812222719e+08
1.657267170042182158e+01 5.572902904009280205e+08
1.663896238722350418e+01 5.106650141373804808e+08
1.670551823677240222e+01 5.536718445988968611e+08
1.677234030971949608e+01 5.734216151197150946e+08
1.683942967095837062e+01 5.457067211391345263e+08
1.690678738964220429e+01 5.204716438050944209e+08
1.697441453920077237e+01 5.084154631618354321e+08
1.704231219735757108e+01 5.553542581997817755e+08
1.711048144614700561e+01 4.589416152781055570e+08
1.717892337193159236e+01 5.090680685522841215e+08
1.724763906541932101e+01 4.672191225964287519e+08
1.731662962168099895e+01 4.621789689199994802e+08
1.738589614016772344e+01 4.344058379186481237e+08
1.745543972472839300e+01 4.745238231348924041e+08
1.752526148362730751e+01 4.623276295941193700e+08
1.759536252956181812e+01 4.412274887114071250e+08
1.766574397968006238e+01 4.249926574832468033e+08
1.773640695559878466e+01 4.254121110667732954e+08
1.780735258342117433e+01 4.198534593086807728e+08
1.787858199375486024e+01 4.451291683501973748e+08
1.795009632172988034e+01 3.942466209042081237e+08
1.802189670701679702e+01 4.284927311175231934e+08
1.809398429384486562e+01 4.078129338765686750e+08
1.816636023102024211e+01 3.597955553998580575e+08
1.823902567194432578e+01 4.006150157289519906e+08
1.831198177463210186e+01 4.048670568149231076e+08
1.838522970173062987e+01 3.775398708357096314e+08
1.845877062053754969e+01 3.660183474551874995e+08
1.853260570301970134e+01 3.388138639572311044e+08
1.860673612583178027e+01 3.254823603283663392e+08
1.868116307033510637e+01 3.513039492199109197e+08
1.875588772261644976e+01 3.401796395979840159e+08
1.883091127350691352e+01 3.653813269794910550e+08
1.890623491860094063e+01 3.369249453803817034e+08
1.898185985827534594e+01 3.174281353789612651e+08
1.905778729770844748e+01 3.427249422636987567e+08
1.913401844689928311e+01 3.361779829356010556e+08
1.921055452068688041e+01 3.003203017990381122e+08
1.928739673876962968e+01 3.074617913353325725e+08
1.936454632572470658e+01 3.178151975787149668e+08
1.944200451102760141e+01 2.700737739822312593e+08
1.951977252907171589e+01 3.208592538656116724e+08
1.959785161918800256e+01 2.814088243072842360e+08
1.967624302566475691e+01 2.833920758695249557e+08
1.991079942767366973e+01 2.768461741549501419e+08
