# Wavelength (micrometer), Flux (W / m2 / m)
1.000553076518779783e-01 9.729668888137593079e+10
1.004555288824854897e-01 1.205241410427666378e-09
1.008573509980154326e-01 2.141492491733493813e-09
1.012607804020075053e-01 1.801999312275295942e-09
1.016658235236155422e-01 3.118398626908628565e-09
1.020724868177099870e-01 8.635760429203833502e-07
1.024807767649808382e-01 1.308920545104995467e-07
1.028906998720407612e-01 9.108032445654056740e-09
1.033022626715289355e-01 1.325287389934668176e-06
1.037154717222150413e-01 8.737746579940872312e-09
1.041303336091038839e-01 7.122385068919281923e-09
1.045468549435403099e-01 7.855446131711851567e-08
1.049650423633144702e-01 1.609196881435941438e-09
1.053849025327677214e-01 1.848585160896015464e-07
1.058064421428987906e-01 4.036311198450620881e-09
1.062296679114703990e-01 2.320493857603881562e-07
1.066545865831162732e-01 1.378872340413847834e-07
1.070812049294487533e-01 3.225096042428509239e-08
1.075095297491665408e-01 3.224346620216022953e-06
1.079395678681632220e-01 3.860457634740737149e-08
1.083713261396358624e-01 1.489424765614042168e-06
1.088048114441943909e-01 5.516342918620168790e-07
1.092400306899711654e-01 1.302893575387576190e-04
1.096769908127310511e-01 9.480104107203432171e-07
1.101156987759819850e-01 1.308780461071075410e-06
1.105561615710859147e-01 6.690526648278472921e-05
1.109983862173702651e-01 1.537478162361095014e-05
1.114423797622397516e-01 3.669994350306352394e-06
1.118881492812886930e-01 8.627008203346786250e-07
1.123357018784138517e-01 4.916490508673921585e-06
1.127850446859275102e-01 2.100799070981823266e-03
1.132361848646712132e-01 1.341905811182548224e-03
1.136891296041298988e-01 7.593572865032424636e-04
1.141438861225464035e-01 8.738656870819531096e-04
1.146004616670366072e-01 5.360851557988463188e-04
1.150588635137047705e-01 5.648286658012320388e-04
1.155190989677595953e-01 2.927015669430836002e-04
1.159811753636306314e-01 9.504119871377482431e-04
1.164451000650851553e-01 1.929602671254276489e-04
1.169108804653455069e-01 2.082420941718575436e-04
1.173785239872068981e-01 1.119552784474839909e-03
1.178480380831557206e-01 3.963249399461559602e-03
1.183194302354883543e-01 1.814490597146379419e-03
1.187927079564302935e-01 4.847265948576911479e-04
1.192678787882560099e-01 1.114260433892641381e-03
1.197449503034090645e-01 1.418673781154265257e-03
1.202239301046226783e-01 6.987915759961742441e-05
1.207048258250411760e-01 4.296615307038684022e-04
1.211876451283413342e-01 1.401086404657213725e-04
1.216723957088547137e-01 4.683516690623397942e-05
1.221590852916901310e-01 1.618831006766611080e-04
1.226477216328568792e-01 2.735746465611478898e-04
1.231383125193883099e-01 1.741864908046628373e-04
1.236308657694658586e-01 3.912687389927647767e-04
1.241253892325437369e-01 1.662949019989082809e-04
1.246218907894739159e-01 4.618290557915990418e-05
1.251203783526317892e-01 4.343246692929152359e-05
1.256208598660423226e-01 7.788666476040878887e-04
1.261233433055065078e-01 8.176768758319742560e-04
1.266278366787285392e-01 2.627064126594045196e-05
1.271343480254434610e-01 3.437679042201241542e-04
1.276428854175452321e-01 2.550304765026558036e-04
1.281534569592154005e-01 5.910492119261929832e-05
1.286660707870522780e-01 2.647737831761996135e-04
1.291807350702004475e-01 4.541535264206017714e-04
1.296974580104812425e-01 4.094095686096227210e-04
1.302162478425231973e-01 6.262680798179882393e-05
1.307371128338932764e-01 6.894184883746157233e-04
1.312600612852288795e-01 1.509715949937070426e-03
1.317851015303697915e-01 5.031786847229495225e-04
1.323122419364912705e-01 2.785101188677049141e-03
1.328414909042372472e-01 3.356763981056082313e-03
1.333728568678542170e-01 1.734340865524390670e-03
1.339063482953256612e-01 1.469569186051020398e-04
1.344419736885069383e-01 1.855429910203882336e-03
1.349797415832609815e-01 3.509225114906185192e-03
1.355196605495940232e-01 2.858245289820483728e-03
1.360617391917924301e-01 4.692645269141969624e-03
1.366059861485595939e-01 1.257440540781686652e-03
1.371524100931538481e-01 1.616643185709488388e-04
1.377010197335264696e-01 7.148256171232891983e-04
1.382518238124605670e-01 1.818759170682527834e-02
1.388048311077104136e-01 6.954207345664009145e-03
1.393600504321412248e-01 8.486228219102598435e-04
1.399174906338697677e-01 5.457653646826799180e-04
1.404771605964052761e-01 1.278460231779614091e-02
1.410390692387908651e-01 2.885560802521531555e-03
1.416032255157460562e-01 3.501502114840569779e-02
1.421696384178090522e-01 2.161076625359863016e-04
1.427383169714803168e-01 9.453733081694361967e-03
1.433092702393662099e-01 3.117832897757872868e-01
1.438825073203236771e-01 3.434278898419199089e-02
1.444580373496049674e-01 1.825987247791070189e-01
1.450358694990033503e-01 2.777796724054912639e-02
1.456160129769993872e-01 3.958883229458352027e-01
1.461984770289073976e-01 8.139137117649325459e-01
1.467832709370230082e-01 1.008831923738110342e-01
1.473704040207710897e-01 3.744064414383346251e-01
1.479598856368541382e-01 8.827081592925658735e-03
1.485517251794015725e-01 1.814174150866650070e-01
1.491459320801191979e-01 4.663336490302688597e-01
1.497425158084396690e-01 1.094483386000256464e-01
1.503414858716734248e-01 2.261336820479159293e+00
1.509428518151600951e-01 2.394456741562522029e-01
1.515466232224207677e-01 1.247718365364108677e-02
1.521528097153104220e-01 3.936138188612367528e-02
1.527614209541716672e-01 4.313394655012040826e-04
1.533724666379883694e-01 1.036954132310712170e-03
1.539859565045403056e-01 3.624881333506551197e-04
1.546019003305584838e-01 1.062300501449480648e-07
1.552203079318807133e-01 2.167929403856720955e-06
1.558411891636082569e-01 7.985659059222988704e-07
1.564645539202626778e-01 2.924467760746707779e-07
1.570904121359437411e-01 2.166295499454297856e-06
1.577187737844875093e-01 7.785261083546458532e-08
1.583496488796254653e-01 1.226911179517201131e-06
1.589830474751439959e-01 4.517322119823132448e-06
1.596189796650445414e-01 3.667521009656925946e-07
1.602574555837047166e-01 5.980480123360553719e-07
1.608984854060395708e-01 1.271475122009232647e-06
1.615420793476636807e-01 5.475244236777496265e-07
1.621882476650543525e-01 5.649366444147932293e-07
1.628370006557145755e-01 5.782458102381494285e-07
1.634883486583374457e-01 9.519979387288296972e-07
1.641423020529707844e-01 1.443048534558349796e-06
1.647988712611826723e-01 1.799016111929579643e-06
1.654580667462274002e-01 6.624006426772098311e-07
1.661198990132123077e-01 4.219015081083295248e-06
1.667843786092651215e-01 5.149055001258771208e-06
1.674515161237022098e-01 1.269179868459335512e-05
1.681213221881969755e-01 8.489842285237465586e-05
1.687938074769497754e-01 1.917730969670494972e-05
1.694689827068575905e-01 9.032672315994385442e-04
1.701468586376850278e-01 3.506165878171015179e-04
1.708274460722357391e-01 4.711701953533596046e-04
1.715107558565246715e-01 6.097587623175515980e-04
1.721967988799507909e-01 4.709023566173624158e-04
1.728855860754705820e-01 1.207151742646795896e-03
1.735771284197724640e-01 3.180915660155631962e-04
1.742714369334515678e-01 1.279938632658299334e-04
1.749685226811853456e-01 4.551511785751114619e-03
1.756683967719100681e-01 5.476134215015141015e-04
1.763710703589977391e-01 1.183467105136556258e-02
1.770765546404337309e-01 1.941602310529132527e-02
1.777848608589954471e-01 6.682746742136362605e-04
1.784960003024314568e-01 2.987923135191584631e-02
1.792099843036411844e-01 1.689148441793966726e-02
1.799268242408557650e-01 1.815576416934738119e-02
1.806465315378191772e-01 1.331692559244491147e-01
1.813691176639704306e-01 3.062531822845039782e-03
1.820945941346263086e-01 4.113144202931053039e-02
1.828229725111648329e-01 2.736247949887259945e-01
1.835542644012094771e-01 6.741020457339159944e-04
1.842884814588143239e-01 8.596434406090218416e-02
1.850256353846495561e-01 9.160017688994958052e-01
1.857657379261881403e-01 1.107950924424607256e-02
1.865088008778928996e-01 7.794813879867781292e-01
1.872548360814044743e-01 2.551315787161976822e-01
1.880038554257300876e-01 1.475039534533039570e-02
1.887558708474330049e-01 1.145359926910870740e+00
1.895108943308226879e-01 2.151171444043530334e-01
1.902689379081460019e-01 3.899456977537563845e-02
1.910300136597785636e-01 2.891114688139520439e+00
1.917941337144176972e-01 2.801370384177066519e-01
1.925613102492753359e-01 7.466556813794051894e-01
1.933315554902724498e-01 5.140428831848691260e+00
1.941048817122335568e-01 1.502557884679355693e+00
1.948813012390824828e-01 1.260865434862799894e+00
1.956608264440388156e-01 1.265541786042190431e+01
1.964434697498149418e-01 8.673853803060325163e-01
1.972292436288141937e-01 3.728360217358465789e+00
1.980181606033294406e-01 7.970650851283943794e+00
1.988102332457427346e-01 2.475779691680774608e+00
1.996054741787257336e-01 1.897885848607515857e+00
2.004038960754406518e-01 2.010218245016119010e+00
2.012055116597424309e-01 1.713154106448262270e+00
2.020103337063813842e-01 2.364380785038158628e+00
2.028183750412069219e-01 2.557268069533613186e+00
2.036296485413717494e-01 9.100952601481825388e-01
2.044441671355372303e-01 5.916316592816711628e-01
2.052619438040793887e-01 1.755554851908821323e+00
2.060829915792957157e-01 8.831118665731430006e-01
2.069073235456129201e-01 7.641794160035864092e-01
2.077349528397953449e-01 8.899217000602575034e-01
2.085658926511545219e-01 1.520929891826289904e+00
2.094001562217591150e-01 1.526691220420381301e+00
2.102377568466461677e-01 1.274207442474461383e+00
2.110787078740327671e-01 6.233576918882455242e-01
2.119230227055288740e-01 1.200441644293181787e+00
2.127707147963510126e-01 1.621014538366183588e+00
2.136217976555363773e-01 2.115838270788136910e+00
2.144762848461585492e-01 4.147797925417223697e-01
2.153341899855431840e-01 1.844720567820250734e+00
2.161955267454853669e-01 3.822850974575979333e+00
2.170603088524672986e-01 5.299616502558373021e+00
2.179285500878772042e-01 1.559767624107736950e+00
2.188002642882286852e-01 1.615312201353682697e+00
2.196754653453815986e-01 6.908189959712501604e+00
2.205541672067631020e-01 3.324037621258197905e+00
2.214363838755901703e-01 3.229374911152165595e+01
2.223221294110925284e-01 2.922858396452786334e+00
2.232114179287369160e-01 9.651518273879888454e+01
2.241042636004518529e-01 2.230248974153383301e+01
2.250006806548536520e-01 2.372709113617821117e+02
2.259006833774730438e-01 5.395187477350737737e+01
2.268042861109829667e-01 1.229554051459801514e+02
2.277115032554268836e-01 1.822440512577602760e+02
2.286223492684485714e-01 1.546315359538835423e+02
2.295368386655223802e-01 1.045765388246844623e+03
2.304549860201844658e-01 2.380789203733223047e+01
2.313768059642651864e-01 4.996095914393774251e+02
2.323023131881222503e-01 3.220124189333750451e+02
2.332315224408747223e-01 9.514329324026052745e+02
2.341644485306381973e-01 1.775236171700945306e+03
2.351011063247607502e-01 9.013630923280818763e+01
2.360415107500598020e-01 2.680338401228884777e+03
2.369856767930600405e-01 5.743567579648533439e+01
2.379336195002322851e-01 3.162538178860053904e+03
2.388853539782332114e-01 1.737018327952116124e+03
2.398408953941461863e-01 1.499533270637285386e+04
2.408002589757227141e-01 1.612337218044758265e+04
2.417634600116256582e-01 1.365604219406684706e+03
2.427305138516721306e-01 2.787209087495140921e+04
2.437014359070788505e-01 1.347628068737852300e+04
2.446762416507071713e-01 8.199050188043648086e+04
2.456549466173099938e-01 2.101033586483425825e+04
2.466375664037792625e-01 4.812651023407545290e+04
2.476241166693943785e-01 5.899869721422468137e+04
2.486146131360719436e-01 5.275357772166086079e+02
2.496090715886161993e-01 6.581534303622994048e+04
2.506075078749706586e-01 2.837212770098372857e+04
2.516099379064705155e-01 6.717626813055636012e+04
2.526163776580964138e-01 6.363983869828355091e+04
2.536268431687287994e-01 1.129111714937868761e+06
2.546413505414037437e-01 1.460279136032152455e+06
2.556599159435693491e-01 4.129029668772293953e+05
2.566825556073435988e-01 3.278790545805948786e+05
2.577092858297729827e-01 3.664850157008554670e+05
2.587401229730920682e-01 2.004376701888356474e+05
2.597750834649844576e-01 4.644395914243279840e+05
2.608141837988444123e-01 3.599294915301362635e+05
2.618574405340398092e-01 1.810536452681977535e+06
2.629048702961759298e-01 5.319141210610025562e+06
2.639564897773606367e-01 5.250361927953979932e+06
2.650123157364701054e-01 5.101003022378435358e+06
2.660723649994159445e-01 3.232056694582532160e+06
2.671366544594135917e-01 3.925876697078556288e+06
2.682052010772512096e-01 4.431167768423240632e+06
2.692780218815602478e-01 2.566038461868066341e+06
2.703551339690865030e-01 6.721417867003607564e+06
2.714365545049627904e-01 4.615448496016698889e+06
2.725223007229827243e-01 4.292127156328794546e+06
2.736123899258746106e-01 6.437737261514366604e+06
2.747068394855781692e-01 9.626950403986146674e+06
2.758056668435204806e-01 1.469498179170621373e+07
2.769088895108945403e-01 3.795854856612434983e+07
2.780165250689380918e-01 2.925645327522395179e+07
2.791285911692138466e-01 4.146007214647701383e+07
2.802451055338907038e-01 3.397178958186014742e+07
2.813660859560263017e-01 2.873509492822238803e+07
2.824915502998503469e-01 2.050001386334552243e+07
2.836215165010497197e-01 1.514155224254604429e+07
2.847560025670539119e-01 1.573274975101328222e+06
2.858950265773221866e-01 4.444280066251666285e+06
2.870386066836315142e-01 2.798853394491717592e+07
2.881867611103660631e-01 7.733252042956773937e+07
2.893395081548075787e-01 1.377108435139549971e+08
2.904968661874267610e-01 1.823599656023731828e+08
2.916588536521764197e-01 2.199228296405552626e+08
2.928254890667851273e-01 2.048398672753807306e+08
2.939967910230522619e-01 2.039004958270401359e+08
2.951727781871444911e-01 1.673422985011873543e+08
2.963534692998930908e-01 1.956165928226135969e+08
2.975388831770926501e-01 2.189297580893219113e+08
2.987290387098009981e-01 3.384026217133448720e+08
2.999239548646402409e-01 2.159823853302558362e+08
3.011236506840988536e-01 6.024175862789492607e+08
3.023281452868351593e-01 2.193260701197046041e+08
3.035374578679824742e-01 9.247593179034004211e+08
3.047516076994544187e-01 7.758785242552559376e+08
3.059706141302522830e-01 9.592436979185228348e+08
3.071944965867733357e-01 1.462347111790718079e+09
3.084232745731204095e-01 1.930704566725178957e+09
3.096569676714128194e-01 1.805933755644056082e+09
3.108955955420985018e-01 2.503216377509459972e+09
3.121391779242668751e-01 2.838706876287607193e+09
3.133877346359639215e-01 3.577255369989706516e+09
3.146412855745078230e-01 4.678601484038169861e+09
3.158998507168058190e-01 4.496178631099235535e+09
3.171634501196730627e-01 7.474958748371148109e+09
3.184321039201517545e-01 5.874414217018779755e+09
3.197058323358323295e-01 6.518481313913309097e+09
3.209846556651756444e-01 7.748225227308985710e+09
3.222685942878363852e-01 9.400454133184934616e+09
3.235576686649877520e-01 9.559073141393434525e+09
3.248518993396476984e-01 1.162948587602833366e+10
3.261513069370062801e-01 1.282236201278447723e+10
3.274559121647543369e-01 1.466089212027487755e+10
3.287657358134133401e-01 1.657394888283897591e+10
3.300807987566670154e-01 1.620790490376208305e+10
3.314011219516936890e-01 2.335489697215890884e+10
3.327267264395004642e-01 2.406277767693036652e+10
3.340576333452584534e-01 3.116471773646990585e+10
3.353938638786395088e-01 2.982887510713474655e+10
3.367354393341540630e-01 3.420822447524043655e+10
3.380823810914907468e-01 3.735701381733732605e+10
3.394347106158566718e-01 3.719185668552553558e+10
3.407924494583201014e-01 4.058728501632348633e+10
3.421556192561533982e-01 3.812461736172760773e+10
3.435242417331779707e-01 2.293900970719429016e+10
3.448983387001106626e-01 2.882104460799829483e+10
3.462779320549111417e-01 3.346014281516319275e+10
3.476630437831307319e-01 2.833598551541677856e+10
3.490536959582632992e-01 3.127971513927425385e+10
3.504499107420963600e-01 5.990541505210922241e+10
3.518517103850647421e-01 5.455288893800663757e+10
3.532591172266050239e-01 6.969492551284301758e+10
3.546721536955114717e-01 9.370775289897157288e+10
3.560908423102934761e-01 5.097680722463488007e+10
3.575152056795346533e-01 3.470465793836508179e+10
3.589452665022527800e-01 5.997228584066031647e+10
3.603810475682617254e-01 8.285742183996578979e+10
3.618225717585348278e-01 7.028692980144352722e+10
3.632698620455689364e-01 7.790565456644030762e+10
3.647229414937512293e-01 8.202061676295561218e+10
3.661818332597261971e-01 1.450624114681754761e+11
3.676465605927651259e-01 9.109156352216157532e+10
3.691171468351361895e-01 1.050301936341702728e+11
3.705936154224767076e-01 5.783585849007916260e+10
3.720759898841666247e-01 2.303376691327172470e+10
3.735642938437032656e-01 2.224145441442277145e+10
3.750585510190780902e-01 3.021544681066385269e+10
3.765587852231543908e-01 7.909183325123347473e+10
3.780650203640470441e-01 1.696448516713173828e+11
3.795772804455032068e-01 1.069301243286039429e+11
3.810955895672852312e-01 1.268387999382490234e+11
3.826199719255543585e-01 4.623478353788756561e+10
3.841504518132565771e-01 9.050760879140708923e+10
3.856870536205096456e-01 3.964644305944082642e+10
3.872298018349916715e-01 8.265181542149267578e+10
3.887787210423316320e-01 7.246283706816407776e+10
3.903338359265008939e-01 1.007031491892988434e+11
3.918951712702069545e-01 1.217441484211805725e+11
3.934627519552877928e-01 1.065393804770985413e+11
3.950366029631089404e-01 2.428871532618059082e+11
3.966167493749613859e-01 1.780508019633078003e+11
3.982032163724612550e-01 2.925061531453000488e+11
3.997960292379510450e-01 3.204169253273506470e+11
4.013952133549028578e-01 3.368006303692664185e+11
4.030007942083224659e-01 3.708943656265515747e+11
4.046127973851557647e-01 2.561319972322089539e+11
4.062312485746963908e-01 2.620974842572546997e+11
4.078561735689951728e-01 2.943441391647696533e+11
4.094875982632711353e-01 3.013914959087343750e+11
4.111255486563242245e-01 3.372793210920526733e+11
4.127700508509495880e-01 2.848121533717446899e+11
4.144211310543532978e-01 2.402473934444833679e+11
4.160788155785707931e-01 2.732442464318878479e+11
4.177431308408850463e-01 1.901144385724014587e+11
4.194141033642486138e-01 1.452337472109664307e+11
4.210917597777056320e-01 6.844454672099842072e+10
4.227761268168164221e-01 1.210806505232910728e+10
4.244672313240837602e-01 8.060936286890608215e+10
4.261651002493800910e-01 1.345076979826349487e+11
4.278697606503775730e-01 1.728946010120615540e+11
4.295812396929790666e-01 1.848208267097132568e+11
4.312995646517510107e-01 1.900743031804836731e+11
4.330247629103580187e-01 2.307637149320147095e+11
4.347568619619994745e-01 2.347204443675393372e+11
4.364958894098474596e-01 2.257010205049526978e+11
4.382418729674867897e-01 2.130775972359179688e+11
4.399948404593567730e-01 2.209537508433811646e+11
4.417548198211941890e-01 2.488123098331915283e+11
4.435218391004789873e-01 1.907595792950165405e+11
4.452959264568808750e-01 2.106730835879730835e+11
4.470771101627084021e-01 1.989642436182531128e+11
4.488654186033592119e-01 2.155575817068655090e+11
4.506608802777726241e-01 2.273352114602319031e+11
4.524635237988837710e-01 2.512594616992559509e+11
4.542733778940792333e-01 2.468503687915632324e+11
4.560904714056555065e-01 2.309276349326000366e+11
4.579148332912781894e-01 2.750803244410159912e+11
4.597464926244433370e-01 1.701956720975236511e+11
4.615854785949410899e-01 2.648018410373930969e+11
4.634318205093208576e-01 1.736275340722938538e+11
4.652855477913582227e-01 2.244263175389511414e+11
4.671466899825236219e-01 2.367746748364039001e+11
4.690152767424536906e-01 2.533228252419744263e+11
4.708913378494234969e-01 3.058357735438131714e+11
4.727749032008212171e-01 2.678222775695823669e+11
4.746660028136244769e-01 3.103222261031063843e+11
4.765646668248789131e-01 2.043348148085703735e+11
4.784709254921784560e-01 1.879172306114148254e+11
4.803848091941470555e-01 2.680721611996189575e+11
4.823063484309236815e-01 2.636625232237613831e+11
4.842355738246474361e-01 3.153017821736334229e+11
4.861725161199459966e-01 2.729398294714623108e+11
4.881172061844257226e-01 3.697452966526336060e+11
4.900696750091634302e-01 3.514396797164381104e+11
4.920299537092001074e-01 4.350463721977489624e+11
4.939980735240369625e-01 5.126610771007913208e+11
4.959740658181330253e-01 3.062919424054033203e+11
4.979579620814056362e-01 4.086603756043823242e+11
4.999497939297311566e-01 3.732541855267916260e+11
5.019495931054501758e-01 3.189735702893367310e+11
5.039573914778719965e-01 4.052897156452145386e+11
5.059732210437835054e-01 3.168435122347377930e+11
5.079971139279585435e-01 3.430436739833005371e+11
5.100291023836703852e-01 3.003055989951723633e+11
5.120692187932051054e-01 2.979006396620356445e+11
5.141174956683780550e-01 3.125097496612953491e+11
5.161739656510514473e-01 2.630452525983078613e+11
5.182386615136556074e-01 1.949423251258732605e+11
5.203116161597103329e-01 2.858640005745546265e+11
5.223928626243490303e-01 3.812489463194194336e+11
5.244824340748465152e-01 2.984302976755836792e+11
5.265803638111459239e-01 3.108650600041278076e+11
5.286866852663905103e-01 2.934375809107280884e+11
5.308014320074561088e-01 3.234280171118288574e+11
5.329246377354859288e-01 2.763827200988380737e+11
5.350563362864277916e-01 2.822000723343501587e+11
5.371965616315735881e-01 2.250987808880187378e+11
5.393453478780998456e-01 2.448337923066843872e+11
5.415027292696121819e-01 2.352573077779830933e+11
5.436687401866906466e-01 2.347222186296629944e+11
5.458434151474373941e-01 1.670087603480515137e+11
5.480267888080271321e-01 2.016202622317845764e+11
5.502188959632591247e-01 1.996488727061409302e+11
5.524197715471121928e-01 2.191693129094656982e+11
5.546294506333006025e-01 2.448282095535450134e+11
5.568479684358338400e-01 2.282242696911438904e+11
5.590753603095770519e-01 1.957388956539552612e+11
5.613116617508153716e-01 1.494861232819483643e+11
5.635569083978186899e-01 1.144226969384820709e+11
5.658111360314097560e-01 1.453693259196047058e+11
5.680743805755354980e-01 1.265389088772803497e+11
5.703466780978375672e-01 1.546045507868020020e+11
5.726280648102289872e-01 1.645970432761383362e+11
5.749185770694699160e-01 1.904622149915211792e+11
5.772182513777477375e-01 1.752385301429724426e+11
5.795271243832587071e-01 2.238543531621385498e+11
5.818452328807918184e-01 2.287001062629766846e+11
5.841726138123150003e-01 2.131357933855025635e+11
5.865093042675643131e-01 1.497391447153755798e+11
5.888553414846344758e-01 6.365909396709449005e+10
5.912107628505729462e-01 8.695531883782356262e+10
5.935756059019753339e-01 1.064754740950916290e+11
5.959499083255832552e-01 1.016783087842012634e+11
5.983337079588855190e-01 1.256355001566957550e+11
6.007270427907210886e-01 1.444038981645133057e+11
6.031299509618840426e-01 1.767120513670415955e+11
6.055424707657315331e-01 2.201310026409218445e+11
6.079646406487945187e-01 2.670983844536253662e+11
6.103964992113897203e-01 3.102556209477337646e+11
6.128380852082353503e-01 3.569002169158423462e+11
6.152894375490681744e-01 3.031935326061285400e+11
6.177505952992645710e-01 1.910595385966188354e+11
6.202215976804615893e-01 1.501347684904402771e+11
6.227024840711834486e-01 1.010125288452829285e+11
6.251932940074681477e-01 1.304124991945251617e+11
6.276940671834980723e-01 1.527181740827225647e+11
6.302048434522321552e-01 1.981955056582650146e+11
6.327256628260409244e-01 2.595470697251284790e+11
6.352565654773452142e-01 3.059713783609320679e+11
6.377975917392545435e-01 3.608765464355272217e+11
6.403487821062116003e-01 4.735937207397619019e+11
6.429101772346363930e-01 4.863006517855128784e+11
6.454818179435749537e-01 5.718889912536412354e+11
6.480637452153492628e-01 5.983790162444085693e+11
6.506560001962106154e-01 6.388238273027282715e+11
6.532586241969955410e-01 7.303209102641198730e+11
6.558716586937833881e-01 5.203438999922667847e+11
6.584951453285585732e-01 4.623882418049611206e+11
6.611291259098727169e-01 3.848602715949625854e+11
6.637736424135122215e-01 3.132965468251272583e+11
6.664287369831662922e-01 2.867959073035103149e+11
6.690944519310989547e-01 2.676199288389673767e+11
6.717708297388232941e-01 2.703491456247543640e+11
6.744579130577786907e-01 2.905562776861225586e+11
6.771557447100098326e-01 3.639403159494405518e+11
6.798643676888498355e-01 3.566792407195510254e+11
6.825838251596052508e-01 4.188280932198923340e+11
6.853141604602436265e-01 4.180622323026083374e+11
6.880554171020846210e-01 4.033775321331625977e+11
6.908076387704928933e-01 4.733059798925681152e+11
6.935708693255748791e-01 6.084579974801828613e+11
6.963451528028771209e-01 7.830343357654252930e+11
6.991305334140887062e-01 8.804525191261234131e+11
7.019270555477450380e-01 9.588970077633760986e+11
7.047347637699360456e-01 1.059225078185518311e+12
7.075537028250157290e-01 8.661548157526859131e+11
7.103839176363159202e-01 7.244001874297822266e+11
7.132254533068611568e-01 6.296380801201364746e+11
7.160783551200886610e-01 6.832906996128815918e+11
7.189426685405689854e-01 7.311624186955694580e+11
7.218184392147313222e-01 7.042247516692646484e+11
7.247057129715901436e-01 8.396017254181246338e+11
7.276045358234763949e-01 9.440717377713680420e+11
7.305149539667704639e-01 1.124768890084913818e+12
7.334370137826373703e-01 1.316425917835530273e+12
7.363707618377679509e-01 1.425698736909872803e+12
7.393162448851190449e-01 1.515172353185692383e+12
7.422735098646596752e-01 1.557117287918015137e+12
7.452426039041182282e-01 1.535940494454132568e+12
7.482235743197346300e-01 1.649990464700874756e+12
7.512164686170136330e-01 1.660738877902785889e+12
7.542213344914817652e-01 1.792424092429989502e+12
7.572382198294477229e-01 1.813155883927434326e+12
7.602671727087656484e-01 1.659528480232981934e+12
7.633082413996006288e-01 1.567281786322763428e+12
7.663614743651989691e-01 1.103370495757795410e+12
7.694269202626597970e-01 1.206015181697863770e+12
7.725046279437104424e-01 1.280807684418284668e+12
7.755946464554852593e-01 1.243949010294125000e+12
7.786970250413072225e-01 1.238350561995730469e+12
7.818118131414724115e-01 1.388030681432796875e+12
7.849390603940383793e-01 1.078673871701515625e+12
7.880788166356144098e-01 1.250436879071531494e+12
7.912311319021569922e-01 1.133503969099378174e+12
7.943960564297655180e-01 1.258914104393325195e+12
7.975736406554845281e-01 1.245425922682434082e+12
8.007639352181065151e-01 1.364212537989583496e+12
8.039669909589789443e-01 1.530597138766701172e+12
8.071828589228148276e-01 1.789681913157435303e+12
8.104115903585061842e-01 1.977255886232626953e+12
8.136532367199402760e-01 2.293285882229356445e+12
8.169078496668199518e-01 2.419218000015102051e+12
8.201754810654874328e-01 2.094230233727882324e+12
8.234561829897493190e-01 2.242637439152975098e+12
8.267500077217083687e-01 2.206990829344222168e+12
8.300570077525952772e-01 1.962306744464670166e+12
8.333772357836056743e-01 2.130625998634299805e+12
8.367107447267401188e-01 2.042735486580411865e+12
8.400575877056470908e-01 2.114021343818094482e+12
8.434178180564695371e-01 1.703563330519594238e+12
8.467914893286955236e-01 1.240047774944809570e+12
8.501786552860102208e-01 1.343478324726525879e+12
8.535793699071543283e-01 1.368565611036746338e+12
8.569936873867830540e-01 1.516418220705095703e+12
8.604216621363300899e-01 1.671764448232785156e+12
8.638633487848753623e-01 1.897764606843685303e+12
8.673188021800150027e-01 2.027351887757739258e+12
8.707880773887352044e-01 2.168956597360033203e+12
8.742712296982900755e-01 2.319879415096428711e+12
8.777683146170831563e-01 2.572222630687144531e+12
8.812793878755513788e-01 2.738220735166368164e+12
8.848045054270535781e-01 2.863117833939800293e+12
8.883437234487617795e-01 2.301001213716803223e+12
8.918970983425568155e-01 2.745447753420893066e+12
8.954646867359271623e-01 2.332643581617602539e+12
8.990465454828707736e-01 2.632423089104177246e+12
9.026427316648023558e-01 2.591573052146791016e+12
9.062533025914615292e-01 2.733211072130229492e+12
9.098783158018273198e-01 2.895985977897795898e+12
9.135178290650346478e-01 2.982917548855208008e+12
9.171719003812948134e-01 3.117068235646889160e+12
9.208405879828199803e-01 3.121433242180058105e+12
9.245239503347512100e-01 3.020104268043031738e+12
9.282220461360901620e-01 2.974947596874248535e+12
9.319349343206346781e-01 2.856753949622816406e+12
9.356626740579171431e-01 2.908301206101793457e+12
9.394053247541488405e-01 2.969632189301096680e+12
9.431629460531654185e-01 2.977358660078622559e+12
9.469355978373780180e-01 3.126389380801794922e+12
9.507233402287275092e-01 3.159396393463185547e+12
9.545262335896426142e-01 3.221490462935003906e+12
9.583443385240012491e-01 3.257869446333934082e+12
9.621777158780971950e-01 3.272362297919176758e+12
9.660264267416096562e-01 3.316069376329246094e+12
9.698905324485760371e-01 3.361822024543483398e+12
9.737700945783701600e-01 3.015091846419449707e+12
9.776651749566835914e-01 3.034353162818751465e+12
9.815758356565105203e-01 2.923866272488655762e+12
9.855021389991363012e-01 2.890744941550521973e+12
9.894441475551331022e-01 2.892128773434184570e+12
9.934019241453534432e-01 2.494568756618949707e+12
9.973755318419349480e-01 2.714410603159886230e+12
1.001365033969302543e+00 2.738910337894000977e+12
1.005370494105179757e+00 2.725612402170954590e+12
1.009391976081600362e+00 2.848978807832823730e+12
1.013429543985926884e+00 2.963546201330576172e+12
1.017483262161870350e+00 2.955976199346748535e+12
1.021553195210518128e+00 3.049901093847130859e+12
1.025639407991360219e+00 2.990933936696143555e+12
1.029741965623325539e+00 3.000086467396830566e+12
1.033860933485818867e+00 3.103989557264232422e+12
1.037996377219762012e+00 3.229563532162236816e+12
1.042148362728641198e+00 3.264385852982285645e+12
1.046316956179555557e+00 3.380800935524877441e+12
1.050502224004274066e+00 3.362317860042682129e+12
1.054704232900291139e+00 3.397106565224511719e+12
1.058923049831892227e+00 3.354514362702475586e+12
1.063158742031219628e+00 3.399010083397995117e+12
1.067411376999344741e+00 3.370041242054680664e+12
1.071681022507342096e+00 3.383005506394562988e+12
1.075967746597371377e+00 3.457842387075042480e+12
1.080271617583760779e+00 3.395016405974068848e+12
1.084592704054095913e+00 3.473719477522617676e+12
1.088931074870312044e+00 3.372490121053332520e+12
1.093286799169793433e+00 3.320637899824726074e+12
1.097659946366472461e+00 3.175425872068176758e+12
1.102050586151938294e+00 3.139420797007682129e+12
1.106458788496546219e+00 3.034150824055686523e+12
1.110884623650532532e+00 3.014603134905096191e+12
1.115328162145134749e+00 3.088919505520194336e+12
1.119789474793714934e+00 3.051695002862592285e+12
1.124268632692889902e+00 3.122778647880858398e+12
1.128765707223661430e+00 3.120853650094743164e+12
1.133280770052556230e+00 3.072515984116673340e+12
1.137813893132766374e+00 2.936841358754352051e+12
1.142365148705297484e+00 2.919674490509788574e+12
1.146934609300118479e+00 3.103066573274950684e+12
1.151522347737319096e+00 3.137200771097181152e+12
1.156128437128268516e+00 3.109513482981378906e+12
1.160752950876781542e+00 3.114999779670761230e+12
1.165395962680288999e+00 3.154511285951931152e+12
1.170057546531009907e+00 3.088326538294363281e+12
1.174737776717134086e+00 3.118841049967878418e+12
1.179436727824002773e+00 2.991606847786730957e+12
1.184154474735298557e+00 3.076966352129093262e+12
1.188891092634239977e+00 3.088470949518192383e+12
1.193646657004777012e+00 3.087482220936932129e+12
1.198421243632796118e+00 2.974081150280368164e+12
1.203214928607327261e+00 3.009096804459529297e+12
1.208027788321756724e+00 3.081942704643166992e+12
1.212859899475043468e+00 3.040756818274646973e+12
1.217711339072943710e+00 3.103627863780162598e+12
1.222582184429235275e+00 3.074796044650506348e+12
1.227472513166952384e+00 3.127423778354093750e+12
1.232382403219620226e+00 3.111822884461300293e+12
1.237311932832498407e+00 3.105588979648643555e+12
1.242261180563828615e+00 2.932534052342649414e+12
1.247230225286083849e+00 3.006882324834340332e+12
1.252219146187228072e+00 2.984158892119092773e+12
1.257228022771976983e+00 2.970468631852553711e+12
1.262256934863064783e+00 2.941595867601692871e+12
1.267305962602517155e+00 3.021810828730175293e+12
1.272375186452927354e+00 2.985440540002655762e+12
1.277464687198738957e+00 3.003560368395746582e+12
1.282574545947533950e+00 3.029272585571337402e+12
1.287704844131324133e+00 2.944965316711518066e+12
1.292855663507849417e+00 2.948009184928836914e+12
1.298027086161880783e+00 2.973777035900049805e+12
1.303219194506528344e+00 2.977018121138946777e+12
1.308432071284554521e+00 2.903328128361306152e+12
1.313665799569692760e+00 2.928030223066607422e+12
1.318920462767971591e+00 2.910803754399434570e+12
1.324196144619043336e+00 2.811806716147435059e+12
1.329492929197519491e+00 2.649565325879155273e+12
1.334810900914309650e+00 2.154442317925333252e+12
1.340150144517967101e+00 2.097580597774723389e+12
1.345510745096038852e+00 2.029962158914215088e+12
1.350892788076423212e+00 2.001223310850369385e+12
1.356296359228728932e+00 1.927383800396329346e+12
1.361721544665643879e+00 1.858118576784392090e+12
1.367168430844306393e+00 1.890417866098221436e+12
1.372637104567683730e+00 1.838946907214539307e+12
1.378127652985954299e+00 1.892971458398223389e+12
1.383640163597898098e+00 1.877742718537087891e+12
1.389174724252289828e+00 1.783653008985538086e+12
1.394731423149298877e+00 1.739912229956617432e+12
1.400310348841896202e+00 1.687849170333239502e+12
1.405911590237263642e+00 1.702418352095583740e+12
1.411535236598212784e+00 1.594706362319761230e+12
1.417181377544605603e+00 1.531188578984296143e+12
1.422850103054784210e+00 1.548405380754492432e+12
1.428541503467003038e+00 1.525339479086822021e+12
1.434255669480871243e+00 1.520957959955252441e+12
1.439992692158794885e+00 1.536051892052366455e+12
1.445752662927429988e+00 1.551233583926550781e+12
1.451535673579139596e+00 1.536941317548431641e+12
1.457341816273456159e+00 1.576507594631575928e+12
1.463171183538549913e+00 1.503062121751569580e+12
1.469023868272704147e+00 1.474712347096134766e+12
1.474899963745795128e+00 1.492044199945937012e+12
1.480799563600778246e+00 1.496353004359864502e+12
1.486722761855181485e+00 1.493460466689866943e+12
1.492669652902602007e+00 1.501821968188996826e+12
1.498640331514212276e+00 1.508200175274565186e+12
1.504634892840269300e+00 1.529563492697142090e+12
1.510653432411630304e+00 1.533369295482982666e+12
1.516696046141276843e+00 1.551344041060741943e+12
1.522762830325842032e+00 1.560525436138049316e+12
1.528853881647145307e+00 1.562808182638082275e+12
1.534969297173733649e+00 1.558668199395505615e+12
1.541109174362428780e+00 1.547080495055513184e+12
1.547273611059878373e+00 1.576647161454950684e+12
1.553462705504118135e+00 1.591109305244721924e+12
1.559676556326134556e+00 1.579484673444757812e+12
1.565915262551438980e+00 1.609664463627177979e+12
1.572178923601644795e+00 1.613274329770243408e+12
1.578467639296051495e+00 1.655157031074632812e+12
1.584781509853235626e+00 1.660630186158162354e+12
1.591120635892648405e+00 1.656983339401112061e+12
1.597485118436219098e+00 1.681783071031669922e+12
1.603875058909963958e+00 1.696778530015171875e+12
1.610290559145603595e+00 1.697145090965858154e+12
1.616731721382186127e+00 1.710106284852128418e+12
1.623198648267714761e+00 1.722170234641516846e+12
1.629691442860785600e+00 1.738349118192295410e+12
1.636210208632228769e+00 1.766006860119478516e+12
1.642755049466757766e+00 1.782602484916087402e+12
1.649326069664624805e+00 1.788885289181186035e+12
1.655923373943283039e+00 1.808428378195789307e+12
1.662547067439056336e+00 1.813565707777084717e+12
1.669197255708812611e+00 1.822448903034218018e+12
1.675874044731648027e+00 1.835147558522764648e+12
1.682577540910574321e+00 1.823028069814819336e+12
1.689307851074216771e+00 1.782781068808969727e+12
1.696065082478513508e+00 1.751724124019113281e+12
1.702849342808427480e+00 1.716569035261294189e+12
1.709660740179661298e+00 1.656925906170638184e+12
1.716499383140379864e+00 1.548268289012095459e+12
1.723365380672941427e+00 1.536946257338690918e+12
1.730258842195633306e+00 1.511185432202146240e+12
1.737179877564415831e+00 1.431571896347532959e+12
1.744128597074673603e+00 1.420738265690017822e+12
1.751105111462972097e+00 1.368505737788826416e+12
1.758109531908824241e+00 1.292971376396637451e+12
1.765141970036459451e+00 1.266707945983044922e+12
1.772202537916605314e+00 1.216857195973010742e+12
1.779291348068271716e+00 1.152991970374551758e+12
1.786408513460544745e+00 1.135798493199481689e+12
1.793554147514387020e+00 1.101072885267163818e+12
1.800728364104444257e+00 1.075947661347529907e+12
1.807931277560862249e+00 1.023456927337001709e+12
1.815163002671105641e+00 1.043527803773721680e+12
1.822423654681789795e+00 1.016252893128886597e+12
1.829713349300517100e+00 1.002801048675202026e+12
1.837032202697718830e+00 9.892392252294388428e+11
1.844380331508509885e+00 9.230711165571727295e+11
1.851757852834543527e+00 9.111422199741973877e+11
1.859164884245881888e+00 8.314321887262274170e+11
1.866601543782865358e+00 8.836117696876248779e+11
1.874067949957996859e+00 8.737299833391842041e+11
1.881564221757828781e+00 8.839295397844653320e+11
1.889090478644860127e+00 9.015787200785843506e+11
1.896646840559439662e+00 8.976585043783918457e+11
1.904233427921677269e+00 9.010587183266812744e+11
1.911850361633363971e+00 8.967649338006614990e+11
1.919497763079897279e+00 8.797640486568984375e+11
1.927175754132217200e+00 8.743630091933713379e+11
1.934884457148745796e+00 8.813395680640119629e+11
1.942623994977340729e+00 8.603955089164877930e+11
1.950394490957250149e+00 8.781085253135988770e+11
1.958196068921079336e+00 8.739110528134448242e+11
1.966028853196763793e+00 8.699631793250159912e+11
1.973892968609550991e+00 8.524927190961270752e+11
1.981788540483989447e+00 8.276892872459125977e+11
1.989715694645925126e+00 8.204904560018405762e+11
1.997674557424508723e+00 8.067225525017899170e+11
2.005665255654207169e+00 7.917767385756092529e+11
2.013687916676823786e+00 7.869910687778276367e+11
2.021742668343530891e+00 7.891865659676914062e+11
2.029829639016905052e+00 7.752493671185075684e+11
2.037948957572972564e+00 7.698256083418104248e+11
2.046100753403264694e+00 7.691967144550158691e+11
2.054285156416877811e+00 7.738091111569609375e+11
2.062502297042545507e+00 7.659711781732667236e+11
2.070752306230715600e+00 7.699815729871448975e+11
2.079035315455638244e+00 7.675323841073326416e+11
2.087351456717461140e+00 7.612223534008770752e+11
2.095700862544330967e+00 7.692022543794886475e+11
2.104083665994508134e+00 7.778414558754270020e+11
2.112500000658485977e+00 7.789870985305788574e+11
2.120950000661120161e+00 7.813125565472636719e+11
2.129433800663764753e+00 7.726837719822238770e+11
2.137951535866419839e+00 7.797335773827137451e+11
2.146503342009885351e+00 7.946641281262133789e+11
2.155089355377924676e+00 7.923490688854301758e+11
2.163709712799436691e+00 8.023819185456262207e+11
2.172364551650634468e+00 8.030093879459025879e+11
2.181054009857236853e+00 8.025961673784239502e+11
2.189778225896665376e+00 8.061694196828129883e+11
2.198537338800252705e+00 8.136373838421026611e+11
2.207331488155453325e+00 8.106120318465096436e+11
2.216160814108075083e+00 8.185752433584927979e+11
2.225025457364507631e+00 8.228715991810833740e+11
2.233925559193965515e+00 8.223917960614080811e+11
2.242861261430741493e+00 8.291669608498150635e+11
2.251832706476463830e+00 8.252138864138479004e+11
2.260840037302370042e+00 8.175299522875515137e+11
2.269883397451579299e+00 8.227801871417493896e+11
2.278962931041386142e+00 8.175892028001691895e+11
2.288078782765551100e+00 8.210789722230344238e+11
2.297231097896613505e+00 7.443435451906077881e+11
2.306420022288200311e+00 7.846848747518286133e+11
2.315645702377353121e+00 7.588466979126890869e+11
2.324908285186861878e+00 7.062857991820325928e+11
2.334207918327609654e+00 7.319642658042845459e+11
2.343544750000919663e+00 7.139110479740521240e+11
2.352918929000923143e+00 6.686198563300122070e+11
2.362330604716927240e+00 6.798385562903659668e+11
2.371779927135795329e+00 6.754582945125490723e+11
2.381267046844337987e+00 6.400265354278381348e+11
2.390792115031715070e+00 6.195627564390750732e+11
2.400355283491842240e+00 6.008220858657370605e+11
2.409956704625809465e+00 5.612345624864735107e+11
2.419596531444312859e+00 5.574072451334783936e+11
2.429274917570089620e+00 5.225940267380193481e+11
2.438992017240370291e+00 5.036012153577557983e+11
2.448747985309331465e+00 4.824790239149523315e+11
2.458542977250568917e+00 4.633437175979036255e+11
2.468377149159570738e+00 4.552351858126947021e+11
2.478250657756209563e+00 4.206379125423742676e+11
2.488163660387234355e+00 4.200907665934240112e+11
2.498116315028783063e+00 4.145222000184641113e+11
2.508108780288898387e+00 3.843769243590300293e+11
2.518141215410053757e+00 3.826263268582940674e+11
2.528213780271693967e+00 3.686117602342961426e+11
2.538326635392781139e+00 3.627748069314293823e+11
2.548479941934351789e+00 3.586773118215359497e+11
2.558673861702089436e+00 3.491569427236730347e+11
2.568908557148898097e+00 3.522561137920563354e+11
2.579184191377493551e+00 3.341400715528634644e+11
2.589500928143003478e+00 3.460261986483636475e+11
2.599858931855575594e+00 3.476611973078146362e+11
2.610258367582998229e+00 3.502149969827026367e+11
2.620699401053329769e+00 3.398916889929960327e+11
2.631182198657543214e+00 3.415857975421053467e+11
2.641706927452173392e+00 3.360626330392881470e+11
2.652273755161981938e+00 3.469049953201973267e+11
2.662882850182629824e+00 3.485218965429327393e+11
2.673534381583360542e+00 3.288699629681775513e+11
2.684228519109693956e+00 3.324292803364479370e+11
2.694965433186132575e+00 3.159197582572466431e+11
2.705745294918877164e+00 3.171690860309763184e+11
2.716568276098552559e+00 3.085289404101652222e+11
2.727434549202946812e+00 2.943016633004548340e+11
2.738344287399758326e+00 2.894400509789519653e+11
2.749297664549357201e+00 2.851608119974205933e+11
2.760294855207554576e+00 2.852908809878726196e+11
2.771336034628385292e+00 2.762932203442685547e+11
2.782421378766898545e+00 2.660736318388389893e+11
2.793551064281966312e+00 2.681215290808032837e+11
2.804725268539093985e+00 2.582711485898001709e+11
2.815944169613250558e+00 2.494036427645875244e+11
2.827207946291703244e+00 2.590699611055506897e+11
2.838516778076869862e+00 2.473176159778521118e+11
2.849870845189177437e+00 2.447339751032157288e+11
2.861270328569933685e+00 2.482153059520909729e+11
2.872715409884213589e+00 2.444161138560072021e+11
2.884206271523750420e+00 2.414150701264342346e+11
2.895743096609845413e+00 2.446152821676637268e+11
2.907326068996284985e+00 2.272818380825223083e+11
2.918955373272270393e+00 2.295207067509116211e+11
2.930631194765359826e+00 2.319746702533320312e+11
2.942353719544420709e+00 2.229264459590559387e+11
2.954123134422598440e+00 2.252493665398924866e+11
2.965939626960289122e+00 2.197830675982644958e+11
2.977803385468130504e+00 2.248089650519237061e+11
2.989714599010003138e+00 2.161550607088512573e+11
3.001673457406043077e+00 2.174803823718859863e+11
3.013680151235667015e+00 2.165201971956530457e+11
3.025734871840609408e+00 2.081788649664842834e+11
3.037837811327972037e+00 2.181924829311471252e+11
3.049989162573283785e+00 2.079784867451963196e+11
3.062189119223576395e+00 2.153583262994035645e+11
3.074437875700470890e+00 2.081976871982911377e+11
3.086735627203272880e+00 2.076147012218063354e+11
3.099082569712085622e+00 2.092974238535588074e+11
3.111478899990933744e+00 2.029323401702298279e+11
3.123924815590897186e+00 2.066307080225789490e+11
3.136420514853261121e+00 2.036260060346523438e+11
3.148966196912674320e+00 2.027691535457575989e+11
3.161562061700325277e+00 2.044139504440419006e+11
3.174208309947126327e+00 1.985741753982477417e+11
3.186905143186915090e+00 2.066821567161184998e+11
3.199652763759662566e+00 1.930448695213021240e+11
3.212451374814701222e+00 2.044303352629556885e+11
3.225301180313960625e+00 1.992292496069138794e+11
3.238202385035215958e+00 1.980714510098617249e+11
3.251155194575356955e+00 2.009119905630691528e+11
3.264159815353658622e+00 1.999428899959964600e+11
3.277216454615073271e+00 1.972198851122269592e+11
3.290325320433533207e+00 1.969322585762591858e+11
3.303486621715267635e+00 1.979271277618106079e+11
3.316700568202128441e+00 1.937171245335551758e+11
3.329967370474937294e+00 1.993687076055256958e+11
3.343287239956836743e+00 1.913199717685858765e+11
3.356660388916663962e+00 1.938392002849921875e+11
3.370087030472330714e+00 1.944294780706614990e+11
3.383567378594220187e+00 1.909050321367403259e+11
3.397101648108596716e+00 1.912535822787847900e+11
3.410690054701031482e+00 1.900063520861995544e+11
3.424332814919834878e+00 1.902322438301763000e+11
3.438030146179514634e+00 1.877880440626583557e+11
3.451782266764232610e+00 1.893209358628975525e+11
3.465589395831289998e+00 1.886987160793285217e+11
3.479451753414614767e+00 1.866931755679594421e+11
3.493369560428273068e+00 1.821964429172124329e+11
3.507343038669985980e+00 1.874734912297687378e+11
3.521372410824665788e+00 1.811807730583931580e+11
3.535457900467964709e+00 1.822735884437904663e+11
3.549599732069836477e+00 1.812038210199525146e+11
3.563798130998116154e+00 1.803056457931172180e+11
3.578053323522108364e+00 1.798087926475629883e+11
3.592365536816196858e+00 1.789466202597016296e+11
3.606734998963461614e+00 1.774955216018418274e+11
3.621161938959315041e+00 1.755107162613956909e+11
3.635646586715152839e+00 1.750988774315617981e+11
3.650189173062013293e+00 1.742838977828842468e+11
3.664789929754260545e+00 1.738951107076904297e+11
3.679449089473277645e+00 1.716832817979482117e+11
3.694166885831170699e+00 1.707862302348554382e+11
3.708943553374495661e+00 1.718830847490835571e+11
3.723779327587993571e+00 1.711864881111744995e+11
3.738674444898345328e+00 1.674120358616204529e+11
3.753629142677938901e+00 1.694293232934652100e+11
3.768643659248651190e+00 1.667978855630588379e+11
3.783718233885645432e+00 1.683054928447785645e+11
3.798853106821188153e+00 1.658227503874830017e+11
3.814048519248473657e+00 1.656348456247767639e+11
3.829304713325467180e+00 1.605558272376947327e+11
3.844621932178768908e+00 1.618762323406375732e+11
3.860000419907484215e+00 1.618621983899582214e+11
3.875440421587113882e+00 1.593438486430867310e+11
3.890942183273462529e+00 1.572042471156446533e+11
3.906505952006555926e+00 1.558136319131020508e+11
3.922131975814582727e+00 1.544183143909058838e+11
3.937820503717840648e+00 1.522994320200437317e+11
3.953571785732711508e+00 1.484238283427606506e+11
3.969386072875642490e+00 1.467356964397857056e+11
3.985263617167145167e+00 1.420230173322864990e+11
4.001204671635814059e+00 1.405782009078993530e+11
4.017209490322357190e+00 1.395316599246080627e+11
4.033278328283646630e+00 1.354849144165583038e+11
4.049411441596781458e+00 1.330092419913252716e+11
4.065609087363168506e+00 1.298028284360838776e+11
4.081871523712622185e+00 1.238131631825363312e+11
4.098199009807472315e+00 1.249680613049943695e+11
4.114591805846702144e+00 1.216729483180614471e+11
4.131050173070089038e+00 1.204232784322559357e+11
4.147574373762369149e+00 1.198283787386687164e+11
4.164164671257418959e+00 1.144009787155928497e+11
4.180821329942449260e+00 1.143458448367072601e+11
4.197544615262219558e+00 1.123128555948139038e+11
4.214334793723269357e+00 1.073964498664733734e+11
4.231192132898162761e+00 1.052730348920844574e+11
4.248116901429755288e+00 9.777840018460203552e+10
4.265109369035473996e+00 9.598925804799185181e+10
4.282169806511615384e+00 9.496724545325805664e+10
4.299298485737661935e+00 9.259063860062590027e+10
4.316495679680612874e+00 9.185811812223756409e+10
4.333761662399335357e+00 8.952784440107740784e+10
4.351096709048932532e+00 8.808196071223135376e+10
4.368501095885127583e+00 8.628992991033470154e+10
4.385975100268668214e+00 8.526233662013310242e+10
4.403519000669743555e+00 8.318493268630059814e+10
4.421133076672422391e+00 8.160859598351142883e+10
4.438817608979111817e+00 7.979580051122317505e+10
4.456572879415028332e+00 7.999438849950546265e+10
4.474399170932688463e+00 7.704606780941458130e+10
4.492296767616419828e+00 7.666604533718414307e+10
4.510265954686884626e+00 7.713705674239541626e+10
4.528307018505633330e+00 7.405371569304193115e+10
4.546420246579655711e+00 7.420833125244215393e+10
4.564605927565974497e+00 7.233685243743115234e+10
4.582864351276237258e+00 7.364659147759008789e+10
4.601195808681342925e+00 7.057235978999099731e+10
4.619600591916067422e+00 7.152405983370333862e+10
4.638078994283731937e+00 7.037539767708901978e+10
4.656631310260867629e+00 6.990277868983901978e+10
4.675257835501911430e+00 6.807596078140805817e+10
4.693958866843916944e+00 6.831955780764878082e+10
4.712734702311292878e+00 6.754574603064756775e+10
4.731585641120538810e+00 6.705540534341310883e+10
4.750511983685020923e+00 6.663647258345330048e+10
4.769514031619761063e+00 6.535143527199321747e+10
4.788592087746240011e+00 6.451631527275727844e+10
4.807746456097224730e+00 6.427352636947235870e+10
4.826977441921613377e+00 6.339542559085345459e+10
4.846285351689299858e+00 6.318926421986155701e+10
4.865670493096057925e+00 6.157385456888720703e+10
4.885133175068442135e+00 6.097486528293024445e+10
4.904673707768715474e+00 5.999666273701129150e+10
4.924292402599791174e+00 5.959434014455184937e+10
4.943989572210189642e+00 5.778995114931822968e+10
4.963765530499030021e+00 5.632208382478156281e+10
4.983620592621027079e+00 5.712617951596549225e+10
5.003555074991511198e+00 5.524081818214543152e+10
5.023569295291476777e+00 5.312699238664098358e+10
5.043663572472643075e+00 5.447404381362716675e+10
5.063838226762532813e+00 5.198527986787233734e+10
5.084093579669583640e+00 5.156233210448713684e+10
5.104429953988261381e+00 5.067063417608265686e+10
5.124847673804215020e+00 5.064824259416679382e+10
5.145347064499431688e+00 4.912719178963586426e+10
5.165928452757428957e+00 4.763664612385344696e+10
5.186592166568458673e+00 4.794642428319228363e+10
5.207338535234733001e+00 4.691596876488846588e+10
5.228167889375671784e+00 4.660407586631877136e+10
5.249080560933174766e+00 4.478472679087731171e+10
5.270076883176907145e+00 4.449955558783718872e+10
5.291157190709615321e+00 4.428688402421762848e+10
5.312321819472453299e+00 4.340688043520598602e+10
5.333571106750343738e+00 4.332429251363672638e+10
5.354905391177344320e+00 4.142471766409738159e+10
5.376325012742054099e+00 4.208025589474668884e+10
5.397830312793021612e+00 4.052666706021382904e+10
5.419421634044193858e+00 3.891297778355834961e+10
5.441099320580370602e+00 3.965121619112372589e+10
5.462863717862692425e+00 3.880131522011828613e+10
5.484715172734142996e+00 3.847345702380670166e+10
5.506654033425078865e+00 3.879924071635896301e+10
5.528680649558780580e+00 3.618061129572558594e+10
5.550795372157015350e+00 3.624535338903447723e+10
5.572998553645643227e+00 3.574568297540941620e+10
5.595290547860225949e+00 3.639797765564952087e+10
5.617671710051667766e+00 3.490639934085163879e+10
5.640142396891874021e+00 3.518691408643647003e+10
5.662702966479441713e+00 3.449343650498370361e+10
5.685353778345359821e+00 3.329555512243930817e+10
5.708095193458740724e+00 3.364729035357156754e+10
5.730927574232576482e+00 3.221802817295055389e+10
5.753851284529505783e+00 3.337275262647936249e+10
5.776866689667624399e+00 3.181674982410519409e+10
5.799974156426294769e+00 3.231030942649969864e+10
5.823174053051999977e+00 3.115000805505291748e+10
5.846466749264207508e+00 3.076715119844952011e+10
5.869852616261264977e+00 3.097507788594404221e+10
5.893332026726310069e+00 3.026549403547945404e+10
5.916905354833215114e+00 3.041568360377601624e+10
5.940572976252548543e+00 2.945781029819805527e+10
5.964335268157558545e+00 2.955175032550391006e+10
5.988192609230189589e+00 2.894083364501074600e+10
6.012145379667110490e+00 2.913666386955423355e+10
6.036193961185778889e+00 2.781411306567933273e+10
6.060338737030522616e+00 2.800150870710223389e+10
6.084580091978644134e+00 2.855716129151711655e+10
6.108918412346558746e+00 2.721649283979300308e+10
6.133354085995945226e+00 2.810059544132803345e+10
6.157887502339929320e+00 2.730514147337101746e+10
6.182519052349287669e+00 2.661889537948845673e+10
6.207249128558685491e+00 2.671718515449636459e+10
6.232078125072920471e+00 2.647864817272866058e+10
6.257006437573212843e+00 2.573251021595119858e+10
6.282034463323505236e+00 2.547469363811726379e+10
6.307162601176800720e+00 2.526214739878257370e+10
6.332391251581507063e+00 2.496233685971878052e+10
6.357720816587833390e+00 2.441041869517644501e+10
6.383151699854184180e+00 2.375879746057159042e+10
6.408684306653601226e+00 2.304689163503050232e+10
6.434319043880215361e+00 2.285019827701320267e+10
6.460056320055736379e+00 2.171279203487917709e+10
6.485896545335958052e+00 2.018963325644638443e+10
6.511840131517302233e+00 2.057132852044917679e+10
6.537887492043371829e+00 1.968323071965321732e+10
6.564039042011545533e+00 1.896561982596533203e+10
6.590295198179591196e+00 1.818516372516780853e+10
6.616656378972309405e+00 1.803087008048419189e+10
6.643123004488199257e+00 1.719617332435052109e+10
6.669695496506150789e+00 1.722217461253173065e+10
6.696374278492176479e+00 1.695708516814201355e+10
6.723159775606144528e+00 1.737999255427462769e+10
6.750052414708568094e+00 1.684790305218706894e+10
6.777052624367403411e+00 1.612745477065504074e+10
6.804160834864871887e+00 1.627673952360035133e+10
6.831377478204331055e+00 1.585285119797216797e+10
6.858702988117148180e+00 1.600684357013915443e+10
6.886137800069615622e+00 1.563801087987198830e+10
6.913682351269895499e+00 1.539931044762019730e+10
6.941337080674975013e+00 1.541992654607095146e+10
6.969102428997675069e+00 1.525924809934490013e+10
6.996978838713665994e+00 1.510390159219265747e+10
7.024966754068519670e+00 1.501696157611361504e+10
7.053066621084793653e+00 1.463408471061817932e+10
7.081278887569133929e+00 1.437385737148136520e+10
7.109604003119409654e+00 1.381156672872277069e+10
7.138042419131887861e+00 1.416323021202991867e+10
7.166594588808414379e+00 1.406713480230873489e+10
7.195260967163648047e+00 1.381436282773289299e+10
7.224042011032302923e+00 1.362289677676202202e+10
7.252938179076432235e+00 1.341308359910384750e+10
7.281949931792737196e+00 1.338887435365036583e+10
7.311077731519908696e+00 1.316746560683875656e+10
7.340322042445988515e+00 1.283536351771916008e+10
7.369683330615771411e+00 1.267268075014084244e+10
7.399162063938235612e+00 1.291232977554837418e+10
7.428758712193988423e+00 1.224603766299688721e+10
7.458473747042765112e+00 1.245813884547814178e+10
7.488307642030935796e+00 1.222223609142645264e+10
7.518260872599060285e+00 1.184446574536350822e+10
7.548333916089456253e+00 1.211658328114165688e+10
7.578527251753813587e+00 1.161279687119491005e+10
7.608841360760829176e+00 1.112067727152739906e+10
7.639276726203872769e+00 1.141105871778733826e+10
7.669833833108687493e+00 1.099870121615560913e+10
7.700513168441122325e+00 1.103859187523602676e+10
7.731315221114887670e+00 1.087932153438938141e+10
7.762240481999347352e+00 1.056445451375208664e+10
7.793289443927344351e+00 1.062641582596502876e+10
7.824462601703054077e+00 1.062650562869160461e+10
7.855760452109866065e+00 1.032836762049206352e+10
7.887183493918306532e+00 9.841756287271884918e+09
7.918732227893980458e+00 9.959622650187713623e+09
7.950407156805555431e+00 9.857483507492965698e+09
7.982208785432777454e+00 9.449478744973833084e+09
8.014137620574508958e+00 9.669635394606576920e+09
8.046194171056805899e+00 9.306709090962348938e+09
8.078378947741034821e+00 9.222044306898174286e+09
8.110692463531997021e+00 8.988492940277984619e+09
8.143135233386125549e+00 9.018942009418279648e+09
8.175707774319670662e+00 8.918360352036231995e+09
8.208410605416949224e+00 8.550523354198957443e+09
8.241244247838615422e+00 8.675006188579999924e+09
8.274209224829968790e+00 8.293540745407071114e+09
8.307306061729288871e+00 8.419673694813716888e+09
8.340535285976207192e+00 8.062289317927541733e+09
8.373897427120111203e+00 7.909002327447868347e+09
8.407393016828594412e+00 8.040659015187636375e+09
8.441022588895906509e+00 7.746491145497250557e+09
8.474786679251490540e+00 7.897241525963142395e+09
8.508685825968495209e+00 7.626475054787812233e+09
8.542720569272368891e+00 7.576403436770413399e+09
8.576891451549458978e+00 7.383783251789060593e+09
8.611199017355655627e+00 7.446085806347202301e+09
8.645643813425078150e+00 7.394997770884748459e+09
8.680226388678779159e+00 7.186396119898341179e+09
8.714947294233493125e+00 7.126497836594926834e+09
8.749807083410427566e+00 6.826634089777170181e+09
8.784806311744070229e+00 6.953320857183538437e+09
8.819945536991047774e+00 6.847433236402434349e+09
8.855225319139009343e+00 6.752746622515033722e+09
8.890646220415566958e+00 6.786747766096663475e+09
8.926208805297228821e+00 6.717749029421046257e+09
8.961913640518417878e+00 6.434541102747365952e+09
8.997761295080492161e+00 6.527690604945427895e+09
9.033752340260813085e+00 6.459837388300212860e+09
9.069887349621856387e+00 6.378023188584719658e+09
9.106166899020346150e+00 6.271870211008189201e+09
9.142591566616424359e+00 6.215971461293180466e+09
9.179161932882891506e+00 6.171435724065127373e+09
9.215878580614422333e+00 6.021279747884979248e+09
9.252742094936881045e+00 5.870624562352931023e+09
9.289753063316627646e+00 5.874160174112201691e+09
9.326912075569895322e+00 5.777837296445602417e+09
9.364219723872173162e+00 5.851514703491519928e+09
9.401676602767663482e+00 5.619932980193310738e+09
9.439283309178733816e+00 5.565019650469549179e+09
9.477040442415447075e+00 5.565398214326624870e+09
9.514948604185111236e+00 5.455294006382184982e+09
9.553008398601852136e+00 5.501142405627619743e+09
9.591220432196260859e+00 5.288485942607099533e+09
9.629585313925044687e+00 5.179619815644477844e+09
9.668103655180747324e+00 5.164487774793999672e+09
9.706776069801470896e+00 5.059492188065570831e+09
9.745603174080676112e+00 5.069727661672415733e+09
9.784585586776998412e+00 5.016908193348773003e+09
9.823723929124106746e+00 4.878222395709587097e+09
9.863018824840601440e+00 4.825156955215663910e+09
9.902470900139965337e+00 4.576742727179083824e+09
9.942080783740523842e+00 4.712727172310227394e+09
9.981849106875488431e+00 4.585787758499646187e+09
1.002177650330298952e+01 4.565461418726171494e+09
1.006186360931619994e+01 4.456854993106550217e+09
1.010211106375346723e+01 4.338107017112790108e+09
1.014251950800847979e+01 4.356048404116065025e+09
1.018308958604051284e+01 4.344648123276228905e+09
1.022382194438467451e+01 4.200390346789443493e+09
1.026471723216221399e+01 4.167689114443502426e+09
1.030577610109086173e+01 4.068591161832211494e+09
1.034699920549522467e+01 3.982873077301478386e+09
1.038838720231720458e+01 3.984039497797049046e+09
1.042994075112647501e+01 3.884765303713524818e+09
1.047166051413097954e+01 3.827620281835228920e+09
1.051354715618750468e+01 3.787003896984920025e+09
1.055560134481225454e+01 3.708246259630957603e+09
1.059782375019150358e+01 3.597158510122808933e+09
1.064021504519226902e+01 3.622264177209126949e+09
1.068277590537303823e+01 3.593706570734434605e+09
1.072550700899452991e+01 3.464895187256993771e+09
1.076840903703050856e+01 3.384223329789283752e+09
1.081148267317863088e+01 3.381084703238001347e+09
1.085472860387134553e+01 3.410028746073806286e+09
1.089814751828683015e+01 3.230948079183039665e+09
1.094174010835997635e+01 3.222474505470581532e+09
1.098550706879341909e+01 3.109552780255172253e+09
1.102944909706859100e+01 3.086648412774715900e+09
1.107356689345686540e+01 3.073102102352836609e+09
1.111786116103069233e+01 3.002394246872484207e+09
1.116233260567481622e+01 2.958357470707808018e+09
1.120698193609751492e+01 2.880767133350423813e+09
1.125180986384190440e+01 2.862165448373500824e+09
1.129681710329727373e+01 2.806279754539176941e+09
1.134200437171046083e+01 2.792459989751771927e+09
1.138737238919730466e+01 2.740172526418744564e+09
1.143292187875409383e+01 2.675855896199000835e+09
1.147865356626910938e+01 2.664664799713943481e+09
1.152456818053418530e+01 2.603980812108306885e+09
1.157066645325632237e+01 2.543058504280098438e+09
1.161694911906934635e+01 2.511482029981979370e+09
1.166341691554562487e+01 2.489980947780171394e+09
1.171007058320780736e+01 2.431118953789177418e+09
1.175691086554063958e+01 2.354783197664640427e+09
1.180393850900279951e+01 2.353527315322267056e+09
1.185115426303881137e+01 2.305940941765863419e+09
1.189855888009096674e+01 2.302173861054938793e+09
1.194615311561133097e+01 2.261463706751965523e+09
1.199393772807377623e+01 2.232538731016839027e+09
1.204191347898607134e+01 2.195648821350654125e+09
1.209008113290201614e+01 2.167925578399490356e+09
1.213844145743362368e+01 2.105760344652998447e+09
1.218699522326335938e+01 2.109780965851367950e+09
1.223574320415641381e+01 2.047590532900264740e+09
1.228468617697303777e+01 2.058470437082793951e+09
1.233382492168093059e+01 1.986360513481591463e+09
1.238316022136765504e+01 1.981232208312593460e+09
1.243269286225312520e+01 1.874577579286842108e+09
1.248242363370213859e+01 1.916566874082822084e+09
1.253235332823694748e+01 1.848438598766981840e+09
1.258248274154989410e+01 1.856300255609524012e+09
1.263281267251609385e+01 1.826010715578896523e+09
1.268334392320615756e+01 1.776678495690238953e+09
1.273407729889898299e+01 1.799896400032916784e+09
1.278501360809457665e+01 1.702040896608684063e+09
1.283615366252695544e+01 1.676040560237793207e+09
1.288749827717706253e+01 1.715471603677067518e+09
1.293904827028577031e+01 1.622930057406794071e+09
1.299080446336691352e+01 1.649321953504125595e+09
1.304276768122038099e+01 1.595405228763335943e+09
1.309493875194526424e+01 1.600005780258741617e+09
1.314731850695304693e+01 1.551311333720796824e+09
1.319990778098085649e+01 1.513938703051831484e+09
1.325270741210477965e+01 1.493620166462502956e+09
1.330571824175319939e+01 1.473104682928524733e+09
1.335894111472021173e+01 1.460877333387508154e+09
1.341237687917909227e+01 1.449674374881782770e+09
1.346602638669580898e+01 1.390664985440528154e+09
1.351989049224258999e+01 1.408044611823679209e+09
1.357397005421156067e+01 1.358477601742605448e+09
1.362826593442840917e+01 1.351318374448223591e+09
1.368277899816612297e+01 1.337668514376951218e+09
1.373751011415878942e+01 1.287129417642380953e+09
1.379246015461542463e+01 1.310256313909265041e+09
1.384762999523388416e+01 1.256128106462221622e+09
1.390302051521481808e+01 1.281905017075795412e+09
1.395863259727567751e+01 1.239729768997835398e+09
1.401446712766477987e+01 1.203097954862126112e+09
1.407052499617543972e+01 1.219347281751295567e+09
1.412680709616014063e+01 1.150643357147085905e+09
1.418331432454478147e+01 1.128748004751689196e+09
1.424004758184296193e+01 1.143983069052518606e+09
1.429700777217033369e+01 1.142576817191517830e+09
1.435419580325901379e+01 1.095507230242219210e+09
1.441161258647204946e+01 1.098916904978280306e+09
1.446925903681793812e+01 1.055538354909260273e+09
1.452713607296521126e+01 1.061714132759680152e+09
1.458524461725707155e+01 1.045109636836375833e+09
1.464358559572609764e+01 9.966340304312150478e+08
1.470215993810900557e+01 9.870955763087457418e+08
1.476096857786143879e+01 1.009765970091531396e+09
1.482001245217288599e+01 9.834147987655403614e+08
1.487929250198157760e+01 9.564890324613090754e+08
1.493880967198950316e+01 9.400696127655051947e+08
1.499856491067746056e+01 9.350688317178729773e+08
1.505855917032016933e+01 9.292736901842530966e+08
1.511879340700144958e+01 9.018900786747704744e+08
1.517926858062945605e+01 8.767954375097235441e+08
1.523998565495197433e+01 8.919266748780301809e+08
1.530094559757178274e+01 8.535994512130947113e+08
1.536214937996206764e+01 8.472255147444152832e+08
1.542359797748191674e+01 8.376519512270159721e+08
1.548529236939184450e+01 8.308692128019845486e+08
1.554723353886941339e+01 7.997100686746093035e+08
1.560942247302489072e+01 8.172062693508569002e+08
1.567186016291699069e+01 7.931607779368281364e+08
1.573454760356865556e+01 7.761043544267884493e+08
1.579748579398293096e+01 7.739138077580462694e+08
1.586067573715886247e+01 7.536649584453060627e+08
1.592411844010749888e+01 7.568620899796023369e+08
1.598781491386792730e+01 7.162395117194149494e+08
1.605176617352340074e+01 7.203395330934190750e+08
1.611597323821749228e+01 6.952116969839925766e+08
1.618043713117036120e+01 6.953081591261097193e+08
1.624515887969504391e+01 6.704095432171158791e+08
1.631013951521382310e+01 6.911315808580752611e+08
1.637538007327468037e+01 6.809363011976338625e+08
1.644088159356778078e+01 6.693214678242275715e+08
1.650664511994205341e+01 6.449530784095212221e+08
1.657267170042182158e+01 6.297217853104637861e+08
1.663896238722350418e+01 6.124484840632616282e+08
1.670551823677240222e+01 6.188085290441392660e+08
1.677234030971949608e+01 6.206939823381218910e+08
1.683942967095837062e+01 5.980954227325302362e+08
1.690678738964220429e+01 5.870135489330713749e+08
1.697441453920077237e+01 5.956731468858680725e+08
1.704231219735757108e+01 5.984899421570590734e+08
1.711048144614700561e+01 5.537567817029997110e+08
1.717892337193159236e+01 5.577810499995117188e+08
1.724763906541932101e+01 5.332912422955585122e+08
1.731662962168099895e+01 5.331088398389555216e+08
1.738589614016772344e+01 5.247494289870844483e+08
1.745543972472839300e+01 5.295867853166717887e+08
1.752526148362730751e+01 5.168169159764557481e+08
1.759536252956181812e+01 5.033657778067770004e+08
1.766574397968006238e+01 4.946610925524246097e+08
1.773640695559878466e+01 4.910822765781334639e+08
1.780735258342117433e+01 4.897080467204774022e+08
1.787858199375486024e+01 4.841928261619124413e+08
1.795009632172988034e+01 4.657308773331207633e+08
1.802189670701679702e+01 4.698721110003753304e+08
1.809398429384486562e+01 4.596524447728804350e+08
1.816636023102024211e+01 4.323770333581529260e+08
1.823902567194432578e+01 4.535566346634355187e+08
1.831198177463210186e+01 4.434495517228333354e+08
1.838522970173062987e+01 4.339965877868851423e+08
1.845877062053754969e+01 4.334276046127178073e+08
1.853260570301970134e+01 4.045708066746240854e+08
1.860673612583178027e+01 3.968383371989497542e+08
1.868116307033510637e+01 4.021262396319537759e+08
1.875588772261644976e+01 3.946085077224363685e+08
1.883091127350691352e+01 4.010827202294321060e+08
1.890623491860094063e+01 3.864881294970195889e+08
1.898185985827534594e+01 3.793202845183852911e+08
1.905778729770844748e+01 3.876218271999402642e+08
1.913401844689928311e+01 3.824924220035207868e+08
1.921055452068688041e+01 3.538426874103971720e+08
1.928739673876962968e+01 3.616277524450491071e+08
1.936454632572470658e+01 3.553975313310585618e+08
1.944200451102760141e+01 3.340419737424250245e+08
1.951977252907171589e+01 3.518647739581789970e+08
1.959785161918800256e+01 3.313101280196020603e+08
1.967624302566475691e+01 3.305173049999527931e+08
1.991079942767366973e+01 3.189397606983838677e+08
