# Wavelength (micrometer), Flux (W / m2 / m)
1.000553076518779783e-01 1.354134094786138153e+11
1.004555288824854897e-01 1.618530966853151422e-06
1.008573509980154326e-01 3.047858922140955530e-06
1.012607804020075053e-01 2.672753002223991972e-06
1.016658235236155422e-01 5.705057542973821237e-06
1.020724868177099870e-01 1.784215572988840477e-04
1.024807767649808382e-01 5.178974471908747221e-05
1.028906998720407612e-01 1.039699175063267059e-05
1.033022626715289355e-01 2.323276624556564385e-04
1.037154717222150413e-01 1.443130619287377782e-05
1.041303336091038839e-01 9.577151103559257471e-06
1.045468549435403099e-01 5.320705778789499397e-05
1.049650423633144702e-01 4.112569642029335303e-06
1.053849025327677214e-01 8.807694682839520305e-05
1.058064421428987906e-01 7.974308915233256227e-06
1.062296679114703990e-01 1.009849934170828557e-04
1.066545865831162732e-01 1.029027374557880844e-04
1.070812049294487533e-01 3.316698550229088506e-05
1.075095297491665408e-01 5.543465116864043423e-04
1.079395678681632220e-01 3.366092986369589548e-05
1.083713261396358624e-01 4.060448608817281992e-04
1.088048114441943909e-01 2.183976367536881371e-04
1.092400306899711654e-01 6.770453700722651839e-03
1.096769908127310511e-01 3.376102538154892034e-04
1.101156987759819850e-01 4.550434272937782412e-04
1.105561615710859147e-01 5.128246561317487649e-03
1.109983862173702651e-01 2.183982035645068605e-03
1.114423797622397516e-01 9.082599164812469239e-04
1.118881492812886930e-01 3.495507025779230441e-04
1.123357018784138517e-01 1.301017043131608760e-03
1.127850446859275102e-01 5.160974309494175544e-02
1.132361848646712132e-01 5.221578695503747980e-02
1.136891296041298988e-01 3.636035287225693191e-02
1.141438861225464035e-01 3.741767029577828391e-02
1.146004616670366072e-01 2.930884259299691014e-02
1.150588635137047705e-01 3.310663526918201233e-02
1.155190989677595953e-01 2.341344974076354363e-02
1.159811753636306314e-01 4.907263049725775483e-02
1.164451000650851553e-01 1.945677505098365734e-02
1.169108804653455069e-01 2.230431370343778988e-02
1.173785239872068981e-01 7.542623416274769899e-02
1.178480380831557206e-01 1.963991766856722498e-01
1.183194302354883543e-01 1.197579096512135094e-01
1.187927079564302935e-01 8.485909383516396232e-02
1.192678787882560099e-01 1.602370919804357585e-01
1.197449503034090645e-01 2.728431646685818834e-01
1.202239301046226783e-01 5.840781891056915504e-02
1.207048258250411760e-01 3.046954879593846144e-01
1.211876451283413342e-01 2.160772399355648243e-01
1.216723957088547137e-01 5.293077404509565209e-01
1.221590852916901310e-01 9.319277898806078708e-01
1.226477216328568792e-01 2.467477593418184956e+00
1.231383125193883099e-01 1.107450025196844878e+00
1.236308657694658586e-01 1.683914846991960923e+00
1.241253892325437369e-01 8.730755967478270874e-01
1.246218907894739159e-01 6.614486790452067666e-01
1.251203783526317892e-01 8.606962429601292541e-01
1.256208598660423226e-01 6.407923702511438835e-01
1.261233433055065078e-01 1.262072724478415120e+00
1.266278366787285392e-01 5.060616214498068199e-01
1.271343480254434610e-01 1.915109998654203061e+00
1.276428854175452321e-01 1.205084484087826091e+00
1.281534569592154005e-01 9.256481499024993287e-01
1.286660707870522780e-01 1.115633561629905346e+00
1.291807350702004475e-01 2.734643004879349082e+00
1.296974580104812425e-01 2.338484346437471828e+00
1.302162478425231973e-01 1.268944374587525070e+00
1.307371128338932764e-01 2.130170749661129292e+00
1.312600612852288795e-01 5.654641472936038582e+00
1.317851015303697915e-01 2.405744845999880255e+00
1.323122419364912705e-01 2.857237806576343964e+00
1.328414909042372472e-01 2.805085745693264077e+00
1.333728568678542170e-01 4.184678388431564144e+00
1.339063482953256612e-01 2.769599041265097927e+00
1.344419736885069383e-01 2.105225586690439243e+00
1.349797415832609815e-01 6.057215658008162862e+00
1.355196605495940232e-01 5.256191577981000229e+00
1.360617391917924301e-01 1.078475603791418003e+01
1.366059861485595939e-01 5.738525680691235031e+00
1.371524100931538481e-01 7.841194173110630494e+00
1.377010197335264696e-01 1.465566574219794482e+01
1.382518238124605670e-01 1.267230446619796247e+01
1.388048311077104136e-01 1.837981673981608921e+01
1.393600504321412248e-01 2.569300019112305833e+01
1.399174906338697677e-01 1.614320004271124631e+01
1.404771605964052761e-01 4.112297218240218655e+01
1.410390692387908651e-01 4.028086110185866886e+01
1.416032255157460562e-01 7.804130185672349285e+01
1.421696384178090522e-01 2.819001847761697732e+01
1.427383169714803168e-01 4.932907364839908837e+01
1.433092702393662099e-01 2.630383802445965102e+02
1.438825073203236771e-01 1.050829812872659517e+02
1.444580373496049674e-01 2.109268166371399786e+02
1.450358694990033503e-01 1.794567280393644637e+02
1.456160129769993872e-01 3.617105606091453183e+02
1.461984770289073976e-01 2.074974819854487293e+02
1.467832709370230082e-01 2.351291140064606964e+02
1.473704040207710897e-01 3.898636856108416850e+02
1.479598856368541382e-01 2.208663619169098240e+02
1.485517251794015725e-01 4.195376247908598657e+02
1.491459320801191979e-01 1.032840604438554465e+03
1.497425158084396690e-01 5.595990304812713703e+02
1.503414858716734248e-01 1.882887400336377141e+03
1.509428518151600951e-01 1.370002814161211745e+03
1.515466232224207677e-01 6.745816399550787992e+02
1.521528097153104220e-01 1.730172455938742814e+03
1.527614209541716672e-01 1.440318652639228048e+03
1.533724666379883694e-01 1.775235699835896867e+03
1.539859565045403056e-01 2.314217402176565429e+03
1.546019003305584838e-01 3.616053139943274459e+02
1.552203079318807133e-01 9.086258911923762298e+02
1.558411891636082569e-01 8.323808584518585576e+02
1.564645539202626778e-01 4.105559100037903022e+02
1.570904121359437411e-01 7.039971518013131799e+02
1.577187737844875093e-01 4.527651949491752816e+02
1.583496488796254653e-01 4.540516812546171650e+02
1.589830474751439959e-01 7.543943747048217574e+02
1.596189796650445414e-01 2.772666301616868054e+02
1.602574555837047166e-01 2.456804510538883903e+02
1.608984854060395708e-01 4.392064667792274122e+02
1.615420793476636807e-01 5.108039927890693548e+02
1.621882476650543525e-01 6.356887487501140868e+02
1.628370006557145755e-01 5.009508651267946675e+02
1.634883486583374457e-01 6.580395691348024911e+02
1.641423020529707844e-01 7.571542361787729760e+02
1.647988712611826723e-01 7.528363162360600427e+02
1.654580667462274002e-01 3.210578554176100283e+02
1.661198990132123077e-01 9.348659931286294977e+02
1.667843786092651215e-01 1.038259508220861107e+03
1.674515161237022098e-01 1.551933861017080744e+03
1.681213221881969755e-01 3.294197731238850793e+03
1.687938074769497754e-01 2.610325832358759271e+03
1.694689827068575905e-01 7.594848512798282172e+03
1.701468586376850278e-01 5.912247757216522587e+03
1.708274460722357391e-01 6.597896794287311423e+03
1.715107558565246715e-01 7.290911252737441828e+03
1.721967988799507909e-01 8.305688048013817024e+03
1.728855860754705820e-01 1.050127403714074353e+04
1.735771284197724640e-01 9.821479794829456296e+03
1.742714369334515678e-01 1.057387103553986890e+04
1.749685226811853456e-01 2.263415520442825800e+04
1.756683967719100681e-01 1.407699002456981725e+04
1.763710703589977391e-01 3.371858345722400554e+04
1.770765546404337309e-01 3.698500226088050840e+04
1.777848608589954471e-01 1.922593051934620235e+04
1.784960003024314568e-01 5.107810835690279055e+04
1.792099843036411844e-01 3.900774768974172184e+04
1.799268242408557650e-01 4.408005102067764528e+04
1.806465315378191772e-01 8.140576371476921486e+04
1.813691176639704306e-01 3.064438918031102003e+04
1.820945941346263086e-01 7.148767737723606115e+04
1.828229725111648329e-01 1.386531364900424669e+05
1.835542644012094771e-01 3.203816174855496865e+04
1.842884814588143239e-01 1.016346749372520717e+05
1.850256353846495561e-01 1.985546478415829479e+05
1.857657379261881403e-01 7.060912558574244031e+04
1.865088008778928996e-01 2.355529880989561498e+05
1.872548360814044743e-01 2.083970221008908993e+05
1.880038554257300876e-01 1.067807952094071370e+05
1.887558708474330049e-01 3.116531640822929330e+05
1.895108943308226879e-01 2.389065002260599867e+05
1.902689379081460019e-01 1.866005738466254843e+05
1.910300136597785636e-01 5.444230516261038138e+05
1.917941337144176972e-01 3.793558617219786393e+05
1.925613102492753359e-01 4.180461104624835425e+05
1.933315554902724498e-01 8.090203278545915382e+05
1.941048817122335568e-01 6.412701970866357442e+05
1.948813012390824828e-01 6.787893730906795245e+05
1.956608264440388156e-01 1.373437942974234698e+06
1.964434697498149418e-01 8.190532652398855425e+05
1.972292436288141937e-01 1.092933272316131275e+06
1.980181606033294406e-01 1.956659563959287945e+06
1.988102332457427346e-01 1.496899710265432252e+06
1.996054741787257336e-01 1.408914765210897662e+06
2.004038960754406518e-01 1.874264963008254999e+06
2.012055116597424309e-01 2.103602194038381334e+06
2.020103337063813842e-01 2.276684586775385775e+06
2.028183750412069219e-01 2.664737036207889207e+06
2.036296485413717494e-01 2.130260271980064455e+06
2.044441671355372303e-01 1.969371820281744702e+06
2.052619438040793887e-01 2.561590728470845614e+06
2.060829915792957157e-01 2.296326346474596765e+06
2.069073235456129201e-01 2.145496649717508350e+06
2.077349528397953449e-01 2.374759681009882130e+06
2.085658926511545219e-01 2.650500067069439683e+06
2.094001562217591150e-01 2.434170770895532798e+06
2.102377568466461677e-01 2.457205917077260558e+06
2.110787078740327671e-01 1.951003452043920988e+06
2.119230227055288740e-01 2.294189689664645121e+06
2.127707147963510126e-01 2.445310616821458563e+06
2.136217976555363773e-01 2.724175377438579686e+06
2.144762848461585492e-01 1.785182831380636897e+06
2.153341899855431840e-01 2.385850057792436797e+06
2.161955267454853669e-01 2.964473965403791051e+06
2.170603088524672986e-01 3.254712103972950950e+06
2.179285500878772042e-01 2.362510040371745825e+06
2.188002642882286852e-01 2.618301876754235011e+06
2.196754653453815986e-01 3.842622052231860813e+06
2.205541672067631020e-01 3.329314156069848686e+06
2.214363838755901703e-01 5.606083671372663230e+06
2.223221294110925284e-01 2.968174162456283346e+06
2.232114179287369160e-01 8.746645826179986820e+06
2.241042636004518529e-01 6.201298254372962750e+06
2.250006806548536520e-01 1.294399852377031557e+07
2.259006833774730438e-01 7.300174476936195046e+06
2.268042861109829667e-01 1.091743619361666776e+07
2.277115032554268836e-01 1.407030143470389955e+07
2.286223492684485714e-01 1.616113654790228978e+07
2.295368386655223802e-01 2.870243569601780921e+07
2.304549860201844658e-01 9.701627776242800057e+06
2.313768059642651864e-01 2.514802752972446755e+07
2.323023131881222503e-01 2.442216855807206407e+07
2.332315224408747223e-01 3.690384849259714037e+07
2.341644485306381973e-01 3.791774305899361521e+07
2.351011063247607502e-01 1.266915589992511272e+07
2.360415107500598020e-01 3.898409924594060332e+07
2.369856767930600405e-01 1.386579213298893161e+07
2.379336195002322851e-01 4.454761839244497567e+07
2.388853539782332114e-01 3.918369858838826418e+07
2.398408953941461863e-01 7.750135121482965350e+07
2.408002589757227141e-01 9.892594566975225508e+07
2.417634600116256582e-01 3.969966849488554895e+07
2.427305138516721306e-01 1.259236342932945341e+08
2.437014359070788505e-01 1.239272234684808403e+08
2.446762416507071713e-01 2.360266317531780899e+08
2.456549466173099938e-01 1.504496140210503936e+08
2.466375664037792625e-01 1.781325772132590413e+08
2.476241166693943785e-01 2.404892710622591078e+08
2.486146131360719436e-01 6.630224500547728688e+07
2.496090715886161993e-01 1.845428547874816358e+08
2.506075078749706586e-01 1.676488525475572348e+08
2.516099379064705155e-01 2.149452508362895846e+08
2.526163776580964138e-01 3.606670689901943207e+08
2.536268431687287994e-01 7.476525269208934307e+08
2.546413505414037437e-01 9.064060599150483608e+08
2.556599159435693491e-01 5.728008986869624853e+08
2.566825556073435988e-01 3.952696805750701427e+08
2.577092858297729827e-01 4.909678019415606856e+08
2.587401229730920682e-01 3.758819640151305795e+08
2.597750834649844576e-01 5.894314592522366047e+08
2.608141837988444123e-01 6.370872974625084400e+08
2.618574405340398092e-01 1.024207483601223111e+09
2.629048702961759298e-01 1.775189897646448851e+09
2.639564897773606367e-01 1.777998061303787947e+09
2.650123157364701054e-01 1.713283025971871853e+09
2.660723649994159445e-01 1.599684368086888075e+09
2.671366544594135917e-01 1.491081188641842842e+09
2.682052010772512096e-01 1.908415488306907177e+09
2.692780218815602478e-01 1.547577746877813101e+09
2.703551339690865030e-01 2.332545562534112930e+09
2.714365545049627904e-01 2.266514677676273823e+09
2.725223007229827243e-01 2.273634235603463650e+09
2.736123899258746106e-01 2.686404515409816742e+09
2.747068394855781692e-01 3.204437594551490784e+09
2.758056668435204806e-01 3.648964918278175831e+09
2.769088895108945403e-01 5.657259727853774071e+09
2.780165250689380918e-01 4.865308300598123550e+09
2.791285911692138466e-01 6.107429407828839302e+09
2.802451055338907038e-01 5.866221645384636879e+09
2.813660859560263017e-01 5.811509160390425682e+09
2.824915502998503469e-01 5.765424752812565804e+09
2.836215165010497197e-01 5.515682498959496498e+09
2.847560025670539119e-01 3.019357268446685314e+09
2.858950265773221866e-01 4.479247206210601807e+09
2.870386066836315142e-01 7.134482226436121941e+09
2.881867611103660631e-01 9.401932364074043274e+09
2.893395081548075787e-01 1.286571148009117699e+10
2.904968661874267610e-01 1.479661607410151672e+10
2.916588536521764197e-01 1.859669242442612076e+10
2.928254890667851273e-01 1.810133959155290222e+10
2.939967910230522619e-01 1.839093773207290649e+10
2.951727781871444911e-01 1.616041428368297768e+10
2.963534692998930908e-01 1.813827993687661362e+10
2.975388831770926501e-01 1.894140301976808167e+10
2.987290387098009981e-01 2.370314096724283218e+10
2.999239548646402409e-01 2.036179038818429565e+10
3.011236506840988536e-01 3.184849883601918411e+10
3.023281452868351593e-01 1.942052076524134064e+10
3.035374578679824742e-01 4.036255111499539948e+10
3.047516076994544187e-01 3.973898553992800140e+10
3.059706141302522830e-01 4.618561681578553772e+10
3.071944965867733357e-01 7.013153095383717346e+10
3.084232745731204095e-01 9.639225939146905518e+10
3.096569676714128194e-01 7.195657808569564819e+10
3.108955955420985018e-01 1.275348786314733124e+11
3.121391779242668751e-01 1.312706810852619781e+11
3.133877346359639215e-01 1.541239745995676270e+11
3.146412855745078230e-01 1.807368484328442383e+11
3.158998507168058190e-01 1.718146936707024536e+11
3.171634501196730627e-01 2.313390790252623291e+11
3.184321039201517545e-01 1.789071587640805969e+11
3.197058323358323295e-01 1.567184677539659119e+11
3.209846556651756444e-01 2.110348031871398926e+11
3.222685942878363852e-01 2.363841714606241455e+11
3.235576686649877520e-01 2.304756636314938965e+11
3.248518993396476984e-01 3.036543496859857178e+11
3.261513069370062801e-01 3.489272528312398682e+11
3.274559121647543369e-01 3.962044857153286743e+11
3.287657358134133401e-01 3.987430523456446533e+11
3.300807987566670154e-01 4.234667966781204224e+11
3.314011219516936890e-01 4.977224710280908813e+11
3.327267264395004642e-01 4.831788928725158691e+11
3.340576333452584534e-01 4.827881329528953247e+11
3.353938638786395088e-01 4.288153178307217407e+11
3.367354393341540630e-01 4.221403872437261963e+11
3.380823810914907468e-01 4.697592835405296631e+11
3.394347106158566718e-01 5.779412396234117432e+11
3.407924494583201014e-01 5.494049371106111450e+11
3.421556192561533982e-01 5.302169667709574585e+11
3.435242417331779707e-01 3.591086187250867920e+11
3.448983387001106626e-01 3.985953150285009155e+11
3.462779320549111417e-01 4.634054770419182129e+11
3.476630437831307319e-01 3.798853551471159058e+11
3.490536959582632992e-01 4.047253545684806519e+11
3.504499107420963600e-01 7.106962001683883057e+11
3.518517103850647421e-01 5.856117116066821289e+11
3.532591172266050239e-01 7.224910675393242188e+11
3.546721536955114717e-01 8.502797395239593506e+11
3.560908423102934761e-01 4.521283691957370605e+11
3.575152056795346533e-01 3.169231584811099243e+11
3.589452665022527800e-01 5.307988493396567383e+11
3.603810475682617254e-01 6.755129082240618896e+11
3.618225717585348278e-01 5.525884556143588867e+11
3.632698620455689364e-01 5.866315019269739990e+11
3.647229414937512293e-01 5.069886073659717407e+11
3.661818332597261971e-01 9.470187940510429688e+11
3.676465605927651259e-01 7.270630610360184326e+11
3.691171468351361895e-01 8.047680079713450928e+11
3.705936154224767076e-01 5.217435991228002319e+11
3.720759898841666247e-01 2.907384149808193359e+11
3.735642938437032656e-01 2.747612913491063232e+11
3.750585510190780902e-01 3.063640009553399658e+11
3.765587852231543908e-01 5.788742548213712158e+11
3.780650203640470441e-01 1.081604939367585571e+12
3.795772804455032068e-01 7.209889010377427979e+11
3.810955895672852312e-01 7.978347629317332764e+11
3.826199719255543585e-01 3.586665075169253540e+11
3.841504518132565771e-01 5.612822390018038330e+11
3.856870536205096456e-01 4.185103914931575928e+11
3.872298018349916715e-01 6.597435012842657471e+11
3.887787210423316320e-01 6.295864269358363037e+11
3.903338359265008939e-01 7.287111795251763916e+11
3.918951712702069545e-01 7.035886009961760254e+11
3.934627519552877928e-01 3.710566417160844116e+11
3.950366029631089404e-01 8.644350580212395020e+11
3.966167493749613859e-01 5.839310964246445312e+11
3.982032163724612550e-01 1.145646032553780518e+12
3.997960292379510450e-01 1.368523434985605957e+12
4.013952133549028578e-01 1.655091605487793457e+12
4.030007942083224659e-01 1.903347302483014160e+12
4.046127973851557647e-01 1.585819397823383545e+12
4.062312485746963908e-01 1.607741689877852295e+12
4.078561735689951728e-01 1.814966746433281738e+12
4.094875982632711353e-01 2.042042123877867920e+12
4.111255486563242245e-01 2.251259573430699219e+12
4.127700508509495880e-01 2.087229492792852539e+12
4.144211310543532978e-01 2.011118804494089600e+12
4.160788155785707931e-01 2.307467890154606934e+12
4.177431308408850463e-01 2.058747045411614258e+12
4.194141033642486138e-01 1.652883163580129639e+12
4.210917597777056320e-01 1.130032214671723633e+12
4.227761268168164221e-01 3.988714201172260132e+11
4.244672313240837602e-01 1.114630961881782715e+12
4.261651002493800910e-01 1.743632155836904785e+12
4.278697606503775730e-01 1.879763019772943359e+12
4.295812396929790666e-01 1.437369061559791504e+12
4.312995646517510107e-01 1.928839765492508057e+12
4.330247629103580187e-01 2.355996874695148926e+12
4.347568619619994745e-01 2.802070913535837402e+12
4.364958894098474596e-01 2.748283469872573242e+12
4.382418729674867897e-01 2.061939939593484375e+12
4.399948404593567730e-01 2.572472347629063477e+12
4.417548198211941890e-01 2.645410596787868164e+12
4.435218391004789873e-01 2.346871209301603516e+12
4.452959264568808750e-01 2.466022404872602539e+12
4.470771101627084021e-01 3.107720587232144531e+12
4.488654186033592119e-01 3.087237539273134277e+12
4.506608802777726241e-01 3.422633785217249512e+12
4.524635237988837710e-01 2.864449589435120117e+12
4.542733778940792333e-01 3.059248819891872070e+12
4.560904714056555065e-01 3.456009048271631836e+12
4.579148332912781894e-01 3.245597396309805176e+12
4.597464926244433370e-01 3.594750919850520508e+12
4.615854785949410899e-01 3.704461137139293945e+12
4.634318205093208576e-01 3.612727882005204590e+12
4.652855477913582227e-01 3.649880955858804688e+12
4.671466899825236219e-01 3.604268369770783691e+12
4.690152767424536906e-01 3.599623615967910645e+12
4.708913378494234969e-01 3.886784896878059082e+12
4.727749032008212171e-01 3.851930691959379883e+12
4.746660028136244769e-01 3.910071255261674316e+12
4.765646668248789131e-01 3.694417778550838379e+12
4.784709254921784560e-01 3.001449103056260254e+12
4.803848091941470555e-01 3.589059564632404297e+12
4.823063484309236815e-01 3.742680678472347656e+12
4.842355738246474361e-01 3.820474329053921387e+12
4.861725161199459966e-01 4.193802950735938477e+12
4.881172061844257226e-01 4.125109494402904785e+12
4.900696750091634302e-01 4.128409240965679199e+12
4.920299537092001074e-01 4.112209233037308105e+12
4.939980735240369625e-01 4.336470058204228027e+12
4.959740658181330253e-01 4.238619174452780273e+12
4.979579620814056362e-01 3.951246123169351074e+12
4.999497939297311566e-01 3.531570335768112793e+12
5.019495931054501758e-01 3.410602185497942383e+12
5.039573914778719965e-01 3.730637130568978516e+12
5.059732210437835054e-01 3.806160631888373047e+12
5.079971139279585435e-01 3.695350428225030273e+12
5.100291023836703852e-01 3.309149444331276855e+12
5.120692187932051054e-01 3.121151751938175293e+12
5.141174956683780550e-01 3.066571701335102051e+12
5.161739656510514473e-01 2.651793306549424316e+12
5.182386615136556074e-01 2.390644270202040527e+12
5.203116161597103329e-01 3.368738232822004395e+12
5.223928626243490303e-01 4.318216506176597168e+12
5.244824340748465152e-01 4.666152297868630859e+12
5.265803638111459239e-01 3.814586537789954590e+12
5.286866852663905103e-01 4.823363384362698242e+12
5.308014320074561088e-01 4.897749421094436523e+12
5.329246377354859288e-01 4.192783854565993652e+12
5.350563362864277916e-01 4.905981040524273438e+12
5.371965616315735881e-01 4.520691770578886719e+12
5.393453478780998456e-01 4.670960520619083008e+12
5.415027292696121819e-01 4.804003721307359375e+12
5.436687401866906466e-01 4.192890543780081055e+12
5.458434151474373941e-01 4.754794460204108398e+12
5.480267888080271321e-01 5.034570225042053711e+12
5.502188959632591247e-01 4.900725398456815430e+12
5.524197715471121928e-01 5.166102370412847656e+12
5.546294506333006025e-01 5.319246179978523438e+12
5.568479684358338400e-01 5.291300905474614258e+12
5.590753603095770519e-01 4.717158131847571289e+12
5.613116617508153716e-01 5.448603217470253906e+12
5.635569083978186899e-01 5.865924958485484375e+12
5.658111360314097560e-01 5.907211705897155273e+12
5.680743805755354980e-01 5.758746659720630859e+12
5.703466780978375672e-01 6.016617195665355469e+12
5.726280648102289872e-01 6.054461877701638672e+12
5.749185770694699160e-01 6.119614371161000000e+12
5.772182513777477375e-01 6.120094070216848633e+12
5.795271243832587071e-01 6.173859209377910156e+12
5.818452328807918184e-01 6.167227871115746094e+12
5.841726138123150003e-01 6.190901759929805664e+12
5.865093042675643131e-01 5.764239344333007812e+12
5.888553414846344758e-01 3.260496272694261719e+12
5.912107628505729462e-01 5.377376950300341797e+12
5.935756059019753339e-01 6.129816002372401367e+12
5.959499083255832552e-01 6.206539899219017578e+12
5.983337079588855190e-01 6.299777704951416992e+12
6.007270427907210886e-01 6.414739256208740234e+12
6.031299509618840426e-01 6.534575874718899414e+12
6.055424707657315331e-01 6.548785377037668945e+12
6.079646406487945187e-01 6.649616365064136719e+12
6.103964992113897203e-01 6.443183960800077148e+12
6.128380852082353503e-01 6.220614125793776367e+12
6.152894375490681744e-01 6.005160806932307617e+12
6.177505952992645710e-01 6.218781267821257812e+12
6.202215976804615893e-01 6.490870686726690430e+12
6.227024840711834486e-01 6.343871300159277344e+12
6.251932940074681477e-01 6.370031031134039062e+12
6.276940671834980723e-01 6.519323336921945312e+12
6.302048434522321552e-01 6.560246673733184570e+12
6.327256628260409244e-01 6.609682487576451172e+12
6.352565654773452142e-01 6.464570505782083984e+12
6.377975917392545435e-01 5.468817896833620117e+12
6.403487821062116003e-01 6.169941495511276367e+12
6.429101772346363930e-01 6.529135853835208984e+12
6.454818179435749537e-01 6.623413754007949219e+12
6.480637452153492628e-01 7.006654911010853516e+12
6.506560001962106154e-01 6.856996564578630859e+12
6.532586241969955410e-01 7.344671820865132812e+12
6.558716586937833881e-01 7.219518070023300781e+12
6.584951453285585732e-01 7.186014121296135742e+12
6.611291259098727169e-01 7.319124609640128906e+12
6.637736424135122215e-01 7.354899696079872070e+12
6.664287369831662922e-01 7.301736083183894531e+12
6.690944519310989547e-01 7.229443663713144531e+12
6.717708297388232941e-01 7.074017128323355469e+12
6.744579130577786907e-01 6.935999993853200195e+12
6.771557447100098326e-01 6.829035844178985352e+12
6.798643676888498355e-01 6.497726410776349609e+12
6.825838251596052508e-01 6.225062692145266602e+12
6.853141604602436265e-01 5.654550257031776367e+12
6.880554171020846210e-01 5.061669874374670898e+12
6.908076387704928933e-01 4.951242747584156250e+12
6.935708693255748791e-01 6.062514136010547852e+12
6.963451528028771209e-01 6.346860166698520508e+12
6.991305334140887062e-01 6.458717692699363281e+12
7.019270555477450380e-01 6.661426838778801758e+12
7.047347637699360456e-01 7.467769473593482422e+12
7.075537028250157290e-01 7.531217697828719727e+12
7.103839176363159202e-01 7.440325902643128906e+12
7.132254533068611568e-01 7.421819407181097656e+12
7.160783551200886610e-01 7.358380713265124023e+12
7.189426685405689854e-01 7.570709828780116211e+12
7.218184392147313222e-01 7.584864188080068359e+12
7.247057129715901436e-01 7.590360933602332031e+12
7.276045358234763949e-01 7.731101865712695312e+12
7.305149539667704639e-01 7.764103025939530273e+12
7.334370137826373703e-01 7.662100520535758789e+12
7.363707618377679509e-01 7.680394896927327148e+12
7.393162448851190449e-01 7.699471470779779297e+12
7.422735098646596752e-01 7.690121274567577148e+12
7.452426039041182282e-01 7.738053773625096680e+12
7.482235743197346300e-01 7.769326033067825195e+12
7.512164686170136330e-01 7.788550827161125000e+12
7.542213344914817652e-01 7.808008629748446289e+12
7.572382198294477229e-01 7.834595285398308594e+12
7.602671727087656484e-01 7.868392351625344727e+12
7.633082413996006288e-01 7.930425283837753906e+12
7.663614743651989691e-01 7.610319414110686523e+12
7.694269202626597970e-01 7.747565651069909180e+12
7.725046279437104424e-01 7.942470107384417969e+12
7.755946464554852593e-01 7.921135971543751953e+12
7.786970250413072225e-01 7.917611570689093750e+12
7.818118131414724115e-01 7.865941958901741211e+12
7.849390603940383793e-01 7.901757592293370117e+12
7.880788166356144098e-01 7.921728980294487305e+12
7.912311319021569922e-01 7.921294087385961914e+12
7.943960564297655180e-01 7.889954186370641602e+12
7.975736406554845281e-01 7.942431298824156250e+12
8.007639352181065151e-01 7.960783885246153320e+12
8.039669909589789443e-01 7.902442325136870117e+12
8.071828589228148276e-01 7.890552608362668945e+12
8.104115903585061842e-01 7.901470502767096680e+12
8.136532367199402760e-01 7.895360785230737305e+12
8.169078496668199518e-01 7.815534302805369141e+12
8.201754810654874328e-01 7.494993311866720703e+12
8.234561829897493190e-01 7.887394854666462891e+12
8.267500077217083687e-01 7.909402546288363281e+12
8.300570077525952772e-01 7.903523798908986328e+12
8.333772357836056743e-01 7.784555692003102539e+12
8.367107447267401188e-01 7.682748388221190430e+12
8.400575877056470908e-01 7.672923140042896484e+12
8.434178180564695371e-01 7.572250879075704102e+12
8.467914893286955236e-01 7.741775065929658203e+12
8.501786552860102208e-01 7.528368814199765625e+12
8.535793699071543283e-01 7.300296699087819336e+12
8.569936873867830540e-01 7.771814482366799805e+12
8.604216621363300899e-01 7.790275155547492188e+12
8.638633487848753623e-01 7.662565978050882812e+12
8.673188021800150027e-01 7.055504629224191406e+12
8.707880773887352044e-01 7.417673226909769531e+12
8.742712296982900755e-01 7.452168826796631836e+12
8.777683146170831563e-01 7.537995701690093750e+12
8.812793878755513788e-01 7.435451534655600586e+12
8.848045054270535781e-01 7.589526519892486328e+12
8.883437234487617795e-01 7.484647926826944336e+12
8.918970983425568155e-01 7.570376033273246094e+12
8.954646867359271623e-01 7.563800720957775391e+12
8.990465454828707736e-01 7.532293430158614258e+12
9.026427316648023558e-01 7.445077668995676758e+12
9.062533025914615292e-01 7.351649016606408203e+12
9.098783158018273198e-01 7.399065384158838867e+12
9.135178290650346478e-01 7.417958959474225586e+12
9.171719003812948134e-01 7.437027413399041016e+12
9.208405879828199803e-01 7.465590859953968750e+12
9.245239503347512100e-01 7.448060905262317383e+12
9.282220461360901620e-01 7.414993003101189453e+12
9.319349343206346781e-01 7.359932192579488281e+12
9.356626740579171431e-01 7.327997220705740234e+12
9.394053247541488405e-01 7.194159746583004883e+12
9.431629460531654185e-01 7.283030174912470703e+12
9.469355978373780180e-01 7.295929842861052734e+12
9.507233402287275092e-01 7.308443398252353516e+12
9.545262335896426142e-01 7.273041774040095703e+12
9.583443385240012491e-01 7.213482693995111328e+12
9.621777158780971950e-01 7.177398761457044922e+12
9.660264267416096562e-01 7.110044484254679688e+12
9.698905324485760371e-01 7.152013988730570312e+12
9.737700945783701600e-01 7.081431404591720703e+12
9.776651749566835914e-01 7.011408247481750977e+12
9.815758356565105203e-01 7.156069117286316406e+12
9.855021389991363012e-01 7.108650630283843750e+12
9.894441475551331022e-01 6.892812434713437500e+12
9.934019241453534432e-01 6.482407763237865234e+12
9.973755318419349480e-01 6.637721004833682617e+12
1.001365033969302543e+00 6.713452803046115234e+12
1.005370494105179757e+00 6.613032371127650391e+12
1.009391976081600362e+00 6.712246587230515625e+12
1.013429543985926884e+00 6.709473534097083984e+12
1.017483262161870350e+00 6.690974712258093750e+12
1.021553195210518128e+00 6.701421945648152344e+12
1.025639407991360219e+00 6.534859779241914062e+12
1.029741965623325539e+00 6.476282538028729492e+12
1.033860933485818867e+00 6.482140852033381836e+12
1.037996377219762012e+00 6.583091613219480469e+12
1.042148362728641198e+00 6.524768667902778320e+12
1.046316956179555557e+00 6.594645500834083008e+12
1.050502224004274066e+00 6.560500146589343750e+12
1.054704232900291139e+00 6.599981322909494141e+12
1.058923049831892227e+00 6.528358797146507812e+12
1.063158742031219628e+00 6.530398086957208984e+12
1.067411376999344741e+00 6.426574000407858398e+12
1.071681022507342096e+00 6.423211389973917969e+12
1.075967746597371377e+00 6.456847500453463867e+12
1.080271617583760779e+00 6.420040823846984375e+12
1.084592704054095913e+00 6.435524595999161133e+12
1.088931074870312044e+00 6.425288792339603516e+12
1.093286799169793433e+00 6.405999613492695312e+12
1.097659946366472461e+00 6.366680076640740234e+12
1.102050586151938294e+00 6.363481504251592773e+12
1.106458788496546219e+00 6.349271334779311523e+12
1.110884623650532532e+00 6.293464931139015625e+12
1.115328162145134749e+00 6.325418208659958984e+12
1.119789474793714934e+00 6.286261416457590820e+12
1.124268632692889902e+00 6.281146489590816406e+12
1.128765707223661430e+00 6.242380521256807617e+12
1.133280770052556230e+00 6.241096290411417969e+12
1.137813893132766374e+00 6.088684930875219727e+12
1.142365148705297484e+00 6.032014518353090820e+12
1.146934609300118479e+00 6.146789903931503906e+12
1.151522347737319096e+00 6.175519871898747070e+12
1.156128437128268516e+00 6.104551035690626953e+12
1.160752950876781542e+00 6.019608790759156250e+12
1.165395962680288999e+00 6.047653050178699219e+12
1.170057546531009907e+00 6.009490172145577148e+12
1.174737776717134086e+00 5.994236274406272461e+12
1.179436727824002773e+00 5.928707324236265625e+12
1.184154474735298557e+00 5.833294771095851562e+12
1.188891092634239977e+00 5.859571699409791992e+12
1.193646657004777012e+00 5.879821642906509766e+12
1.198421243632796118e+00 5.702762467062408203e+12
1.203214928607327261e+00 5.769191540896389648e+12
1.208027788321756724e+00 5.759124563354404297e+12
1.212859899475043468e+00 5.743288214381175781e+12
1.217711339072943710e+00 5.746555909983196289e+12
1.222582184429235275e+00 5.696793843311321289e+12
1.227472513166952384e+00 5.708610313888770508e+12
1.232382403219620226e+00 5.661632148975113281e+12
1.237311932832498407e+00 5.626069917399025391e+12
1.242261180563828615e+00 5.491233211987498047e+12
1.247230225286083849e+00 5.536082344313742188e+12
1.252219146187228072e+00 5.485223498672198242e+12
1.257228022771976983e+00 5.489763414701405273e+12
1.262256934863064783e+00 5.457768016186777344e+12
1.267305962602517155e+00 5.464113520813808594e+12
1.272375186452927354e+00 5.420343325486171875e+12
1.277464687198738957e+00 5.396137678310264648e+12
1.282574545947533950e+00 5.327448053404041992e+12
1.287704844131324133e+00 5.290781504926060547e+12
1.292855663507849417e+00 5.251702490277534180e+12
1.298027086161880783e+00 5.265131926448710938e+12
1.303219194506528344e+00 5.243979357690088867e+12
1.308432071284554521e+00 5.205171634726722656e+12
1.313665799569692760e+00 5.206197279819086914e+12
1.318920462767971591e+00 5.185220937383829102e+12
1.324196144619043336e+00 5.132025787880303711e+12
1.329492929197519491e+00 5.091484556484817383e+12
1.334810900914309650e+00 5.065411150310473633e+12
1.340150144517967101e+00 5.036139791337873047e+12
1.345510745096038852e+00 5.026262442567797852e+12
1.350892788076423212e+00 5.009358032032410156e+12
1.356296359228728932e+00 4.981845892718833984e+12
1.361721544665643879e+00 4.971967990319170898e+12
1.367168430844306393e+00 4.944608480314140625e+12
1.372637104567683730e+00 4.938176902809000000e+12
1.378127652985954299e+00 4.902303538280892578e+12
1.383640163597898098e+00 4.889616352362570312e+12
1.389174724252289828e+00 4.861806108779496094e+12
1.394731423149298877e+00 4.840104807879028320e+12
1.400310348841896202e+00 4.814012924180754883e+12
1.405911590237263642e+00 4.786401465577148438e+12
1.411535236598212784e+00 4.770157651990306641e+12
1.417181377544605603e+00 4.748901393199665039e+12
1.422850103054784210e+00 4.722021299591950195e+12
1.428541503467003038e+00 4.647719457148194336e+12
1.434255669480871243e+00 4.692466025998669922e+12
1.439992692158794885e+00 4.664430635086642578e+12
1.445752662927429988e+00 4.647322827692753906e+12
1.451535673579139596e+00 4.626401105837148438e+12
1.457341816273456159e+00 4.598614381831374023e+12
1.463171183538549913e+00 4.592026813397363281e+12
1.469023868272704147e+00 4.559810286254774414e+12
1.474899963745795128e+00 4.551885857344731445e+12
1.480799563600778246e+00 4.533175951741220703e+12
1.486722761855181485e+00 4.445608529897585938e+12
1.492669652902602007e+00 4.498156820507380859e+12
1.498640331514212276e+00 4.462103793916284180e+12
1.504634892840269300e+00 4.192160988458790527e+12
1.510653432411630304e+00 4.439981169321364258e+12
1.516696046141276843e+00 4.429797173902215820e+12
1.522762830325842032e+00 4.418863604873118164e+12
1.528853881647145307e+00 4.402149082454629883e+12
1.534969297173733649e+00 4.379515621783570312e+12
1.541109174362428780e+00 4.383083450469476562e+12
1.547273611059878373e+00 4.365190781872889648e+12
1.553462705504118135e+00 4.341481246192919922e+12
1.559676556326134556e+00 4.328249293883180664e+12
1.565915262551438980e+00 4.321448172292839355e+12
1.572178923601644795e+00 4.268783543317231934e+12
1.578467639296051495e+00 4.243436387036557129e+12
1.584781509853235626e+00 4.279039643358640625e+12
1.591120635892648405e+00 4.247665252714107910e+12
1.597485118436219098e+00 4.271285133572895996e+12
1.603875058909963958e+00 4.245454493762327637e+12
1.610290559145603595e+00 4.236142466608208008e+12
1.616731721382186127e+00 4.036624462619288086e+12
1.623198648267714761e+00 4.165450225193048340e+12
1.629691442860785600e+00 4.187621126176695312e+12
1.636210208632228769e+00 4.171208606764791016e+12
1.642755049466757766e+00 4.104026855481745117e+12
1.649326069664624805e+00 4.080910409460869629e+12
1.655923373943283039e+00 4.045307230347120605e+12
1.662547067439056336e+00 3.991017852252313477e+12
1.669197255708812611e+00 3.960817928941837402e+12
1.675874044731648027e+00 3.920698416897747559e+12
1.682577540910574321e+00 3.872029043827504395e+12
1.689307851074216771e+00 3.835931941566695312e+12
1.696065082478513508e+00 3.794322643037814453e+12
1.702849342808427480e+00 3.748138591207425781e+12
1.709660740179661298e+00 3.590524123928459961e+12
1.716499383140379864e+00 3.661002910280010742e+12
1.723365380672941427e+00 3.620425226385176270e+12
1.730258842195633306e+00 3.576787137683299805e+12
1.737179877564415831e+00 3.530525982525766602e+12
1.744128597074673603e+00 3.493231444880426758e+12
1.751105111462972097e+00 3.449121446270088867e+12
1.758109531908824241e+00 3.400821706959750000e+12
1.765141970036459451e+00 3.367995996387079590e+12
1.772202537916605314e+00 3.320268172317282715e+12
1.779291348068271716e+00 3.279874143613702148e+12
1.786408513460544745e+00 3.240155200070451172e+12
1.793554147514387020e+00 3.197273325177732422e+12
1.800728364104444257e+00 3.159269104012156738e+12
1.807931277560862249e+00 3.116015818076184570e+12
1.815163002671105641e+00 3.087781315009506348e+12
1.822423654681789795e+00 3.049938410272735352e+12
1.829713349300517100e+00 3.011457255122443848e+12
1.837032202697718830e+00 2.978202491286373047e+12
1.844380331508509885e+00 2.894734098720416992e+12
1.851757852834543527e+00 2.897444647479818359e+12
1.859164884245881888e+00 2.849134199752179199e+12
1.866601543782865358e+00 2.835583655976175781e+12
1.874067949957996859e+00 2.795084992938204102e+12
1.881564221757828781e+00 2.770345396528682129e+12
1.889090478644860127e+00 2.718333563011625488e+12
1.896646840559439662e+00 2.698573202800955078e+12
1.904233427921677269e+00 2.673033629001455566e+12
1.911850361633363971e+00 2.647197827148011719e+12
1.919497763079897279e+00 2.615049272016944824e+12
1.927175754132217200e+00 2.492068842446121094e+12
1.934884457148745796e+00 2.498291859168511230e+12
1.942623994977340729e+00 2.336438471643504883e+12
1.950394490957250149e+00 2.353417874932430176e+12
1.958196068921079336e+00 2.461632087374923340e+12
1.966028853196763793e+00 2.434567415106333984e+12
1.973892968609550991e+00 2.252947355206828613e+12
1.981788540483989447e+00 2.211499792112127930e+12
1.989715694645925126e+00 2.194353799314471924e+12
1.997674557424508723e+00 2.293760303452540527e+12
2.005665255654207169e+00 2.291842312550856445e+12
2.013687916676823786e+00 2.263588841108875977e+12
2.021742668343530891e+00 2.237470312556260742e+12
2.029829639016905052e+00 2.208551991018181641e+12
2.037948957572972564e+00 2.182152756802492676e+12
2.046100753403264694e+00 2.154655897935707764e+12
2.054285156416877811e+00 2.133405335837264893e+12
2.062502297042545507e+00 2.095120563809172119e+12
2.070752306230715600e+00 2.081147925165154541e+12
2.079035315455638244e+00 2.056979478048534668e+12
2.087351456717461140e+00 2.031596839192154297e+12
2.095700862544330967e+00 1.996927296857189453e+12
2.104083665994508134e+00 1.985902798151601562e+12
2.112500000658485977e+00 1.962244640065037109e+12
2.120950000661120161e+00 1.940025548100362305e+12
2.129433800663764753e+00 1.915874992191657227e+12
2.137951535866419839e+00 1.893484022505584717e+12
2.146503342009885351e+00 1.872944147910643066e+12
2.155089355377924676e+00 1.851334564526205078e+12
2.163709712799436691e+00 1.830295033363815674e+12
2.172364551650634468e+00 1.808314599895555664e+12
2.181054009857236853e+00 1.775835763587884521e+12
2.189778225896665376e+00 1.758429108728793701e+12
2.198537338800252705e+00 1.741888910851253662e+12
2.207331488155453325e+00 1.692745660489216309e+12
2.216160814108075083e+00 1.704224427182111328e+12
2.225025457364507631e+00 1.665421406432736328e+12
2.233925559193965515e+00 1.658305540343143311e+12
2.242861261430741493e+00 1.642187659215236572e+12
2.251832706476463830e+00 1.624173565705530518e+12
2.260840037302370042e+00 1.589729068667328369e+12
2.269883397451579299e+00 1.584045516175350586e+12
2.278962931041386142e+00 1.558454005962889648e+12
2.288078782765551100e+00 1.546369428171824951e+12
2.297231097896613505e+00 1.429384096612820068e+12
2.306420022288200311e+00 1.468440893323353027e+12
2.315645702377353121e+00 1.459753447837182129e+12
2.324908285186861878e+00 1.355790414627178467e+12
2.334207918327609654e+00 1.388909997451185547e+12
2.343544750000919663e+00 1.391089455910766846e+12
2.352918929000923143e+00 1.313585717617281738e+12
2.362330604716927240e+00 1.324208661154400146e+12
2.371779927135795329e+00 1.331626628502177246e+12
2.381267046844337987e+00 1.276138933534596680e+12
2.390792115031715070e+00 1.260788918692362061e+12
2.400355283491842240e+00 1.269551019231200439e+12
2.409956704625809465e+00 1.241794165751929688e+12
2.419596531444312859e+00 1.204246257992912842e+12
2.429274917570089620e+00 1.208082023698980469e+12
2.438992017240370291e+00 1.198756554242440918e+12
2.448747985309331465e+00 1.151001500996695312e+12
2.458542977250568917e+00 1.144851356978196777e+12
2.468377149159570738e+00 1.146725461688710938e+12
2.478250657756209563e+00 1.101596408703376221e+12
2.488163660387234355e+00 1.092645716936404663e+12
2.498116315028783063e+00 1.093765170211028442e+12
2.508108780288898387e+00 1.070652485237314209e+12
2.518141215410053757e+00 1.053314409764571899e+12
2.528213780271693967e+00 1.040621959015082520e+12
2.538326635392781139e+00 1.039265610898005005e+12
2.548479941934351789e+00 1.017201986109530273e+12
2.558673861702089436e+00 1.011302302369250610e+12
2.568908557148898097e+00 1.004953310953345947e+12
2.579184191377493551e+00 9.910459872427974854e+11
2.589500928143003478e+00 9.803685761552966309e+11
2.599858931855575594e+00 9.745094367666534424e+11
2.610258367582998229e+00 9.686332144909500732e+11
2.620699401053329769e+00 9.502372083941604004e+11
2.631182198657543214e+00 9.462825228932827148e+11
2.641706927452173392e+00 9.341028291381370850e+11
2.652273755161981938e+00 9.282003555639324951e+11
2.662882850182629824e+00 9.136807837146422119e+11
2.673534381583360542e+00 9.010958590434466553e+11
2.684228519109693956e+00 8.898966432273406982e+11
2.694965433186132575e+00 8.743980161034160156e+11
2.705745294918877164e+00 8.644132674597070312e+11
2.716568276098552559e+00 8.497122463561721191e+11
2.727434549202946812e+00 8.348398010694442139e+11
2.738344287399758326e+00 8.226696636261872559e+11
2.749297664549357201e+00 8.148096666839294434e+11
2.760294855207554576e+00 8.043149361780446777e+11
2.771336034628385292e+00 7.914340696192830811e+11
2.782421378766898545e+00 7.810629557643515625e+11
2.793551064281966312e+00 7.751172604012687988e+11
2.804725268539093985e+00 7.578527805687202148e+11
2.815944169613250558e+00 7.450276920405715332e+11
2.827207946291703244e+00 7.444592797959471436e+11
2.838516778076869862e+00 7.262032740718461914e+11
2.849870845189177437e+00 7.159141333436746826e+11
2.861270328569933685e+00 7.147280443102354736e+11
2.872715409884213589e+00 6.976711907806739502e+11
2.884206271523750420e+00 6.909926791166439209e+11
2.895743096609845413e+00 6.841776408883813477e+11
2.907326068996284985e+00 6.665653882246650391e+11
2.918955373272270393e+00 6.652728865004406738e+11
2.930631194765359826e+00 6.491007446961510010e+11
2.942353719544420709e+00 6.412275322723635254e+11
2.954123134422598440e+00 6.376676508293018799e+11
2.965939626960289122e+00 6.247502889990284424e+11
2.977803385468130504e+00 6.216999467341513672e+11
2.989714599010003138e+00 6.088956524349643555e+11
3.001673457406043077e+00 6.038431723024803467e+11
3.013680151235667015e+00 5.963616935337130127e+11
3.025734871840609408e+00 5.818879488620375977e+11
3.037837811327972037e+00 5.846167880501345215e+11
3.049989162573283785e+00 5.693053010045919189e+11
3.062189119223576395e+00 5.675856809645502930e+11
3.074437875700470890e+00 5.567672844125773926e+11
3.086735627203272880e+00 5.499600825078192139e+11
3.099082569712085622e+00 5.455842335855300293e+11
3.111478899990933744e+00 5.355026543066998291e+11
3.123924815590897186e+00 5.315652100503002319e+11
3.136420514853261121e+00 5.235270970242360229e+11
3.148966196912674320e+00 5.175549916054343262e+11
3.161562061700325277e+00 5.114498881048937378e+11
3.174208309947126327e+00 5.037832551605758057e+11
3.186905143186915090e+00 4.999085062494749756e+11
3.199652763759662566e+00 4.903780508096760254e+11
3.212451374814701222e+00 4.884165731286461792e+11
3.225301180313960625e+00 4.806248527469132690e+11
3.238202385035215958e+00 4.747115889543692627e+11
3.251155194575356955e+00 4.693400982487335205e+11
3.264159815353658622e+00 4.631852902454638672e+11
3.277216454615073271e+00 4.575682317400335083e+11
3.290325320433533207e+00 4.515729605747948608e+11
3.303486621715267635e+00 4.467252704966959839e+11
3.316700568202128441e+00 4.395769516623312988e+11
3.329967370474937294e+00 4.361471256597652588e+11
3.343287239956836743e+00 4.292703261406577759e+11
3.356660388916663962e+00 4.244887159486939087e+11
3.370087030472330714e+00 4.191227860583939819e+11
3.383567378594220187e+00 4.134140017742009277e+11
3.397101648108596716e+00 4.080401870118504028e+11
3.410690054701031482e+00 4.013296170431520386e+11
3.424332814919834878e+00 3.980601065583611450e+11
3.438030146179514634e+00 3.926955799020217285e+11
3.451782266764232610e+00 3.876675306787704468e+11
3.465589395831289998e+00 3.826512664012585449e+11
3.479451753414614767e+00 3.775398759813829346e+11
3.493369560428273068e+00 3.722782313680328979e+11
3.507343038669985980e+00 3.679991695619996338e+11
3.521372410824665788e+00 3.624430739489052734e+11
3.535457900467964709e+00 3.579353274960410767e+11
3.549599732069836477e+00 3.532353575535173950e+11
3.563798130998116154e+00 3.483774073048732300e+11
3.578053323522108364e+00 3.437904312594022217e+11
3.592365536816196858e+00 3.392395458943059082e+11
3.606734998963461614e+00 3.346282828262877808e+11
3.621161938959315041e+00 3.300495388244857788e+11
3.635646586715152839e+00 3.255780072333463745e+11
3.650189173062013293e+00 3.211725656328637695e+11
3.664789929754260545e+00 3.168129303318405151e+11
3.679449089473277645e+00 3.120800661405086670e+11
3.694166885831170699e+00 3.081828961000336304e+11
3.708943553374495661e+00 3.040000981520116577e+11
3.723779327587993571e+00 2.999693164169884644e+11
3.738674444898345328e+00 2.956659713659456177e+11
3.753629142677938901e+00 2.918991081086814575e+11
3.768643659248651190e+00 2.877240740748402710e+11
3.783718233885645432e+00 2.839347641876362915e+11
3.798853106821188153e+00 2.799511257045838623e+11
3.814048519248473657e+00 2.761169629532312012e+11
3.829304713325467180e+00 2.720775736724785461e+11
3.844621932178768908e+00 2.684039218191635742e+11
3.860000419907484215e+00 2.646868914827536316e+11
3.875440421587113882e+00 2.609317148524584045e+11
3.890942183273462529e+00 2.572475954289570923e+11
3.906505952006555926e+00 2.537417419703044739e+11
3.922131975814582727e+00 2.502021084326957703e+11
3.937820503717840648e+00 2.465727034621784973e+11
3.953571785732711508e+00 2.424107099879258118e+11
3.969386072875642490e+00 2.396229755347050171e+11
3.985263617167145167e+00 2.354539569025823669e+11
4.001204671635814059e+00 2.324825737709143066e+11
4.017209490322357190e+00 2.293085301760381775e+11
4.033278328283646630e+00 2.260654265036747742e+11
4.049411441596781458e+00 2.214786410125134277e+11
4.065609087363168506e+00 2.194675260725924683e+11
4.081871523712622185e+00 2.155832792616555481e+11
4.098199009807472315e+00 2.129327954337196960e+11
4.114591805846702144e+00 2.100947687037078552e+11
4.131050173070089038e+00 2.064025894267145996e+11
4.147574373762369149e+00 2.040613879879798889e+11
4.164164671257418959e+00 2.005880185658266296e+11
4.180821329942449260e+00 1.979913334959818726e+11
4.197544615262219558e+00 1.951156604657633362e+11
4.214334793723269357e+00 1.920482375201784973e+11
4.231192132898162761e+00 1.898977789594859314e+11
4.248116901429755288e+00 1.866713896793625183e+11
4.265109369035473996e+00 1.841201510341737366e+11
4.282169806511615384e+00 1.817876114085993042e+11
4.299298485737661935e+00 1.681716491653217468e+11
4.316495679680612874e+00 1.674250527407333679e+11
4.333761662399335357e+00 1.647120258551417847e+11
4.351096709048932532e+00 1.578076203575158691e+11
4.368501095885127583e+00 1.535415248370240784e+11
4.385975100268668214e+00 1.504213010570160217e+11
4.403519000669743555e+00 1.461752944231527405e+11
4.421133076672422391e+00 1.428008915998483887e+11
4.438817608979111817e+00 1.403105975309384766e+11
4.456572879415028332e+00 1.378511278722341309e+11
4.474399170932688463e+00 1.325695160135699615e+11
4.492296767616419828e+00 1.323231819173694763e+11
4.510265954686884626e+00 1.310777227111895142e+11
4.528307018505633330e+00 1.268615487211720276e+11
4.546420246579655711e+00 1.259003354429965668e+11
4.564605927565974497e+00 1.239664217518187408e+11
4.582864351276237258e+00 1.223217671387825012e+11
4.601195808681342925e+00 1.206100934193220978e+11
4.619600591916067422e+00 1.206135383085534058e+11
4.638078994283731937e+00 1.183027402220102692e+11
4.656631310260867629e+00 1.190172347502994537e+11
4.675257835501911430e+00 1.166840689655707092e+11
4.693958866843916944e+00 1.151463537290470581e+11
4.712734702311292878e+00 1.137476354296758881e+11
4.731585641120538810e+00 1.132596452825321198e+11
4.750511983685020923e+00 1.110785090213893433e+11
4.769514031619761063e+00 1.095352694006158295e+11
4.788592087746240011e+00 1.083013832812415924e+11
4.807746456097224730e+00 1.066628007397599945e+11
4.826977441921613377e+00 1.064828108527022552e+11
4.846285351689299858e+00 1.046402464296531067e+11
4.865670493096057925e+00 1.034812694111139832e+11
4.885133175068442135e+00 1.011048340668200073e+11
4.904673707768715474e+00 1.004578783519764099e+11
4.924292402599791174e+00 9.792723919331158447e+10
4.943989572210189642e+00 9.695078195430410767e+10
4.963765530499030021e+00 9.475548120798724365e+10
4.983620592621027079e+00 9.465384959372497559e+10
5.003555074991511198e+00 9.282810314156477356e+10
5.023569295291476777e+00 9.087977731866938782e+10
5.043663572472643075e+00 9.164114079924436951e+10
5.063838226762532813e+00 8.979291159764141846e+10
5.084093579669583640e+00 8.763759978811352539e+10
5.104429953988261381e+00 8.717933236881704712e+10
5.124847673804215020e+00 8.586735557524218750e+10
5.145347064499431688e+00 8.596013405425942993e+10
5.165928452757428957e+00 8.329231010659738159e+10
5.186592166568458673e+00 8.357351500784547424e+10
5.207338535234733001e+00 8.108395714230198669e+10
5.228167889375671784e+00 8.124134226537446594e+10
5.249080560933174766e+00 7.920017831837094116e+10
5.270076883176907145e+00 7.904469055310015869e+10
5.291157190709615321e+00 7.712034685465625000e+10
5.312321819472453299e+00 7.719960034253897095e+10
5.333571106750343738e+00 7.542656588076863098e+10
5.354905391177344320e+00 7.487336635270776367e+10
5.376325012742054099e+00 7.382069380931088257e+10
5.397830312793021612e+00 7.337352968438684082e+10
5.419421634044193858e+00 7.139147136280647278e+10
5.441099320580370602e+00 7.149974311898527527e+10
5.462863717862692425e+00 6.972173475627236938e+10
5.484715172734142996e+00 6.923479278033918762e+10
5.506654033425078865e+00 6.822469611297714233e+10
5.528680649558780580e+00 6.803115367429220581e+10
5.550795372157015350e+00 6.643290685259192657e+10
5.572998553645643227e+00 6.569403342777730560e+10
5.595290547860225949e+00 6.510387719028603363e+10
5.617671710051667766e+00 6.414834061637717438e+10
5.640142396891874021e+00 6.337459128344994354e+10
5.662702966479441713e+00 6.266944627250019073e+10
5.685353778345359821e+00 6.116102255478652954e+10
5.708095193458740724e+00 6.090251199226438904e+10
5.730927574232576482e+00 5.993503608109343719e+10
5.753851284529505783e+00 5.946739200804061890e+10
5.776866689667624399e+00 5.869811711229718781e+10
5.799974156426294769e+00 5.791194875449939728e+10
5.823174053051999977e+00 5.680103641905770874e+10
5.846466749264207508e+00 5.612677561766484070e+10
5.869852616261264977e+00 5.556209196379711914e+10
5.893332026726310069e+00 5.463443317206439209e+10
5.916905354833215114e+00 5.417870553214868927e+10
5.940572976252548543e+00 5.332208275828376007e+10
5.964335268157558545e+00 5.258160335430972290e+10
5.988192609230189589e+00 5.185578401155812073e+10
6.012145379667110490e+00 5.120508561788109589e+10
6.036193961185778889e+00 5.035908721921986389e+10
6.060338737030522616e+00 4.978478390702024841e+10
6.084580091978644134e+00 4.919344231717035675e+10
6.108918412346558746e+00 4.837107942311656952e+10
6.133354085995945226e+00 4.785099373587855530e+10
6.157887502339929320e+00 4.717549692124050140e+10
6.182519052349287669e+00 4.639725517489206696e+10
6.207249128558685491e+00 4.578695895994337463e+10
6.232078125072920471e+00 4.515573787515252686e+10
6.257006437573212843e+00 4.448940392261029816e+10
6.282034463323505236e+00 4.386081477156880951e+10
6.307162601176800720e+00 4.321163586647110748e+10
6.332391251581507063e+00 4.260245181834194183e+10
6.357720816587833390e+00 4.193779606070783997e+10
6.383151699854184180e+00 4.127653551326573181e+10
6.408684306653601226e+00 4.058568632315896606e+10
6.434319043880215361e+00 4.001019784409181976e+10
6.460056320055736379e+00 3.907784836625154877e+10
6.485896545335958052e+00 3.823281102820282745e+10
6.511840131517302233e+00 3.774503599530129242e+10
6.537887492043371829e+00 3.710234822257955933e+10
6.564039042011545533e+00 3.639213703086363220e+10
6.590295198179591196e+00 3.565006637030271912e+10
6.616656378972309405e+00 3.518222780785572052e+10
6.643123004488199257e+00 3.458375890695380402e+10
6.669695496506150789e+00 3.409720103662002563e+10
6.696374278492176479e+00 3.352858640534416580e+10
6.723159775606144528e+00 3.317137504044552994e+10
6.750052414708568094e+00 3.270244679958492661e+10
6.777052624367403411e+00 3.190829196134894943e+10
6.804160834864871887e+00 3.156275084643495560e+10
6.831377478204331055e+00 3.099130294400894928e+10
6.858702988117148180e+00 3.076153552322067261e+10
6.886137800069615622e+00 3.030463557068264771e+10
6.913682351269895499e+00 2.970472384084516144e+10
6.941337080674975013e+00 2.931562732953268051e+10
6.969102428997675069e+00 2.891829569557561493e+10
6.996978838713665994e+00 2.852845761859913254e+10
7.024966754068519670e+00 2.808626064076668167e+10
7.053066621084793653e+00 2.766958415369423294e+10
7.081278887569133929e+00 2.724014969633084106e+10
7.109604003119409654e+00 2.679181966635855484e+10
7.138042419131887861e+00 2.651161464916436768e+10
7.166594588808414379e+00 2.611036250908564377e+10
7.195260967163648047e+00 2.569070713035134125e+10
7.224042011032302923e+00 2.526963901072815323e+10
7.252938179076432235e+00 2.490048144109692764e+10
7.281949931792737196e+00 2.460751225171835709e+10
7.311077731519908696e+00 2.427284670753242493e+10
7.340322042445988515e+00 2.377558629583780670e+10
7.369683330615771411e+00 2.344664694158690643e+10
7.399162063938235612e+00 2.325233458969041824e+10
7.428758712193988423e+00 2.273527084980061722e+10
7.458473747042765112e+00 2.251966888871602249e+10
7.488307642030935796e+00 2.216877863941899490e+10
7.518260872599060285e+00 2.181890959787591934e+10
7.548333916089456253e+00 2.155692151331198120e+10
7.578527251753813587e+00 2.110183522580077744e+10
7.608841360760829176e+00 2.069690462502747726e+10
7.639276726203872769e+00 2.043912495879661179e+10
7.669833833108687493e+00 2.005883741639884949e+10
7.700513168441122325e+00 1.980713662501944351e+10
7.731315221114887670e+00 1.934596632218208694e+10
7.762240481999347352e+00 1.909448069175766754e+10
7.793289443927344351e+00 1.870379671324119949e+10
7.824462601703054077e+00 1.854704257850929260e+10
7.855760452109866065e+00 1.815979220697650528e+10
7.887183493918306532e+00 1.780035853174321365e+10
7.918732227893980458e+00 1.756876767433800507e+10
7.950407156805555431e+00 1.736121468590734100e+10
7.982208785432777454e+00 1.696490913508971405e+10
8.014137620574508958e+00 1.683751184105828667e+10
8.046194171056805899e+00 1.642315006322449493e+10
8.078378947741034821e+00 1.627576003483971977e+10
8.110692463531997021e+00 1.601190654930195999e+10
8.143135233386125549e+00 1.581908740710838890e+10
8.175707774319670662e+00 1.555163706041892242e+10
8.208410605416949224e+00 1.533166248591276169e+10
8.241244247838615422e+00 1.514334613677278137e+10
8.274209224829968790e+00 1.487645986356000519e+10
8.307306061729288871e+00 1.468491546296732521e+10
8.340535285976207192e+00 1.444380604490204811e+10
8.373897427120111203e+00 1.418574631729364014e+10
8.407393016828594412e+00 1.409342066825449944e+10
8.441022588895906509e+00 1.380728093869087410e+10
8.474786679251490540e+00 1.363170574116111755e+10
8.508685825968495209e+00 1.337976870290443993e+10
8.542720569272368891e+00 1.322439255656059456e+10
8.576891451549458978e+00 1.303700497237016487e+10
8.611199017355655627e+00 1.288214109638639069e+10
8.645643813425078150e+00 1.267410551056610680e+10
8.680226388678779159e+00 1.249102783361600685e+10
8.714947294233493125e+00 1.232128932375873566e+10
8.749807083410427566e+00 1.206668406150209618e+10
8.784806311744070229e+00 1.197458836232495499e+10
8.819945536991047774e+00 1.174990737886216736e+10
8.855225319139009343e+00 1.159958900251681328e+10
8.890646220415566958e+00 1.145633002140399170e+10
8.926208805297228821e+00 1.129055404936905098e+10
8.961913640518417878e+00 1.108419216038506699e+10
8.997761295080492161e+00 1.091996024997842979e+10
9.033752340260813085e+00 1.079514752391300011e+10
9.069887349621856387e+00 1.065814362767617798e+10
9.106166899020346150e+00 1.044247336595199394e+10
9.142591566616424359e+00 1.030021460255615425e+10
9.179161932882891506e+00 1.015872059224148750e+10
9.215878580614422333e+00 9.990794147103490829e+09
9.252742094936881045e+00 9.840652320698320389e+09
9.289753063316627646e+00 9.732308748513271332e+09
9.326912075569895322e+00 9.545625449415515900e+09
9.364219723872173162e+00 9.448359027080513000e+09
9.401676602767663482e+00 9.283148536356891632e+09
9.439283309178733816e+00 9.121981549774267197e+09
9.477040442415447075e+00 9.006753886525852203e+09
9.514948604185111236e+00 8.878716898654567719e+09
9.553008398601852136e+00 8.755787784183820724e+09
9.591220432196260859e+00 8.591059668496557236e+09
9.629585313925044687e+00 8.465840684176012993e+09
9.668103655180747324e+00 8.351810932377670288e+09
9.706776069801470896e+00 8.233516595679347992e+09
9.745603174080676112e+00 8.105101412105144501e+09
9.784585586776998412e+00 7.994652753378128052e+09
9.823723929124106746e+00 7.863743622599101067e+09
9.863018824840601440e+00 7.742565744951085091e+09
9.902470900139965337e+00 7.567607674844592094e+09
9.942080783740523842e+00 7.504443081031306267e+09
9.981849106875488431e+00 7.379434108308553696e+09
1.002177650330298952e+01 7.281847669658566475e+09
1.006186360931619994e+01 7.149456515102712631e+09
1.010211106375346723e+01 7.032083680356461525e+09
1.014251950800847979e+01 6.932223220510559082e+09
1.018308958604051284e+01 6.841060432320446968e+09
1.022382194438467451e+01 6.726198978945818901e+09
1.026471723216221399e+01 6.609346181415304184e+09
1.030577610109086173e+01 6.501276430136771202e+09
1.034699920549522467e+01 6.407119285725574493e+09
1.038838720231720458e+01 6.305990891891942978e+09
1.042994075112647501e+01 6.203735754510179520e+09
1.047166051413097954e+01 6.101327403352687836e+09
1.051354715618750468e+01 6.000121691046622276e+09
1.055560134481225454e+01 5.907577827791398048e+09
1.059782375019150358e+01 5.818297289872154236e+09
1.064021504519226902e+01 5.753359286690714836e+09
1.068277590537303823e+01 5.649016020141582489e+09
1.072550700899452991e+01 5.530340848846718788e+09
1.076840903703050856e+01 5.454186844308064461e+09
1.081148267317863088e+01 5.372812590942660332e+09
1.085472860387134553e+01 5.345720408973509789e+09
1.089814751828683015e+01 5.175396116580382347e+09
1.094174010835997635e+01 5.131257575504223824e+09
1.098550706879341909e+01 5.016730157328279495e+09
1.102944909706859100e+01 4.954980913917335510e+09
1.107356689345686540e+01 4.885819868282625198e+09
1.111786116103069233e+01 4.803210235185377121e+09
1.116233260567481622e+01 4.739793355355498314e+09
1.120698193609751492e+01 4.636843694158945084e+09
1.125180986384190440e+01 4.588889728921407700e+09
1.129681710329727373e+01 4.506710144566903114e+09
1.134200437171046083e+01 4.448420029750635147e+09
1.138737238919730466e+01 4.386732858975453377e+09
1.143292187875409383e+01 4.285822906024147987e+09
1.147865356626910938e+01 4.240388275542839050e+09
1.152456818053418530e+01 4.155367957673865318e+09
1.157066645325632237e+01 4.097739331324220657e+09
1.161694911906934635e+01 4.018853116598578453e+09
1.166341691554562487e+01 3.990224789213846684e+09
1.171007058320780736e+01 3.912289981384871483e+09
1.175691086554063958e+01 3.819547792403358459e+09
1.180393850900279951e+01 3.793962584322265148e+09
1.185115426303881137e+01 3.717157136784269810e+09
1.189855888009096674e+01 3.682513680086562634e+09
1.194615311561133097e+01 3.626949470190335751e+09
1.199393772807377623e+01 3.562568015958226681e+09
1.204191347898607134e+01 3.506579152851047516e+09
1.209008113290201614e+01 3.443430550014507294e+09
1.213844145743362368e+01 3.385897119955717564e+09
1.218699522326335938e+01 3.352606869007181644e+09
1.223574320415641381e+01 3.291347342689873219e+09
1.228468617697303777e+01 3.263053479014491558e+09
1.233382492168093059e+01 3.175043571439728260e+09
1.238316022136765504e+01 3.144946079761068344e+09
1.243269286225312520e+01 3.059633465205618382e+09
1.248242363370213859e+01 3.056668660744953156e+09
1.253235332823694748e+01 2.984507479640594482e+09
1.258248274154989410e+01 2.958313177854509354e+09
1.263281267251609385e+01 2.913661749110678673e+09
1.268334392320615756e+01 2.856317459351161003e+09
1.273407729889898299e+01 2.839498532697377205e+09
1.278501360809457665e+01 2.758752093186472416e+09
1.283615366252695544e+01 2.706264088721004963e+09
1.288749827717706253e+01 2.704691253034172058e+09
1.293904827028577031e+01 2.628164228354407310e+09
1.299080446336691352e+01 2.615067423632132530e+09
1.304276768122038099e+01 2.554838446640581608e+09
1.309493875194526424e+01 2.525977747255578518e+09
1.314731850695304693e+01 2.483606668715730190e+09
1.319990778098085649e+01 2.438943441434105396e+09
1.325270741210477965e+01 2.400727096755449295e+09
1.330571824175319939e+01 2.362160202486818314e+09
1.335894111472021173e+01 2.325089114931015491e+09
1.341237687917909227e+01 2.308907108632232666e+09
1.346602638669580898e+01 2.250508043512403011e+09
1.351989049224258999e+01 2.236813762650654316e+09
1.357397005421156067e+01 2.182911334895963669e+09
1.362826593442840917e+01 2.153442052336009979e+09
1.368277899816612297e+01 2.125783106690522432e+09
1.373751011415878942e+01 2.076470851818600416e+09
1.379246015461542463e+01 2.064377413861469030e+09
1.384762999523388416e+01 2.016053304392789125e+09
1.390302051521481808e+01 2.012851825456597090e+09
1.395863259727567751e+01 1.969930596926342964e+09
1.401446712766477987e+01 1.929644652010521889e+09
1.407052499617543972e+01 1.924265478565304041e+09
1.412680709616014063e+01 1.861081706287402391e+09
1.418331432454478147e+01 1.825097056074441671e+09
1.424004758184296193e+01 1.821076608343270540e+09
1.429700777217033369e+01 1.798778184433097839e+09
1.435419580325901379e+01 1.754528656328104019e+09
1.441161258647204946e+01 1.737090678765779257e+09
1.446925903681793812e+01 1.695773665169423103e+09
1.452713607296521126e+01 1.687178792880019426e+09
1.458524461725707155e+01 1.655196758430456877e+09
1.464358559572609764e+01 1.616969285653286934e+09
1.470215993810900557e+01 1.595300350218319893e+09
1.476096857786143879e+01 1.592515391567947626e+09
1.482001245217288599e+01 1.554504253867072105e+09
1.487929250198157760e+01 1.526465903618781090e+09
1.493880967198950316e+01 1.506005983724569082e+09
1.499856491067746056e+01 1.483336386261170387e+09
1.505855917032016933e+01 1.462252160755840063e+09
1.511879340700144958e+01 1.434384379347018003e+09
1.517926858062945605e+01 1.413495687300020695e+09
1.523998565495197433e+01 1.398335783583467960e+09
1.530094559757178274e+01 1.369099103597106695e+09
1.536214937996206764e+01 1.348565678955423355e+09
1.542359797748191674e+01 1.325988182388141632e+09
1.548529236939184450e+01 1.309797296445571899e+09
1.554723353886941339e+01 1.282380526011556149e+09
1.560942247302489072e+01 1.273887006510890961e+09
1.567186016291699069e+01 1.248241626685651302e+09
1.573454760356865556e+01 1.224210280719742537e+09
1.579748579398293096e+01 1.216499413543257236e+09
1.586067573715886247e+01 1.190386605843540192e+09
1.592411844010749888e+01 1.177067134542543411e+09
1.598781491386792730e+01 1.145877575848517895e+09
1.605176617352340074e+01 1.135349500108076096e+09
1.611597323821749228e+01 1.113360761464655638e+09
1.618043713117036120e+01 1.099206916386045218e+09
1.624515887969504391e+01 1.077804738250148773e+09
1.631013951521382310e+01 1.072497276398053527e+09
1.637538007327468037e+01 1.055314532801427722e+09
1.644088159356778078e+01 1.037718780689176798e+09
1.650664511994205341e+01 1.016260148676334500e+09
1.657267170042182158e+01 9.984336500554622412e+08
1.663896238722350418e+01 9.783166769208810329e+08
1.670551823677240222e+01 9.737731430502680540e+08
1.677234030971949608e+01 9.605818514702970982e+08
1.683942967095837062e+01 9.408669009715876579e+08
1.690678738964220429e+01 9.252878519303960800e+08
1.697441453920077237e+01 9.131905583899527788e+08
1.704231219735757108e+01 9.075095418048069477e+08
1.711048144614700561e+01 8.773880560970726013e+08
1.717892337193159236e+01 8.728601371397870779e+08
1.724763906541932101e+01 8.507786176148182154e+08
1.731662962168099895e+01 8.406427035527200699e+08
1.738589614016772344e+01 8.288876771564574242e+08
1.745543972472839300e+01 8.216481787874910831e+08
1.752526148362730751e+01 8.078639135579628944e+08
1.759536252956181812e+01 7.905922454312238693e+08
1.766574397968006238e+01 7.776858566683001518e+08
1.773640695559878466e+01 7.678453076527074575e+08
1.780735258342117433e+01 7.574444823248459101e+08
1.787858199375486024e+01 7.508106301583818197e+08
1.795009632172988034e+01 7.291300939419171810e+08
1.802189670701679702e+01 7.246160075114938021e+08
1.809398429384486562e+01 7.135216711850962639e+08
1.816636023102024211e+01 6.897946092189983130e+08
1.823902567194432578e+01 6.919512484355585575e+08
1.831198177463210186e+01 6.813619521421445608e+08
1.838522970173062987e+01 6.680374186221637726e+08
1.845877062053754969e+01 6.579026760366588831e+08
1.853260570301970134e+01 6.428352412020006180e+08
1.860673612583178027e+01 6.303361840247911215e+08
1.868116307033510637e+01 6.265738641740692854e+08
1.875588772261644976e+01 6.159286057193717957e+08
1.883091127350691352e+01 6.114385628692555428e+08
1.890623491860094063e+01 5.984716079501192570e+08
1.898185985827534594e+01 5.865310543891162872e+08
1.905778729770844748e+01 5.836055185016561747e+08
1.913401844689928311e+01 5.756635074730156660e+08
1.921055452068688041e+01 5.563274317870346308e+08
1.928739673876962968e+01 5.540517925413068533e+08
1.936454632572470658e+01 5.475478608905305862e+08
1.944200451102760141e+01 5.309914428747752905e+08
1.951977252907171589e+01 5.337224277319077253e+08
1.959785161918800256e+01 5.182569205614086390e+08
1.967624302566475691e+01 5.118389799785330296e+08
1.991079942767366973e+01 5.017732562267603874e+08
