# Wavelength (micrometer), Flux (W / m2 / m)
1.000553076518779783e-01 1.825976193590001669e+06
1.004555288824854897e-01 3.659694593623149102e-12
1.008573509980154326e-01 5.798488434235923261e-12
1.012607804020075053e-01 5.601042212386680898e-12
1.016658235236155422e-01 7.200511469571351394e-12
1.020724868177099870e-01 4.527983034224436995e-09
1.024807767649808382e-01 7.051841459297244320e-10
1.028906998720407612e-01 2.997576723398375461e-11
1.033022626715289355e-01 8.823889109788585232e-09
1.037154717222150413e-01 2.164905302064892280e-11
1.041303336091038839e-01 2.476834229833335221e-11
1.045468549435403099e-01 4.022812834507566975e-10
1.049650423633144702e-01 5.472813873053207606e-12
1.053849025327677214e-01 1.300293361293130149e-09
1.058064421428987906e-01 1.636292122816153379e-11
1.062296679114703990e-01 2.118605309904009807e-09
1.066545865831162732e-01 7.497803453805868920e-10
1.070812049294487533e-01 1.470305466879844688e-10
1.075095297491665408e-01 3.050079798837468265e-08
1.079395678681632220e-01 2.090954081548318666e-10
1.083713261396358624e-01 1.598512521749082412e-08
1.088048114441943909e-01 6.253602449743941226e-09
1.092400306899711654e-01 1.994156887714607705e-06
1.096769908127310511e-01 1.129852766024216848e-08
1.101156987759819850e-01 1.476969769263076918e-08
1.105561615710859147e-01 1.102024822361841291e-06
1.109983862173702651e-01 2.198384102429167851e-07
1.114423797622397516e-01 5.302402636784694102e-08
1.118881492812886930e-01 9.874270237754195432e-09
1.123357018784138517e-01 6.050811778829871901e-08
1.127850446859275102e-01 3.994708964675292067e-05
1.132361848646712132e-01 1.713406356555381032e-05
1.136891296041298988e-01 1.283793506853559427e-05
1.141438861225464035e-01 1.561016912997276418e-05
1.146004616670366072e-01 1.166184778482475979e-05
1.150588635137047705e-01 1.173929268427646194e-05
1.155190989677595953e-01 6.316701522099345350e-06
1.159811753636306314e-01 2.139639312534255471e-05
1.164451000650851553e-01 3.838253411032602127e-06
1.169108804653455069e-01 4.235971128335386144e-06
1.173785239872068981e-01 2.648270098943498427e-05
1.178480380831557206e-01 8.409054569504477764e-05
1.183194302354883543e-01 4.471796934182664055e-05
1.187927079564302935e-01 9.773675359643446242e-06
1.192678787882560099e-01 2.687359520313558641e-05
1.197449503034090645e-01 3.244740365379507763e-05
1.202239301046226783e-01 9.182655875052762851e-07
1.207048258250411760e-01 9.249484612731375467e-06
1.211876451283413342e-01 2.647675828469061074e-06
1.216723957088547137e-01 3.428625120212001703e-07
1.221590852916901310e-01 4.356523335997960002e-06
1.226477216328568792e-01 8.476265114742299794e-06
1.231383125193883099e-01 3.549110579747396016e-06
1.236308657694658586e-01 9.598150297524578808e-06
1.241253892325437369e-01 3.610299792149577193e-06
1.246218907894739159e-01 8.259762391479394964e-07
1.251203783526317892e-01 7.479384740980186353e-07
1.256208598660423226e-01 2.385195311841966761e-05
1.261233433055065078e-01 2.324727120740422405e-05
1.266278366787285392e-01 3.861407274609325449e-07
1.271343480254434610e-01 1.158395753746100783e-05
1.276428854175452321e-01 9.053475938523956342e-06
1.281534569592154005e-01 1.038526585118358107e-06
1.286660707870522780e-01 5.704292716548351349e-06
1.291807350702004475e-01 1.150965569969602944e-05
1.296974580104812425e-01 1.002922255994563164e-05
1.302162478425231973e-01 1.570962027052046655e-06
1.307371128338932764e-01 3.014432789225177326e-05
1.312600612852288795e-01 3.821387209104293677e-05
1.317851015303697915e-01 2.253225956497402065e-05
1.323122419364912705e-01 1.497716186552076965e-04
1.328414909042372472e-01 1.744539512834106373e-04
1.333728568678542170e-01 9.655255309473561318e-05
1.339063482953256612e-01 5.484666250784498569e-06
1.344419736885069383e-01 9.582974683214563933e-05
1.349797415832609815e-01 2.535160515054964451e-04
1.355196605495940232e-01 1.826489079727550504e-04
1.360617391917924301e-01 3.513355674770984980e-04
1.366059861485595939e-01 7.499578413831041825e-05
1.371524100931538481e-01 5.810964412235589515e-06
1.377010197335264696e-01 3.444765030909830301e-05
1.382518238124605670e-01 1.495915742324852200e-03
1.388048311077104136e-01 5.573035164790226224e-04
1.393600504321412248e-01 4.155871914600434071e-05
1.399174906338697677e-01 2.520265661293458043e-05
1.404771605964052761e-01 1.204385259166771685e-03
1.410390692387908651e-01 1.969129580391944321e-04
1.416032255157460562e-01 3.600339116822599914e-03
1.421696384178090522e-01 6.933358806236910289e-06
1.427383169714803168e-01 7.700752562863820384e-04
1.433092702393662099e-01 3.726721020085978914e-02
1.438825073203236771e-01 3.099188085281884969e-03
1.444580373496049674e-01 2.092265845105637304e-02
1.450358694990033503e-01 2.344040966795678162e-03
1.456160129769993872e-01 5.002321301277762311e-02
1.461984770289073976e-01 7.881605448586384566e-02
1.467832709370230082e-01 1.053167145155520928e-02
1.473704040207710897e-01 4.742230691111164881e-02
1.479598856368541382e-01 5.468567319410532011e-04
1.485517251794015725e-01 1.952655355796299730e-02
1.491459320801191979e-01 5.439463754819057889e-02
1.497425158084396690e-01 9.846723649541901102e-03
1.503414858716734248e-01 2.913097598349880801e-01
1.509428518151600951e-01 2.213205611216859103e-02
1.515466232224207677e-01 2.680747011528095136e-04
1.521528097153104220e-01 2.323021131157297463e-03
1.527614209541716672e-01 4.855146115401699444e-06
1.533724666379883694e-01 4.396761909026478020e-06
1.539859565045403056e-01 1.475015194086763403e-06
1.546019003305584838e-01 4.374732099928875595e-10
1.552203079318807133e-01 6.077349185400804882e-09
1.558411891636082569e-01 3.143039703434522396e-09
1.564645539202626778e-01 1.614965717004365637e-09
1.570904121359437411e-01 1.426615547448951509e-08
1.577187737844875093e-01 5.343866640176141285e-10
1.583496488796254653e-01 9.225885409394797337e-09
1.589830474751439959e-01 2.994667207639614954e-08
1.596189796650445414e-01 3.731544701874883822e-09
1.602574555837047166e-01 6.331795663930488573e-09
1.608984854060395708e-01 1.345019210530465437e-08
1.615420793476636807e-01 6.988478474039860210e-09
1.621882476650543525e-01 7.982036481912534540e-09
1.628370006557145755e-01 8.846315745048259454e-09
1.634883486583374457e-01 1.441601776719038283e-08
1.641423020529707844e-01 2.165265444268321220e-08
1.647988712611826723e-01 2.604608327145550139e-08
1.654580667462274002e-01 9.655457579984725329e-09
1.661198990132123077e-01 5.904882539276204604e-08
1.667843786092651215e-01 7.335628363164518032e-08
1.674515161237022098e-01 1.792189811459180702e-07
1.681213221881969755e-01 9.931955608481682499e-07
1.687938074769497754e-01 2.456321268248010250e-07
1.694689827068575905e-01 1.356844563479480714e-05
1.701468586376850278e-01 4.365677853053917460e-06
1.708274460722357391e-01 5.965219977565808709e-06
1.715107558565246715e-01 8.204338899324207076e-06
1.721967988799507909e-01 5.667154345316058075e-06
1.728855860754705820e-01 1.620694280838492487e-05
1.735771284197724640e-01 4.311752171944665552e-06
1.742714369334515678e-01 1.754302113816639732e-06
1.749685226811853456e-01 7.621288946516134989e-05
1.756683967719100681e-01 7.563760277470476100e-06
1.763710703589977391e-01 2.251002765901710374e-04
1.770765546404337309e-01 4.087484551144385508e-04
1.777848608589954471e-01 8.966463069246510527e-06
1.784960003024314568e-01 7.133102688574292525e-04
1.792099843036411844e-01 3.591694409546888900e-04
1.799268242408557650e-01 3.400072389296449754e-04
1.806465315378191772e-01 4.013897561954034299e-03
1.813691176639704306e-01 4.902946971335194826e-05
1.820945941346263086e-01 8.437042269934502117e-04
1.828229725111648329e-01 8.077834756664726418e-03
1.835542644012094771e-01 1.093532975486615840e-05
1.842884814588143239e-01 2.152451174918729344e-03
1.850256353846495561e-01 3.423433335848724557e-02
1.857657379261881403e-01 1.968360912824390293e-04
1.865088008778928996e-01 2.545463389825969661e-02
1.872548360814044743e-01 6.042491396358030259e-03
1.880038554257300876e-01 2.519840852281928487e-04
1.887558708474330049e-01 4.243353566024004458e-02
1.895108943308226879e-01 5.617415665714354037e-03
1.902689379081460019e-01 7.389687552518757994e-04
1.910300136597785636e-01 1.261701634026879404e-01
1.917941337144176972e-01 6.505396198973499231e-03
1.925613102492753359e-01 2.249263744551054794e-02
1.933315554902724498e-01 2.079256884111471138e-01
1.941048817122335568e-01 4.850094864308255455e-02
1.948813012390824828e-01 3.441557725932647277e-02
1.956608264440388156e-01 5.218353032575615558e-01
1.964434697498149418e-01 2.067254485126659297e-02
1.972292436288141937e-01 1.028030605081066695e-01
1.980181606033294406e-01 2.460499826242257271e-01
1.988102332457427346e-01 5.991447903205728009e-02
1.996054741787257336e-01 4.183401770169118544e-02
2.004038960754406518e-01 4.671182040605183911e-02
2.012055116597424309e-01 3.967608303304008543e-02
2.020103337063813842e-01 5.009613470471468988e-02
2.028183750412069219e-01 5.367962131444256602e-02
2.036296485413717494e-01 2.093544496883711914e-02
2.044441671355372303e-01 1.075993754326180600e-02
2.052619438040793887e-01 4.384432309789911691e-02
2.060829915792957157e-01 2.033344648711312916e-02
2.069073235456129201e-01 1.796605858780684489e-02
2.077349528397953449e-01 2.237478133516475343e-02
2.085658926511545219e-01 3.852153146027354619e-02
2.094001562217591150e-01 4.136445817659720886e-02
2.102377568466461677e-01 3.290667179966915573e-02
2.110787078740327671e-01 1.742654052824070890e-02
2.119230227055288740e-01 3.535564491270948295e-02
2.127707147963510126e-01 4.881215986380145477e-02
2.136217976555363773e-01 6.742321526829289646e-02
2.144762848461585492e-01 1.325217584143285367e-02
2.153341899855431840e-01 6.146775812812090706e-02
2.161955267454853669e-01 1.298340147281617507e-01
2.170603088524672986e-01 1.841684933759633602e-01
2.179285500878772042e-01 5.161363368268095941e-02
2.188002642882286852e-01 5.222100133311151360e-02
2.196754653453815986e-01 2.546575605255952945e-01
2.205541672067631020e-01 1.158846591020793182e-01
2.214363838755901703e-01 1.615759121493691719e+00
2.223221294110925284e-01 1.048326657312664695e-01
2.232114179287369160e-01 5.008665617173549300e+00
2.241042636004518529e-01 8.672441514530675466e-01
2.250006806548536520e-01 1.480759480941359563e+01
2.259006833774730438e-01 2.570169643073375365e+00
2.268042861109829667e-01 6.099619230029776240e+00
2.277115032554268836e-01 9.012242267150172736e+00
2.286223492684485714e-01 7.095498978386674871e+00
2.295368386655223802e-01 6.837780036598090305e+01
2.304549860201844658e-01 7.852587634470993283e-01
2.313768059642651864e-01 3.113289380337342394e+01
2.323023131881222503e-01 1.685975925441587364e+01
2.332315224408747223e-01 6.536752251856768225e+01
2.341644485306381973e-01 1.327900303507699391e+02
2.351011063247607502e-01 4.336860914654450561e+00
2.360415107500598020e-01 2.288553288063674529e+02
2.369856767930600405e-01 2.504025007088143795e+00
2.379336195002322851e-01 2.739923975902289612e+02
2.388853539782332114e-01 1.275180697770276197e+02
2.398408953941461863e-01 1.858633726040214015e+03
2.408002589757227141e-01 1.930294084037172752e+03
2.417634600116256582e-01 8.729562191924232195e+01
2.427305138516721306e-01 3.364945549866521105e+03
2.437014359070788505e-01 1.333439733282606994e+03
2.446762416507071713e-01 1.215862166443885872e+04
2.456549466173099938e-01 2.317766402439151989e+03
2.466375664037792625e-01 5.774140957048941345e+03
2.476241166693943785e-01 4.103566441999250856e+03
2.486146131360719436e-01 1.001230176664100036e+01
2.496090715886161993e-01 6.685056776079828524e+03
2.506075078749706586e-01 2.894745019647891695e+03
2.516099379064705155e-01 6.080428910146126327e+03
2.526163776580964138e-01 2.798073274234126529e+03
2.536268431687287994e-01 1.632923601206351595e+05
2.546413505414037437e-01 1.479123931286440347e+05
2.556599159435693491e-01 7.639603356310931849e+04
2.566825556073435988e-01 6.354655375329834351e+04
2.577092858297729827e-01 6.982463568720569310e+04
2.587401229730920682e-01 3.476245673706162779e+04
2.597750834649844576e-01 9.130770840273510839e+04
2.608141837988444123e-01 6.075374029734791839e+04
2.618574405340398092e-01 4.659190035637366236e+05
2.629048702961759298e-01 1.510268504027122632e+06
2.639564897773606367e-01 1.491126434301789617e+06
2.650123157364701054e-01 1.463368779524909332e+06
2.660723649994159445e-01 8.227118309691991890e+05
2.671366544594135917e-01 1.112513644052387448e+06
2.682052010772512096e-01 1.161474912063725758e+06
2.692780218815602478e-01 6.197755896335563157e+05
2.703551339690865030e-01 1.837619502216516063e+06
2.714365545049627904e-01 9.288092212836946128e+05
2.725223007229827243e-01 6.785403391208942048e+05
2.736123899258746106e-01 1.224088714915374992e+06
2.747068394855781692e-01 1.165366797588877846e+06
2.758056668435204806e-01 3.274889612346227281e+06
2.769088895108945403e-01 9.497199605148361996e+06
2.780165250689380918e-01 6.987434013630145229e+06
2.791285911692138466e-01 8.911838414169117808e+06
2.802451055338907038e-01 6.167965896264966577e+06
2.813660859560263017e-01 4.146544098778984044e+06
2.824915502998503469e-01 2.131639854685069527e+06
2.836215165010497197e-01 7.230868435385988560e+05
2.847560025670539119e-01 3.479330748493068677e+04
2.858950265773221866e-01 1.241427300719655177e+05
2.870386066836315142e-01 1.519934227055434603e+06
2.881867611103660631e-01 7.886437342309921049e+06
2.893395081548075787e-01 1.922285790963294357e+07
2.904968661874267610e-01 3.061317013044150174e+07
2.916588536521764197e-01 4.399335910135127604e+07
2.928254890667851273e-01 4.296138085106480122e+07
2.939967910230522619e-01 3.592327150520247221e+07
2.951727781871444911e-01 2.350955458376109973e+07
2.963534692998930908e-01 3.001253095014037564e+07
2.975388831770926501e-01 3.191546284739826992e+07
2.987290387098009981e-01 5.556741309230870008e+07
2.999239548646402409e-01 4.268868234718405455e+07
3.011236506840988536e-01 1.055382073080588877e+08
3.023281452868351593e-01 2.674142121994833276e+07
3.035374578679824742e-01 1.606083181760700643e+08
3.047516076994544187e-01 1.473269707570279539e+08
3.059706141302522830e-01 2.063248791209346056e+08
3.071944965867733357e-01 4.940471519446231723e+08
3.084232745731204095e-01 7.140310034885554314e+08
3.096569676714128194e-01 6.440797565117920637e+08
3.108955955420985018e-01 9.980953041461992264e+08
3.121391779242668751e-01 1.146733627010313034e+09
3.133877346359639215e-01 1.468277136404410362e+09
3.146412855745078230e-01 1.938674514359484911e+09
3.158998507168058190e-01 1.900334879479897022e+09
3.171634501196730627e-01 3.096208417914490223e+09
3.184321039201517545e-01 2.259575368907919884e+09
3.197058323358323295e-01 1.796555226479074478e+09
3.209846556651756444e-01 3.158550465464071751e+09
3.222685942878363852e-01 3.833813718365198135e+09
3.235576686649877520e-01 3.449317141441288471e+09
3.248518993396476984e-01 4.974636380449763298e+09
3.261513069370062801e-01 5.559513757913417816e+09
3.274559121647543369e-01 6.576249225083574295e+09
3.287657358134133401e-01 7.308922485353204727e+09
3.300807987566670154e-01 4.864601298527156830e+09
3.314011219516936890e-01 1.014854677508429527e+10
3.327267264395004642e-01 1.077487474884724426e+10
3.340576333452584534e-01 1.337678993065902328e+10
3.353938638786395088e-01 1.278909561435499382e+10
3.367354393341540630e-01 1.404729126855751610e+10
3.380823810914907468e-01 1.528597131634226036e+10
3.394347106158566718e-01 1.591296456151556969e+10
3.407924494583201014e-01 1.592828682739273262e+10
3.421556192561533982e-01 1.390422955580553246e+10
3.435242417331779707e-01 6.455279696044903755e+09
3.448983387001106626e-01 7.982953047407302856e+09
3.462779320549111417e-01 9.919288444313552856e+09
3.476630437831307319e-01 7.131744524889916420e+09
3.490536959582632992e-01 7.672256304539085388e+09
3.504499107420963600e-01 2.161720745107945633e+10
3.518517103850647421e-01 1.867930447408362579e+10
3.532591172266050239e-01 2.785985899780969620e+10
3.546721536955114717e-01 3.594205713681896973e+10
3.560908423102934761e-01 1.685574960623048401e+10
3.575152056795346533e-01 9.751921205417188644e+09
3.589452665022527800e-01 2.112742335913140869e+10
3.603810475682617254e-01 3.046770913775268173e+10
3.618225717585348278e-01 2.401078948166314697e+10
3.632698620455689364e-01 2.677754592436224365e+10
3.647229414937512293e-01 2.658205069439049911e+10
3.661818332597261971e-01 5.080157986576597595e+10
3.676465605927651259e-01 2.774840371181542969e+10
3.691171468351361895e-01 3.169421541694093323e+10
3.705936154224767076e-01 1.309060095866812515e+10
3.720759898841666247e-01 3.609102367390448570e+09
3.735642938437032656e-01 3.620877530701692581e+09
3.750585510190780902e-01 6.570825166658169746e+09
3.765587852231543908e-01 2.291747583561790085e+10
3.780650203640470441e-01 5.652753813640054321e+10
3.795772804455032068e-01 3.384073246238811111e+10
3.810955895672852312e-01 4.094292106099125671e+10
3.826199719255543585e-01 1.188172526584935951e+10
3.841504518132565771e-01 2.730133189300143814e+10
3.856870536205096456e-01 7.406815474189785957e+09
3.872298018349916715e-01 1.994381842568720245e+10
3.887787210423316320e-01 1.555741047321332550e+10
3.903338359265008939e-01 2.615432853784760666e+10
3.918951712702069545e-01 3.336329285596923065e+10
3.934627519552877928e-01 3.610165475491749573e+10
3.950366029631089404e-01 8.060614990657987976e+10
3.966167493749613859e-01 7.218479575984014893e+10
3.982032163724612550e-01 1.089549790888205566e+11
3.997960292379510450e-01 1.188434157823028717e+11
4.013952133549028578e-01 1.306714822448441315e+11
4.030007942083224659e-01 1.485582335200869446e+11
4.046127973851557647e-01 8.944086601218696594e+10
4.062312485746963908e-01 1.011658588725940094e+11
4.078561735689951728e-01 1.113625529195745850e+11
4.094875982632711353e-01 1.169786147311518402e+11
4.111255486563242245e-01 1.293836245347356415e+11
4.127700508509495880e-01 1.062212778831467438e+11
4.144211310543532978e-01 8.594593672621148682e+10
4.160788155785707931e-01 9.272175861743676758e+10
4.177431308408850463e-01 5.954153277984752655e+10
4.194141033642486138e-01 4.080269797156304169e+10
4.210917597777056320e-01 1.488979371655433655e+10
4.227761268168164221e-01 1.688687068230004311e+09
4.244672313240837602e-01 1.780518569086017990e+10
4.261651002493800910e-01 3.728907055049100494e+10
4.278697606503775730e-01 5.542186962503222656e+10
4.295812396929790666e-01 6.567517211441401672e+10
4.312995646517510107e-01 7.084379374907958984e+10
4.330247629103580187e-01 9.000317306175436401e+10
4.347568619619994745e-01 9.660946380865495300e+10
4.364958894098474596e-01 9.154775057427774048e+10
4.382418729674867897e-01 8.096371724204679871e+10
4.399948404593567730e-01 9.372680794443852234e+10
4.417548198211941890e-01 1.079490237446014862e+11
4.435218391004789873e-01 7.967599811275280762e+10
4.452959264568808750e-01 9.042861252214566040e+10
4.470771101627084021e-01 8.568877149714724731e+10
4.488654186033592119e-01 9.621862897008189392e+10
4.506608802777726241e-01 1.035242556931030579e+11
4.524635237988837710e-01 1.161336299610443268e+11
4.542733778940792333e-01 1.140788077964074249e+11
4.560904714056555065e-01 1.061067436245568390e+11
4.579148332912781894e-01 1.305230310525205688e+11
4.597464926244433370e-01 7.489513428048631287e+10
4.615854785949410899e-01 1.260080483537249451e+11
4.634318205093208576e-01 7.780208550022105408e+10
4.652855477913582227e-01 1.056636636949842377e+11
4.671466899825236219e-01 1.108758801321123810e+11
4.690152767424536906e-01 1.213479319211393585e+11
4.708913378494234969e-01 1.495985264845405273e+11
4.727749032008212171e-01 1.273359942543368683e+11
4.746660028136244769e-01 1.492616266855081177e+11
4.765646668248789131e-01 9.143374651661151123e+10
4.784709254921784560e-01 7.719166517054081726e+10
4.803848091941470555e-01 1.196574758334038696e+11
4.823063484309236815e-01 1.242559370562925262e+11
4.842355738246474361e-01 1.535529252154412842e+11
4.861725161199459966e-01 1.308161731672922821e+11
4.881172061844257226e-01 1.832836284924090271e+11
4.900696750091634302e-01 1.684481766913430481e+11
4.920299537092001074e-01 2.127684456470041809e+11
4.939980735240369625e-01 2.574129817057919617e+11
4.959740658181330253e-01 1.420474849593788757e+11
4.979579620814056362e-01 1.917253006480564880e+11
4.999497939297311566e-01 1.760453703556985779e+11
5.019495931054501758e-01 1.459595931035149536e+11
5.039573914778719965e-01 1.955806552920750122e+11
5.059732210437835054e-01 1.422195812965881958e+11
5.079971139279585435e-01 1.566418145502019043e+11
5.100291023836703852e-01 1.349365420987915192e+11
5.120692187932051054e-01 1.349850163411553040e+11
5.141174956683780550e-01 1.366857443777321777e+11
5.161739656510514473e-01 1.107470073370012054e+11
5.182386615136556074e-01 7.492055229875138855e+10
5.203116161597103329e-01 1.138664947894166870e+11
5.223928626243490303e-01 1.751330982488269958e+11
5.244824340748465152e-01 1.326216354427914124e+11
5.265803638111459239e-01 1.395041303883110657e+11
5.286866852663905103e-01 1.297198056795865479e+11
5.308014320074561088e-01 1.488382829695795898e+11
5.329246377354859288e-01 1.203414049459393463e+11
5.350563362864277916e-01 1.216995453005263672e+11
5.371965616315735881e-01 9.049362065774250793e+10
5.393453478780998456e-01 1.008307298225487061e+11
5.415027292696121819e-01 9.559065492215773010e+10
5.436687401866906466e-01 9.571152344252575684e+10
5.458434151474373941e-01 6.578821553648497009e+10
5.480267888080271321e-01 7.997448303799525452e+10
5.502188959632591247e-01 8.299292053977062988e+10
5.524197715471121928e-01 9.259875244155659485e+10
5.546294506333006025e-01 1.057686568459675446e+11
5.568479684358338400e-01 9.465089660779725647e+10
5.590753603095770519e-01 7.752105172196757507e+10
5.613116617508153716e-01 5.632852730266040039e+10
5.635569083978186899e-01 3.959851448865829468e+10
5.658111360314097560e-01 5.357105981550117493e+10
5.680743805755354980e-01 4.493815114104871368e+10
5.703466780978375672e-01 5.732643253796640015e+10
5.726280648102289872e-01 6.176934966442655182e+10
5.749185770694699160e-01 7.254083552533609009e+10
5.772182513777477375e-01 6.628175922563816833e+10
5.795271243832587071e-01 8.974701740619293213e+10
5.818452328807918184e-01 9.109063738710449219e+10
5.841726138123150003e-01 8.070399242954307556e+10
5.865093042675643131e-01 5.117615603324325562e+10
5.888553414846344758e-01 1.414865090714111328e+10
5.912107628505729462e-01 2.641852360899842834e+10
5.935756059019753339e-01 3.644276463929618835e+10
5.959499083255832552e-01 3.487041221682476044e+10
5.983337079588855190e-01 4.467686737035871887e+10
6.007270427907210886e-01 5.215400301393296051e+10
6.031299509618840426e-01 6.677463076556455994e+10
6.055424707657315331e-01 8.706568157297288513e+10
6.079646406487945187e-01 1.111222745659980011e+11
6.103964992113897203e-01 1.321153250776792908e+11
6.128380852082353503e-01 1.579114067587149963e+11
6.152894375490681744e-01 1.326150034630553284e+11
6.177505952992645710e-01 7.901366482982025146e+10
6.202215976804615893e-01 5.964173346929109192e+10
6.227024840711834486e-01 3.854469663960668945e+10
6.251932940074681477e-01 4.968241961564926147e+10
6.276940671834980723e-01 5.758603914955086517e+10
6.302048434522321552e-01 7.754552647674064636e+10
6.327256628260409244e-01 1.073976371186909027e+11
6.352565654773452142e-01 1.316687901417287292e+11
6.377975917392545435e-01 1.497660436107124939e+11
6.403487821062116003e-01 2.290689756514309998e+11
6.429101772346363930e-01 2.426682645525139771e+11
6.454818179435749537e-01 2.961774792656188965e+11
6.480637452153492628e-01 3.117620344014617310e+11
6.506560001962106154e-01 3.387739867660608521e+11
6.532586241969955410e-01 3.957372673820683594e+11
6.558716586937833881e-01 2.542046396871453857e+11
6.584951453285585732e-01 2.201213791449751892e+11
6.611291259098727169e-01 1.709424188371147156e+11
6.637736424135122215e-01 1.311900657317061310e+11
6.664287369831662922e-01 1.192579292856093597e+11
6.690944519310989547e-01 1.118128793528332062e+11
6.717708297388232941e-01 1.143513118314649658e+11
6.744579130577786907e-01 1.265513084177870941e+11
6.771557447100098326e-01 1.676420000814899597e+11
6.798643676888498355e-01 1.660438245937549744e+11
6.825838251596052508e-01 1.995824262916546936e+11
6.853141604602436265e-01 1.895738940982028809e+11
6.880554171020846210e-01 1.765244147933755188e+11
6.908076387704928933e-01 2.215110196121113892e+11
6.935708693255748791e-01 2.784406694036701660e+11
6.963451528028771209e-01 3.805591795260998535e+11
6.991305334140887062e-01 4.354987533463430786e+11
7.019270555477450380e-01 4.920809679553090210e+11
7.047347637699360456e-01 5.866688177406903076e+11
7.075537028250157290e-01 4.566626706248166504e+11
7.103839176363159202e-01 3.723901984776351929e+11
7.132254533068611568e-01 3.180760743123630981e+11
7.160783551200886610e-01 3.534438272109266357e+11
7.189426685405689854e-01 3.856660434172730713e+11
7.218184392147313222e-01 3.683818317871509399e+11
7.247057129715901436e-01 4.570709478150482788e+11
7.276045358234763949e-01 5.213276947823601074e+11
7.305149539667704639e-01 6.453488060098085938e+11
7.334370137826373703e-01 7.681581921191071777e+11
7.363707618377679509e-01 8.392659186533956299e+11
7.393162448851190449e-01 8.852376552141453857e+11
7.422735098646596752e-01 9.214136513507741699e+11
7.452426039041182282e-01 8.895347498117456055e+11
7.482235743197346300e-01 9.730719812024625244e+11
7.512164686170136330e-01 9.792192510654224854e+11
7.542213344914817652e-01 1.079865905863461304e+12
7.572382198294477229e-01 1.093526751521204956e+12
7.602671727087656484e-01 9.991802634703610840e+11
7.633082413996006288e-01 9.300200568693553467e+11
7.663614743651989691e-01 4.179533174969729004e+11
7.694269202626597970e-01 4.750209767288482056e+11
7.725046279437104424e-01 7.333322662069820557e+11
7.755946464554852593e-01 7.280732528763999023e+11
7.786970250413072225e-01 7.250224512306263428e+11
7.818118131414724115e-01 8.377970091657827148e+11
7.849390603940383793e-01 5.924625001539473877e+11
7.880788166356144098e-01 7.187379558580570068e+11
7.912311319021569922e-01 6.203047838227634277e+11
7.943960564297655180e-01 7.029119938675982666e+11
7.975736406554845281e-01 6.853008010151153564e+11
8.007639352181065151e-01 7.821922982496516113e+11
8.039669909589789443e-01 9.119728608030640869e+11
8.071828589228148276e-01 1.115819702314037109e+12
8.104115903585061842e-01 1.260907074292197266e+12
8.136532367199402760e-01 1.504712078931458008e+12
8.169078496668199518e-01 1.576634794086669434e+12
8.201754810654874328e-01 1.291465053364655518e+12
8.234561829897493190e-01 1.466065130880647217e+12
8.267500077217083687e-01 1.436103338076285889e+12
8.300570077525952772e-01 1.249989952368945801e+12
8.333772357836056743e-01 1.380209047020159180e+12
8.367107447267401188e-01 1.319174289860759277e+12
8.400575877056470908e-01 1.370607397774184570e+12
8.434178180564695371e-01 1.053439797924910522e+12
8.467914893286955236e-01 7.030908605397935791e+11
8.501786552860102208e-01 7.811300944732266846e+11
8.535793699071543283e-01 7.934068540864877930e+11
8.569936873867830540e-01 9.045233856615191650e+11
8.604216621363300899e-01 1.025671798844696289e+12
8.638633487848753623e-01 1.193569185105199463e+12
8.673188021800150027e-01 1.308401235216339844e+12
8.707880773887352044e-01 1.383113534161343018e+12
8.742712296982900755e-01 1.504485706316829834e+12
8.777683146170831563e-01 1.713897608727785645e+12
8.812793878755513788e-01 1.846883905578592285e+12
8.848045054270535781e-01 1.953171289149015869e+12
8.883437234487617795e-01 1.531118052931617920e+12
8.918970983425568155e-01 1.893018226447586914e+12
8.954646867359271623e-01 1.578312970330176025e+12
8.990465454828707736e-01 1.810658197362700684e+12
9.026427316648023558e-01 1.747948758242179199e+12
9.062533025914615292e-01 1.804735663638734863e+12
9.098783158018273198e-01 1.930508618950476074e+12
9.135178290650346478e-01 1.994847868262471436e+12
9.171719003812948134e-01 2.104729546043017822e+12
9.208405879828199803e-01 2.144106246226255615e+12
9.245239503347512100e-01 2.038923549781406494e+12
9.282220461360901620e-01 1.980424680093352783e+12
9.319349343206346781e-01 1.894076484422038574e+12
9.356626740579171431e-01 1.945103689070586182e+12
9.394053247541488405e-01 1.999160283666524658e+12
9.431629460531654185e-01 2.022166970220853760e+12
9.469355978373780180e-01 2.151704186264016846e+12
9.507233402287275092e-01 2.182867433279236328e+12
9.545262335896426142e-01 2.247087388142433594e+12
9.583443385240012491e-01 2.258833321709845215e+12
9.621777158780971950e-01 2.272551630573806641e+12
9.660264267416096562e-01 2.313701696755616699e+12
9.698905324485760371e-01 2.355462997179868652e+12
9.737700945783701600e-01 2.062747259020761475e+12
9.776651749566835914e-01 2.072535478196277100e+12
9.815758356565105203e-01 2.020683393824897949e+12
9.855021389991363012e-01 2.004754052705352783e+12
9.894441475551331022e-01 1.959452641588524902e+12
9.934019241453534432e-01 1.642148235725253174e+12
9.973755318419349480e-01 1.823281012347180664e+12
1.001365033969302543e+00 1.850544047819968018e+12
1.005370494105179757e+00 1.851284030306814209e+12
1.009391976081600362e+00 1.941912914777561768e+12
1.013429543985926884e+00 2.048435697734914795e+12
1.017483262161870350e+00 2.053109729199766113e+12
1.021553195210518128e+00 2.136061999397000977e+12
1.025639407991360219e+00 2.100114866353969482e+12
1.029741965623325539e+00 2.103731142964176514e+12
1.033860933485818867e+00 2.178566753259301025e+12
1.037996377219762012e+00 2.296458165143060547e+12
1.042148362728641198e+00 2.314855219963863281e+12
1.046316956179555557e+00 2.419200269496694824e+12
1.050502224004274066e+00 2.403245024056666992e+12
1.054704232900291139e+00 2.440950576640868652e+12
1.058923049831892227e+00 2.410130494114135254e+12
1.063158742031219628e+00 2.446743246611420898e+12
1.067411376999344741e+00 2.416043371992235352e+12
1.071681022507342096e+00 2.428153715780543945e+12
1.075967746597371377e+00 2.506821964940660156e+12
1.080271617583760779e+00 2.463856619215294434e+12
1.084592704054095913e+00 2.533305676489857910e+12
1.088931074870312044e+00 2.449119219825018066e+12
1.093286799169793433e+00 2.394367760340908691e+12
1.097659946366472461e+00 2.268816395772306641e+12
1.102050586151938294e+00 2.234198357654303711e+12
1.106458788496546219e+00 2.137538467041333740e+12
1.110884623650532532e+00 2.131984131927020508e+12
1.115328162145134749e+00 2.202710031647952148e+12
1.119789474793714934e+00 2.171101583372220459e+12
1.124268632692889902e+00 2.242150761091729980e+12
1.128765707223661430e+00 2.242160165699515625e+12
1.133280770052556230e+00 2.191730371344447754e+12
1.137813893132766374e+00 2.050055919626801025e+12
1.142365148705297484e+00 2.052976064636041260e+12
1.146934609300118479e+00 2.249380344235185059e+12
1.151522347737319096e+00 2.270292571971927246e+12
1.156128437128268516e+00 2.251503699611441406e+12
1.160752950876781542e+00 2.259954547564953613e+12
1.165395962680288999e+00 2.290248885789991211e+12
1.170057546531009907e+00 2.196745533008313965e+12
1.174737776717134086e+00 2.257460785148029785e+12
1.179436727824002773e+00 2.095174339335116943e+12
1.184154474735298557e+00 2.228075932326234863e+12
1.188891092634239977e+00 2.251349822408761230e+12
1.193646657004777012e+00 2.254188431361033691e+12
1.198421243632796118e+00 2.152605376801245117e+12
1.203214928607327261e+00 2.184261033334737061e+12
1.208027788321756724e+00 2.262811830135675781e+12
1.212859899475043468e+00 2.222587985622835449e+12
1.217711339072943710e+00 2.288649189138321289e+12
1.222582184429235275e+00 2.266864802801921387e+12
1.227472513166952384e+00 2.324360540598458008e+12
1.232382403219620226e+00 2.316625555419270996e+12
1.237311932832498407e+00 2.315157878533808594e+12
1.242261180563828615e+00 2.156081128521154297e+12
1.247230225286083849e+00 2.251184149701636230e+12
1.252219146187228072e+00 2.177470658832804932e+12
1.257228022771976983e+00 2.226721046005638672e+12
1.262256934863064783e+00 2.210403943566230469e+12
1.267305962602517155e+00 2.285573704220875977e+12
1.272375186452927354e+00 2.261582127614447754e+12
1.277464687198738957e+00 2.282094974708443359e+12
1.282574545947533950e+00 2.307659311257354492e+12
1.287704844131324133e+00 2.214441025964997559e+12
1.292855663507849417e+00 2.227467164632469238e+12
1.298027086161880783e+00 2.247647148247284180e+12
1.303219194506528344e+00 2.260856026568677246e+12
1.308432071284554521e+00 2.196971617295290283e+12
1.313665799569692760e+00 2.217590744558230957e+12
1.318920462767971591e+00 2.196601011528138916e+12
1.324196144619043336e+00 2.102894307989481934e+12
1.329492929197519491e+00 1.954606351148808838e+12
1.334810900914309650e+00 1.518163438799491211e+12
1.340150144517967101e+00 1.465963288840827637e+12
1.345510745096038852e+00 1.405393271714297363e+12
1.350892788076423212e+00 1.379883930039158203e+12
1.356296359228728932e+00 1.315136717991233154e+12
1.361721544665643879e+00 1.265923471918951904e+12
1.367168430844306393e+00 1.298125717130362549e+12
1.372637104567683730e+00 1.243759311718421631e+12
1.378127652985954299e+00 1.300170787924375977e+12
1.383640163597898098e+00 1.294324793193080566e+12
1.389174724252289828e+00 1.233462585140830566e+12
1.394731423149298877e+00 1.200025369013455811e+12
1.400310348841896202e+00 1.156751538627418213e+12
1.405911590237263642e+00 1.170928186970258789e+12
1.411535236598212784e+00 1.084347713270118774e+12
1.417181377544605603e+00 1.034671418823860718e+12
1.422850103054784210e+00 1.048317376381761230e+12
1.428541503467003038e+00 1.030906107049649048e+12
1.434255669480871243e+00 1.028663555848308105e+12
1.439992692158794885e+00 1.049281971769918335e+12
1.445752662927429988e+00 1.065178331030481445e+12
1.451535673579139596e+00 1.062958125902894531e+12
1.457341816273456159e+00 1.109460879547232910e+12
1.463171183538549913e+00 1.048176983372018921e+12
1.469023868272704147e+00 1.027095751929327515e+12
1.474899963745795128e+00 1.045315969112729004e+12
1.480799563600778246e+00 1.055878082150066528e+12
1.486722761855181485e+00 1.054251161198608154e+12
1.492669652902602007e+00 1.064509199503031250e+12
1.498640331514212276e+00 1.073976474420991455e+12
1.504634892840269300e+00 1.095811632582879395e+12
1.510653432411630304e+00 1.102567032062649658e+12
1.516696046141276843e+00 1.124017899728659424e+12
1.522762830325842032e+00 1.135814597319458008e+12
1.528853881647145307e+00 1.141776997811696045e+12
1.534969297173733649e+00 1.143373930189813477e+12
1.541109174362428780e+00 1.141190516578756104e+12
1.547273611059878373e+00 1.173539370835903076e+12
1.553462705504118135e+00 1.188586089907176514e+12
1.559676556326134556e+00 1.186237648903289551e+12
1.565915262551438980e+00 1.214988578464060791e+12
1.572178923601644795e+00 1.222442389141474365e+12
1.578467639296051495e+00 1.260414014525362061e+12
1.584781509853235626e+00 1.270615390097708740e+12
1.591120635892648405e+00 1.270917446601408936e+12
1.597485118436219098e+00 1.295838991390877930e+12
1.603875058909963958e+00 1.312400000655196777e+12
1.610290559145603595e+00 1.315011325861603760e+12
1.616731721382186127e+00 1.334840592899346191e+12
1.623198648267714761e+00 1.343191001991159668e+12
1.629691442860785600e+00 1.357668697485893311e+12
1.636210208632228769e+00 1.382645636411138428e+12
1.642755049466757766e+00 1.397232027460982666e+12
1.649326069664624805e+00 1.403920581516502686e+12
1.655923373943283039e+00 1.420110215595937256e+12
1.662547067439056336e+00 1.424780693177841797e+12
1.669197255708812611e+00 1.435059109221283203e+12
1.675874044731648027e+00 1.447906987747238281e+12
1.682577540910574321e+00 1.439824796292010986e+12
1.689307851074216771e+00 1.407157961730851074e+12
1.696065082478513508e+00 1.378748878944396484e+12
1.702849342808427480e+00 1.349634051505020020e+12
1.709660740179661298e+00 1.298715552600535645e+12
1.716499383140379864e+00 1.200754025498796387e+12
1.723365380672941427e+00 1.191358237679456055e+12
1.730258842195633306e+00 1.164863808810608887e+12
1.737179877564415831e+00 1.100819048663804688e+12
1.744128597074673603e+00 1.091359924226269409e+12
1.751105111462972097e+00 1.050866911696248901e+12
1.758109531908824241e+00 9.876617860817841797e+11
1.765141970036459451e+00 9.626137685428232422e+11
1.772202537916605314e+00 9.224023821265672607e+11
1.779291348068271716e+00 8.671306487820352783e+11
1.786408513460544745e+00 8.536613170509738770e+11
1.793554147514387020e+00 8.236724901286779785e+11
1.800728364104444257e+00 8.042733139225219727e+11
1.807931277560862249e+00 7.581422347765170898e+11
1.815163002671105641e+00 7.776239695673593750e+11
1.822423654681789795e+00 7.566023030294270020e+11
1.829713349300517100e+00 7.460960249727453613e+11
1.837032202697718830e+00 7.351509205996083984e+11
1.844380331508509885e+00 6.776549117479045410e+11
1.851757852834543527e+00 6.704226871857434082e+11
1.859164884245881888e+00 6.004884143940687256e+11
1.866601543782865358e+00 6.473082166507050781e+11
1.874067949957996859e+00 6.447312148648958740e+11
1.881564221757828781e+00 6.527547652545075684e+11
1.889090478644860127e+00 6.726459360589461670e+11
1.896646840559439662e+00 6.705874813041701660e+11
1.904233427921677269e+00 6.780478119052321777e+11
1.911850361633363971e+00 6.752772857176663818e+11
1.919497763079897279e+00 6.628927005359407959e+11
1.927175754132217200e+00 6.598804979978728027e+11
1.934884457148745796e+00 6.655975898222769775e+11
1.942623994977340729e+00 6.447413474341748047e+11
1.950394490957250149e+00 6.630209983820844727e+11
1.958196068921079336e+00 6.567611097645244141e+11
1.966028853196763793e+00 6.532704887460957031e+11
1.973892968609550991e+00 6.411532891707064209e+11
1.981788540483989447e+00 6.218151170601950684e+11
1.989715694645925126e+00 6.163991151366904297e+11
1.997674557424508723e+00 6.045881122112902832e+11
2.005665255654207169e+00 5.943520336172259521e+11
2.013687916676823786e+00 5.927460825620357666e+11
2.021742668343530891e+00 5.999809640133040771e+11
2.029829639016905052e+00 5.887038374763666992e+11
2.037948957572972564e+00 5.876670003313763428e+11
2.046100753403264694e+00 5.909866729457152100e+11
2.054285156416877811e+00 5.982173900959632568e+11
2.062502297042545507e+00 5.951146389963502197e+11
2.070752306230715600e+00 6.025837077164742432e+11
2.079035315455638244e+00 6.041089001736074219e+11
2.087351456717461140e+00 6.016613544728204346e+11
2.095700862544330967e+00 6.117330476587624512e+11
2.104083665994508134e+00 6.225413410065686035e+11
2.112500000658485977e+00 6.263728096137747803e+11
2.120950000661120161e+00 6.309094685509884033e+11
2.129433800663764753e+00 6.262820786430279541e+11
2.137951535866419839e+00 6.343643766475987549e+11
2.146503342009885351e+00 6.498463904846135254e+11
2.155089355377924676e+00 6.489815996754459229e+11
2.163709712799436691e+00 6.583958676792427979e+11
2.172364551650634468e+00 6.610844149548496094e+11
2.181054009857236853e+00 6.607413260451497803e+11
2.189778225896665376e+00 6.641710684935123291e+11
2.198537338800252705e+00 6.716682776385288086e+11
2.207331488155453325e+00 6.680623567690322266e+11
2.216160814108075083e+00 6.748229260926055908e+11
2.225025457364507631e+00 6.786078101535812988e+11
2.233925559193965515e+00 6.785013722245145264e+11
2.242861261430741493e+00 6.836611306495551758e+11
2.251832706476463830e+00 6.793282401022723389e+11
2.260840037302370042e+00 6.730672280778614502e+11
2.269883397451579299e+00 6.768417790996339111e+11
2.278962931041386142e+00 6.718246067185830078e+11
2.288078782765551100e+00 6.754381410725675049e+11
2.297231097896613505e+00 6.028322108318172607e+11
2.306420022288200311e+00 6.443800536280590820e+11
2.315645702377353121e+00 6.206254414273117676e+11
2.324908285186861878e+00 5.716564018802514648e+11
2.334207918327609654e+00 5.968166628284611816e+11
2.343544750000919663e+00 5.798810204879488525e+11
2.352918929000923143e+00 5.441550942324542847e+11
2.362330604716927240e+00 5.509918987057894287e+11
2.371779927135795329e+00 5.473635699232557983e+11
2.381267046844337987e+00 5.186968478260455933e+11
2.390792115031715070e+00 5.017046461601500854e+11
2.400355283491842240e+00 4.842580737283135986e+11
2.409956704625809465e+00 4.494451682124262085e+11
2.419596531444312859e+00 4.454576262741750488e+11
2.429274917570089620e+00 4.140720369819952393e+11
2.438992017240370291e+00 3.985025855285390625e+11
2.448747985309331465e+00 3.797789690222749634e+11
2.458542977250568917e+00 3.643354821705553589e+11
2.468377149159570738e+00 3.568242808230447998e+11
2.478250657756209563e+00 3.245305393942245483e+11
2.488163660387234355e+00 3.249398741620084839e+11
2.498116315028783063e+00 3.212105442389749146e+11
2.508108780288898387e+00 2.925286377546127319e+11
2.518141215410053757e+00 2.919093659623001099e+11
2.528213780271693967e+00 2.789954488132287598e+11
2.538326635392781139e+00 2.754272198422298584e+11
2.548479941934351789e+00 2.716645049971430054e+11
2.558673861702089436e+00 2.643249801391925964e+11
2.568908557148898097e+00 2.675553138162579041e+11
2.579184191377493551e+00 2.513167620842727661e+11
2.589500928143003478e+00 2.630960098723572388e+11
2.599858931855575594e+00 2.657637976294577637e+11
2.610258367582998229e+00 2.685521630746646729e+11
2.620699401053329769e+00 2.581573331212102051e+11
2.631182198657543214e+00 2.605169329402591553e+11
2.641706927452173392e+00 2.569805739818730469e+11
2.652273755161981938e+00 2.679832588404354858e+11
2.662882850182629824e+00 2.694927434062392883e+11
2.673534381583360542e+00 2.506531959958452759e+11
2.684228519109693956e+00 2.535765173871141663e+11
2.694965433186132575e+00 2.401284051260892029e+11
2.705745294918877164e+00 2.400379866095982971e+11
2.716568276098552559e+00 2.336740762595598145e+11
2.727434549202946812e+00 2.229448508874537659e+11
2.738344287399758326e+00 2.189924827901419678e+11
2.749297664549357201e+00 2.163655022570041199e+11
2.760294855207554576e+00 2.171947304174052429e+11
2.771336034628385292e+00 2.094049151208273621e+11
2.782421378766898545e+00 1.998868088677995911e+11
2.793551064281966312e+00 2.038055240173117981e+11
2.804725268539093985e+00 1.941002264496653137e+11
2.815944169613250558e+00 1.876190937591717529e+11
2.827207946291703244e+00 1.977738030213876038e+11
2.838516778076869862e+00 1.865868242132184448e+11
2.849870845189177437e+00 1.855820818885785522e+11
2.861270328569933685e+00 1.892785477348786316e+11
2.872715409884213589e+00 1.863408295853161926e+11
2.884206271523750420e+00 1.839449509412539062e+11
2.895743096609845413e+00 1.874963552609169006e+11
2.907326068996284985e+00 1.718239717766724243e+11
2.918955373272270393e+00 1.739980676935939331e+11
2.930631194765359826e+00 1.782722799838336487e+11
2.942353719544420709e+00 1.706555374930774841e+11
2.954123134422598440e+00 1.723564351186546326e+11
2.965939626960289122e+00 1.679285209010699158e+11
2.977803385468130504e+00 1.740019061839346924e+11
2.989714599010003138e+00 1.666522880606513062e+11
3.001673457406043077e+00 1.683970786853443909e+11
3.013680151235667015e+00 1.678718699013822632e+11
3.025734871840609408e+00 1.618378582884725342e+11
3.037837811327972037e+00 1.708750516212814941e+11
3.049989162573283785e+00 1.619586355795999146e+11
3.062189119223576395e+00 1.702711015356258545e+11
3.074437875700470890e+00 1.636049373620585327e+11
3.086735627203272880e+00 1.643216388641431274e+11
3.099082569712085622e+00 1.662513545849906311e+11
3.111478899990933744e+00 1.606196915551061707e+11
3.123924815590897186e+00 1.649222880923267517e+11
3.136420514853261121e+00 1.624574448940041809e+11
3.148966196912674320e+00 1.622859972398276367e+11
3.161562061700325277e+00 1.645661174629738464e+11
3.174208309947126327e+00 1.590639748646071472e+11
3.186905143186915090e+00 1.682788257870971985e+11
3.199652763759662566e+00 1.547159789934362183e+11
3.212451374814701222e+00 1.662624409864984131e+11
3.225301180313960625e+00 1.622994711643101501e+11
3.238202385035215958e+00 1.613668902729104309e+11
3.251155194575356955e+00 1.652981241821514893e+11
3.264159815353658622e+00 1.647560767755339966e+11
3.277216454615073271e+00 1.624114345123048706e+11
3.290325320433533207e+00 1.628617997936083984e+11
3.303486621715267635e+00 1.637601986216299744e+11
3.316700568202128441e+00 1.602763517357002869e+11
3.329967370474937294e+00 1.665628046540287781e+11
3.343287239956836743e+00 1.585410764157159119e+11
3.356660388916663962e+00 1.617717137130035400e+11
3.370087030472330714e+00 1.629178381786335754e+11
3.383567378594220187e+00 1.593220129042653809e+11
3.397101648108596716e+00 1.600296183447149963e+11
3.410690054701031482e+00 1.595367165386326599e+11
3.424332814919834878e+00 1.596969875249472046e+11
3.438030146179514634e+00 1.578322478986154175e+11
3.451782266764232610e+00 1.596866984188776550e+11
3.465589395831289998e+00 1.596384981365623169e+11
3.479451753414614767e+00 1.577808783552196350e+11
3.493369560428273068e+00 1.533638132503760986e+11
3.507343038669985980e+00 1.593919667562221680e+11
3.521372410824665788e+00 1.534224765109992371e+11
3.535457900467964709e+00 1.547472601578325500e+11
3.549599732069836477e+00 1.541015405953847046e+11
3.563798130998116154e+00 1.535648623651413269e+11
3.578053323522108364e+00 1.534864908066020203e+11
3.592365536816196858e+00 1.530755661275825195e+11
3.606734998963461614e+00 1.518810031383571167e+11
3.621161938959315041e+00 1.502613767655734253e+11
3.635646586715152839e+00 1.502753353626834717e+11
3.650189173062013293e+00 1.497205475394264221e+11
3.664789929754260545e+00 1.496235951971546936e+11
3.679449089473277645e+00 1.474720826245576172e+11
3.694166885831170699e+00 1.471053956326098938e+11
3.708943553374495661e+00 1.487958076434627380e+11
3.723779327587993571e+00 1.484899228944062195e+11
3.738674444898345328e+00 1.442840717427381592e+11
3.753629142677938901e+00 1.467957788034738464e+11
3.768643659248651190e+00 1.445896332907608643e+11
3.783718233885645432e+00 1.463679264301152649e+11
3.798853106821188153e+00 1.441729330560669861e+11
3.814048519248473657e+00 1.438700863391381836e+11
3.829304713325467180e+00 1.392201370220261230e+11
3.844621932178768908e+00 1.408229710429668274e+11
3.860000419907484215e+00 1.410443338412625427e+11
3.875440421587113882e+00 1.390680631006021118e+11
3.890942183273462529e+00 1.369599203034952698e+11
3.906505952006555926e+00 1.359106404240864410e+11
3.922131975814582727e+00 1.347542088442282257e+11
3.937820503717840648e+00 1.327504589404501953e+11
3.953571785732711508e+00 1.295101728367609253e+11
3.969386072875642490e+00 1.277015358674276276e+11
3.985263617167145167e+00 1.235490835537493134e+11
4.001204671635814059e+00 1.220957824274700928e+11
4.017209490322357190e+00 1.211709980893148499e+11
4.033278328283646630e+00 1.173733466649344177e+11
4.049411441596781458e+00 1.148920040424600830e+11
4.065609087363168506e+00 1.122412376830734863e+11
4.081871523712622185e+00 1.062345988994020081e+11
4.098199009807472315e+00 1.076069251415633545e+11
4.114591805846702144e+00 1.044689534081754150e+11
4.131050173070089038e+00 1.032173075121739044e+11
4.147574373762369149e+00 1.031195913704469604e+11
4.164164671257418959e+00 9.752240629505755615e+10
4.180821329942449260e+00 9.800636875677803040e+10
4.197544615262219558e+00 9.646552191631666565e+10
4.214334793723269357e+00 9.280412138826094055e+10
4.231192132898162761e+00 9.262518089477571106e+10
4.248116901429755288e+00 8.548368084334033203e+10
4.265109369035473996e+00 8.447236342110340881e+10
4.282169806511615384e+00 8.390503929734306335e+10
4.299298485737661935e+00 8.173448263591824341e+10
4.316495679680612874e+00 8.180448789951304626e+10
4.333761662399335357e+00 7.960010431751693726e+10
4.351096709048932532e+00 7.812452351688404846e+10
4.368501095885127583e+00 7.637136801974479675e+10
4.385975100268668214e+00 7.518294276144259644e+10
4.403519000669743555e+00 7.280312754046124268e+10
4.421133076672422391e+00 7.118535008370364380e+10
4.438817608979111817e+00 6.882047517825825500e+10
4.456572879415028332e+00 6.898858918620162964e+10
4.474399170932688463e+00 6.581546560375239563e+10
4.492296767616419828e+00 6.526127298053162384e+10
4.510265954686884626e+00 6.579051339711574554e+10
4.528307018505633330e+00 6.254050106290076447e+10
4.546420246579655711e+00 6.329549287191070557e+10
4.564605927565974497e+00 6.082430631667411041e+10
4.582864351276237258e+00 6.273381467002923584e+10
4.601195808681342925e+00 5.958590959292735291e+10
4.619600591916067422e+00 6.011573244356339264e+10
4.638078994283731937e+00 5.899232181047261810e+10
4.656631310260867629e+00 5.929832278190407562e+10
4.675257835501911430e+00 5.718674899304741669e+10
4.693958866843916944e+00 5.777443459841303253e+10
4.712734702311292878e+00 5.686710633907942200e+10
4.731585641120538810e+00 5.658508245066097260e+10
4.750511983685020923e+00 5.576870800798693085e+10
4.769514031619761063e+00 5.466968481346355438e+10
4.788592087746240011e+00 5.387656097610870361e+10
4.807746456097224730e+00 5.354577788608762360e+10
4.826977441921613377e+00 5.340695709369801331e+10
4.846285351689299858e+00 5.261620886282550049e+10
4.865670493096057925e+00 5.174368926096374512e+10
4.885133175068442135e+00 5.086062489934157562e+10
4.904673707768715474e+00 5.041375619859149170e+10
4.924292402599791174e+00 4.952800737758793640e+10
4.943989572210189642e+00 4.838337352762345886e+10
4.963765530499030021e+00 4.700089779476654053e+10
4.983620592621027079e+00 4.816057055529903412e+10
5.003555074991511198e+00 4.626855612552875519e+10
5.023569295291476777e+00 4.424844618977489471e+10
5.043663572472643075e+00 4.593739402842098999e+10
5.063838226762532813e+00 4.369827601464402771e+10
5.084093579669583640e+00 4.319124331647854614e+10
5.104429953988261381e+00 4.252077898078392029e+10
5.124847673804215020e+00 4.259451201263282013e+10
5.145347064499431688e+00 4.118756413211107635e+10
5.165928452757428957e+00 3.997156747799090576e+10
5.186592166568458673e+00 4.045170400976594543e+10
5.207338535234733001e+00 3.935392720926548004e+10
5.228167889375671784e+00 3.923661826098500824e+10
5.249080560933174766e+00 3.746143819860815430e+10
5.270076883176907145e+00 3.733408671189985657e+10
5.291157190709615321e+00 3.711698644948883820e+10
5.312321819472453299e+00 3.649589068463946533e+10
5.333571106750343738e+00 3.651803316463341522e+10
5.354905391177344320e+00 3.462701183602095795e+10
5.376325012742054099e+00 3.540076000464590454e+10
5.397830312793021612e+00 3.403728307407531738e+10
5.419421634044193858e+00 3.231542702851615143e+10
5.441099320580370602e+00 3.334614031638926315e+10
5.462863717862692425e+00 3.246214623142738724e+10
5.484715172734142996e+00 3.225530985227585602e+10
5.506654033425078865e+00 3.264470131014225006e+10
5.528680649558780580e+00 3.016764088583687592e+10
5.550795372157015350e+00 3.029364015407933426e+10
5.572998553645643227e+00 2.982779260356994629e+10
5.595290547860225949e+00 3.060764271689730835e+10
5.617671710051667766e+00 2.933335195366716385e+10
5.640142396891874021e+00 2.961678258164952850e+10
5.662702966479441713e+00 2.904445856574348450e+10
5.685353778345359821e+00 2.783856841076443100e+10
5.708095193458740724e+00 2.825213474118988037e+10
5.730927574232576482e+00 2.690685817020141983e+10
5.753851284529505783e+00 2.822242297116208649e+10
5.776866689667624399e+00 2.661199194518576813e+10
5.799974156426294769e+00 2.732784494124478912e+10
5.823174053051999977e+00 2.603779986024192810e+10
5.846466749264207508e+00 2.588065085027391815e+10
5.869852616261264977e+00 2.604545129185277176e+10
5.893332026726310069e+00 2.544529033757134628e+10
5.916905354833215114e+00 2.581824068374423599e+10
5.940572976252548543e+00 2.466222879594335938e+10
5.964335268157558545e+00 2.505079495753971100e+10
5.988192609230189589e+00 2.459241887203895187e+10
6.012145379667110490e+00 2.485892127767417526e+10
6.036193961185778889e+00 2.350658177284261322e+10
6.060338737030522616e+00 2.377007513184801102e+10
6.084580091978644134e+00 2.445719780328351593e+10
6.108918412346558746e+00 2.316721024227990723e+10
6.133354085995945226e+00 2.430174002511138916e+10
6.157887502339929320e+00 2.342620462428063583e+10
6.182519052349287669e+00 2.286869071398995972e+10
6.207249128558685491e+00 2.306933769864893723e+10
6.232078125072920471e+00 2.281476559021630478e+10
6.257006437573212843e+00 2.222012752993402863e+10
6.282034463323505236e+00 2.202316601999726868e+10
6.307162601176800720e+00 2.181293411597912216e+10
6.332391251581507063e+00 2.159586958214810562e+10
6.357720816587833390e+00 2.114341829409998322e+10
6.383151699854184180e+00 2.046754109298511505e+10
6.408684306653601226e+00 1.968816791820380020e+10
6.434319043880215361e+00 1.967698294746891403e+10
6.460056320055736379e+00 1.842251918382892609e+10
6.485896545335958052e+00 1.689328229779141235e+10
6.511840131517302233e+00 1.729981138866640472e+10
6.537887492043371829e+00 1.652732662797020340e+10
6.564039042011545533e+00 1.582952163536569023e+10
6.590295198179591196e+00 1.509297980189519882e+10
6.616656378972309405e+00 1.493412119799345779e+10
6.643123004488199257e+00 1.425351647477947807e+10
6.669695496506150789e+00 1.438902418187239456e+10
6.696374278492176479e+00 1.423232958050079727e+10
6.723159775606144528e+00 1.456259246460345078e+10
6.750052414708568094e+00 1.420229316633597374e+10
6.777052624367403411e+00 1.352087395185391426e+10
6.804160834864871887e+00 1.370736359095198441e+10
6.831377478204331055e+00 1.321316677536364365e+10
6.858702988117148180e+00 1.348835511623491859e+10
6.886137800069615622e+00 1.325186774941885376e+10
6.913682351269895499e+00 1.306107943785915565e+10
6.941337080674975013e+00 1.309025177749180603e+10
6.969102428997675069e+00 1.296120477581682014e+10
6.996978838713665994e+00 1.290678074825955009e+10
7.024966754068519670e+00 1.275986395094801712e+10
7.053066621084793653e+00 1.243189322945246506e+10
7.081278887569133929e+00 1.222929640292243195e+10
7.109604003119409654e+00 1.171896500431885338e+10
7.138042419131887861e+00 1.212660944385486794e+10
7.166594588808414379e+00 1.206085269604293060e+10
7.195260967163648047e+00 1.180145331716404533e+10
7.224042011032302923e+00 1.162617651337111473e+10
7.252938179076432235e+00 1.145547141342697906e+10
7.281949931792737196e+00 1.145826688290836143e+10
7.311077731519908696e+00 1.130704188588188171e+10
7.340322042445988515e+00 1.095816431964334869e+10
7.369683330615771411e+00 1.081268157573850060e+10
7.399162063938235612e+00 1.113020581674495316e+10
7.428758712193988423e+00 1.043405430031727409e+10
7.458473747042765112e+00 1.066554142498076439e+10
7.488307642030935796e+00 1.050899034095315933e+10
7.518260872599060285e+00 1.018273140209105301e+10
7.548333916089456253e+00 1.045859489298909187e+10
7.578527251753813587e+00 9.932916188104951859e+09
7.608841360760829176e+00 9.423346963539499283e+09
7.639276726203872769e+00 9.844136892951946259e+09
7.669833833108687493e+00 9.400804396152713776e+09
7.700513168441122325e+00 9.501067542692913055e+09
7.731315221114887670e+00 9.339747344666095734e+09
7.762240481999347352e+00 9.046724523425817490e+09
7.793289443927344351e+00 9.157215859531234741e+09
7.824462601703054077e+00 9.181014637665225983e+09
7.855760452109866065e+00 8.889665958521026611e+09
7.887183493918306532e+00 8.355063786157798767e+09
7.918732227893980458e+00 8.528119827200965881e+09
7.950407156805555431e+00 8.440709563606657028e+09
7.982208785432777454e+00 8.110599886189436913e+09
8.014137620574508958e+00 8.350691317063511848e+09
8.046194171056805899e+00 7.958692480544367790e+09
8.078378947741034821e+00 7.954588854533548355e+09
8.110692463531997021e+00 7.706855237230960846e+09
8.143135233386125549e+00 7.762773552815308571e+09
8.175707774319670662e+00 7.682744549893857002e+09
8.208410605416949224e+00 7.320732434187804222e+09
8.241244247838615422e+00 7.499616473652145386e+09
8.274209224829968790e+00 7.093202105012277603e+09
8.307306061729288871e+00 7.287473859142741203e+09
8.340535285976207192e+00 6.937879870500190735e+09
8.373897427120111203e+00 6.793283456866299629e+09
8.407393016828594412e+00 6.992621289062818527e+09
8.441022588895906509e+00 6.669254099279267311e+09
8.474786679251490540e+00 6.880942072101585388e+09
8.508685825968495209e+00 6.607394013301053047e+09
8.542720569272368891e+00 6.596673481739227295e+09
8.576891451549458978e+00 6.409875530195359230e+09
8.611199017355655627e+00 6.501166280316147804e+09
8.645643813425078150e+00 6.465986217989192963e+09
8.680226388678779159e+00 6.272906113897177696e+09
8.714947294233493125e+00 6.253836033321499825e+09
8.749807083410427566e+00 5.940582484664344788e+09
8.784806311744070229e+00 6.101562115974285126e+09
8.819945536991047774e+00 5.988123130273046494e+09
8.855225319139009343e+00 5.916600840893672943e+09
8.890646220415566958e+00 5.989608510610539436e+09
8.926208805297228821e+00 5.936714991357883453e+09
8.961913640518417878e+00 5.643488933271777153e+09
8.997761295080492161e+00 5.762342308568758965e+09
9.033752340260813085e+00 5.707209847715347290e+09
9.069887349621856387e+00 5.642741939319911003e+09
9.106166899020346150e+00 5.534944089030833244e+09
9.142591566616424359e+00 5.504529572620714188e+09
9.179161932882891506e+00 5.472655847830705643e+09
9.215878580614422333e+00 5.337832717608510971e+09
9.252742094936881045e+00 5.186196453760835648e+09
9.289753063316627646e+00 5.207958436804696083e+09
9.326912075569895322e+00 5.129978744304820061e+09
9.364219723872173162e+00 5.227731637252779961e+09
9.401676602767663482e+00 4.975459305865601540e+09
9.439283309178733816e+00 4.941881677170506477e+09
9.477040442415447075e+00 4.961544439680199623e+09
9.514948604185111236e+00 4.848067549577038765e+09
9.553008398601852136e+00 4.935250833732288361e+09
9.591220432196260859e+00 4.697773097435627937e+09
9.629585313925044687e+00 4.616214540778117180e+09
9.668103655180747324e+00 4.607529832562307358e+09
9.706776069801470896e+00 4.508926483962529182e+09
9.745603174080676112e+00 4.546026466366716385e+09
9.784585586776998412e+00 4.512704335619108200e+09
9.823723929124106746e+00 4.371544207173369408e+09
9.863018824840601440e+00 4.328654577309296608e+09
9.902470900139965337e+00 4.052209223104729652e+09
9.942080783740523842e+00 4.239612040412940025e+09
9.981849106875488431e+00 4.121070461082553387e+09
1.002177650330298952e+01 4.093309764566578865e+09
1.006186360931619994e+01 3.992811315743395805e+09
1.010211106375346723e+01 3.874178324167121410e+09
1.014251950800847979e+01 3.926666863032108307e+09
1.018308958604051284e+01 3.907728913983090401e+09
1.022382194438467451e+01 3.762724765787755013e+09
1.026471723216221399e+01 3.731691941245376110e+09
1.030577610109086173e+01 3.653863474509490013e+09
1.034699920549522467e+01 3.579830066046836376e+09
1.038838720231720458e+01 3.562012841554484844e+09
1.042994075112647501e+01 3.474858036414418697e+09
1.047166051413097954e+01 3.418123710619647980e+09
1.051354715618750468e+01 3.414805086594127655e+09
1.055560134481225454e+01 3.322801215075353622e+09
1.059782375019150358e+01 3.216458036686980247e+09
1.064021504519226902e+01 3.260633467428272724e+09
1.068277590537303823e+01 3.246662370842696667e+09
1.072550700899452991e+01 3.107334191601348877e+09
1.076840903703050856e+01 3.026302511830186367e+09
1.081148267317863088e+01 3.050209294748637199e+09
1.085472860387134553e+01 3.081265138386537075e+09
1.089814751828683015e+01 2.886338381878635406e+09
1.094174010835997635e+01 2.903444601461486816e+09
1.098550706879341909e+01 2.759425309919246197e+09
1.102944909706859100e+01 2.754267436141539574e+09
1.107356689345686540e+01 2.748043286960141659e+09
1.111786116103069233e+01 2.697196079083045006e+09
1.116233260567481622e+01 2.650544227031610489e+09
1.120698193609751492e+01 2.577135815311439991e+09
1.125180986384190440e+01 2.562856354273152828e+09
1.129681710329727373e+01 2.514112661147222996e+09
1.134200437171046083e+01 2.496936302666313648e+09
1.138737238919730466e+01 2.453738253974462032e+09
1.143292187875409383e+01 2.400100392036457539e+09
1.147865356626910938e+01 2.390094066610113621e+09
1.152456818053418530e+01 2.336834258100623131e+09
1.157066645325632237e+01 2.263837718456805706e+09
1.161694911906934635e+01 2.238966707133932114e+09
1.166341691554562487e+01 2.227297562589634418e+09
1.171007058320780736e+01 2.168039915021864891e+09
1.175691086554063958e+01 2.076006729244943142e+09
1.180393850900279951e+01 2.094358692556387663e+09
1.185115426303881137e+01 2.050271182087280989e+09
1.189855888009096674e+01 2.045696980677789688e+09
1.194615311561133097e+01 2.014225614535621405e+09
1.199393772807377623e+01 1.991849201329782724e+09
1.204191347898607134e+01 1.963477485990410328e+09
1.209008113290201614e+01 1.923670154860886574e+09
1.213844145743362368e+01 1.871866864731504440e+09
1.218699522326335938e+01 1.893749772689142942e+09
1.223574320415641381e+01 1.823843220652917147e+09
1.228468617697303777e+01 1.838102410381332874e+09
1.233382492168093059e+01 1.770981939661088943e+09
1.238316022136765504e+01 1.758099641187145948e+09
1.243269286225312520e+01 1.647195791014652252e+09
1.248242363370213859e+01 1.709496596637657642e+09
1.253235332823694748e+01 1.625203452884760857e+09
1.258248274154989410e+01 1.650989411230829239e+09
1.263281267251609385e+01 1.616780847690899134e+09
1.268334392320615756e+01 1.578508866305432081e+09
1.273407729889898299e+01 1.598934346628658056e+09
1.278501360809457665e+01 1.507185168204419613e+09
1.283615366252695544e+01 1.476379413332580566e+09
1.288749827717706253e+01 1.530700891108597517e+09
1.293904827028577031e+01 1.431688077836591244e+09
1.299080446336691352e+01 1.467644293359494209e+09
1.304276768122038099e+01 1.406970643292459488e+09
1.309493875194526424e+01 1.417735141618541479e+09
1.314731850695304693e+01 1.374982860124305964e+09
1.319990778098085649e+01 1.342898670598106384e+09
1.325270741210477965e+01 1.309573574398420572e+09
1.330571824175319939e+01 1.293841025500606775e+09
1.335894111472021173e+01 1.292118307673352957e+09
1.341237687917909227e+01 1.288102626356513023e+09
1.346602638669580898e+01 1.220730168923340797e+09
1.351989049224258999e+01 1.249336086312500238e+09
1.357397005421156067e+01 1.197335302843127489e+09
1.362826593442840917e+01 1.190974846999169588e+09
1.368277899816612297e+01 1.181503550307934999e+09
1.373751011415878942e+01 1.123005384616448879e+09
1.379246015461542463e+01 1.160621214337119102e+09
1.384762999523388416e+01 1.091933407196661234e+09
1.390302051521481808e+01 1.136116877432167292e+09
1.395863259727567751e+01 1.095412306249284267e+09
1.401446712766477987e+01 1.050398466487068295e+09
1.407052499617543972e+01 1.084905989422899961e+09
1.412680709616014063e+01 1.011919470922149897e+09
1.418331432454478147e+01 9.848479500567792654e+08
1.424004758184296193e+01 1.003097935576956868e+09
1.429700777217033369e+01 1.015581337458948374e+09
1.435419580325901379e+01 9.553711801055277586e+08
1.441161258647204946e+01 9.633804339908500910e+08
1.446925903681793812e+01 9.184579526946899891e+08
1.452713607296521126e+01 9.347894088948681355e+08
1.458524461725707155e+01 9.139849752766891718e+08
1.464358559572609764e+01 8.749298713940154314e+08
1.470215993810900557e+01 8.684068186440494061e+08
1.476096857786143879e+01 8.948984247754898071e+08
1.482001245217288599e+01 8.630463346128419638e+08
1.487929250198157760e+01 8.331851700930653811e+08
1.493880967198950316e+01 8.248911832826027870e+08
1.499856491067746056e+01 8.196838815715372562e+08
1.505855917032016933e+01 8.135130132568695545e+08
1.511879340700144958e+01 7.898060645552799702e+08
1.517926858062945605e+01 7.649221730140665770e+08
1.523998565495197433e+01 7.873755413982695341e+08
1.530094559757178274e+01 7.506479749677586555e+08
1.536214937996206764e+01 7.425108104547544718e+08
1.542359797748191674e+01 7.294612328821159601e+08
1.548529236939184450e+01 7.278733711823685169e+08
1.554723353886941339e+01 6.930887182232021093e+08
1.560942247302489072e+01 7.169356607571892738e+08
1.567186016291699069e+01 6.974276904533468485e+08
1.573454760356865556e+01 6.724036402789770365e+08
1.579748579398293096e+01 6.786251885686742067e+08
1.586067573715886247e+01 6.574410064955606461e+08
1.592411844010749888e+01 6.692810260648107529e+08
1.598781491386792730e+01 6.157367895842185020e+08
1.605176617352340074e+01 6.290763869226129055e+08
1.611597323821749228e+01 6.025402450945889950e+08
1.618043713117036120e+01 6.136046693514188528e+08
1.624515887969504391e+01 5.767389542418999672e+08
1.631013951521382310e+01 6.050539981399810314e+08
1.637538007327468037e+01 5.958840674981272221e+08
1.644088159356778078e+01 5.853822368059900999e+08
1.650664511994205341e+01 5.605462234935647249e+08
1.657267170042182158e+01 5.482183442373275757e+08
1.663896238722350418e+01 5.216901318901869059e+08
1.670551823677240222e+01 5.421520358788346052e+08
1.677234030971949608e+01 5.488097564618505239e+08
1.683942967095837062e+01 5.254179806437472701e+08
1.690678738964220429e+01 5.124383383757688999e+08
1.697441453920077237e+01 5.183027018792896271e+08
1.704231219735757108e+01 5.342948032367826700e+08
1.711048144614700561e+01 4.723268842044953108e+08
1.717892337193159236e+01 4.898143305637909174e+08
1.724763906541932101e+01 4.641301519009966850e+08
1.731662962168099895e+01 4.630595780146570802e+08
1.738589614016772344e+01 4.507522532619367838e+08
1.745543972472839300e+01 4.643068035998402834e+08
1.752526148362730751e+01 4.508023958582263589e+08
1.759536252956181812e+01 4.347105204639487863e+08
1.766574397968006238e+01 4.290553540451027155e+08
1.773640695559878466e+01 4.265056012428830862e+08
1.780735258342117433e+01 4.261904512875105739e+08
1.787858199375486024e+01 4.271690235345516205e+08
1.795009632172988034e+01 4.033972653098034859e+08
1.802189670701679702e+01 4.116350336179895997e+08
1.809398429384486562e+01 4.022545606205196381e+08
1.816636023102024211e+01 3.668330834372550845e+08
1.823902567194432578e+01 3.959993752395285368e+08
1.831198177463210186e+01 3.895585845369051695e+08
1.838522970173062987e+01 3.794859911376621127e+08
1.845877062053754969e+01 3.745008780534185767e+08
1.853260570301970134e+01 3.474809224475468993e+08
1.860673612583178027e+01 3.360548015033981800e+08
1.868116307033510637e+01 3.485061628443067670e+08
1.875588772261644976e+01 3.407870239773235321e+08
1.883091127350691352e+01 3.550405299244376421e+08
1.890623491860094063e+01 3.351427444033384323e+08
1.898185985827534594e+01 3.253305988272691965e+08
1.905778729770844748e+01 3.401291723997536898e+08
1.913401844689928311e+01 3.344324881694638133e+08
1.921055452068688041e+01 3.029206162295045853e+08
1.928739673876962968e+01 3.122592463491966128e+08
1.936454632572470658e+01 3.124330930471192002e+08
1.944200451102760141e+01 2.808750998055101037e+08
1.951977252907171589e+01 3.115717756420121193e+08
1.959785161918800256e+01 2.858865442292317748e+08
1.967624302566475691e+01 2.866856120196915269e+08
1.991079942767366973e+01 2.774950991847075224e+08
