# Wavelength (micrometer), Flux (W / m2 / m)
1.000553076518779783e-01 8.453395019377256775e+10
1.004555288824854897e-01 2.417336971484576464e-05
1.008573509980154326e-01 3.678555541211706953e-05
1.012607804020075053e-01 3.736187937381691174e-05
1.016658235236155422e-01 6.266343720710678756e-05
1.020724868177099870e-01 3.449907191020737743e-04
1.024807767649808382e-01 1.925823127633051436e-04
1.028906998720407612e-01 1.089244209402134476e-04
1.033022626715289355e-01 4.951098798152523154e-04
1.037154717222150413e-01 1.633197980067463352e-04
1.041303336091038839e-01 1.449708223450270513e-04
1.045468549435403099e-01 3.274091830745677893e-04
1.049650423633144702e-01 1.269575992644028282e-04
1.053849025327677214e-01 4.854902278730586812e-04
1.058064421428987906e-01 2.043815002790848757e-04
1.062296679114703990e-01 6.995395916191496106e-04
1.066545865831162732e-01 7.459667442498184916e-04
1.070812049294487533e-01 5.033440325157724883e-04
1.075095297491665408e-01 1.793997507556765797e-03
1.079395678681632220e-01 6.294014121035603967e-04
1.083713261396358624e-01 2.066027737277578193e-03
1.088048114441943909e-01 1.670020957565737348e-03
1.092400306899711654e-01 9.969448969277443576e-03
1.096769908127310511e-01 2.462434218411490607e-03
1.101156987759819850e-01 3.145873885848248907e-03
1.105561615710859147e-01 1.021278724056357175e-02
1.109983862173702651e-01 7.309307240732833104e-03
1.114423797622397516e-01 5.375526866165119058e-03
1.118881492812886930e-01 4.019308034825142852e-03
1.123357018784138517e-01 7.808210589702413960e-03
1.127850446859275102e-01 6.751600972572253945e-02
1.132361848646712132e-01 6.846903525211724129e-02
1.136891296041298988e-01 5.631544796777766815e-02
1.141438861225464035e-01 6.225918111127127369e-02
1.146004616670366072e-01 5.609896278271715025e-02
1.150588635137047705e-01 6.440467065766904142e-02
1.155190989677595953e-01 6.087268281657868402e-02
1.159811753636306314e-01 9.616981806993588067e-02
1.164451000650851553e-01 6.424405669331433033e-02
1.169108804653455069e-01 8.095447312380202320e-02
1.173785239872068981e-01 1.602277605188373866e-01
1.178480380831557206e-01 2.774571487119132929e-01
1.183194302354883543e-01 2.278554180341557100e-01
1.187927079564302935e-01 2.220622197981519108e-01
1.192678787882560099e-01 3.120421826915480978e-01
1.197449503034090645e-01 4.468854706212266326e-01
1.202239301046226783e-01 2.359192331777457408e-01
1.207048258250411760e-01 6.046798691366261913e-01
1.211876451283413342e-01 5.162816906401482830e-01
1.216723957088547137e-01 1.036862681068269065e+00
1.221590852916901310e-01 1.626621147857645777e+00
1.226477216328568792e-01 4.713571652583921967e+00
1.231383125193883099e-01 2.644813895487228894e+00
1.236308657694658586e-01 3.770462159684488501e+00
1.241253892325437369e-01 2.155156764139877890e+00
1.246218907894739159e-01 2.426132412081932976e+00
1.251203783526317892e-01 3.765269795578737977e+00
1.256208598660423226e-01 2.502790620531930799e+00
1.261233433055065078e-01 4.493071870045924676e+00
1.266278366787285392e-01 4.476603273098191060e+00
1.271343480254434610e-01 8.997566023937796587e+00
1.276428854175452321e-01 5.901391822775043927e+00
1.281534569592154005e-01 7.736138704335376204e+00
1.286660707870522780e-01 8.404181009617902376e+00
1.291807350702004475e-01 1.858055350331300559e+01
1.296974580104812425e-01 1.677998748256295158e+01
1.302162478425231973e-01 1.565309592141411876e+01
1.307371128338932764e-01 2.130120703041336583e+01
1.312600612852288795e-01 2.181225890462901518e+01
1.317851015303697915e-01 2.851770320837626471e+01
1.323122419364912705e-01 2.702650766798056026e+01
1.328414909042372472e-01 3.262135657411587175e+01
1.333728568678542170e-01 4.636969948983112033e+01
1.339063482953256612e-01 3.227789374762969743e+01
1.344419736885069383e-01 3.183981992601336231e+01
1.349797415832609815e-01 3.439505506938876778e+01
1.355196605495940232e-01 5.639805606191562504e+01
1.360617391917924301e-01 4.859520898036564773e+01
1.366059861485595939e-01 3.987842295834067841e+01
1.371524100931538481e-01 4.734080675212469913e+01
1.377010197335264696e-01 6.666679696058477589e+01
1.382518238124605670e-01 7.728919630521242823e+01
1.388048311077104136e-01 8.899798158093037159e+01
1.393600504321412248e-01 1.009615145964493905e+02
1.399174906338697677e-01 8.386520824600408730e+01
1.404771605964052761e-01 1.296814867277493875e+02
1.410390692387908651e-01 1.705817585097482549e+02
1.416032255157460562e-01 2.423892562392047978e+02
1.421696384178090522e-01 1.735845342365770421e+02
1.427383169714803168e-01 1.871295666554088939e+02
1.433092702393662099e-01 5.492388534537898295e+02
1.438825073203236771e-01 2.945599937479274786e+02
1.444580373496049674e-01 6.719790001845007055e+02
1.450358694990033503e-01 5.021100346633753588e+02
1.456160129769993872e-01 8.409721894581252855e+02
1.461984770289073976e-01 8.448227939267435431e+02
1.467832709370230082e-01 6.811369074220430093e+02
1.473704040207710897e-01 9.556005366920749111e+02
1.479598856368541382e-01 9.091362431639372517e+02
1.485517251794015725e-01 1.152685082029709747e+03
1.491459320801191979e-01 2.493655044814227040e+03
1.497425158084396690e-01 1.740865524467821842e+03
1.503414858716734248e-01 4.105750044405653171e+03
1.509428518151600951e-01 3.765409507366000071e+03
1.515466232224207677e-01 2.331969914156562936e+03
1.521528097153104220e-01 5.293295814891844202e+03
1.527614209541716672e-01 6.007894487812028274e+03
1.533724666379883694e-01 5.743833259484476002e+03
1.539859565045403056e-01 7.745388785665424621e+03
1.546019003305584838e-01 2.840661427698631542e+03
1.552203079318807133e-01 4.514344906542351055e+03
1.558411891636082569e-01 5.605429202905861530e+03
1.564645539202626778e-01 4.037910965994803973e+03
1.570904121359437411e-01 5.629474061325763614e+03
1.577187737844875093e-01 5.008444108467908336e+03
1.583496488796254653e-01 5.570766841398689394e+03
1.589830474751439959e-01 7.499298530766706790e+03
1.596189796650445414e-01 4.581971954044000086e+03
1.602574555837047166e-01 4.598570479269095813e+03
1.608984854060395708e-01 6.220544687953930406e+03
1.615420793476636807e-01 7.098620541630641128e+03
1.621882476650543525e-01 8.138280176734620909e+03
1.628370006557145755e-01 7.957736194885644181e+03
1.634883486583374457e-01 9.210554537475863981e+03
1.641423020529707844e-01 9.797046267216024717e+03
1.647988712611826723e-01 1.110632668782646215e+04
1.654580667462274002e-01 7.867143242550184368e+03
1.661198990132123077e-01 1.302360746967711384e+04
1.667843786092651215e-01 1.468811429189269802e+04
1.674515161237022098e-01 1.737356314616856253e+04
1.681213221881969755e-01 2.431192174877683283e+04
1.687938074769497754e-01 2.265896978551923894e+04
1.694689827068575905e-01 3.791554666483892652e+04
1.701468586376850278e-01 3.523963589206732286e+04
1.708274460722357391e-01 4.165532275304649374e+04
1.715107558565246715e-01 5.083644491079431464e+04
1.721967988799507909e-01 5.079218914691121608e+04
1.728855860754705820e-01 6.875871188690308190e+04
1.735771284197724640e-01 6.271066750408452208e+04
1.742714369334515678e-01 7.125659392448299332e+04
1.749685226811853456e-01 1.085655674000125873e+05
1.756683967719100681e-01 8.454205861824975000e+04
1.763710703589977391e-01 1.361894646996762895e+05
1.770765546404337309e-01 1.518532074440909782e+05
1.777848608589954471e-01 1.163883946103121125e+05
1.784960003024314568e-01 2.021218545372766966e+05
1.792099843036411844e-01 1.778343262696594466e+05
1.799268242408557650e-01 1.914284766550735221e+05
1.806465315378191772e-01 2.977967566139997216e+05
1.813691176639704306e-01 1.792373355780165875e+05
1.820945941346263086e-01 2.844210770378980087e+05
1.828229725111648329e-01 4.421885974122693879e+05
1.835542644012094771e-01 2.263021517400191515e+05
1.842884814588143239e-01 4.024599714189100196e+05
1.850256353846495561e-01 6.192897672157069901e+05
1.857657379261881403e-01 3.763811332380214008e+05
1.865088008778928996e-01 7.255532547222377034e+05
1.872548360814044743e-01 7.385559141847338760e+05
1.880038554257300876e-01 5.518292615713115083e+05
1.887558708474330049e-01 9.988600415674946271e+05
1.895108943308226879e-01 9.242390116250521969e+05
1.902689379081460019e-01 8.304484307548365323e+05
1.910300136597785636e-01 1.562972308265701169e+06
1.917941337144176972e-01 1.348398147890949622e+06
1.925613102492753359e-01 1.420898765417740913e+06
1.933315554902724498e-01 2.216662991133596282e+06
1.941048817122335568e-01 2.029465674481868977e+06
1.948813012390824828e-01 2.157213667443406302e+06
1.956608264440388156e-01 3.465456989779186901e+06
1.964434697498149418e-01 2.709973444641820621e+06
1.972292436288141937e-01 3.159430364217386581e+06
1.980181606033294406e-01 4.817861082326934673e+06
1.988102332457427346e-01 4.253373348884977400e+06
1.996054741787257336e-01 4.195810837134919129e+06
2.004038960754406518e-01 5.272306876331576146e+06
2.012055116597424309e-01 5.876580522725690156e+06
2.020103337063813842e-01 6.243177260415738449e+06
2.028183750412069219e-01 7.257529045582993887e+06
2.036296485413717494e-01 6.711769112609612755e+06
2.044441671355372303e-01 6.692263113578282297e+06
2.052619438040793887e-01 8.034918779161098413e+06
2.060829915792957157e-01 7.912746445361587219e+06
2.069073235456129201e-01 7.872548615360433236e+06
2.077349528397953449e-01 8.725788285197956488e+06
2.085658926511545219e-01 9.529981730808567256e+06
2.094001562217591150e-01 9.339055136556098238e+06
2.102377568466461677e-01 9.649831451277256012e+06
2.110787078740327671e-01 9.118179687419991940e+06
2.119230227055288740e-01 1.008669261116017029e+07
2.127707147963510126e-01 1.080433325667953119e+07
2.136217976555363773e-01 1.163895164371206798e+07
2.144762848461585492e-01 9.925851320198763162e+06
2.153341899855431840e-01 1.147370898770907894e+07
2.161955267454853669e-01 1.297537905877589062e+07
2.170603088524672986e-01 1.398477986526449025e+07
2.179285500878772042e-01 1.241153819045964070e+07
2.188002642882286852e-01 1.327637969141306356e+07
2.196754653453815986e-01 1.662298254816089571e+07
2.205541672067631020e-01 1.607826301897499897e+07
2.214363838755901703e-01 2.058845567008978501e+07
2.223221294110925284e-01 1.536372463087493740e+07
2.232114179287369160e-01 2.745984380302377790e+07
2.241042636004518529e-01 2.375980604318586364e+07
2.250006806548536520e-01 3.712675719559615850e+07
2.259006833774730438e-01 2.545896901716907695e+07
2.268042861109829667e-01 3.409097813414108753e+07
2.277115032554268836e-01 4.208396531721831858e+07
2.286223492684485714e-01 4.843275744368464500e+07
2.295368386655223802e-01 6.938910544165983796e+07
2.304549860201844658e-01 3.441390064994972199e+07
2.313768059642651864e-01 6.444139898443432897e+07
2.323023131881222503e-01 6.902713620113036036e+07
2.332315224408747223e-01 9.189216095829564333e+07
2.341644485306381973e-01 9.116777013997699320e+07
2.351011063247607502e-01 5.043496378754339367e+07
2.360415107500598020e-01 9.796896312505306304e+07
2.369856767930600405e-01 5.914938101471377164e+07
2.379336195002322851e-01 1.132374408502537608e+08
2.388853539782332114e-01 1.097459945771080852e+08
2.398408953941461863e-01 1.704703714132217467e+08
2.408002589757227141e-01 2.071547745949194729e+08
2.417634600116256582e-01 1.099171583275251240e+08
2.427305138516721306e-01 2.418680001650924087e+08
2.437014359070788505e-01 2.535805014256472290e+08
2.446762416507071713e-01 4.114989259757927060e+08
2.456549466173099938e-01 3.097394739041745663e+08
2.466375664037792625e-01 3.523113563045297861e+08
2.476241166693943785e-01 4.500270585843082070e+08
2.486146131360719436e-01 1.980124926323883832e+08
2.496090715886161993e-01 3.655722340805035233e+08
2.506075078749706586e-01 3.624315502067291737e+08
2.516099379064705155e-01 4.463812736044546962e+08
2.526163776580964138e-01 6.933171635161119699e+08
2.536268431687287994e-01 1.172091043805541277e+09
2.546413505414037437e-01 1.422953785090162277e+09
2.556599159435693491e-01 9.495632679904655218e+08
2.566825556073435988e-01 7.201163393105810881e+08
2.577092858297729827e-01 8.610867701487851143e+08
2.587401229730920682e-01 7.290810420394172668e+08
2.597750834649844576e-01 1.014525013391742826e+09
2.608141837988444123e-01 1.098387320472827911e+09
2.618574405340398092e-01 1.565020333973705292e+09
2.629048702961759298e-01 2.395811697876681805e+09
2.639564897773606367e-01 2.427844598916509151e+09
2.650123157364701054e-01 2.369589249904909611e+09
2.660723649994159445e-01 2.315885176484117508e+09
2.671366544594135917e-01 2.183021238975926876e+09
2.682052010772512096e-01 2.719301373973875523e+09
2.692780218815602478e-01 2.357798419036622524e+09
2.703551339690865030e-01 3.259027300201516628e+09
2.714365545049627904e-01 3.332798298068984509e+09
2.725223007229827243e-01 3.459876413227199554e+09
2.736123899258746106e-01 3.979027819441050529e+09
2.747068394855781692e-01 4.799711482892362595e+09
2.758056668435204806e-01 5.142196200157716751e+09
2.769088895108945403e-01 7.491622957430700302e+09
2.780165250689380918e-01 6.726552062714154243e+09
2.791285911692138466e-01 8.234227824967597008e+09
2.802451055338907038e-01 8.104158876077977180e+09
2.813660859560263017e-01 8.321220899882650375e+09
2.824915502998503469e-01 8.471039014928867340e+09
2.836215165010497197e-01 8.500088368709280968e+09
2.847560025670539119e-01 5.248628646012793541e+09
2.858950265773221866e-01 7.464246678774067879e+09
2.870386066836315142e-01 1.093094303484426117e+10
2.881867611103660631e-01 1.417597712084716797e+10
2.893395081548075787e-01 1.837725421955087280e+10
2.904968661874267610e-01 2.072771305297811890e+10
2.916588536521764197e-01 2.521234185232445908e+10
2.928254890667851273e-01 2.426044701668493652e+10
2.939967910230522619e-01 2.582194180582325363e+10
2.951727781871444911e-01 2.318331878344415665e+10
2.963534692998930908e-01 2.583104772934387207e+10
2.975388831770926501e-01 2.675729607821934128e+10
2.987290387098009981e-01 3.332962930374476242e+10
2.999239548646402409e-01 2.871566882827368546e+10
3.011236506840988536e-01 4.473021418911895752e+10
3.023281452868351593e-01 2.872164027051622391e+10
3.035374578679824742e-01 5.726347982369893646e+10
3.047516076994544187e-01 5.500251974074934387e+10
3.059706141302522830e-01 6.245658229079554749e+10
3.071944965867733357e-01 8.879343162436801147e+10
3.084232745731204095e-01 1.138765736259370422e+11
3.096569676714128194e-01 9.307665058360186768e+10
3.108955955420985018e-01 1.444050831278430176e+11
3.121391779242668751e-01 1.521930569982057190e+11
3.133877346359639215e-01 1.785879377437860107e+11
3.146412855745078230e-01 2.147710196014559021e+11
3.158998507168058190e-01 2.009169554768236084e+11
3.171634501196730627e-01 2.829205971389709473e+11
3.184321039201517545e-01 2.287630151031310730e+11
3.197058323358323295e-01 2.155194694399528198e+11
3.209846556651756444e-01 2.699269116722229919e+11
3.222685942878363852e-01 2.987972870190979614e+11
3.235576686649877520e-01 2.845558057579082642e+11
3.248518993396476984e-01 3.700579834865272217e+11
3.261513069370062801e-01 4.243359926237072144e+11
3.274559121647543369e-01 4.794561487430834351e+11
3.287657358134133401e-01 4.927782665549532471e+11
3.300807987566670154e-01 5.527523619920560303e+11
3.314011219516936890e-01 6.373867318286046143e+11
3.327267264395004642e-01 6.108945629252606201e+11
3.340576333452584534e-01 6.617885212898439941e+11
3.353938638786395088e-01 6.550799018786108398e+11
3.367354393341540630e-01 6.170971101377459717e+11
3.380823810914907468e-01 6.572059288721767578e+11
3.394347106158566718e-01 7.579255627333126221e+11
3.407924494583201014e-01 7.320352960501595459e+11
3.421556192561533982e-01 7.206303497267353516e+11
3.435242417331779707e-01 5.377004702162816772e+11
3.448983387001106626e-01 5.953397434966082764e+11
3.462779320549111417e-01 6.892640439507705078e+11
3.476630437831307319e-01 5.904363510817937012e+11
3.490536959582632992e-01 6.338174244964257812e+11
3.504499107420963600e-01 9.923112998018579102e+11
3.518517103850647421e-01 8.510275930872026367e+11
3.532591172266050239e-01 1.002459796320052734e+12
3.546721536955114717e-01 1.166989193117240723e+12
3.560908423102934761e-01 6.851375330151075439e+11
3.575152056795346533e-01 4.962427386713741455e+11
3.589452665022527800e-01 7.847178581925664062e+11
3.603810475682617254e-01 9.729472524685377197e+11
3.618225717585348278e-01 8.269259757404161377e+11
3.632698620455689364e-01 9.033614389415098877e+11
3.647229414937512293e-01 8.488568228283874512e+11
3.661818332597261971e-01 1.423017854013720947e+12
3.676465605927651259e-01 1.068178031346964966e+12
3.691171468351361895e-01 1.196175389892184814e+12
3.705936154224767076e-01 8.193978138251243896e+11
3.720759898841666247e-01 4.781029112436482544e+11
3.735642938437032656e-01 4.464686229891489868e+11
3.750585510190780902e-01 4.884443450188516846e+11
3.765587852231543908e-01 8.844711654404907227e+11
3.780650203640470441e-01 1.559910798553409424e+12
3.795772804455032068e-01 1.081441732053962646e+12
3.810955895672852312e-01 1.176941926404481689e+12
3.826199719255543585e-01 5.425198717429970093e+11
3.841504518132565771e-01 8.349796430554061279e+11
3.856870536205096456e-01 6.707288557639348145e+11
3.872298018349916715e-01 1.026818987665880493e+12
3.887787210423316320e-01 9.944935438477952881e+11
3.903338359265008939e-01 1.109380861784652344e+12
3.918951712702069545e-01 1.006577819539020508e+12
3.934627519552877928e-01 5.133179430340265503e+11
3.950366029631089404e-01 1.246630159321659180e+12
3.966167493749613859e-01 7.945797428703443604e+11
3.982032163724612550e-01 1.592146402673257812e+12
3.997960292379510450e-01 1.987170654719435303e+12
4.013952133549028578e-01 2.302686689722315430e+12
4.030007942083224659e-01 2.593419200863593750e+12
4.046127973851557647e-01 2.191334771654590820e+12
4.062312485746963908e-01 2.235101995985313477e+12
4.078561735689951728e-01 2.453201558970237793e+12
4.094875982632711353e-01 2.886513954653839355e+12
4.111255486563242245e-01 2.992627552084093262e+12
4.127700508509495880e-01 2.789198443139117676e+12
4.144211310543532978e-01 2.743369072734505371e+12
4.160788155785707931e-01 3.122359090159375977e+12
4.177431308408850463e-01 2.929401643695214355e+12
4.194141033642486138e-01 2.602102430324053711e+12
4.210917597777056320e-01 2.302792808585992676e+12
4.227761268168164221e-01 9.505915641569228516e+11
4.244672313240837602e-01 2.312384965411028809e+12
4.261651002493800910e-01 2.750978496810182617e+12
4.278697606503775730e-01 2.833761124452959961e+12
4.295812396929790666e-01 2.281911557553386719e+12
4.312995646517510107e-01 2.930923202164966797e+12
4.330247629103580187e-01 3.160617169544698730e+12
4.347568619619994745e-01 3.627958681860198730e+12
4.364958894098474596e-01 3.597505231139750000e+12
4.382418729674867897e-01 2.825637223878429199e+12
4.399948404593567730e-01 3.382575708617949707e+12
4.417548198211941890e-01 3.627979468177329102e+12
4.435218391004789873e-01 3.357007891151684570e+12
4.452959264568808750e-01 3.345139743523449219e+12
4.470771101627084021e-01 3.960411204802879395e+12
4.488654186033592119e-01 3.900809985550800781e+12
4.506608802777726241e-01 4.258765033923263184e+12
4.524635237988837710e-01 3.756007361831086426e+12
4.542733778940792333e-01 3.956111328859457031e+12
4.560904714056555065e-01 4.284642547982271484e+12
4.579148332912781894e-01 4.269046110873792480e+12
4.597464926244433370e-01 4.382820235822764160e+12
4.615854785949410899e-01 4.547367003537361328e+12
4.634318205093208576e-01 4.470832217358491211e+12
4.652855477913582227e-01 4.540443180198375977e+12
4.671466899825236219e-01 4.557476443733031250e+12
4.690152767424536906e-01 4.513810522774645508e+12
4.708913378494234969e-01 4.722649910924451172e+12
4.727749032008212171e-01 4.688010448082066406e+12
4.746660028136244769e-01 4.768252705794831055e+12
4.765646668248789131e-01 4.516056206543201172e+12
4.784709254921784560e-01 3.920196027658354004e+12
4.803848091941470555e-01 4.473572791302950195e+12
4.823063484309236815e-01 4.612666926655665039e+12
4.842355738246474361e-01 4.748590261772934570e+12
4.861725161199459966e-01 5.076525141995628906e+12
4.881172061844257226e-01 5.068390313915634766e+12
4.900696750091634302e-01 5.129329495143607422e+12
4.920299537092001074e-01 5.135728103474722656e+12
4.939980735240369625e-01 5.340485533475336914e+12
4.959740658181330253e-01 5.130637935628929688e+12
4.979579620814056362e-01 4.982270835776239258e+12
4.999497939297311566e-01 4.531660491287648438e+12
5.019495931054501758e-01 4.463380538084370117e+12
5.039573914778719965e-01 4.776836124456227539e+12
5.059732210437835054e-01 4.737327090355961914e+12
5.079971139279585435e-01 4.637797369671747070e+12
5.100291023836703852e-01 4.283087923203976562e+12
5.120692187932051054e-01 4.150467402695232910e+12
5.141174956683780550e-01 4.105224658824771973e+12
5.161739656510514473e-01 3.576463200325218262e+12
5.182386615136556074e-01 3.206262591095363281e+12
5.203116161597103329e-01 4.460249534701801758e+12
5.223928626243490303e-01 5.381842993177756836e+12
5.244824340748465152e-01 5.720868902663447266e+12
5.265803638111459239e-01 5.099127526109845703e+12
5.286866852663905103e-01 5.884943159186221680e+12
5.308014320074561088e-01 5.999011676557973633e+12
5.329246377354859288e-01 5.350774190418068359e+12
5.350563362864277916e-01 6.038993673315770508e+12
5.371965616315735881e-01 5.628027355566836914e+12
5.393453478780998456e-01 5.705360370355967773e+12
5.415027292696121819e-01 5.814770197680339844e+12
5.436687401866906466e-01 5.256802039585875000e+12
5.458434151474373941e-01 5.725477655312257812e+12
5.480267888080271321e-01 6.014625575691471680e+12
5.502188959632591247e-01 5.882332312985462891e+12
5.524197715471121928e-01 6.148600604495764648e+12
5.546294506333006025e-01 6.314705611174550781e+12
5.568479684358338400e-01 6.291104590659203125e+12
5.590753603095770519e-01 5.958622940444136719e+12
5.613116617508153716e-01 6.332836237299296875e+12
5.635569083978186899e-01 6.645610274620176758e+12
5.658111360314097560e-01 6.746809829532101562e+12
5.680743805755354980e-01 6.758303404083869141e+12
5.703466780978375672e-01 6.885134838403496094e+12
5.726280648102289872e-01 6.955857934089068359e+12
5.749185770694699160e-01 7.045791896753333984e+12
5.772182513777477375e-01 7.038030765851146484e+12
5.795271243832587071e-01 7.131898198197891602e+12
5.818452328807918184e-01 7.139103967661399414e+12
5.841726138123150003e-01 7.190724380147801758e+12
5.865093042675643131e-01 6.944943119669372070e+12
5.888553414846344758e-01 5.410464322360126953e+12
5.912107628505729462e-01 6.749644016793393555e+12
5.935756059019753339e-01 6.975217711872206055e+12
5.959499083255832552e-01 6.979278342804809570e+12
5.983337079588855190e-01 7.103812106447958008e+12
6.007270427907210886e-01 7.234444202984208984e+12
6.031299509618840426e-01 7.378102225446681641e+12
6.055424707657315331e-01 7.442075522484263672e+12
6.079646406487945187e-01 7.576424257808175781e+12
6.103964992113897203e-01 7.540382641463551758e+12
6.128380852082353503e-01 7.373588149390068359e+12
6.152894375490681744e-01 7.228553590682490234e+12
6.177505952992645710e-01 7.175636092723721680e+12
6.202215976804615893e-01 7.203697569188152344e+12
6.227024840711834486e-01 6.949548619744132812e+12
6.251932940074681477e-01 7.124545531868723633e+12
6.276940671834980723e-01 7.370990118879656250e+12
6.302048434522321552e-01 7.534693872670033203e+12
6.327256628260409244e-01 7.663879438810344727e+12
6.352565654773452142e-01 7.713253525802198242e+12
6.377975917392545435e-01 7.224416948320827148e+12
6.403487821062116003e-01 7.603594854573376953e+12
6.429101772346363930e-01 7.770192324198043945e+12
6.454818179435749537e-01 7.872624604196169922e+12
6.480637452153492628e-01 8.063179387117642578e+12
6.506560001962106154e-01 7.948652847865610352e+12
6.532586241969955410e-01 8.285180879601369141e+12
6.558716586937833881e-01 8.152266098847328125e+12
6.584951453285585732e-01 8.132382663034627930e+12
6.611291259098727169e-01 8.207337033981997070e+12
6.637736424135122215e-01 8.197271488743202148e+12
6.664287369831662922e-01 8.101943725683249023e+12
6.690944519310989547e-01 8.011887581531352539e+12
6.717708297388232941e-01 7.944282838363806641e+12
6.744579130577786907e-01 7.888319371597730469e+12
6.771557447100098326e-01 7.873544268827189453e+12
6.798643676888498355e-01 7.634559299655899414e+12
6.825838251596052508e-01 7.545138941888337891e+12
6.853141604602436265e-01 7.272007589196747070e+12
6.880554171020846210e-01 6.949618152452758789e+12
6.908076387704928933e-01 7.028218309284438477e+12
6.935708693255748791e-01 7.804100166320274414e+12
6.963451528028771209e-01 7.996341150251805664e+12
6.991305334140887062e-01 8.030834353309878906e+12
7.019270555477450380e-01 8.200265284905755859e+12
7.047347637699360456e-01 8.529068504304692383e+12
7.075537028250157290e-01 8.414168940278622070e+12
7.103839176363159202e-01 8.227492825955083984e+12
7.132254533068611568e-01 8.121302781547863281e+12
7.160783551200886610e-01 8.182633689701046875e+12
7.189426685405689854e-01 8.351916835306865234e+12
7.218184392147313222e-01 8.395437873065005859e+12
7.247057129715901436e-01 8.482249094682949219e+12
7.276045358234763949e-01 8.637980129770783203e+12
7.305149539667704639e-01 8.697764017639220703e+12
7.334370137826373703e-01 8.689849593242089844e+12
7.363707618377679509e-01 8.699545358831805664e+12
7.393162448851190449e-01 8.748749946898565430e+12
7.422735098646596752e-01 8.746391201970196289e+12
7.452426039041182282e-01 8.784387264446142578e+12
7.482235743197346300e-01 8.813703064046398438e+12
7.512164686170136330e-01 8.829424273148857422e+12
7.542213344914817652e-01 8.845072661402875000e+12
7.572382198294477229e-01 8.856500805913238281e+12
7.602671727087656484e-01 8.842575563494076172e+12
7.633082413996006288e-01 8.852993899186392578e+12
7.663614743651989691e-01 8.708984633744393555e+12
7.694269202626597970e-01 8.726200104394384766e+12
7.725046279437104424e-01 8.776120810273008789e+12
7.755946464554852593e-01 8.747099926716031250e+12
7.786970250413072225e-01 8.760598221694789062e+12
7.818118131414724115e-01 8.741732637430545898e+12
7.849390603940383793e-01 8.758871769467807617e+12
7.880788166356144098e-01 8.787983623798445312e+12
7.912311319021569922e-01 8.778668491774462891e+12
7.943960564297655180e-01 8.753794818485535156e+12
7.975736406554845281e-01 8.810171298425353516e+12
8.007639352181065151e-01 8.820323528707208984e+12
8.039669909589789443e-01 8.779330040618131836e+12
8.071828589228148276e-01 8.779785300582267578e+12
8.104115903585061842e-01 8.793015053967311523e+12
8.136532367199402760e-01 8.790669826618168945e+12
8.169078496668199518e-01 8.781420605063319336e+12
8.201754810654874328e-01 8.585263775262336914e+12
8.234561829897493190e-01 8.743217965823455078e+12
8.267500077217083687e-01 8.764617730578808594e+12
8.300570077525952772e-01 8.736527323380989258e+12
8.333772357836056743e-01 8.641792275071907227e+12
8.367107447267401188e-01 8.566316091815182617e+12
8.400575877056470908e-01 8.536913609662735352e+12
8.434178180564695371e-01 8.467098839933726562e+12
8.467914893286955236e-01 8.551103310592693359e+12
8.501786552860102208e-01 8.347558015711241211e+12
8.535793699071543283e-01 8.054944190406125977e+12
8.569936873867830540e-01 8.579951759992149414e+12
8.604216621363300899e-01 8.592900732367954102e+12
8.638633487848753623e-01 8.517513579155370117e+12
8.673188021800150027e-01 7.930372230708782227e+12
8.707880773887352044e-01 8.327585538558857422e+12
8.742712296982900755e-01 8.348114471041455078e+12
8.777683146170831563e-01 8.415463123632037109e+12
8.812793878755513788e-01 8.290320600020326172e+12
8.848045054270535781e-01 8.424341885530578125e+12
8.883437234487617795e-01 8.288779463587087891e+12
8.918970983425568155e-01 8.353307204226991211e+12
8.954646867359271623e-01 8.341275502630127930e+12
8.990465454828707736e-01 8.310872754548770508e+12
9.026427316648023558e-01 8.243293631690842773e+12
9.062533025914615292e-01 8.169057799893793945e+12
9.098783158018273198e-01 8.204205991969929688e+12
9.135178290650346478e-01 8.211931745025446289e+12
9.171719003812948134e-01 8.227652339589341797e+12
9.208405879828199803e-01 8.236597762763083984e+12
9.245239503347512100e-01 8.215455541123168945e+12
9.282220461360901620e-01 8.175247012197207031e+12
9.319349343206346781e-01 8.129074250000939453e+12
9.356626740579171431e-01 8.092492103042765625e+12
9.394053247541488405e-01 8.023114114447290039e+12
9.431629460531654185e-01 8.055737946380416992e+12
9.469355978373780180e-01 8.056339122031156250e+12
9.507233402287275092e-01 8.052210431095482422e+12
9.545262335896426142e-01 8.011915017018667969e+12
9.583443385240012491e-01 7.969318446387059570e+12
9.621777158780971950e-01 7.930990079293494141e+12
9.660264267416096562e-01 7.887361994147107422e+12
9.698905324485760371e-01 7.892357985855194336e+12
9.737700945783701600e-01 7.822899410057584961e+12
9.776651749566835914e-01 7.767194381489887695e+12
9.815758356565105203e-01 7.845567080050690430e+12
9.855021389991363012e-01 7.796949471240054688e+12
9.894441475551331022e-01 7.601248538801747070e+12
9.934019241453534432e-01 7.242397143074984375e+12
9.973755318419349480e-01 7.380264241600894531e+12
1.001365033969302543e+00 7.451194885345794922e+12
1.005370494105179757e+00 7.359721171770036133e+12
1.009391976081600362e+00 7.433725868234235352e+12
1.013429543985926884e+00 7.414031321689898438e+12
1.017483262161870350e+00 7.386393676317698242e+12
1.021553195210518128e+00 7.385983544494832031e+12
1.025639407991360219e+00 7.237929881450952148e+12
1.029741965623325539e+00 7.176771863973378906e+12
1.033860933485818867e+00 7.190234011782759766e+12
1.037996377219762012e+00 7.254825248363376953e+12
1.042148362728641198e+00 7.199612863088287109e+12
1.046316956179555557e+00 7.244376698092595703e+12
1.050502224004274066e+00 7.204215987514042969e+12
1.054704232900291139e+00 7.229132826817322266e+12
1.058923049831892227e+00 7.157739397150458984e+12
1.063158742031219628e+00 7.160390603796526367e+12
1.067411376999344741e+00 7.063045980466175781e+12
1.071681022507342096e+00 7.055835473897813477e+12
1.075967746597371377e+00 7.070499874885024414e+12
1.080271617583760779e+00 7.031628407233663086e+12
1.084592704054095913e+00 7.033132614284994141e+12
1.088931074870312044e+00 7.024496755261011719e+12
1.093286799169793433e+00 6.985289175317520508e+12
1.097659946366472461e+00 6.938908691041770508e+12
1.102050586151938294e+00 6.925179725272464844e+12
1.106458788496546219e+00 6.899297336221089844e+12
1.110884623650532532e+00 6.855889168502631836e+12
1.115328162145134749e+00 6.861069119850151367e+12
1.119789474793714934e+00 6.815957421802096680e+12
1.124268632692889902e+00 6.804074423796220703e+12
1.128765707223661430e+00 6.759087653645234375e+12
1.133280770052556230e+00 6.750596983826208008e+12
1.137813893132766374e+00 6.682516511282241211e+12
1.142365148705297484e+00 6.633566274246383789e+12
1.146934609300118479e+00 6.639236703860348633e+12
1.151522347737319096e+00 6.650512579071205078e+12
1.156128437128268516e+00 6.582919912491298828e+12
1.160752950876781542e+00 6.503287536297336914e+12
1.165395962680288999e+00 6.513091984611981445e+12
1.170057546531009907e+00 6.478246294075884766e+12
1.174737776717134086e+00 6.468363467634834961e+12
1.179436727824002773e+00 6.417782669221682617e+12
1.184154474735298557e+00 6.307325133942366211e+12
1.188891092634239977e+00 6.316903819830481445e+12
1.193646657004777012e+00 6.324733238167066406e+12
1.198421243632796118e+00 6.178771794203015625e+12
1.203214928607327261e+00 6.224986218392768555e+12
1.208027788321756724e+00 6.198258040649367188e+12
1.212859899475043468e+00 6.188404879641757812e+12
1.217711339072943710e+00 6.177575760986284180e+12
1.222582184429235275e+00 6.132120411956322266e+12
1.227472513166952384e+00 6.127541736521913086e+12
1.232382403219620226e+00 6.081029062046212891e+12
1.237311932832498407e+00 6.046290248649769531e+12
1.242261180563828615e+00 5.940885762775384766e+12
1.247230225286083849e+00 5.959321010204304688e+12
1.252219146187228072e+00 5.919976567988598633e+12
1.257228022771976983e+00 5.904753666413902344e+12
1.262256934863064783e+00 5.871588071314571289e+12
1.267305962602517155e+00 5.866564031910740234e+12
1.272375186452927354e+00 5.821516928599196289e+12
1.277464687198738957e+00 5.794337982632837891e+12
1.282574545947533950e+00 5.741723606207573242e+12
1.287704844131324133e+00 5.699581511764713867e+12
1.292855663507849417e+00 5.659413636230441406e+12
1.298027086161880783e+00 5.658901688653020508e+12
1.303219194506528344e+00 5.634040725232018555e+12
1.308432071284554521e+00 5.589618283085217773e+12
1.313665799569692760e+00 5.578644313924354492e+12
1.318920462767971591e+00 5.550495001488484375e+12
1.324196144619043336e+00 5.501688389679324219e+12
1.329492929197519491e+00 5.447319659523273438e+12
1.334810900914309650e+00 5.336141055636172852e+12
1.340150144517967101e+00 5.300854715580778320e+12
1.345510745096038852e+00 5.274946756652019531e+12
1.350892788076423212e+00 5.256751396205132812e+12
1.356296359228728932e+00 5.225191971161291992e+12
1.361721544665643879e+00 5.203856118415041992e+12
1.367168430844306393e+00 5.184871967023969727e+12
1.372637104567683730e+00 5.174829077286385742e+12
1.378127652985954299e+00 5.146392891909194336e+12
1.383640163597898098e+00 5.119341325328371094e+12
1.389174724252289828e+00 5.063959154086519531e+12
1.394731423149298877e+00 5.025111017152793945e+12
1.400310348841896202e+00 4.991415472901945312e+12
1.405911590237263642e+00 4.967825365657996094e+12
1.411535236598212784e+00 4.918984013269648438e+12
1.417181377544605603e+00 4.882842407721591797e+12
1.422850103054784210e+00 4.866650972325843750e+12
1.428541503467003038e+00 4.823597000179255859e+12
1.434255669480871243e+00 4.817380767307015625e+12
1.439992692158794885e+00 4.790212571708327148e+12
1.445752662927429988e+00 4.777037857862703125e+12
1.451535673579139596e+00 4.742388892072807617e+12
1.457341816273456159e+00 4.719753532980535156e+12
1.463171183538549913e+00 4.690872022620581055e+12
1.469023868272704147e+00 4.655339641530476562e+12
1.474899963745795128e+00 4.644807181268948242e+12
1.480799563600778246e+00 4.620714482119116211e+12
1.486722761855181485e+00 4.555398839257386719e+12
1.492669652902602007e+00 4.588984839850088867e+12
1.498640331514212276e+00 4.566711846010946289e+12
1.504634892840269300e+00 4.353048654260032715e+12
1.510653432411630304e+00 4.541005389046208008e+12
1.516696046141276843e+00 4.533275290850585938e+12
1.522762830325842032e+00 4.519220665304600586e+12
1.528853881647145307e+00 4.502079228232385742e+12
1.534969297173733649e+00 4.477432462644546875e+12
1.541109174362428780e+00 4.465128988636588867e+12
1.547273611059878373e+00 4.455892351076418945e+12
1.553462705504118135e+00 4.439749171520101562e+12
1.559676556326134556e+00 4.421069574750871094e+12
1.565915262551438980e+00 4.416936381228105469e+12
1.572178923601644795e+00 4.375412758491973145e+12
1.578467639296051495e+00 4.367496203097762695e+12
1.584781509853235626e+00 4.386108535056828125e+12
1.591120635892648405e+00 4.354638481021560059e+12
1.597485118436219098e+00 4.376355625038711914e+12
1.603875058909963958e+00 4.359193603761321289e+12
1.610290559145603595e+00 4.344709020947964844e+12
1.616731721382186127e+00 4.265223649225663574e+12
1.623198648267714761e+00 4.309518200979969238e+12
1.629691442860785600e+00 4.300085102209617676e+12
1.636210208632228769e+00 4.285677983418276367e+12
1.642755049466757766e+00 4.241808352435936035e+12
1.649326069664624805e+00 4.205967960702632324e+12
1.655923373943283039e+00 4.173630632149989746e+12
1.662547067439056336e+00 4.131279013675622070e+12
1.669197255708812611e+00 4.094609625609485840e+12
1.675874044731648027e+00 4.054842285188495117e+12
1.682577540910574321e+00 4.008235044898243164e+12
1.689307851074216771e+00 3.960662171641321289e+12
1.696065082478513508e+00 3.913017340508077148e+12
1.702849342808427480e+00 3.861691761975918457e+12
1.709660740179661298e+00 3.727820363122545898e+12
1.716499383140379864e+00 3.737599438940655762e+12
1.723365380672941427e+00 3.696128387192238770e+12
1.730258842195633306e+00 3.647153405359851074e+12
1.737179877564415831e+00 3.576970286971910645e+12
1.744128597074673603e+00 3.528166985450786133e+12
1.751105111462972097e+00 3.472266971376776367e+12
1.758109531908824241e+00 3.398257582921088867e+12
1.765141970036459451e+00 3.352997311005381836e+12
1.772202537916605314e+00 3.291746648039262207e+12
1.779291348068271716e+00 3.224481446261440430e+12
1.786408513460544745e+00 3.177493475425793945e+12
1.793554147514387020e+00 3.121166628077502441e+12
1.800728364104444257e+00 3.084445869148915039e+12
1.807931277560862249e+00 3.026121471631083008e+12
1.815163002671105641e+00 3.008421434797599609e+12
1.822423654681789795e+00 2.965525097903184082e+12
1.829713349300517100e+00 2.921068393667261230e+12
1.837032202697718830e+00 2.894976126371256348e+12
1.844380331508509885e+00 2.825189432464784668e+12
1.851757852834543527e+00 2.781364844082814941e+12
1.859164884245881888e+00 2.688523303361567871e+12
1.866601543782865358e+00 2.730241395081233887e+12
1.874067949957996859e+00 2.669831948298630371e+12
1.881564221757828781e+00 2.666892109577413086e+12
1.889090478644860127e+00 2.639163347930252441e+12
1.896646840559439662e+00 2.622733769040240723e+12
1.904233427921677269e+00 2.597074942953461914e+12
1.911850361633363971e+00 2.582670537480480469e+12
1.919497763079897279e+00 2.540140390867496582e+12
1.927175754132217200e+00 2.488022035223379395e+12
1.934884457148745796e+00 2.490531011444757324e+12
1.942623994977340729e+00 2.398062281550706543e+12
1.950394490957250149e+00 2.410833825961538574e+12
1.958196068921079336e+00 2.404223010294987305e+12
1.966028853196763793e+00 2.388925941117361816e+12
1.973892968609550991e+00 2.297515784869188965e+12
1.981788540483989447e+00 2.270959620342333496e+12
1.989715694645925126e+00 2.234886158322613770e+12
1.997674557424508723e+00 2.244658676011479980e+12
2.005665255654207169e+00 2.219872451343953125e+12
2.013687916676823786e+00 2.186495587642420410e+12
2.021742668343530891e+00 2.164523612672132568e+12
2.029829639016905052e+00 2.131153725012945312e+12
2.037948957572972564e+00 2.105562755718306885e+12
2.046100753403264694e+00 2.078546667910635742e+12
2.054285156416877811e+00 2.067032457339333008e+12
2.062502297042545507e+00 2.028216597458728516e+12
2.070752306230715600e+00 2.015614213143914307e+12
2.079035315455638244e+00 1.992898713562356445e+12
2.087351456717461140e+00 1.966635246657297607e+12
2.095700862544330967e+00 1.949078750048410645e+12
2.104083665994508134e+00 1.933246174136021240e+12
2.112500000658485977e+00 1.915029002395624756e+12
2.120950000661120161e+00 1.896666164099266113e+12
2.129433800663764753e+00 1.869394777941250732e+12
2.137951535866419839e+00 1.854994750609472656e+12
2.146503342009885351e+00 1.846244708276989258e+12
2.155089355377924676e+00 1.826429858883348389e+12
2.163709712799436691e+00 1.812642765307466064e+12
2.172364551650634468e+00 1.793880941386191650e+12
2.181054009857236853e+00 1.773048529143602295e+12
2.189778225896665376e+00 1.758495942207293213e+12
2.198537338800252705e+00 1.745032792180782471e+12
2.207331488155453325e+00 1.722516068985002930e+12
2.216160814108075083e+00 1.714660503695158447e+12
2.225025457364507631e+00 1.691803750757083008e+12
2.233925559193965515e+00 1.678920818707342285e+12
2.242861261430741493e+00 1.664354338168944824e+12
2.251832706476463830e+00 1.646818479153379639e+12
2.260840037302370042e+00 1.622683110074799316e+12
2.269883397451579299e+00 1.611219958715342041e+12
2.278962931041386142e+00 1.590770479642054443e+12
2.288078782765551100e+00 1.575501753305230469e+12
2.297231097896613505e+00 1.502458318839722656e+12
2.306420022288200311e+00 1.514160403479710449e+12
2.315645702377353121e+00 1.496861660591614258e+12
2.324908285186861878e+00 1.430345284758625244e+12
2.334207918327609654e+00 1.440852583779524658e+12
2.343544750000919663e+00 1.428256028129779053e+12
2.352918929000923143e+00 1.372750400417989258e+12
2.362330604716927240e+00 1.369794676843025146e+12
2.371779927135795329e+00 1.366981638702270996e+12
2.381267046844337987e+00 1.314310488055921387e+12
2.390792115031715070e+00 1.295257108151615967e+12
2.400355283491842240e+00 1.284961291409088867e+12
2.409956704625809465e+00 1.249258703423781982e+12
2.419596531444312859e+00 1.219193350114534424e+12
2.429274917570089620e+00 1.203858663781127197e+12
2.438992017240370291e+00 1.178851288516901367e+12
2.448747985309331465e+00 1.143254884832205566e+12
2.458542977250568917e+00 1.119774259279935059e+12
2.468377149159570738e+00 1.110997702322597412e+12
2.478250657756209563e+00 1.060584460927206665e+12
2.488163660387234355e+00 1.055083252944315552e+12
2.498116315028783063e+00 1.041114705296698120e+12
2.508108780288898387e+00 1.007474188845595703e+12
2.518141215410053757e+00 9.966113274404252930e+11
2.528213780271693967e+00 9.728543476286964111e+11
2.538326635392781139e+00 9.578587737038547363e+11
2.548479941934351789e+00 9.491153911865509033e+11
2.558673861702089436e+00 9.358094982321427002e+11
2.568908557148898097e+00 9.337994587949696045e+11
2.579184191377493551e+00 9.098719296616844482e+11
2.589500928143003478e+00 9.131585380502080078e+11
2.599858931855575594e+00 9.078228030097279053e+11
2.610258367582998229e+00 9.041773306004046631e+11
2.620699401053329769e+00 8.928634095573654785e+11
2.631182198657543214e+00 8.868522535398443604e+11
2.641706927452173392e+00 8.814422844797501221e+11
2.652273755161981938e+00 8.799630832118663330e+11
2.662882850182629824e+00 8.737483603180109863e+11
2.673534381583360542e+00 8.490507000000465088e+11
2.684228519109693956e+00 8.399097019344523926e+11
2.694965433186132575e+00 8.168384917343525391e+11
2.705745294918877164e+00 8.099045818614317627e+11
2.716568276098552559e+00 7.898755408738041992e+11
2.727434549202946812e+00 7.682081558679819336e+11
2.738344287399758326e+00 7.550233657198425293e+11
2.749297664549357201e+00 7.463810440780341797e+11
2.760294855207554576e+00 7.390512679578634033e+11
2.771336034628385292e+00 7.222162386879782715e+11
2.782421378766898545e+00 7.106923196367615967e+11
2.793551064281966312e+00 7.065860853658173828e+11
2.804725268539093985e+00 6.858003986399349365e+11
2.815944169613250558e+00 6.707875799284948730e+11
2.827207946291703244e+00 6.771496274781311035e+11
2.838516778076869862e+00 6.554167272462766113e+11
2.849870845189177437e+00 6.445806483882011719e+11
2.861270328569933685e+00 6.498738594829414062e+11
2.872715409884213589e+00 6.310471041348581543e+11
2.884206271523750420e+00 6.263852333452836914e+11
2.895743096609845413e+00 6.239489703375987549e+11
2.907326068996284985e+00 6.002794535835694580e+11
2.918955373272270393e+00 6.021929551743454590e+11
2.930631194765359826e+00 5.910096957900686035e+11
2.942353719544420709e+00 5.740190344966342773e+11
2.954123134422598440e+00 5.766611147894226074e+11
2.965939626960289122e+00 5.622474390092642822e+11
2.977803385468130504e+00 5.626903105505776367e+11
2.989714599010003138e+00 5.481698478150564575e+11
3.001673457406043077e+00 5.446823566589522095e+11
3.013680151235667015e+00 5.391587387547022705e+11
3.025734871840609408e+00 5.204156880885787964e+11
3.037837811327972037e+00 5.311855308662080078e+11
3.049989162573283785e+00 5.118079526609234619e+11
3.062189119223576395e+00 5.149705821681572876e+11
3.074437875700470890e+00 5.029506120208372192e+11
3.086735627203272880e+00 4.958133243574373779e+11
3.099082569712085622e+00 4.953554092732169189e+11
3.111478899990933744e+00 4.830325921859325562e+11
3.123924815590897186e+00 4.830504228075283813e+11
3.136420514853261121e+00 4.747985612717442017e+11
3.148966196912674320e+00 4.700102417814343872e+11
3.161562061700325277e+00 4.663117366721696777e+11
3.174208309947126327e+00 4.571645072569058228e+11
3.186905143186915090e+00 4.590628724502539062e+11
3.199652763759662566e+00 4.442974415383327637e+11
3.212451374814701222e+00 4.516266476661586304e+11
3.225301180313960625e+00 4.413873803355454712e+11
3.238202385035215958e+00 4.374073911341633911e+11
3.251155194575356955e+00 4.340501196597234497e+11
3.264159815353658622e+00 4.293059413381518555e+11
3.277216454615073271e+00 4.246642154909061890e+11
3.290325320433533207e+00 4.200112377511299438e+11
3.303486621715267635e+00 4.179613178296794434e+11
3.316700568202128441e+00 4.108732909683966064e+11
3.329967370474937294e+00 4.113552297793568115e+11
3.343287239956836743e+00 4.027447527299008179e+11
3.356660388916663962e+00 4.008307498259879150e+11
3.370087030472330714e+00 3.971465397692339478e+11
3.383567378594220187e+00 3.918694553353696899e+11
3.397101648108596716e+00 3.892213260734680786e+11
3.410690054701031482e+00 3.832698246892544556e+11
3.424332814919834878e+00 3.811518632371423950e+11
3.438030146179514634e+00 3.762938030615464478e+11
3.451782266764232610e+00 3.728893672061543579e+11
3.465589395831289998e+00 3.691023219169938965e+11
3.479451753414614767e+00 3.646695173138303833e+11
3.493369560428273068e+00 3.593950137793060303e+11
3.507343038669985980e+00 3.580653254995316162e+11
3.521372410824665788e+00 3.512035669055942383e+11
3.535457900467964709e+00 3.485594784824667358e+11
3.549599732069836477e+00 3.446536756169724121e+11
3.563798130998116154e+00 3.402837311596871338e+11
3.578053323522108364e+00 3.365651471346318970e+11
3.592365536816196858e+00 3.329068044914943848e+11
3.606734998963461614e+00 3.287895907943203735e+11
3.621161938959315041e+00 3.245520266526369629e+11
3.635646586715152839e+00 3.206864930622208862e+11
3.650189173062013293e+00 3.169994025399717407e+11
3.664789929754260545e+00 3.132178030484603882e+11
3.679449089473277645e+00 3.088288660933834839e+11
3.694166885831170699e+00 3.053176765545642700e+11
3.708943553374495661e+00 3.022126216996987915e+11
3.723779327587993571e+00 2.982925933787502441e+11
3.738674444898345328e+00 2.940248676736718750e+11
3.753629142677938901e+00 2.915056591960865479e+11
3.768643659248651190e+00 2.869184216382869263e+11
3.783718233885645432e+00 2.842319144119003906e+11
3.798853106821188153e+00 2.801786185691446533e+11
3.814048519248473657e+00 2.768327040407906494e+11
3.829304713325467180e+00 2.720688514166143188e+11
3.844621932178768908e+00 2.693691499137116699e+11
3.860000419907484215e+00 2.662062121056804199e+11
3.875440421587113882e+00 2.620599807817337952e+11
3.890942183273462529e+00 2.584376934895498047e+11
3.906505952006555926e+00 2.551326826236757507e+11
3.922131975814582727e+00 2.516872200972384033e+11
3.937820503717840648e+00 2.480260702406388550e+11
3.953571785732711508e+00 2.440778584552386475e+11
3.969386072875642490e+00 2.407952206507730713e+11
3.985263617167145167e+00 2.365120073075266113e+11
4.001204671635814059e+00 2.333768911818177795e+11
4.017209490322357190e+00 2.303778804109725342e+11
4.033278328283646630e+00 2.262342708803222656e+11
4.049411441596781458e+00 2.228853631408782959e+11
4.065609087363168506e+00 2.194470857141171875e+11
4.081871523712622185e+00 2.148072661243279114e+11
4.098199009807472315e+00 2.127791776072513733e+11
4.114591805846702144e+00 2.093607621905693359e+11
4.131050173070089038e+00 2.062525151661848145e+11
4.147574373762369149e+00 2.038738076777705688e+11
4.164164671257418959e+00 1.998578363098966064e+11
4.180821329942449260e+00 1.975440999356204834e+11
4.197544615262219558e+00 1.947053693615080566e+11
4.214334793723269357e+00 1.914029737021260681e+11
4.231192132898162761e+00 1.900075965951836548e+11
4.248116901429755288e+00 1.856578265194516907e+11
4.265109369035473996e+00 1.831505999289709473e+11
4.282169806511615384e+00 1.812009646288681641e+11
4.299298485737661935e+00 1.729282034700500488e+11
4.316495679680612874e+00 1.719826863243862000e+11
4.333761662399335357e+00 1.692749060467869568e+11
4.351096709048932532e+00 1.638826268643111572e+11
4.368501095885127583e+00 1.607015571768623352e+11
4.385975100268668214e+00 1.583853720435705566e+11
4.403519000669743555e+00 1.544635561765979004e+11
4.421133076672422391e+00 1.514795955730812988e+11
4.438817608979111817e+00 1.491114370281748352e+11
4.456572879415028332e+00 1.469764879444777832e+11
4.474399170932688463e+00 1.423820358905181580e+11
4.492296767616419828e+00 1.416158124321783142e+11
4.510265954686884626e+00 1.403835325780232849e+11
4.528307018505633330e+00 1.361522537576860657e+11
4.546420246579655711e+00 1.350309351580499573e+11
4.564605927565974497e+00 1.324607857690434875e+11
4.582864351276237258e+00 1.314409187974248352e+11
4.601195808681342925e+00 1.285372416066480713e+11
4.619600591916067422e+00 1.281088673355752411e+11
4.638078994283731937e+00 1.261042622256026459e+11
4.656631310260867629e+00 1.251388666841638489e+11
4.675257835501911430e+00 1.225855582195150604e+11
4.693958866843916944e+00 1.212987059490352478e+11
4.712734702311292878e+00 1.193956652921245728e+11
4.731585641120538810e+00 1.182087166821395874e+11
4.750511983685020923e+00 1.166087159677708893e+11
4.769514031619761063e+00 1.141835219854622803e+11
4.788592087746240011e+00 1.123419776635779572e+11
4.807746456097224730e+00 1.110809948493331299e+11
4.826977441921613377e+00 1.097298970357642212e+11
4.846285351689299858e+00 1.082415546589047852e+11
4.865670493096057925e+00 1.063671301694618683e+11
4.885133175068442135e+00 1.043935963046519775e+11
4.904673707768715474e+00 1.027474061216488800e+11
4.924292402599791174e+00 1.017864711280265808e+11
4.943989572210189642e+00 9.980195730582678223e+10
4.963765530499030021e+00 9.761738637768711853e+10
4.983620592621027079e+00 9.753747092861405945e+10
5.003555074991511198e+00 9.524533835393318176e+10
5.023569295291476777e+00 9.308696626010357666e+10
5.043663572472643075e+00 9.325665273834579468e+10
5.063838226762532813e+00 9.114550303936036682e+10
5.084093579669583640e+00 8.914278755232499695e+10
5.104429953988261381e+00 8.880983772505397034e+10
5.124847673804215020e+00 8.705403294769192505e+10
5.145347064499431688e+00 8.680987137745053101e+10
5.165928452757428957e+00 8.405409431287223816e+10
5.186592166568458673e+00 8.426321339892533875e+10
5.207338535234733001e+00 8.170886100944049072e+10
5.228167889375671784e+00 8.174381826667816162e+10
5.249080560933174766e+00 7.959522883346260071e+10
5.270076883176907145e+00 7.947180015275068665e+10
5.291157190709615321e+00 7.741338193082421875e+10
5.312321819472453299e+00 7.709331951152285767e+10
5.333571106750343738e+00 7.584753785212416077e+10
5.354905391177344320e+00 7.470273581277690125e+10
5.376325012742054099e+00 7.381754515365092468e+10
5.397830312793021612e+00 7.314443385397502136e+10
5.419421634044193858e+00 7.104698044467753601e+10
5.441099320580370602e+00 7.106942028251788330e+10
5.462863717862692425e+00 6.953033691778434753e+10
5.484715172734142996e+00 6.884548563303430176e+10
5.506654033425078865e+00 6.805686376835053253e+10
5.528680649558780580e+00 6.689568947294274902e+10
5.550795372157015350e+00 6.581258265144873810e+10
5.572998553645643227e+00 6.484819783183543396e+10
5.595290547860225949e+00 6.460325239990415955e+10
5.617671710051667766e+00 6.326301171603089142e+10
5.640142396891874021e+00 6.265098849396275330e+10
5.662702966479441713e+00 6.171268792565357971e+10
5.685353778345359821e+00 6.032195105142155457e+10
5.708095193458740724e+00 5.993015999621810150e+10
5.730927574232576482e+00 5.870901723724950409e+10
5.753851284529505783e+00 5.866775284430622864e+10
5.776866689667624399e+00 5.746435200122016144e+10
5.799974156426294769e+00 5.694641331077227020e+10
5.823174053051999977e+00 5.558904088735192871e+10
5.846466749264207508e+00 5.484484487433383942e+10
5.869852616261264977e+00 5.451605762389902496e+10
5.893332026726310069e+00 5.353492817716159058e+10
5.916905354833215114e+00 5.316432981651908112e+10
5.940572976252548543e+00 5.215429999847032166e+10
5.964335268157558545e+00 5.143946766190922546e+10
5.988192609230189589e+00 5.069778063696697235e+10
6.012145379667110490e+00 5.032909583152779388e+10
6.036193961185778889e+00 4.896957710809220123e+10
6.060338737030522616e+00 4.876079814478576660e+10
6.084580091978644134e+00 4.836114879242659760e+10
6.108918412346558746e+00 4.710285972551077271e+10
6.133354085995945226e+00 4.703344505665321350e+10
6.157887502339929320e+00 4.629431743498562622e+10
6.182519052349287669e+00 4.534637720596590424e+10
6.207249128558685491e+00 4.487038550386515045e+10
6.232078125072920471e+00 4.433994712216909790e+10
6.257006437573212843e+00 4.344586932690311432e+10
6.282034463323505236e+00 4.286483529690447998e+10
6.307162601176800720e+00 4.222643534096630096e+10
6.332391251581507063e+00 4.162160319553437042e+10
6.357720816587833390e+00 4.083006269159799194e+10
6.383151699854184180e+00 4.007721641553513336e+10
6.408684306653601226e+00 3.930869901822658539e+10
6.434319043880215361e+00 3.872687312880541992e+10
6.460056320055736379e+00 3.743048090190598297e+10
6.485896545335958052e+00 3.627854632236962128e+10
6.511840131517302233e+00 3.592755945538780212e+10
6.537887492043371829e+00 3.502792905336746216e+10
6.564039042011545533e+00 3.424987841205516815e+10
6.590295198179591196e+00 3.343743246651412201e+10
6.616656378972309405e+00 3.306177763889674377e+10
6.643123004488199257e+00 3.224256327245364380e+10
6.669695496506150789e+00 3.187173943272875595e+10
6.696374278492176479e+00 3.122678969116897964e+10
6.723159775606144528e+00 3.111015563767208862e+10
6.750052414708568094e+00 3.056728039958141327e+10
6.777052624367403411e+00 2.960706654949173355e+10
6.804160834864871887e+00 2.950102316640982056e+10
6.831377478204331055e+00 2.890912761716116333e+10
6.858702988117148180e+00 2.885121757621912003e+10
6.886137800069615622e+00 2.826927555559933090e+10
6.913682351269895499e+00 2.768444972647047424e+10
6.941337080674975013e+00 2.740554152742612076e+10
6.969102428997675069e+00 2.701818209944885254e+10
6.996978838713665994e+00 2.672205651582723236e+10
7.024966754068519670e+00 2.638466088429403305e+10
7.053066621084793653e+00 2.596377002594133759e+10
7.081278887569133929e+00 2.555473445240950012e+10
7.109604003119409654e+00 2.496853472559608841e+10
7.138042419131887861e+00 2.489575063174834824e+10
7.166594588808414379e+00 2.455619313054623795e+10
7.195260967163648047e+00 2.409181961526913834e+10
7.224042011032302923e+00 2.370815118616947174e+10
7.252938179076432235e+00 2.338404681474048615e+10
7.281949931792737196e+00 2.317065366202114105e+10
7.311077731519908696e+00 2.277515858245727539e+10
7.340322042445988515e+00 2.240213535086878586e+10
7.369683330615771411e+00 2.204171868448583221e+10
7.399162063938235612e+00 2.200522193082015991e+10
7.428758712193988423e+00 2.135726380494187546e+10
7.458473747042765112e+00 2.132307421046841049e+10
7.488307642030935796e+00 2.096497788208880234e+10
7.518260872599060285e+00 2.052570193679109192e+10
7.548333916089456253e+00 2.046126230219202805e+10
7.578527251753813587e+00 1.992240482746103668e+10
7.608841360760829176e+00 1.945403766794751740e+10
7.639276726203872769e+00 1.940173574302706528e+10
7.669833833108687493e+00 1.901296295164896393e+10
7.700513168441122325e+00 1.885316939709353638e+10
7.731315221114887670e+00 1.846846421656819916e+10
7.762240481999347352e+00 1.813608660358982086e+10
7.793289443927344351e+00 1.797182830680614090e+10
7.824462601703054077e+00 1.781466623079310989e+10
7.855760452109866065e+00 1.744910226149282455e+10
7.887183493918306532e+00 1.701725744557758522e+10
7.918732227893980458e+00 1.689652536437033844e+10
7.950407156805555431e+00 1.664077162350333977e+10
7.982208785432777454e+00 1.619301634294678879e+10
8.014137620574508958e+00 1.618708333800503159e+10
8.046194171056805899e+00 1.578339318292724228e+10
8.078378947741034821e+00 1.556927113076457214e+10
8.110692463531997021e+00 1.527545107261309433e+10
8.143135233386125549e+00 1.514498841351387024e+10
8.175707774319670662e+00 1.499502780346425438e+10
8.208410605416949224e+00 1.456526628488838768e+10
8.241244247838615422e+00 1.451959480847532845e+10
8.274209224829968790e+00 1.413123319646097946e+10
8.307306061729288871e+00 1.404346964863989258e+10
8.340535285976207192e+00 1.376596487588080406e+10
8.373897427120111203e+00 1.346041929849564171e+10
8.407393016828594412e+00 1.343728188781435204e+10
8.441022588895906509e+00 1.312684356806753922e+10
8.474786679251490540e+00 1.305691342144500923e+10
8.508685825968495209e+00 1.273936964960090446e+10
8.542720569272368891e+00 1.262818218461825943e+10
8.576891451549458978e+00 1.237014143378431511e+10
8.611199017355655627e+00 1.227441121965217400e+10
8.645643813425078150e+00 1.214591109134654999e+10
8.680226388678779159e+00 1.189300856673607635e+10
8.714947294233493125e+00 1.175882890468270493e+10
8.749807083410427566e+00 1.142809346158256721e+10
8.784806311744070229e+00 1.139127768039880753e+10
8.819945536991047774e+00 1.121637338521776962e+10
8.855225319139009343e+00 1.102441435259077263e+10
8.890646220415566958e+00 1.094999664848279190e+10
8.926208805297228821e+00 1.081221964345961952e+10
8.961913640518417878e+00 1.053497784311318970e+10
8.997761295080492161e+00 1.046034364965724945e+10
9.033752340260813085e+00 1.033791799513100815e+10
9.069887349621856387e+00 1.018346477488536072e+10
9.106166899020346150e+00 9.996632026048084259e+09
9.142591566616424359e+00 9.888252105957578659e+09
9.179161932882891506e+00 9.741473108683900833e+09
9.215878580614422333e+00 9.568207667169269562e+09
9.252742094936881045e+00 9.385528887717496872e+09
9.289753063316627646e+00 9.319789399293378830e+09
9.326912075569895322e+00 9.099573103831678391e+09
9.364219723872173162e+00 9.097395768937906265e+09
9.401676602767663482e+00 8.853431532462612152e+09
9.439283309178733816e+00 8.716010535558517456e+09
9.477040442415447075e+00 8.632295871279495239e+09
9.514948604185111236e+00 8.489605553849155426e+09
9.553008398601852136e+00 8.415888256329396248e+09
9.591220432196260859e+00 8.210738273258691788e+09
9.629585313925044687e+00 8.092686536342081070e+09
9.668103655180747324e+00 7.959975776435975075e+09
9.706776069801470896e+00 7.869152816801636696e+09
9.745603174080676112e+00 7.764616119592160225e+09
9.784585586776998412e+00 7.651602869095815659e+09
9.823723929124106746e+00 7.518369165759859085e+09
9.863018824840601440e+00 7.390486487154026031e+09
9.902470900139965337e+00 7.177317847247793198e+09
9.942080783740523842e+00 7.165959892793797493e+09
9.981849106875488431e+00 7.026946084402478218e+09
1.002177650330298952e+01 6.944844257255677223e+09
1.006186360931619994e+01 6.810341708408335686e+09
1.010211106375346723e+01 6.688144896362641335e+09
1.014251950800847979e+01 6.596137308056368828e+09
1.018308958604051284e+01 6.526566978966702461e+09
1.022382194438467451e+01 6.403979452741639137e+09
1.026471723216221399e+01 6.292857782952422142e+09
1.030577610109086173e+01 6.173034728092281342e+09
1.034699920549522467e+01 6.074448470310876846e+09
1.038838720231720458e+01 6.002143469868403435e+09
1.042994075112647501e+01 5.903339053175591469e+09
1.047166051413097954e+01 5.810486173183962822e+09
1.051354715618750468e+01 5.697707955183417320e+09
1.055560134481225454e+01 5.607559657046544075e+09
1.059782375019150358e+01 5.517462730067900658e+09
1.064021504519226902e+01 5.470607114363163948e+09
1.068277590537303823e+01 5.384948096460173607e+09
1.072550700899452991e+01 5.235219145112281799e+09
1.076840903703050856e+01 5.170764471821160316e+09
1.081148267317863088e+01 5.102487160858295441e+09
1.085472860387134553e+01 5.101955794750864983e+09
1.089814751828683015e+01 4.906325215942348480e+09
1.094174010835997635e+01 4.868344460738396645e+09
1.098550706879341909e+01 4.752778377250619888e+09
1.102944909706859100e+01 4.695946456503056526e+09
1.107356689345686540e+01 4.644657549512865067e+09
1.111786116103069233e+01 4.556393627443541527e+09
1.116233260567481622e+01 4.503031565028230667e+09
1.120698193609751492e+01 4.385083284237206459e+09
1.125180986384190440e+01 4.356862222378221512e+09
1.129681710329727373e+01 4.274914919023552895e+09
1.134200437171046083e+01 4.227394307265299797e+09
1.138737238919730466e+01 4.164403044202494144e+09
1.143292187875409383e+01 4.061012536523410797e+09
1.147865356626910938e+01 4.023082144598348618e+09
1.152456818053418530e+01 3.938900499654480934e+09
1.157066645325632237e+01 3.883258273365903854e+09
1.161694911906934635e+01 3.809417301715442181e+09
1.166341691554562487e+01 3.783816298158017635e+09
1.171007058320780736e+01 3.712559896118330479e+09
1.175691086554063958e+01 3.619069106599735737e+09
1.180393850900279951e+01 3.600413480040231705e+09
1.185115426303881137e+01 3.523581968242534161e+09
1.189855888009096674e+01 3.502256706215526104e+09
1.194615311561133097e+01 3.447604694815104961e+09
1.199393772807377623e+01 3.383636506653921604e+09
1.204191347898607134e+01 3.336874469902726650e+09
1.209008113290201614e+01 3.285481299856276512e+09
1.213844145743362368e+01 3.225706724306591511e+09
1.218699522326335938e+01 3.188775852969590664e+09
1.223574320415641381e+01 3.134209526713487625e+09
1.228468617697303777e+01 3.110365036774637222e+09
1.233382492168093059e+01 3.024259352154693127e+09
1.238316022136765504e+01 2.989788142252839565e+09
1.243269286225312520e+01 2.900894935805141449e+09
1.248242363370213859e+01 2.918120274306358337e+09
1.253235332823694748e+01 2.847001795777859211e+09
1.258248274154989410e+01 2.818669207793831825e+09
1.263281267251609385e+01 2.781152257034715652e+09
1.268334392320615756e+01 2.716205980761676311e+09
1.273407729889898299e+01 2.717356734739018917e+09
1.278501360809457665e+01 2.626069763185814857e+09
1.283615366252695544e+01 2.582460694503589630e+09
1.288749827717706253e+01 2.580898626246163368e+09
1.293904827028577031e+01 2.502337250595388889e+09
1.299080446336691352e+01 2.496381951398705006e+09
1.304276768122038099e+01 2.441520643959079266e+09
1.309493875194526424e+01 2.410532719828714848e+09
1.314731850695304693e+01 2.366101658041821480e+09
1.319990778098085649e+01 2.327811060983489990e+09
1.325270741210477965e+01 2.295068222744688034e+09
1.330571824175319939e+01 2.254260747197072506e+09
1.335894111472021173e+01 2.216618353774734020e+09
1.341237687917909227e+01 2.204177880075318336e+09
1.346602638669580898e+01 2.145955327026916504e+09
1.351989049224258999e+01 2.137520768853017569e+09
1.357397005421156067e+01 2.085441725502868414e+09
1.362826593442840917e+01 2.058640165423035622e+09
1.368277899816612297e+01 2.033882609317015648e+09
1.373751011415878942e+01 1.983481028408439636e+09
1.379246015461542463e+01 1.977220521307833672e+09
1.384762999523388416e+01 1.930394824139660358e+09
1.390302051521481808e+01 1.927578140607637167e+09
1.395863259727567751e+01 1.885390743888396025e+09
1.401446712766477987e+01 1.848500762560331821e+09
1.407052499617543972e+01 1.844605856864228249e+09
1.412680709616014063e+01 1.779877796206521034e+09
1.418331432454478147e+01 1.744234222063741684e+09
1.424004758184296193e+01 1.744733729983571291e+09
1.429700777217033369e+01 1.728024964897853613e+09
1.435419580325901379e+01 1.676806473778283596e+09
1.441161258647204946e+01 1.667376392074579954e+09
1.446925903681793812e+01 1.620901337422769785e+09
1.452713607296521126e+01 1.617042297332904816e+09
1.458524461725707155e+01 1.587621326113620043e+09
1.464358559572609764e+01 1.547030952509583235e+09
1.470215993810900557e+01 1.524276721196831226e+09
1.476096857786143879e+01 1.525852894791368484e+09
1.482001245217288599e+01 1.497731977709098577e+09
1.487929250198157760e+01 1.467001927391796350e+09
1.493880967198950316e+01 1.443586949826131105e+09
1.499856491067746056e+01 1.422181183039142847e+09
1.505855917032016933e+01 1.408126788550423145e+09
1.511879340700144958e+01 1.380153204981889248e+09
1.517926858062945605e+01 1.357792468391160011e+09
1.523998565495197433e+01 1.344254410853627443e+09
1.530094559757178274e+01 1.312333407554486275e+09
1.536214937996206764e+01 1.293388755517963886e+09
1.542359797748191674e+01 1.273539769293102026e+09
1.548529236939184450e+01 1.260211516846797228e+09
1.554723353886941339e+01 1.231205215641535759e+09
1.560942247302489072e+01 1.225235171036654711e+09
1.567186016291699069e+01 1.201267848826320648e+09
1.573454760356865556e+01 1.175933996035353899e+09
1.579748579398293096e+01 1.170179247469030380e+09
1.586067573715886247e+01 1.146366351947988510e+09
1.592411844010749888e+01 1.134399986277839422e+09
1.598781491386792730e+01 1.100962015773194313e+09
1.605176617352340074e+01 1.094843052685766459e+09
1.611597323821749228e+01 1.073254344672153234e+09
1.618043713117036120e+01 1.053604031786800385e+09
1.624515887969504391e+01 1.037136746640804052e+09
1.631013951521382310e+01 1.034518277103044987e+09
1.637538007327468037e+01 1.019805693275330067e+09
1.644088159356778078e+01 1.002704330224825859e+09
1.650664511994205341e+01 9.795361220441657305e+08
1.657267170042182158e+01 9.609691722436584234e+08
1.663896238722350418e+01 9.441703527340283394e+08
1.670551823677240222e+01 9.380351100876954794e+08
1.677234030971949608e+01 9.282753448574497700e+08
1.683942967095837062e+01 9.066794516044075489e+08
1.690678738964220429e+01 8.939901188829836845e+08
1.697441453920077237e+01 8.831444046917773485e+08
1.704231219735757108e+01 8.784784806253823042e+08
1.711048144614700561e+01 8.456228036152505875e+08
1.717892337193159236e+01 8.421927676538786888e+08
1.724763906541932101e+01 8.196740815350915194e+08
1.731662962168099895e+01 8.120765336015578508e+08
1.738589614016772344e+01 8.018473489047954082e+08
1.745543972472839300e+01 7.966722770825358629e+08
1.752526148362730751e+01 7.806793403214122057e+08
1.759536252956181812e+01 7.629994290615832806e+08
1.766574397968006238e+01 7.515312284659583569e+08
1.773640695559878466e+01 7.428454528720487356e+08
1.780735258342117433e+01 7.344945837303887606e+08
1.787858199375486024e+01 7.269644629031411409e+08
1.795009632172988034e+01 7.073555570289952755e+08
1.802189670701679702e+01 7.020741981594203711e+08
1.809398429384486562e+01 6.906194517421385050e+08
1.816636023102024211e+01 6.660637003566272259e+08
1.823902567194432578e+01 6.716965396607463360e+08
1.831198177463210186e+01 6.611897060025776625e+08
1.838522970173062987e+01 6.480304776665552855e+08
1.845877062053754969e+01 6.408556484167996645e+08
1.853260570301970134e+01 6.223246965152119398e+08
1.860673612583178027e+01 6.106948943135631084e+08
1.868116307033510637e+01 6.069847324059287310e+08
1.875588772261644976e+01 5.961123527791918516e+08
1.883091127350691352e+01 5.933103515395182371e+08
1.890623491860094063e+01 5.808880722689197063e+08
1.898185985827534594e+01 5.693198164665458202e+08
1.905778729770844748e+01 5.693479318654617071e+08
1.913401844689928311e+01 5.618781797524063587e+08
1.921055452068688041e+01 5.390259501020722389e+08
1.928739673876962968e+01 5.392356526120684147e+08
1.936454632572470658e+01 5.330453401024923325e+08
1.944200451102760141e+01 5.162378263005503416e+08
1.951977252907171589e+01 5.198598198703489900e+08
1.959785161918800256e+01 5.023242166367444396e+08
1.967624302566475691e+01 4.982635044761334062e+08
1.991079942767366973e+01 4.777223939781718850e+08
