# Wavelength (micrometer), Flux (W / m2 / m)
1.000553076518779783e-01 1.776170792226218796e+10
1.004555288824854897e-01 7.461533807820152225e-10
1.008573509980154326e-01 1.220569688805826770e-09
1.012607804020075053e-01 1.153525791488579867e-09
1.016658235236155422e-01 1.863238081561793921e-09
1.020724868177099870e-01 2.265898423256475890e-07
1.024807767649808382e-01 3.929758999192645971e-08
1.028906998720407612e-01 4.915305703858098105e-09
1.033022626715289355e-01 3.673856413832292835e-07
1.037154717222150413e-01 5.552196095594048435e-09
1.041303336091038839e-01 5.115856040194925826e-09
1.045468549435403099e-01 3.158130017608553659e-08
1.049650423633144702e-01 2.474053066912530144e-09
1.053849025327677214e-01 6.835432545999049868e-08
1.058064421428987906e-01 5.050062855145622492e-09
1.062296679114703990e-01 9.061601925834982508e-08
1.066545865831162732e-01 6.353431143412142693e-08
1.070812049294487533e-01 2.382442525880897343e-08
1.075095297491665408e-01 1.002985745541924937e-06
1.079395678681632220e-01 3.121212100577469743e-08
1.083713261396358624e-01 5.188112118238688432e-07
1.088048114441943909e-01 2.404504482065396632e-07
1.092400306899711654e-01 4.190861842246801263e-05
1.096769908127310511e-01 4.045392981715976942e-07
1.101156987759819850e-01 5.528934662098917429e-07
1.105561615710859147e-01 2.155029832726834059e-05
1.109983862173702651e-01 4.981691585446765365e-06
1.114423797622397516e-01 1.447148012640181969e-06
1.118881492812886930e-01 4.880233511517478894e-07
1.123357018784138517e-01 2.022084974960731029e-06
1.127850446859275102e-01 7.502928369092425965e-04
1.132361848646712132e-01 4.361010371270313121e-04
1.136891296041298988e-01 2.544958786849615246e-04
1.141438861225464035e-01 3.031462749184971072e-04
1.146004616670366072e-01 1.844940126616754182e-04
1.150588635137047705e-01 1.909320615175244670e-04
1.155190989677595953e-01 1.003444765485575870e-04
1.159811753636306314e-01 3.239869334720528677e-04
1.164451000650851553e-01 6.532936258233825583e-05
1.169108804653455069e-01 7.116513063252159191e-05
1.173785239872068981e-01 3.035100565002799315e-04
1.178480380831557206e-01 7.782441799473176648e-04
1.183194302354883543e-01 4.388702399503219861e-04
1.187927079564302935e-01 8.864585401587586936e-05
1.192678787882560099e-01 1.449289218338176458e-04
1.197449503034090645e-01 1.307202299826755584e-04
1.202239301046226783e-01 1.740582413570003234e-05
1.207048258250411760e-01 4.269133397702817037e-05
1.211876451283413342e-01 2.280922259883442666e-05
1.216723957088547137e-01 3.430462113102055480e-05
1.221590852916901310e-01 7.768102049284025736e-05
1.226477216328568792e-01 1.186187011424559248e-04
1.231383125193883099e-01 3.195748805089713990e-05
1.236308657694658586e-01 1.259632263225211760e-04
1.241253892325437369e-01 8.621882228495045080e-05
1.246218907894739159e-01 2.072448501522156509e-05
1.251203783526317892e-01 4.190247595752131978e-05
1.256208598660423226e-01 2.629397851398476791e-04
1.261233433055065078e-01 1.779303225706847346e-04
1.266278366787285392e-01 3.626159057853996036e-05
1.271343480254434610e-01 2.067769189650229069e-04
1.276428854175452321e-01 1.239455999091257463e-04
1.281534569592154005e-01 6.964569594909581223e-05
1.286660707870522780e-01 1.953720740875909332e-04
1.291807350702004475e-01 3.078318844740575259e-04
1.296974580104812425e-01 3.411186093037125826e-04
1.302162478425231973e-01 7.322494276157796747e-05
1.307371128338932764e-01 2.802820365513862370e-04
1.312600612852288795e-01 9.887726826099231883e-04
1.317851015303697915e-01 2.569345964915931016e-04
1.323122419364912705e-01 7.276202831998403175e-04
1.328414909042372472e-01 1.044951429217652649e-03
1.333728568678542170e-01 6.990946888992519192e-04
1.339063482953256612e-01 1.999486978224015651e-04
1.344419736885069383e-01 8.285913376352815451e-04
1.349797415832609815e-01 1.121814021109145956e-03
1.355196605495940232e-01 1.133348711986514835e-03
1.360617391917924301e-01 1.501151825013227921e-03
1.366059861485595939e-01 8.239547154845640710e-04
1.371524100931538481e-01 3.725686135900635660e-04
1.377010197335264696e-01 7.617037927170935410e-04
1.382518238124605670e-01 4.899103031651164467e-03
1.388048311077104136e-01 2.846831214675062637e-03
1.393600504321412248e-01 1.122467160470268623e-03
1.399174906338697677e-01 9.601603644039890216e-04
1.404771605964052761e-01 4.762227791300675112e-03
1.410390692387908651e-01 2.461946313966681659e-03
1.416032255157460562e-01 1.015747315963593314e-02
1.421696384178090522e-01 1.029409204447744768e-03
1.427383169714803168e-01 5.655895104235436448e-03
1.433092702393662099e-01 4.880735827747247069e-02
1.438825073203236771e-01 1.313523105363607890e-02
1.444580373496049674e-01 3.920360474764286729e-02
1.450358694990033503e-01 1.325316311502376145e-02
1.456160129769993872e-01 7.295344916965411375e-02
1.461984770289073976e-01 1.469752325183742159e-01
1.467832709370230082e-01 3.475876165405238777e-02
1.473704040207710897e-01 8.193114364318004883e-02
1.479598856368541382e-01 1.211830530787637479e-02
1.485517251794015725e-01 6.272284198459450455e-02
1.491459320801191979e-01 1.244295665641607235e-01
1.497425158084396690e-01 5.725336154083954937e-02
1.503414858716734248e-01 4.491193951593311362e-01
1.509428518151600951e-01 1.164470577457317052e-01
1.515466232224207677e-01 4.266360655364008492e-02
1.521528097153104220e-01 1.227934197193639998e-01
1.527614209541716672e-01 4.060606682942673878e-02
1.533724666379883694e-01 3.782706021570229199e-02
1.539859565045403056e-01 6.128617280888980917e-02
1.546019003305584838e-01 5.774542345346861047e-03
1.552203079318807133e-01 1.708362138438970779e-02
1.558411891636082569e-01 1.360516964575561073e-02
1.564645539202626778e-01 8.845327298184135420e-03
1.570904121359437411e-01 9.501853275724881503e-03
1.577187737844875093e-01 6.791411826641322036e-03
1.583496488796254653e-01 9.654463496823480206e-03
1.589830474751439959e-01 2.600908206463670158e-02
1.596189796650445414e-01 6.657834925809759212e-03
1.602574555837047166e-01 7.768157564136130531e-03
1.608984854060395708e-01 1.728623972427320923e-02
1.615420793476636807e-01 1.628193757104650502e-02
1.621882476650543525e-01 1.876888871966244862e-02
1.628370006557145755e-01 1.780313802538122450e-02
1.634883486583374457e-01 2.451897025254922910e-02
1.641423020529707844e-01 2.915521490447694000e-02
1.647988712611826723e-01 3.452144159326836492e-02
1.654580667462274002e-01 1.393610832859388908e-02
1.661198990132123077e-01 5.489145092391906067e-02
1.667843786092651215e-01 5.675825777185040250e-02
1.674515161237022098e-01 8.683131685668799005e-02
1.681213221881969755e-01 1.846544094761834176e-01
1.687938074769497754e-01 1.308029534816048389e-01
1.694689827068575905e-01 4.583725118446804192e-01
1.701468586376850278e-01 3.690438337157291859e-01
1.708274460722357391e-01 4.674902248984194597e-01
1.715107558565246715e-01 6.216603996339951088e-01
1.721967988799507909e-01 5.862323833861646794e-01
1.728855860754705820e-01 9.462945060115036666e-01
1.735771284197724640e-01 7.036779668686798939e-01
1.742714369334515678e-01 6.536892419434419121e-01
1.749685226811853456e-01 1.880941197662602926e+00
1.756683967719100681e-01 1.042894490349945524e+00
1.763710703589977391e-01 2.837572730114260366e+00
1.770765546404337309e-01 3.486761193982817808e+00
1.777848608589954471e-01 1.487047417723936116e+00
1.784960003024314568e-01 5.099073471698056359e+00
1.792099843036411844e-01 3.954166558042439661e+00
1.799268242408557650e-01 4.609853273647341432e+00
1.806465315378191772e-01 9.787818137162282994e+00
1.813691176639704306e-01 3.010551096873120613e+00
1.820945941346263086e-01 8.225785629970246760e+00
1.828229725111648329e-01 1.714681613206712640e+01
1.835542644012094771e-01 2.995600856771008846e+00
1.842884814588143239e-01 1.313576920775407331e+01
1.850256353846495561e-01 2.881277410207266598e+01
1.857657379261881403e-01 8.381675527893138522e+00
1.865088008778928996e-01 3.368354573765024895e+01
1.872548360814044743e-01 2.931991873172193408e+01
1.880038554257300876e-01 1.280676172858509787e+01
1.887558708474330049e-01 5.032084297348703217e+01
1.895108943308226879e-01 3.504104226245043918e+01
1.902689379081460019e-01 2.581236754966279889e+01
1.910300136597785636e-01 9.532823963033791870e+01
1.917941337144176972e-01 5.956489323365768485e+01
1.925613102492753359e-01 7.086268920433631990e+01
1.933315554902724498e-01 1.598265889737022292e+02
1.941048817122335568e-01 1.253901963541200928e+02
1.948813012390824828e-01 1.262546082791651827e+02
1.956608264440388156e-01 2.985652232298829176e+02
1.964434697498149418e-01 1.577033722130891817e+02
1.972292436288141937e-01 2.311159521102351562e+02
1.980181606033294406e-01 4.242237835846100324e+02
1.988102332457427346e-01 3.188950274666021301e+02
1.996054741787257336e-01 2.926913943204943962e+02
2.004038960754406518e-01 4.139467868631900842e+02
2.012055116597424309e-01 4.506420100930971557e+02
2.020103337063813842e-01 4.937381364060244664e+02
2.028183750412069219e-01 6.166562553566376437e+02
2.036296485413717494e-01 4.941865789334949000e+02
2.044441671355372303e-01 4.469571519256722922e+02
2.052619438040793887e-01 6.249071456046959838e+02
2.060829915792957157e-01 5.761232490969149467e+02
2.069073235456129201e-01 5.641859636421090727e+02
2.077349528397953449e-01 6.128037375594773266e+02
2.085658926511545219e-01 7.388265105280427179e+02
2.094001562217591150e-01 7.367152727310829050e+02
2.102377568466461677e-01 7.532222016364364663e+02
2.110787078740327671e-01 5.807936486384681984e+02
2.119230227055288740e-01 7.731892819595429955e+02
2.127707147963510126e-01 8.460569603123817615e+02
2.136217976555363773e-01 9.910054247205878255e+02
2.144762848461585492e-01 5.908577919017559452e+02
2.153341899855431840e-01 9.526591304389496599e+02
2.161955267454853669e-01 1.257253322806164078e+03
2.170603088524672986e-01 1.428879817103576215e+03
2.179285500878772042e-01 9.761636011097182291e+02
2.188002642882286852e-01 1.125947327974113932e+03
2.196754653453815986e-01 1.886388429612727805e+03
2.205541672067631020e-01 1.635353458303856542e+03
2.214363838755901703e-01 3.146818279283720585e+03
2.223221294110925284e-01 1.477578927354067673e+03
2.232114179287369160e-01 5.436032929850672190e+03
2.241042636004518529e-01 3.315096850436513705e+03
2.250006806548536520e-01 8.554042405838185005e+03
2.259006833774730438e-01 4.487362821939970672e+03
2.268042861109829667e-01 7.620522379456246199e+03
2.277115032554268836e-01 9.481962218656468394e+03
2.286223492684485714e-01 1.067411521270792036e+04
2.295368386655223802e-01 2.194887716946083674e+04
2.304549860201844658e-01 6.180293070188352431e+03
2.313768059642651864e-01 2.029641250957188822e+04
2.323023131881222503e-01 1.920178109804702399e+04
2.332315224408747223e-01 3.237051468984941675e+04
2.341644485306381973e-01 3.453633301001035579e+04
2.351011063247607502e-01 1.018719114623085443e+04
2.360415107500598020e-01 3.710215378450386925e+04
2.369856767930600405e-01 1.108777223135258464e+04
2.379336195002322851e-01 4.672493735946629749e+04
2.388853539782332114e-01 3.774609029292812920e+04
2.398408953941461863e-01 9.276741071857280622e+04
2.408002589757227141e-01 1.159386595240504103e+05
2.417634600116256582e-01 4.123991997811830515e+04
2.427305138516721306e-01 1.629446422789873614e+05
2.437014359070788505e-01 1.472219572692666552e+05
2.446762416507071713e-01 3.417368150356268161e+05
2.456549466173099938e-01 1.883349160304514517e+05
2.466375664037792625e-01 2.600935777600732399e+05
2.476241166693943785e-01 3.551044069857640425e+05
2.486146131360719436e-01 7.551302347764073056e+04
2.496090715886161993e-01 3.069024784530695179e+05
2.506075078749706586e-01 2.442798119797395193e+05
2.516099379064705155e-01 3.691469173994823359e+05
2.526163776580964138e-01 6.278716839945206884e+05
2.536268431687287994e-01 1.834076422035154654e+06
2.546413505414037437e-01 2.368532407156558242e+06
2.556599159435693491e-01 1.094588976388723124e+06
2.566825556073435988e-01 8.159596885472974973e+05
2.577092858297729827e-01 1.020850420241048210e+06
2.587401229730920682e-01 7.536983507012100890e+05
2.597750834649844576e-01 1.324604319308965234e+06
2.608141837988444123e-01 1.361299032790662488e+06
2.618574405340398092e-01 2.831073577153253369e+06
2.629048702961759298e-01 5.849619826295097359e+06
2.639564897773606367e-01 5.796294865766766481e+06
2.650123157364701054e-01 5.642909594985483214e+06
2.660723649994159445e-01 4.624095455543298274e+06
2.671366544594135917e-01 4.827764279137318023e+06
2.682052010772512096e-01 6.103862065346628428e+06
2.692780218815602478e-01 4.683790762726140209e+06
2.703551339690865030e-01 8.458346709030143917e+06
2.714365545049627904e-01 7.679151754162033089e+06
2.725223007229827243e-01 7.804542663040447980e+06
2.736123899258746106e-01 9.813060420980712399e+06
2.747068394855781692e-01 1.345221971874685958e+07
2.758056668435204806e-01 1.633730555935906991e+07
2.769088895108945403e-01 3.324005363211022690e+07
2.780165250689380918e-01 2.754857566901646927e+07
2.791285911692138466e-01 3.717946461038424075e+07
2.802451055338907038e-01 3.364127620653215051e+07
2.813660859560263017e-01 3.186572561884897575e+07
2.824915502998503469e-01 2.870851048624893278e+07
2.836215165010497197e-01 2.844332224819105864e+07
2.847560025670539119e-01 1.152933460035240836e+07
2.858950265773221866e-01 2.028425497272488475e+07
2.870386066836315142e-01 4.311904300448872894e+07
2.881867611103660631e-01 7.735329512129962444e+07
2.893395081548075787e-01 1.171833357633236349e+08
2.904968661874267610e-01 1.451864139794727266e+08
2.916588536521764197e-01 1.730040887581064403e+08
2.928254890667851273e-01 1.648332428343008757e+08
2.939967910230522619e-01 1.695371418063928485e+08
2.951727781871444911e-01 1.512373315551219285e+08
2.963534692998930908e-01 1.780790093179846704e+08
2.975388831770926501e-01 1.963086538795648515e+08
2.987290387098009981e-01 2.754525617045828104e+08
2.999239548646402409e-01 1.960353903278540373e+08
3.011236506840988536e-01 4.502870605103356242e+08
3.023281452868351593e-01 2.104840001537553668e+08
3.035374578679824742e-01 6.569249277039356232e+08
3.047516076994544187e-01 5.671544484840515852e+08
3.059706141302522830e-01 6.826040830360825062e+08
3.071944965867733357e-01 1.031202981883190036e+09
3.084232745731204095e-01 1.350633431331751347e+09
3.096569676714128194e-01 1.274232304177140474e+09
3.108955955420985018e-01 1.754659092459534407e+09
3.121391779242668751e-01 1.990643646015067339e+09
3.133877346359639215e-01 2.505591142392231464e+09
3.146412855745078230e-01 3.265122825967804432e+09
3.158998507168058190e-01 3.157090087358397007e+09
3.171634501196730627e-01 5.188528898443593025e+09
3.184321039201517545e-01 3.999858043411575794e+09
3.197058323358323295e-01 4.119363462385985374e+09
3.209846556651756444e-01 5.330513617907223701e+09
3.222685942878363852e-01 6.500284889219327927e+09
3.235576686649877520e-01 6.557170869397618294e+09
3.248518993396476984e-01 8.143031095936474800e+09
3.261513069370062801e-01 8.999233911607547760e+09
3.274559121647543369e-01 1.034665022239076424e+10
3.287657358134133401e-01 1.165195829249680519e+10
3.300807987566670154e-01 1.072116525596863937e+10
3.314011219516936890e-01 1.632552410757662010e+10
3.327267264395004642e-01 1.697373639207710838e+10
3.340576333452584534e-01 2.087644821718546677e+10
3.353938638786395088e-01 1.905664669785058212e+10
3.367354393341540630e-01 1.911548903484011841e+10
3.380823810914907468e-01 2.092532023369459534e+10
3.394347106158566718e-01 2.586253456573495865e+10
3.407924494583201014e-01 2.789778711004357147e+10
3.421556192561533982e-01 2.586866880638657379e+10
3.435242417331779707e-01 1.534408629599745941e+10
3.448983387001106626e-01 1.900691303449463654e+10
3.462779320549111417e-01 2.249744700246283722e+10
3.476630437831307319e-01 1.806873592281972122e+10
3.490536959582632992e-01 1.990185811357883835e+10
3.504499107420963600e-01 3.950222371589634705e+10
3.518517103850647421e-01 3.701147030789954376e+10
3.532591172266050239e-01 4.860414213806443787e+10
3.546721536955114717e-01 6.375401378687895966e+10
3.560908423102934761e-01 3.432282385602601624e+10
3.575152056795346533e-01 2.290446862348124313e+10
3.589452665022527800e-01 4.074814912782263184e+10
3.603810475682617254e-01 5.616958911242765045e+10
3.618225717585348278e-01 4.690855595682054901e+10
3.632698620455689364e-01 4.740337828503986359e+10
3.647229414937512293e-01 3.924988151686795807e+10
3.661818332597261971e-01 8.020649273200837708e+10
3.676465605927651259e-01 5.949175343010170746e+10
3.691171468351361895e-01 6.747463796571520996e+10
3.705936154224767076e-01 3.670869089681594849e+10
3.720759898841666247e-01 1.572513981821803093e+10
3.735642938437032656e-01 1.537903457136076927e+10
3.750585510190780902e-01 2.040191936098434830e+10
3.765587852231543908e-01 5.174277373765193939e+10
3.780650203640470441e-01 1.111557681556094818e+11
3.795772804455032068e-01 7.077588554760675049e+10
3.810955895672852312e-01 8.451000398952574158e+10
3.826199719255543585e-01 3.172924646048324203e+10
3.841504518132565771e-01 6.088694787255062866e+10
3.856870536205096456e-01 2.701959006285168076e+10
3.872298018349916715e-01 5.382577564422745514e+10
3.887787210423316320e-01 4.719780086223362732e+10
3.903338359265008939e-01 6.616993160521527100e+10
3.918951712702069545e-01 7.828404415432109070e+10
3.934627519552877928e-01 7.781825257415963745e+10
3.950366029631089404e-01 1.370490446066554413e+11
3.966167493749613859e-01 1.158780822395149536e+11
3.982032163724612550e-01 1.815045636249425354e+11
3.997960292379510450e-01 1.843142148828649292e+11
4.013952133549028578e-01 2.203655930731693726e+11
4.030007942083224659e-01 2.553232047249044495e+11
4.046127973851557647e-01 1.905004968258549805e+11
4.062312485746963908e-01 2.026466057098193359e+11
4.078561735689951728e-01 2.248922224994121704e+11
4.094875982632711353e-01 2.409792553107375183e+11
4.111255486563242245e-01 2.671666931914914551e+11
4.127700508509495880e-01 2.275541723725263367e+11
4.144211310543532978e-01 1.949981478460848694e+11
4.160788155785707931e-01 2.084842158925089111e+11
4.177431308408850463e-01 1.470198435960615845e+11
4.194141033642486138e-01 1.064781760545819397e+11
4.210917597777056320e-01 5.219860319189756012e+10
4.227761268168164221e-01 1.305057240839885139e+10
4.244672313240837602e-01 5.910643069376578522e+10
4.261651002493800910e-01 1.000415810849015045e+11
4.278697606503775730e-01 1.337570125787383423e+11
4.295812396929790666e-01 1.342963803933296051e+11
4.312995646517510107e-01 1.602632297416115417e+11
4.330247629103580187e-01 2.024202383866997070e+11
4.347568619619994745e-01 2.318808549799021606e+11
4.364958894098474596e-01 2.183574849888823242e+11
4.382418729674867897e-01 1.867569525045891113e+11
4.399948404593567730e-01 2.123212679818078003e+11
4.417548198211941890e-01 2.430345357863608093e+11
4.435218391004789873e-01 1.828415710181076965e+11
4.452959264568808750e-01 1.989268365686110535e+11
4.470771101627084021e-01 2.110246838906758118e+11
4.488654186033592119e-01 2.292269211197252502e+11
4.506608802777726241e-01 2.466093132904163208e+11
4.524635237988837710e-01 2.473871929077877808e+11
4.542733778940792333e-01 2.444234526162101746e+11
4.560904714056555065e-01 2.564113246398538513e+11
4.579148332912781894e-01 2.943946019598638306e+11
4.597464926244433370e-01 1.927082524488691101e+11
4.615854785949410899e-01 2.896220269182933350e+11
4.634318205093208576e-01 1.993688510195436096e+11
4.652855477913582227e-01 2.528433296439386597e+11
4.671466899825236219e-01 2.588678486347178040e+11
4.690152767424536906e-01 2.815412465407442017e+11
4.708913378494234969e-01 3.309768809509737549e+11
4.727749032008212171e-01 3.024143335188340454e+11
4.746660028136244769e-01 3.398291763855963745e+11
4.765646668248789131e-01 2.210443276651849670e+11
4.784709254921784560e-01 1.851888260576192932e+11
4.803848091941470555e-01 2.452333018022546692e+11
4.823063484309236815e-01 2.689272216960386658e+11
4.842355738246474361e-01 3.191624959078945312e+11
4.861725161199459966e-01 3.108161006740245972e+11
4.881172061844257226e-01 4.026439176091707153e+11
4.900696750091634302e-01 3.485302249456052856e+11
4.920299537092001074e-01 4.365842175232369385e+11
4.939980735240369625e-01 5.277923686210215454e+11
4.959740658181330253e-01 3.383603892932353516e+11
4.979579620814056362e-01 4.243153338977780762e+11
4.999497939297311566e-01 3.539340716251300049e+11
5.019495931054501758e-01 3.287942783925161743e+11
5.039573914778719965e-01 4.209130244170579834e+11
5.059732210437835054e-01 3.134044821069799194e+11
5.079971139279585435e-01 3.506293597414326782e+11
5.100291023836703852e-01 3.250993253268558960e+11
5.120692187932051054e-01 3.331520706407268066e+11
5.141174956683780550e-01 3.333469939885460815e+11
5.161739656510514473e-01 2.780928818943067627e+11
5.182386615136556074e-01 1.960602138329475403e+11
5.203116161597103329e-01 2.843934638504827271e+11
5.223928626243490303e-01 4.223767845064000854e+11
5.244824340748465152e-01 3.589392562149083862e+11
5.265803638111459239e-01 3.300638281321661377e+11
5.286866852663905103e-01 3.444012286319016724e+11
5.308014320074561088e-01 3.468784151992280884e+11
5.329246377354859288e-01 2.995670631887073975e+11
5.350563362864277916e-01 3.104185717298316650e+11
5.371965616315735881e-01 2.507599640977971191e+11
5.393453478780998456e-01 2.709015936508146362e+11
5.415027292696121819e-01 2.600620722733963318e+11
5.436687401866906466e-01 2.523959321276187134e+11
5.458434151474373941e-01 1.865076488267108154e+11
5.480267888080271321e-01 2.364202133670054016e+11
5.502188959632591247e-01 2.238093470490656433e+11
5.524197715471121928e-01 2.455820470129952698e+11
5.546294506333006025e-01 2.719106495721118469e+11
5.568479684358338400e-01 2.522829570565977783e+11
5.590753603095770519e-01 2.172918570713828125e+11
5.613116617508153716e-01 1.704153339369037170e+11
5.635569083978186899e-01 1.341818111560501556e+11
5.658111360314097560e-01 1.655024019608927002e+11
5.680743805755354980e-01 1.458099255064818726e+11
5.703466780978375672e-01 1.727535252347956543e+11
5.726280648102289872e-01 1.830872021706235962e+11
5.749185770694699160e-01 2.114820742032456970e+11
5.772182513777477375e-01 1.938417585255817566e+11
5.795271243832587071e-01 2.418958055076503296e+11
5.818452328807918184e-01 2.450233900472961731e+11
5.841726138123150003e-01 2.300745255419001465e+11
5.865093042675643131e-01 1.681149343831602783e+11
5.888553414846344758e-01 1.057408977201307220e+11
5.912107628505729462e-01 1.143416793572883453e+11
5.935756059019753339e-01 1.338260041433712616e+11
5.959499083255832552e-01 1.304265099512868500e+11
5.983337079588855190e-01 1.530649044822759094e+11
6.007270427907210886e-01 1.702795424940096130e+11
6.031299509618840426e-01 2.009972901548559570e+11
6.055424707657315331e-01 2.429764671648255920e+11
6.079646406487945187e-01 2.907250463760552368e+11
6.103964992113897203e-01 3.369349750898838501e+11
6.128380852082353503e-01 3.859008207339298096e+11
6.152894375490681744e-01 3.389624467894741211e+11
6.177505952992645710e-01 2.275543332036410522e+11
6.202215976804615893e-01 1.886531598143021851e+11
6.227024840711834486e-01 1.390773481767546387e+11
6.251932940074681477e-01 1.697822615863093262e+11
6.276940671834980723e-01 1.907857232594710693e+11
6.302048434522321552e-01 2.352167809354368286e+11
6.327256628260409244e-01 2.964231756277587891e+11
6.352565654773452142e-01 3.410757988556572266e+11
6.377975917392545435e-01 3.684058239709788208e+11
6.403487821062116003e-01 5.054884299695266724e+11
6.429101772346363930e-01 5.447617343020838013e+11
6.454818179435749537e-01 6.349869537985753174e+11
6.480637452153492628e-01 6.692063549011331787e+11
6.506560001962106154e-01 7.170169217584572754e+11
6.532586241969955410e-01 8.249570370178190918e+11
6.558716586937833881e-01 5.891971650114141846e+11
6.584951453285585732e-01 5.265301217665368042e+11
6.611291259098727169e-01 4.396961721809049683e+11
6.637736424135122215e-01 3.612392764614255371e+11
6.664287369831662922e-01 3.347259035000670166e+11
6.690944519310989547e-01 3.143295853344489136e+11
6.717708297388232941e-01 3.173278431564721069e+11
6.744579130577786907e-01 3.370186211611756592e+11
6.771557447100098326e-01 4.144407181565139160e+11
6.798643676888498355e-01 4.053319181278142700e+11
6.825838251596052508e-01 4.515714377075745239e+11
6.853141604602436265e-01 4.424314786211440430e+11
6.880554171020846210e-01 4.422852436070996094e+11
6.908076387704928933e-01 5.239445159704838867e+11
6.935708693255748791e-01 6.262564771732468262e+11
6.963451528028771209e-01 7.981760880625504150e+11
6.991305334140887062e-01 9.139610394998952637e+11
7.019270555477450380e-01 9.928632378981345215e+11
7.047347637699360456e-01 1.233085346126777588e+12
7.075537028250157290e-01 1.005159045651636719e+12
7.103839176363159202e-01 8.491234515970131836e+11
7.132254533068611568e-01 7.354495741666420898e+11
7.160783551200886610e-01 7.932064561816693115e+11
7.189426685405689854e-01 8.448596245603585205e+11
7.218184392147313222e-01 8.062997197513770752e+11
7.247057129715901436e-01 9.477514760666658936e+11
7.276045358234763949e-01 1.052860838325734863e+12
7.305149539667704639e-01 1.246036005147173584e+12
7.334370137826373703e-01 1.451453277336052490e+12
7.363707618377679509e-01 1.586821649950733154e+12
7.393162448851190449e-01 1.721670319209796875e+12
7.422735098646596752e-01 1.801526607000391113e+12
7.452426039041182282e-01 1.813338081236096191e+12
7.482235743197346300e-01 1.923619324285073486e+12
7.512164686170136330e-01 1.925712362634219238e+12
7.542213344914817652e-01 2.040766495978596436e+12
7.572382198294477229e-01 2.019216534628593018e+12
7.602671727087656484e-01 1.804452600474486816e+12
7.633082413996006288e-01 1.735091737805525146e+12
7.663614743651989691e-01 1.100300018024375244e+12
7.694269202626597970e-01 1.155091886387630615e+12
7.725046279437104424e-01 1.384296073178256592e+12
7.755946464554852593e-01 1.349097185143396240e+12
7.786970250413072225e-01 1.341365489430970215e+12
7.818118131414724115e-01 1.489238434648384521e+12
7.849390603940383793e-01 1.178899744309664307e+12
7.880788166356144098e-01 1.363294051175160645e+12
7.912311319021569922e-01 1.274888210142787598e+12
7.943960564297655180e-01 1.440163404192813965e+12
7.975736406554845281e-01 1.507175640676667236e+12
8.007639352181065151e-01 1.677422609914054932e+12
8.039669909589789443e-01 1.815307676357684814e+12
8.071828589228148276e-01 2.054821259453605225e+12
8.104115903585061842e-01 2.195544725824051270e+12
8.136532367199402760e-01 2.449334797334350098e+12
8.169078496668199518e-01 2.463462563528605469e+12
8.201754810654874328e-01 2.016417032332778564e+12
8.234561829897493190e-01 2.326714212898016113e+12
8.267500077217083687e-01 2.288740781059903320e+12
8.300570077525952772e-01 2.044214653281573975e+12
8.333772357836056743e-01 2.194382722873641602e+12
8.367107447267401188e-01 2.094101551499858154e+12
8.400575877056470908e-01 2.164110164714653320e+12
8.434178180564695371e-01 1.777118884248124756e+12
8.467914893286955236e-01 1.334315429963206299e+12
8.501786552860102208e-01 1.441101281801791504e+12
8.535793699071543283e-01 1.474614103368895996e+12
8.569936873867830540e-01 1.632083761381337646e+12
8.604216621363300899e-01 1.816248378044614746e+12
8.638633487848753623e-01 2.049040805387467041e+12
8.673188021800150027e-01 2.226979929735558594e+12
8.707880773887352044e-01 2.323840490790168945e+12
8.742712296982900755e-01 2.458894980867289551e+12
8.777683146170831563e-01 2.687975480694544434e+12
8.812793878755513788e-01 2.796260826816485352e+12
8.848045054270535781e-01 2.878886564197343262e+12
8.883437234487617795e-01 2.353080155786405762e+12
8.918970983425568155e-01 2.749244792469465820e+12
8.954646867359271623e-01 2.364579002112786621e+12
8.990465454828707736e-01 2.600999206555924316e+12
9.026427316648023558e-01 2.523182604805435547e+12
9.062533025914615292e-01 2.558390004253848633e+12
9.098783158018273198e-01 2.698649464525003906e+12
9.135178290650346478e-01 2.782609552179530762e+12
9.171719003812948134e-01 2.921810092554053711e+12
9.208405879828199803e-01 2.995520129045520020e+12
9.245239503347512100e-01 2.942617436804239746e+12
9.282220461360901620e-01 2.964721274644772461e+12
9.319349343206346781e-01 2.867364084645794922e+12
9.356626740579171431e-01 2.906676944343171875e+12
9.394053247541488405e-01 2.830219825694739746e+12
9.431629460531654185e-01 2.963651755059029785e+12
9.469355978373780180e-01 3.083205441408143066e+12
9.507233402287275092e-01 3.143084030432375000e+12
9.545262335896426142e-01 3.194972056845539551e+12
9.583443385240012491e-01 3.128909088556818848e+12
9.621777158780971950e-01 3.209219551419934570e+12
9.660264267416096562e-01 3.236472559570038574e+12
9.698905324485760371e-01 3.315437311784863281e+12
9.737700945783701600e-01 2.968311370630548340e+12
9.776651749566835914e-01 2.943266018882837402e+12
9.815758356565105203e-01 2.916114111445273438e+12
9.855021389991363012e-01 2.876708056062953613e+12
9.894441475551331022e-01 2.816147863972373047e+12
9.934019241453534432e-01 2.458722507549213867e+12
9.973755318419349480e-01 2.677363867008651855e+12
1.001365033969302543e+00 2.697954011976990723e+12
1.005370494105179757e+00 2.685494074830813477e+12
1.009391976081600362e+00 2.768496623918615234e+12
1.013429543985926884e+00 2.885546073392052246e+12
1.017483262161870350e+00 2.900824621913126465e+12
1.021553195210518128e+00 2.986042878207909180e+12
1.025639407991360219e+00 2.913210592879116699e+12
1.029741965623325539e+00 2.910520222323844238e+12
1.033860933485818867e+00 2.961181296341877441e+12
1.037996377219762012e+00 3.085783508261183105e+12
1.042148362728641198e+00 3.092040915948192871e+12
1.046316956179555557e+00 3.215223659001571777e+12
1.050502224004274066e+00 3.229088628391346191e+12
1.054704232900291139e+00 3.287241072214163574e+12
1.058923049831892227e+00 3.268310237165327148e+12
1.063158742031219628e+00 3.258426540936082031e+12
1.067411376999344741e+00 3.200818766157677734e+12
1.071681022507342096e+00 3.194705270370205566e+12
1.075967746597371377e+00 3.269395247933687500e+12
1.080271617583760779e+00 3.216131953419903320e+12
1.084592704054095913e+00 3.282429991815939453e+12
1.088931074870312044e+00 3.161633331954553711e+12
1.093286799169793433e+00 3.257918078658788574e+12
1.097659946366472461e+00 3.195711115853209961e+12
1.102050586151938294e+00 3.182706631051727051e+12
1.106458788496546219e+00 3.077288529345353027e+12
1.110884623650532532e+00 3.048087003592790527e+12
1.115328162145134749e+00 3.181234870616240234e+12
1.119789474793714934e+00 3.163418160331798340e+12
1.124268632692889902e+00 3.211601908032548828e+12
1.128765707223661430e+00 3.222067828000100586e+12
1.133280770052556230e+00 3.206570110958673340e+12
1.137813893132766374e+00 2.938460765708774414e+12
1.142365148705297484e+00 3.009849886892658691e+12
1.146934609300118479e+00 3.265924274062260742e+12
1.151522347737319096e+00 3.330252089487331543e+12
1.156128437128268516e+00 3.295296795635048828e+12
1.160752950876781542e+00 3.289162591946187988e+12
1.165395962680288999e+00 3.322888931471970215e+12
1.170057546531009907e+00 3.141499670578173340e+12
1.174737776717134086e+00 3.200116484956657227e+12
1.179436727824002773e+00 2.999405014264662109e+12
1.184154474735298557e+00 3.179006137786943359e+12
1.188891092634239977e+00 3.233856193943980469e+12
1.193646657004777012e+00 3.255959996144890137e+12
1.198421243632796118e+00 3.123397056788429688e+12
1.203214928607327261e+00 3.154977672843990723e+12
1.208027788321756724e+00 3.207342028157257324e+12
1.212859899475043468e+00 3.162703045113079590e+12
1.217711339072943710e+00 3.202763373257592285e+12
1.222582184429235275e+00 3.165538504113373047e+12
1.227472513166952384e+00 3.221815164541090332e+12
1.232382403219620226e+00 3.197896189172546875e+12
1.237311932832498407e+00 3.172224743563120605e+12
1.242261180563828615e+00 2.973278230641752441e+12
1.247230225286083849e+00 3.072444605867577637e+12
1.252219146187228072e+00 2.932819718819826660e+12
1.257228022771976983e+00 3.030257879971666504e+12
1.262256934863064783e+00 3.009885912391094238e+12
1.267305962602517155e+00 3.053970581080093750e+12
1.272375186452927354e+00 3.038506342668522949e+12
1.277464687198738957e+00 3.042320776434087891e+12
1.282574545947533950e+00 3.039418717568016113e+12
1.287704844131324133e+00 2.966460154066515137e+12
1.292855663507849417e+00 2.965904486661023926e+12
1.298027086161880783e+00 2.997934456526493164e+12
1.303219194506528344e+00 2.988752113988597656e+12
1.308432071284554521e+00 2.971392720135810059e+12
1.313665799569692760e+00 3.004433853459278320e+12
1.318920462767971591e+00 3.010649786272361816e+12
1.324196144619043336e+00 2.948238322478217773e+12
1.329492929197519491e+00 2.930221171014416504e+12
1.334810900914309650e+00 2.861700741201646973e+12
1.340150144517967101e+00 2.843156398525625000e+12
1.345510745096038852e+00 2.843793536247700195e+12
1.350892788076423212e+00 2.848986634626780273e+12
1.356296359228728932e+00 2.833551794183271484e+12
1.361721544665643879e+00 2.856857684627018066e+12
1.367168430844306393e+00 2.854072924665067383e+12
1.372637104567683730e+00 2.874999807977041016e+12
1.378127652985954299e+00 2.856565985073806641e+12
1.383640163597898098e+00 2.858618178080082520e+12
1.389174724252289828e+00 2.835491934232635254e+12
1.394731423149298877e+00 2.820106307398443848e+12
1.400310348841896202e+00 2.803934782052833008e+12
1.405911590237263642e+00 2.791555260787204102e+12
1.411535236598212784e+00 2.773718481002666016e+12
1.417181377544605603e+00 2.762404726343437012e+12
1.422850103054784210e+00 2.763623720310519043e+12
1.428541503467003038e+00 2.710303453614280762e+12
1.434255669480871243e+00 2.748941676172735840e+12
1.439992692158794885e+00 2.740275074944024414e+12
1.445752662927429988e+00 2.738141305966778320e+12
1.451535673579139596e+00 2.733832370645001465e+12
1.457341816273456159e+00 2.714845399714619629e+12
1.463171183538549913e+00 2.715156556620378418e+12
1.469023868272704147e+00 2.685596120720229004e+12
1.474899963745795128e+00 2.697248601842404297e+12
1.480799563600778246e+00 2.690318830743687012e+12
1.486722761855181485e+00 2.663366409806284668e+12
1.492669652902602007e+00 2.681527467249370605e+12
1.498640331514212276e+00 2.667693125011766602e+12
1.504634892840269300e+00 2.581667125179344727e+12
1.510653432411630304e+00 2.660573287110209473e+12
1.516696046141276843e+00 2.605832630257610352e+12
1.522762830325842032e+00 2.665894556839729004e+12
1.528853881647145307e+00 2.674114419688917969e+12
1.534969297173733649e+00 2.651074155428373047e+12
1.541109174362428780e+00 2.656021317926355957e+12
1.547273611059878373e+00 2.643685309533033691e+12
1.553462705504118135e+00 2.634145691747017090e+12
1.559676556326134556e+00 2.591065435072366211e+12
1.565915262551438980e+00 2.623819501855205078e+12
1.572178923601644795e+00 2.613421974271493164e+12
1.578467639296051495e+00 2.595367270884000488e+12
1.584781509853235626e+00 2.618593160931847656e+12
1.591120635892648405e+00 2.636785074676566406e+12
1.597485118436219098e+00 2.605316427542240723e+12
1.603875058909963958e+00 2.570357133712564941e+12
1.610290559145603595e+00 2.601916098616099609e+12
1.616731721382186127e+00 2.431979305903876953e+12
1.623198648267714761e+00 2.526691138171738281e+12
1.629691442860785600e+00 2.598690285874626953e+12
1.636210208632228769e+00 2.606015552189754395e+12
1.642755049466757766e+00 2.535861017708167480e+12
1.649326069664624805e+00 2.568541115162600098e+12
1.655923373943283039e+00 2.570522666591350586e+12
1.662547067439056336e+00 2.503714677659145508e+12
1.669197255708812611e+00 2.522166426542331543e+12
1.675874044731648027e+00 2.514663478563180664e+12
1.682577540910574321e+00 2.475704862149182129e+12
1.689307851074216771e+00 2.465617839961032227e+12
1.696065082478513508e+00 2.446863438256803223e+12
1.702849342808427480e+00 2.422958270728822266e+12
1.709660740179661298e+00 2.322221578200156250e+12
1.716499383140379864e+00 2.354576603418436523e+12
1.723365380672941427e+00 2.328740084185623047e+12
1.730258842195633306e+00 2.296390986629378906e+12
1.737179877564415831e+00 2.254751709641655762e+12
1.744128597074673603e+00 2.231303342221384277e+12
1.751105111462972097e+00 2.184569802677871582e+12
1.758109531908824241e+00 2.143327832971218506e+12
1.765141970036459451e+00 2.115749632587642578e+12
1.772202537916605314e+00 2.077679876829501953e+12
1.779291348068271716e+00 2.030142542821119141e+12
1.786408513460544745e+00 2.002831597333713379e+12
1.793554147514387020e+00 1.963651713595273926e+12
1.800728364104444257e+00 1.943521904500383545e+12
1.807931277560862249e+00 1.900146710458136963e+12
1.815163002671105641e+00 1.900009405528961426e+12
1.822423654681789795e+00 1.873972466962642334e+12
1.829713349300517100e+00 1.842605625346257812e+12
1.837032202697718830e+00 1.831823201572398438e+12
1.844380331508509885e+00 1.713694755521614502e+12
1.851757852834543527e+00 1.743815969031831299e+12
1.859164884245881888e+00 1.680895581112003174e+12
1.866601543782865358e+00 1.723117806802310791e+12
1.874067949957996859e+00 1.688585237110272217e+12
1.881564221757828781e+00 1.693365858591714111e+12
1.889090478644860127e+00 1.683603599669777344e+12
1.896646840559439662e+00 1.676681168708722900e+12
1.904233427921677269e+00 1.661936125597069824e+12
1.911850361633363971e+00 1.657449812663198486e+12
1.919497763079897279e+00 1.625237810932855469e+12
1.927175754132217200e+00 1.509245897023791992e+12
1.934884457148745796e+00 1.519406756916218506e+12
1.942623994977340729e+00 1.388790298562196045e+12
1.950394490957250149e+00 1.394930953583060547e+12
1.958196068921079336e+00 1.531811551586819092e+12
1.966028853196763793e+00 1.525789748897326660e+12
1.973892968609550991e+00 1.350453402933260254e+12
1.981788540483989447e+00 1.311775233169306396e+12
1.989715694645925126e+00 1.321042640754289062e+12
1.997674557424508723e+00 1.432160920206846436e+12
2.005665255654207169e+00 1.442580510205259521e+12
2.013687916676823786e+00 1.425399027509785156e+12
2.021742668343530891e+00 1.417034354481821289e+12
2.029829639016905052e+00 1.397114524370661865e+12
2.037948957572972564e+00 1.385995895103741455e+12
2.046100753403264694e+00 1.370741771127343994e+12
2.054285156416877811e+00 1.370547007010069336e+12
2.062502297042545507e+00 1.348508076821107910e+12
2.070752306230715600e+00 1.344502941997739502e+12
2.079035315455638244e+00 1.334385557122144043e+12
2.087351456717461140e+00 1.320120527254076660e+12
2.095700862544330967e+00 1.297635801011999512e+12
2.104083665994508134e+00 1.307970532628295166e+12
2.112500000658485977e+00 1.299421244563494629e+12
2.120950000661120161e+00 1.291372681111033203e+12
2.129433800663764753e+00 1.275300784550853271e+12
2.137951535866419839e+00 1.269290498127767578e+12
2.146503342009885351e+00 1.263019282029123047e+12
2.155089355377924676e+00 1.257085742514322998e+12
2.163709712799436691e+00 1.251751942348498535e+12
2.172364551650634468e+00 1.241108943415972412e+12
2.181054009857236853e+00 1.221435953139425049e+12
2.189778225896665376e+00 1.215517755776437012e+12
2.198537338800252705e+00 1.205060641632648682e+12
2.207331488155453325e+00 1.115347121458515137e+12
2.216160814108075083e+00 1.194342595406424561e+12
2.225025457364507631e+00 1.159790116324138672e+12
2.233925559193965515e+00 1.167329369525434570e+12
2.242861261430741493e+00 1.165016809964503174e+12
2.251832706476463830e+00 1.156169254580350342e+12
2.260840037302370042e+00 1.121510043301317627e+12
2.269883397451579299e+00 1.132287785095862061e+12
2.278962931041386142e+00 1.113129233019226318e+12
2.288078782765551100e+00 1.111503316068363770e+12
2.297231097896613505e+00 9.369737014345628662e+11
2.306420022288200311e+00 1.010015223506481323e+12
2.315645702377353121e+00 1.010202188368785767e+12
2.324908285186861878e+00 8.823435279284558105e+11
2.334207918327609654e+00 9.171684642313653564e+11
2.343544750000919663e+00 9.359505557911364746e+11
2.352918929000923143e+00 8.525923182573798828e+11
2.362330604716927240e+00 8.723403399954522705e+11
2.371779927135795329e+00 8.900460895737607422e+11
2.381267046844337987e+00 8.303540509422708740e+11
2.390792115031715070e+00 8.193089031355772705e+11
2.400355283491842240e+00 8.331130398807703857e+11
2.409956704625809465e+00 7.988297816494533691e+11
2.419596531444312859e+00 7.674606110066717529e+11
2.429274917570089620e+00 7.700580212945887451e+11
2.438992017240370291e+00 7.607598709856180420e+11
2.448747985309331465e+00 7.126191738782541504e+11
2.458542977250568917e+00 7.056097755740703125e+11
2.468377149159570738e+00 7.200656376207032471e+11
2.478250657756209563e+00 6.719999024860576172e+11
2.488163660387234355e+00 6.681596761932845459e+11
2.498116315028783063e+00 6.820987353220281982e+11
2.508108780288898387e+00 6.616335604656932373e+11
2.518141215410053757e+00 6.433912397512736816e+11
2.528213780271693967e+00 6.383126245500224609e+11
2.538326635392781139e+00 6.473516139206013184e+11
2.548479941934351789e+00 6.291745343821981201e+11
2.558673861702089436e+00 6.273386972899020996e+11
2.568908557148898097e+00 6.300673941966657715e+11
2.579184191377493551e+00 6.144825282878052979e+11
2.589500928143003478e+00 6.159709405545416260e+11
2.599858931855575594e+00 6.184258925355177002e+11
2.610258367582998229e+00 6.213750621687706299e+11
2.620699401053329769e+00 6.059524575174216309e+11
2.631182198657543214e+00 6.095840501895295410e+11
2.641706927452173392e+00 6.062099551999365234e+11
2.652273755161981938e+00 6.086714882848721924e+11
2.662882850182629824e+00 6.061794891160203857e+11
2.673534381583360542e+00 5.874610871364775391e+11
2.684228519109693956e+00 5.827869578441116943e+11
2.694965433186132575e+00 5.649690153769665527e+11
2.705745294918877164e+00 5.622142328795759277e+11
2.716568276098552559e+00 5.480823988852866211e+11
2.727434549202946812e+00 5.314104323650663452e+11
2.738344287399758326e+00 5.224936326900900879e+11
2.749297664549357201e+00 5.188007907806707764e+11
2.760294855207554576e+00 5.148483781541454468e+11
2.771336034628385292e+00 5.024736678142131958e+11
2.782421378766898545e+00 4.937174659745730591e+11
2.793551064281966312e+00 4.928785432820250244e+11
2.804725268539093985e+00 4.769469210414692383e+11
2.815944169613250558e+00 4.656393122769128418e+11
2.827207946291703244e+00 4.745804851965161133e+11
2.838516778076869862e+00 4.573128296065477295e+11
2.849870845189177437e+00 4.511713250633356323e+11
2.861270328569933685e+00 4.557567420994772949e+11
2.872715409884213589e+00 4.439125784116958008e+11
2.884206271523750420e+00 4.405357541084849243e+11
2.895743096609845413e+00 4.407099781128129883e+11
2.907326068996284985e+00 4.216459056275059814e+11
2.918955373272270393e+00 4.241180479145346069e+11
2.930631194765359826e+00 4.166528939955203857e+11
2.942353719544420709e+00 4.056656305981471558e+11
2.954123134422598440e+00 4.088054737823856812e+11
2.965939626960289122e+00 3.986431659599914551e+11
2.977803385468130504e+00 4.007326116996795044e+11
2.989714599010003138e+00 3.896118280946054077e+11
3.001673457406043077e+00 3.882918626697783203e+11
3.013680151235667015e+00 3.854771784377521973e+11
3.025734871840609408e+00 3.709050002119891357e+11
3.037837811327972037e+00 3.819306067668098145e+11
3.049989162573283785e+00 3.668002429757422485e+11
3.062189119223576395e+00 3.720424186140595093e+11
3.074437875700470890e+00 3.627593481527050171e+11
3.086735627203272880e+00 3.584180885774118652e+11
3.099082569712085622e+00 3.591733158793240356e+11
3.111478899990933744e+00 3.501038290826630859e+11
3.123924815590897186e+00 3.515442028521067505e+11
3.136420514853261121e+00 3.459691084702465820e+11
3.148966196912674320e+00 3.435372613087557373e+11
3.161562061700325277e+00 3.415611803658082886e+11
3.174208309947126327e+00 3.346964250563433228e+11
3.186905143186915090e+00 3.386208756632313232e+11
3.199652763759662566e+00 3.260335078758974609e+11
3.212451374814701222e+00 3.339337444038243408e+11
3.225301180313960625e+00 3.264029087593258667e+11
3.238202385035215958e+00 3.240133197720028076e+11
3.251155194575356955e+00 3.229030417540408325e+11
3.264159815353658622e+00 3.197905925000761108e+11
3.277216454615073271e+00 3.164081020883603516e+11
3.290325320433533207e+00 3.138389905720491333e+11
3.303486621715267635e+00 3.129044505431094971e+11
3.316700568202128441e+00 3.076524585285806274e+11
3.329967370474937294e+00 3.094620425201513062e+11
3.343287239956836743e+00 3.019336806095384521e+11
3.356660388916663962e+00 3.018115866538208008e+11
3.370087030472330714e+00 2.993911508909677124e+11
3.383567378594220187e+00 2.952830710709498901e+11
3.397101648108596716e+00 2.938524841012314453e+11
3.410690054701031482e+00 2.867832601526026611e+11
3.424332814919834878e+00 2.886217864071325073e+11
3.438030146179514634e+00 2.853316239255563965e+11
3.451782266764232610e+00 2.829546251783892212e+11
3.465589395831289998e+00 2.806360853563599243e+11
3.479451753414614767e+00 2.774405978771945190e+11
3.493369560428273068e+00 2.730742539520902100e+11
3.507343038669985980e+00 2.731757376638776855e+11
3.521372410824665788e+00 2.675321923402727966e+11
3.535457900467964709e+00 2.660961457104991455e+11
3.549599732069836477e+00 2.634330836401156616e+11
3.563798130998116154e+00 2.602656567244221497e+11
3.578053323522108364e+00 2.577395627557785950e+11
3.592365536816196858e+00 2.552363054214723206e+11
3.606734998963461614e+00 2.522407496381924744e+11
3.621161938959315041e+00 2.491169405162608337e+11
3.635646586715152839e+00 2.462065392041723938e+11
3.650189173062013293e+00 2.437302039920877686e+11
3.664789929754260545e+00 2.406016511701547241e+11
3.679449089473277645e+00 2.379496013435711670e+11
3.694166885831170699e+00 2.354177264840811157e+11
3.708943553374495661e+00 2.326919859121748352e+11
3.723779327587993571e+00 2.307303437703442993e+11
3.738674444898345328e+00 2.259440789274508667e+11
3.753629142677938901e+00 2.259213144882103577e+11
3.768643659248651190e+00 2.224121705206719055e+11
3.783718233885645432e+00 2.204716200178885498e+11
3.798853106821188153e+00 2.175148525665579224e+11
3.814048519248473657e+00 2.151096812056987000e+11
3.829304713325467180e+00 2.113822695473406982e+11
3.844621932178768908e+00 2.094533710406083984e+11
3.860000419907484215e+00 2.070837263008696289e+11
3.875440421587113882e+00 2.041336248705130920e+11
3.890942183273462529e+00 2.013429314922386169e+11
3.906505952006555926e+00 1.990390233049890442e+11
3.922131975814582727e+00 1.964574048995523071e+11
3.937820503717840648e+00 1.934204324583004150e+11
3.953571785732711508e+00 1.891004403609908752e+11
3.969386072875642490e+00 1.879009753934329529e+11
3.985263617167145167e+00 1.824370944562494812e+11
4.001204671635814059e+00 1.782185918704654541e+11
4.017209490322357190e+00 1.758414440157319946e+11
4.033278328283646630e+00 1.751046115429883423e+11
4.049411441596781458e+00 1.640004256882142639e+11
4.065609087363168506e+00 1.673379721660910034e+11
4.081871523712622185e+00 1.600540481811779480e+11
4.098199009807472315e+00 1.597578936622795715e+11
4.114591805846702144e+00 1.597485288748965454e+11
4.131050173070089038e+00 1.519699602185512085e+11
4.147574373762369149e+00 1.538154967566217651e+11
4.164164671257418959e+00 1.487711996319936218e+11
4.180821329942449260e+00 1.480522048027859192e+11
4.197544615262219558e+00 1.471216874102365417e+11
4.214334793723269357e+00 1.415015499618894043e+11
4.231192132898162761e+00 1.417774046669141235e+11
4.248116901429755288e+00 1.368450761703835449e+11
4.265109369035473996e+00 1.352728248567348328e+11
4.282169806511615384e+00 1.347463042329783173e+11
4.299298485737661935e+00 1.211802465979519501e+11
4.316495679680612874e+00 1.201766089991379242e+11
4.333761662399335357e+00 1.185221898739606018e+11
4.351096709048932532e+00 1.127353239169841919e+11
4.368501095885127583e+00 1.094527529643053741e+11
4.385975100268668214e+00 1.064636779416779633e+11
4.403519000669743555e+00 1.029347514201150970e+11
4.421133076672422391e+00 1.003171060625965729e+11
4.438817608979111817e+00 9.784248193406250000e+10
4.456572879415028332e+00 9.582476590976123047e+10
4.474399170932688463e+00 9.177356146386296082e+10
4.492296767616419828e+00 9.160658168091101074e+10
4.510265954686884626e+00 9.069299359585530090e+10
4.528307018505633330e+00 8.772797372836199951e+10
4.546420246579655711e+00 8.718828433152281189e+10
4.564605927565974497e+00 8.539920329859977722e+10
4.582864351276237258e+00 8.464825307056152344e+10
4.601195808681342925e+00 8.400339896921658325e+10
4.619600591916067422e+00 8.394415464784605408e+10
4.638078994283731937e+00 8.232472314032765198e+10
4.656631310260867629e+00 8.382553248947442627e+10
4.675257835501911430e+00 8.171584456208314514e+10
4.693958866843916944e+00 8.075835348890548706e+10
4.712734702311292878e+00 8.002525899726005554e+10
4.731585641120538810e+00 7.983860106537406921e+10
4.750511983685020923e+00 7.805804584741963196e+10
4.769514031619761063e+00 7.710685882674952698e+10
4.788592087746240011e+00 7.649866022945074463e+10
4.807746456097224730e+00 7.537239485605973816e+10
4.826977441921613377e+00 7.542576658854994202e+10
4.846285351689299858e+00 7.403712132880685425e+10
4.865670493096057925e+00 7.336119140369755554e+10
4.885133175068442135e+00 7.153333970075976562e+10
4.904673707768715474e+00 7.121324835410179138e+10
4.924292402599791174e+00 6.917592013084362793e+10
4.943989572210189642e+00 6.866382911193759918e+10
4.963765530499030021e+00 6.699877672026795959e+10
4.983620592621027079e+00 6.755349022063588715e+10
5.003555074991511198e+00 6.581561355725968170e+10
5.023569295291476777e+00 6.418878552267723846e+10
5.043663572472643075e+00 6.571764061690081024e+10
5.063838226762532813e+00 6.419079463673700714e+10
5.084093579669583640e+00 6.256567660931776428e+10
5.104429953988261381e+00 6.258014885993515778e+10
5.124847673804215020e+00 6.169620957166979218e+10
5.145347064499431688e+00 6.192709888929865265e+10
5.165928452757428957e+00 5.946134896788132477e+10
5.186592166568458673e+00 6.026459217831385803e+10
5.207338535234733001e+00 5.848323899741530609e+10
5.228167889375671784e+00 5.885162813329399872e+10
5.249080560933174766e+00 5.691182420531069946e+10
5.270076883176907145e+00 5.714754119713162994e+10
5.291157190709615321e+00 5.572850832310925293e+10
5.312321819472453299e+00 5.602039631201007843e+10
5.333571106750343738e+00 5.504434505594440460e+10
5.354905391177344320e+00 5.410299047953182983e+10
5.376325012742054099e+00 5.363753360593007660e+10
5.397830312793021612e+00 5.354750465164703369e+10
5.419421634044193858e+00 5.142064093451294708e+10
5.441099320580370602e+00 5.236517669986573792e+10
5.462863717862692425e+00 5.072582486214931488e+10
5.484715172734142996e+00 5.055162056359226227e+10
5.506654033425078865e+00 5.022326222208120728e+10
5.528680649558780580e+00 5.001102551051877594e+10
5.550795372157015350e+00 4.852060759563709259e+10
5.572998553645643227e+00 4.821899123629846954e+10
5.595290547860225949e+00 4.839707698349685669e+10
5.617671710051667766e+00 4.758186613520875549e+10
5.640142396891874021e+00 4.727620607956819916e+10
5.662702966479441713e+00 4.700606305065238953e+10
5.685353778345359821e+00 4.558183887565107727e+10
5.708095193458740724e+00 4.572198084735715485e+10
5.730927574232576482e+00 4.488369446362550354e+10
5.753851284529505783e+00 4.499455344611549377e+10
5.776866689667624399e+00 4.437516804369018555e+10
5.799974156426294769e+00 4.391579695191763306e+10
5.823174053051999977e+00 4.301858877306120300e+10
5.846466749264207508e+00 4.256032375339893341e+10
5.869852616261264977e+00 4.245679913763186646e+10
5.893332026726310069e+00 4.170475430260794067e+10
5.916905354833215114e+00 4.164635559855621338e+10
5.940572976252548543e+00 4.085495821569057465e+10
5.964335268157558545e+00 4.048936680729341125e+10
5.988192609230189589e+00 3.995155603652137756e+10
6.012145379667110490e+00 3.975586747919770813e+10
6.036193961185778889e+00 3.871669648693595886e+10
6.060338737030522616e+00 3.862170253055934143e+10
6.084580091978644134e+00 3.847497541196515656e+10
6.108918412346558746e+00 3.750242513818444824e+10
6.133354085995945226e+00 3.770098874230294800e+10
6.157887502339929320e+00 3.708293489483769989e+10
6.182519052349287669e+00 3.628731195159768677e+10
6.207249128558685491e+00 3.599072299925814056e+10
6.232078125072920471e+00 3.556765117358840179e+10
6.257006437573212843e+00 3.494834367028376007e+10
6.282034463323505236e+00 3.456824994273415375e+10
6.307162601176800720e+00 3.408789261276673508e+10
6.332391251581507063e+00 3.365075811946841812e+10
6.357720816587833390e+00 3.304392509567305756e+10
6.383151699854184180e+00 3.234941719456419754e+10
6.408684306653601226e+00 3.162077138016714096e+10
6.434319043880215361e+00 3.125819032084778214e+10
6.460056320055736379e+00 3.005824400728192520e+10
6.485896545335958052e+00 2.886266488809329987e+10
6.511840131517302233e+00 2.875720138890518570e+10
6.537887492043371829e+00 2.795477619975258255e+10
6.564039042011545533e+00 2.721504260577035522e+10
6.590295198179591196e+00 2.636659651722441864e+10
6.616656378972309405e+00 2.615102948505058289e+10
6.643123004488199257e+00 2.541654964465791702e+10
6.669695496506150789e+00 2.517953895161188507e+10
6.696374278492176479e+00 2.468853846700837326e+10
6.723159775606144528e+00 2.478276831325930786e+10
6.750052414708568094e+00 2.434729280938755035e+10
6.777052624367403411e+00 2.339123142752080536e+10
6.804160834864871887e+00 2.340747124733679199e+10
6.831377478204331055e+00 2.291084528515598297e+10
6.858702988117148180e+00 2.298604761972170258e+10
6.886137800069615622e+00 2.253726627841255569e+10
6.913682351269895499e+00 2.204694007116755676e+10
6.941337080674975013e+00 2.193405051346237564e+10
6.969102428997675069e+00 2.168255983236144638e+10
6.996978838713665994e+00 2.143214771885602570e+10
7.024966754068519670e+00 2.113628359798928070e+10
7.053066621084793653e+00 2.079962296813880539e+10
7.081278887569133929e+00 2.045237216188782883e+10
7.109604003119409654e+00 1.988862379621672440e+10
7.138042419131887861e+00 1.999943783590861130e+10
7.166594588808414379e+00 1.978683172768821716e+10
7.195260967163648047e+00 1.939369489553502274e+10
7.224042011032302923e+00 1.910362038288990402e+10
7.252938179076432235e+00 1.884368871628896332e+10
7.281949931792737196e+00 1.867773145993607712e+10
7.311077731519908696e+00 1.841866386524771500e+10
7.340322042445988515e+00 1.799715747113155746e+10
7.369683330615771411e+00 1.774752348999396896e+10
7.399162063938235612e+00 1.786283424760190201e+10
7.428758712193988423e+00 1.717968875962087440e+10
7.458473747042765112e+00 1.726854551484078598e+10
7.488307642030935796e+00 1.692643540874191475e+10
7.518260872599060285e+00 1.656170944974379349e+10
7.548333916089456253e+00 1.659442101872299385e+10
7.578527251753813587e+00 1.606161744638546562e+10
7.608841360760829176e+00 1.561444716229410553e+10
7.639276726203872769e+00 1.522052495205275536e+10
7.669833833108687493e+00 1.513089820446631432e+10
7.700513168441122325e+00 1.490097721017654610e+10
7.731315221114887670e+00 1.448434741090233612e+10
7.762240481999347352e+00 1.440640118150355721e+10
7.793289443927344351e+00 1.379764075749567223e+10
7.824462601703054077e+00 1.388451548086380577e+10
7.855760452109866065e+00 1.347954816673922539e+10
7.887183493918306532e+00 1.305482415164159203e+10
7.918732227893980458e+00 1.307227821666264153e+10
7.950407156805555431e+00 1.283444208935120201e+10
7.982208785432777454e+00 1.240128702784689903e+10
8.014137620574508958e+00 1.248927085134275246e+10
8.046194171056805899e+00 1.199658272605370903e+10
8.078378947741034821e+00 1.205846060909673309e+10
8.110692463531997021e+00 1.169118687957429886e+10
8.143135233386125549e+00 1.167388680188792801e+10
8.175707774319670662e+00 1.149465758042672348e+10
8.208410605416949224e+00 1.118366633705077362e+10
8.241244247838615422e+00 1.121628847561209106e+10
8.274209224829968790e+00 1.090643322872972488e+10
8.307306061729288871e+00 1.089208823707893753e+10
8.340535285976207192e+00 1.062524385821640778e+10
8.373897427120111203e+00 1.043794454670379066e+10
8.407393016828594412e+00 1.050456281083466339e+10
8.441022588895906509e+00 1.019305459357975006e+10
8.474786679251490540e+00 1.011538046764986420e+10
8.508685825968495209e+00 9.899594302157566071e+09
8.542720569272368891e+00 9.855143237299198151e+09
8.576891451549458978e+00 9.655380683984325409e+09
8.611199017355655627e+00 9.648597782040723801e+09
8.645643813425078150e+00 9.501720033186813354e+09
8.680226388678779159e+00 9.340197797547147751e+09
8.714947294233493125e+00 9.271464868540304184e+09
8.749807083410427566e+00 9.101230212225162506e+09
8.784806311744070229e+00 9.091991052350191116e+09
8.819945536991047774e+00 8.838170327958705902e+09
8.855225319139009343e+00 8.777341073883214951e+09
8.890646220415566958e+00 8.773647825594522476e+09
8.926208805297228821e+00 8.645158961278913498e+09
8.961913640518417878e+00 8.492072737537179947e+09
8.997761295080492161e+00 8.424147235697219849e+09
9.033752340260813085e+00 8.349709088715514183e+09
9.069887349621856387e+00 8.256507914372057915e+09
9.106166899020346150e+00 8.034211378754598618e+09
9.142591566616424359e+00 7.969270630472194672e+09
9.179161932882891506e+00 7.878758548910449982e+09
9.215878580614422333e+00 7.752192179131519318e+09
9.252742094936881045e+00 7.658008457121089935e+09
9.289753063316627646e+00 7.598087656811718941e+09
9.326912075569895322e+00 7.448613527944620132e+09
9.364219723872173162e+00 7.410339397804402351e+09
9.401676602767663482e+00 7.255685377497241020e+09
9.439283309178733816e+00 7.164928195771988869e+09
9.477040442415447075e+00 7.082332897128314972e+09
9.514948604185111236e+00 6.971169273679869652e+09
9.553008398601852136e+00 6.884331621427210808e+09
9.591220432196260859e+00 6.786238848456683159e+09
9.629585313925044687e+00 6.666173389760517120e+09
9.668103655180747324e+00 6.612615543864011765e+09
9.706776069801470896e+00 6.515329905858016014e+09
9.745603174080676112e+00 6.406605324700638771e+09
9.784585586776998412e+00 6.364610110511403084e+09
9.823723929124106746e+00 6.232344683170119286e+09
9.863018824840601440e+00 6.162662200871193886e+09
9.902470900139965337e+00 5.952406803357255936e+09
9.942080783740523842e+00 5.978925379130981445e+09
9.981849106875488431e+00 5.860633161513875008e+09
1.002177650330298952e+01 5.819410288223550797e+09
1.006186360931619994e+01 5.707471488235659599e+09
1.010211106375346723e+01 5.588385340171453476e+09
1.014251950800847979e+01 5.542434749149797440e+09
1.018308958604051284e+01 5.493577972021968842e+09
1.022382194438467451e+01 5.373536648021079063e+09
1.026471723216221399e+01 5.304351803944394112e+09
1.030577610109086173e+01 5.200895383078911781e+09
1.034699920549522467e+01 5.110831164966094017e+09
1.038838720231720458e+01 5.046684596004816055e+09
1.042994075112647501e+01 4.962838181466720581e+09
1.047166051413097954e+01 4.887174551883624077e+09
1.051354715618750468e+01 4.810217786617969513e+09
1.055560134481225454e+01 4.729695306569657326e+09
1.059782375019150358e+01 4.641852456366322517e+09
1.064021504519226902e+01 4.609883969809700966e+09
1.068277590537303823e+01 4.555377523937005043e+09
1.072550700899452991e+01 4.408600556885505676e+09
1.076840903703050856e+01 4.353429313372007370e+09
1.081148267317863088e+01 4.308601823985606194e+09
1.085472860387134553e+01 4.321893792532983780e+09
1.089814751828683015e+01 4.126118488322331429e+09
1.094174010835997635e+01 4.112672621944489479e+09
1.098550706879341909e+01 3.987054154683858395e+09
1.102944909706859100e+01 3.949748912113363266e+09
1.107356689345686540e+01 3.904712228717601776e+09
1.111786116103069233e+01 3.831375281730278969e+09
1.116233260567481622e+01 3.780929326589538574e+09
1.120698193609751492e+01 3.689715548120640278e+09
1.125180986384190440e+01 3.664284764166602135e+09
1.129681710329727373e+01 3.594360416661653996e+09
1.134200437171046083e+01 3.559124906592188358e+09
1.138737238919730466e+01 3.504736801546700954e+09
1.143292187875409383e+01 3.416847163186451912e+09
1.147865356626910938e+01 3.396064344176421165e+09
1.152456818053418530e+01 3.314083115564017296e+09
1.157066645325632237e+01 3.256350306976796150e+09
1.161694911906934635e+01 3.209019695559263706e+09
1.166341691554562487e+01 3.191549010505298138e+09
1.171007058320780736e+01 3.103233328750496864e+09
1.175691086554063958e+01 3.025030524305753708e+09
1.180393850900279951e+01 3.014876604619079113e+09
1.185115426303881137e+01 2.952689134625476837e+09
1.189855888009096674e+01 2.941805621458393574e+09
1.194615311561133097e+01 2.886677674159826756e+09
1.199393772807377623e+01 2.847480561891764641e+09
1.204191347898607134e+01 2.801926172153306484e+09
1.209008113290201614e+01 2.752959771934751511e+09
1.213844145743362368e+01 2.699311453222360134e+09
1.218699522326335938e+01 2.686037998650739670e+09
1.223574320415641381e+01 2.621812612990443707e+09
1.228468617697303777e+01 2.619293602240812302e+09
1.233382492168093059e+01 2.525701997863135815e+09
1.238316022136765504e+01 2.518080729283010960e+09
1.243269286225312520e+01 2.419268765146820545e+09
1.248242363370213859e+01 2.446553125988563538e+09
1.253235332823694748e+01 2.377130395997309208e+09
1.258248274154989410e+01 2.368009331089859486e+09
1.263281267251609385e+01 2.330856811764380455e+09
1.268334392320615756e+01 2.268325759339004993e+09
1.273407729889898299e+01 2.290175362199079514e+09
1.278501360809457665e+01 2.191912287970593452e+09
1.283615366252695544e+01 2.155061591533470154e+09
1.288749827717706253e+01 2.170221078558043957e+09
1.293904827028577031e+01 2.085247693728127480e+09
1.299080446336691352e+01 2.094554836986391306e+09
1.304276768122038099e+01 2.041822746866904020e+09
1.309493875194526424e+01 2.027676427771935940e+09
1.314731850695304693e+01 1.977928244002626419e+09
1.319990778098085649e+01 1.947891016018705130e+09
1.325270741210477965e+01 1.917446537577161074e+09
1.330571824175319939e+01 1.886293935334456205e+09
1.335894111472021173e+01 1.854911836734914541e+09
1.341237687917909227e+01 1.850751267460869551e+09
1.346602638669580898e+01 1.781465014669385910e+09
1.351989049224258999e+01 1.796701454930649519e+09
1.357397005421156067e+01 1.744723313736230135e+09
1.362826593442840917e+01 1.721711440040814400e+09
1.368277899816612297e+01 1.707227707187806129e+09
1.373751011415878942e+01 1.650256332042806149e+09
1.379246015461542463e+01 1.655782316167079687e+09
1.384762999523388416e+01 1.605012620314012766e+09
1.390302051521481808e+01 1.621441884787538052e+09
1.395863259727567751e+01 1.579247934875251293e+09
1.401446712766477987e+01 1.542121303611316442e+09
1.407052499617543972e+01 1.552690228085704088e+09
1.412680709616014063e+01 1.478651782830031157e+09
1.418331432454478147e+01 1.446363387835780382e+09
1.424004758184296193e+01 1.462095741422122478e+09
1.429700777217033369e+01 1.451975036132785797e+09
1.435419580325901379e+01 1.403523440046250820e+09
1.441161258647204946e+01 1.392115539816283941e+09
1.446925903681793812e+01 1.346088571832598925e+09
1.452713607296521126e+01 1.352974173818988323e+09
1.458524461725707155e+01 1.329619460147673607e+09
1.464358559572609764e+01 1.291692731875522614e+09
1.470215993810900557e+01 1.266798065369040251e+09
1.476096857786143879e+01 1.284473477799464464e+09
1.482001245217288599e+01 1.247173231227001667e+09
1.487929250198157760e+01 1.222170273192090511e+09
1.493880967198950316e+01 1.203243038586136103e+09
1.499856491067746056e+01 1.183539181585515738e+09
1.505855917032016933e+01 1.177549649181792259e+09
1.511879340700144958e+01 1.150875925040338755e+09
1.517926858062945605e+01 1.133108291789400816e+09
1.523998565495197433e+01 1.127526997342922688e+09
1.530094559757178274e+01 1.096188647023487091e+09
1.536214937996206764e+01 1.076393029348914862e+09
1.542359797748191674e+01 1.062310183791912198e+09
1.548529236939184450e+01 1.053654392979926586e+09
1.554723353886941339e+01 1.025483496316689730e+09
1.560942247302489072e+01 1.030410969270451784e+09
1.567186016291699069e+01 1.003351127976075053e+09
1.573454760356865556e+01 9.838983619198621511e+08
1.579748579398293096e+01 9.799931497813332081e+08
1.586067573715886247e+01 9.592791950601263046e+08
1.592411844010749888e+01 9.543200230953646898e+08
1.598781491386792730e+01 9.128016681584191322e+08
1.605176617352340074e+01 9.154517290843108892e+08
1.611597323821749228e+01 8.904454624090403318e+08
1.618043713117036120e+01 8.806792847864797115e+08
1.624515887969504391e+01 8.607975745656263828e+08
1.631013951521382310e+01 8.676000839957046509e+08
1.637538007327468037e+01 8.590448775155091286e+08
1.644088159356778078e+01 8.425194611104664803e+08
1.650664511994205341e+01 8.151751032664943933e+08
1.657267170042182158e+01 7.995457489775981903e+08
1.663896238722350418e+01 7.835776309391947985e+08
1.670551823677240222e+01 7.864218559244505167e+08
1.677234030971949608e+01 7.831888697822580338e+08
1.683942967095837062e+01 7.600502321153202057e+08
1.690678738964220429e+01 7.471389119563069344e+08
1.697441453920077237e+01 7.410939091667050123e+08
1.704231219735757108e+01 7.444891821145401001e+08
1.711048144614700561e+01 7.027025059857561588e+08
1.717892337193159236e+01 7.073645621944301128e+08
1.724763906541932101e+01 6.833787275162074566e+08
1.731662962168099895e+01 6.747695684757295847e+08
1.738589614016772344e+01 6.674368583740323782e+08
1.745543972472839300e+01 6.679082468973567486e+08
1.752526148362730751e+01 6.546175747213575840e+08
1.759536252956181812e+01 6.371607634671610594e+08
1.766574397968006238e+01 6.289596948818199635e+08
1.773640695559878466e+01 6.196947599679402113e+08
1.780735258342117433e+01 6.164476790224744081e+08
1.787858199375486024e+01 6.122719960435756445e+08
1.795009632172988034e+01 5.906122430658432245e+08
1.802189670701679702e+01 5.902998430452680588e+08
1.809398429384486562e+01 5.785238959039361477e+08
1.816636023102024211e+01 5.503819846435570717e+08
1.823902567194432578e+01 5.656270557704583406e+08
1.831198177463210186e+01 5.536404674681535959e+08
1.838522970173062987e+01 5.416381076822769642e+08
1.845877062053754969e+01 5.389378776685365438e+08
1.853260570301970134e+01 5.150515091993003488e+08
1.860673612583178027e+01 5.074351486839463711e+08
1.868116307033510637e+01 5.100641966004851460e+08
1.875588772261644976e+01 5.005769613684060574e+08
1.883091127350691352e+01 4.989173547620652914e+08
1.890623491860094063e+01 4.861051669885100126e+08
1.898185985827534594e+01 4.749076815477866530e+08
1.905778729770844748e+01 4.782880919568532109e+08
1.913401844689928311e+01 4.744041833343130946e+08
1.921055452068688041e+01 4.458208342072769403e+08
1.928739673876962968e+01 4.546494041993987560e+08
1.936454632572470658e+01 4.462051289413641691e+08
1.944200451102760141e+01 4.275034584747409225e+08
1.951977252907171589e+01 4.390922897299981713e+08
1.959785161918800256e+01 4.172917200501903892e+08
1.967624302566475691e+01 4.143154050039212108e+08
1.991079942767366973e+01 4.007770809843752980e+08
