# Wavelength (micrometer), Flux (W / m2 / m)
1.000553076518779783e-01 1.313753765660022221e+00
1.004555288824854897e-01 1.787714433100396870e-20
1.008573509980154326e-01 5.722504370797672439e-20
1.012607804020075053e-01 8.171813998617851772e-20
1.016658235236155422e-01 4.260209708158904205e-20
1.020724868177099870e-01 7.010700708732858426e-17
1.024807767649808382e-01 5.159577137763997159e-18
1.028906998720407612e-01 3.443212682057094977e-19
1.033022626715289355e-01 4.630045865798207647e-16
1.037154717222150413e-01 2.634289726690397383e-19
1.041303336091038839e-01 1.293753029937389057e-18
1.045468549435403099e-01 1.005298484493829878e-17
1.049650423633144702e-01 2.926418560299892045e-19
1.053849025327677214e-01 1.098096993044460269e-16
1.058064421428987906e-01 1.471001262571004349e-18
1.062296679114703990e-01 2.343008917529029373e-16
1.066545865831162732e-01 4.380578584260833868e-17
1.070812049294487533e-01 1.635589333302235478e-17
1.075095297491665408e-01 2.947998965101150081e-15
1.079395678681632220e-01 2.690209090719441036e-17
1.083713261396358624e-01 3.730883566166792866e-15
1.088048114441943909e-01 1.779200803087033655e-15
1.092400306899711654e-01 1.925018066589395462e-12
1.096769908127310511e-01 3.704647728206063616e-15
1.101156987759819850e-01 3.443766146266222975e-15
1.105561615710859147e-01 1.432128934988730016e-12
1.109983862173702651e-01 2.499129682941754588e-13
1.114423797622397516e-01 2.794827991870018821e-14
1.118881492812886930e-01 8.037691860514501707e-15
1.123357018784138517e-01 3.521162954997480762e-14
1.127850446859275102e-01 2.758326421249265343e-10
1.132361848646712132e-01 1.903794904934405863e-11
1.136891296041298988e-01 2.177370717252580717e-11
1.141438861225464035e-01 2.840558460023941633e-11
1.146004616670366072e-01 3.924965533483583737e-11
1.150588635137047705e-01 3.603342460701697635e-11
1.155190989677595953e-01 2.480676591239259394e-11
1.159811753636306314e-01 7.157014085625520472e-11
1.164451000650851553e-01 1.734334383886906155e-11
1.169108804653455069e-01 1.913694979398011054e-11
1.173785239872068981e-01 6.196727731131953586e-11
1.178480380831557206e-01 9.871727665499761774e-11
1.183194302354883543e-01 1.448718927277635257e-10
1.187927079564302935e-01 9.357695983240143142e-12
1.192678787882560099e-01 2.073163718155744673e-11
1.197449503034090645e-01 1.727654081045841028e-11
1.202239301046226783e-01 3.915894243258302028e-13
1.207048258250411760e-01 6.748557919227460811e-12
1.211876451283413342e-01 1.428126471412354993e-12
1.216723957088547137e-01 1.016085057773919182e-14
1.221590852916901310e-01 1.221922706847524593e-11
1.226477216328568792e-01 6.873456012506589613e-11
1.231383125193883099e-01 3.976783538889926332e-12
1.236308657694658586e-01 6.619970782617708125e-11
1.241253892325437369e-01 2.658953107032230687e-11
1.246218907894739159e-01 1.692761734251845853e-12
1.251203783526317892e-01 4.598100442252214634e-12
1.256208598660423226e-01 3.690470525277699873e-10
1.261233433055065078e-01 3.631938879289718461e-10
1.266278366787285392e-01 4.942347355650428682e-12
1.271343480254434610e-01 1.350746421952619383e-10
1.276428854175452321e-01 1.265793685699256723e-10
1.281534569592154005e-01 2.383106512566466564e-11
1.286660707870522780e-01 1.142314864147004417e-10
1.291807350702004475e-01 2.576716563508007579e-10
1.296974580104812425e-01 2.003479318463307609e-10
1.302162478425231973e-01 6.018455987818659265e-11
1.307371128338932764e-01 1.210073316370712640e-09
1.312600612852288795e-01 9.949479466838316112e-10
1.317851015303697915e-01 1.170555303586383086e-09
1.323122419364912705e-01 7.578724417609137741e-09
1.328414909042372472e-01 1.251073357590283060e-08
1.333728568678542170e-01 7.803908542928748660e-09
1.339063482953256612e-01 6.932346263312905543e-10
1.344419736885069383e-01 8.338270347989708852e-09
1.349797415832609815e-01 3.780014189231005082e-08
1.355196605495940232e-01 2.534068938906479670e-08
1.360617391917924301e-01 6.400087861326528654e-08
1.366059861485595939e-01 1.396388100030987207e-08
1.371524100931538481e-01 1.232261236988422937e-09
1.377010197335264696e-01 7.774359668617817594e-09
1.382518238124605670e-01 3.890963205846345297e-07
1.388048311077104136e-01 1.431495307244799824e-07
1.393600504321412248e-01 1.200203254012568876e-08
1.399174906338697677e-01 8.218241960294055666e-09
1.404771605964052761e-01 5.606652941917041818e-07
1.410390692387908651e-01 7.351186426433406129e-08
1.416032255157460562e-01 1.744329476968934496e-06
1.421696384178090522e-01 2.437884130727317016e-09
1.427383169714803168e-01 3.488639315476558034e-07
1.433092702393662099e-01 2.498210587872729679e-05
1.438825073203236771e-01 1.534072927203775800e-06
1.444580373496049674e-01 1.524819856611670511e-05
1.450358694990033503e-01 1.357230016629399415e-06
1.456160129769993872e-01 3.847876128943073957e-05
1.461984770289073976e-01 4.042332863183694893e-05
1.467832709370230082e-01 7.080140805009075837e-06
1.473704040207710897e-01 4.997190073748335225e-05
1.479598856368541382e-01 3.807513464308081869e-07
1.485517251794015725e-01 1.648111879563057637e-05
1.491459320801191979e-01 5.692496095677364673e-05
1.497425158084396690e-01 7.604923314124171111e-06
1.503414858716734248e-01 5.061944171818084795e-04
1.509428518151600951e-01 2.233963397464773303e-05
1.515466232224207677e-01 1.251044012838893443e-07
1.521528097153104220e-01 1.898869347118102462e-06
1.527614209541716672e-01 3.086333404636464669e-09
1.533724666379883694e-01 1.543208316316181801e-09
1.539859565045403056e-01 5.531618140851391732e-10
1.546019003305584838e-01 1.749497416182464389e-13
1.552203079318807133e-01 5.371805734476850217e-12
1.558411891636082569e-01 3.063284618401588426e-12
1.564645539202626778e-01 1.723440540306409836e-12
1.570904121359437411e-01 1.378710337351408879e-11
1.577187737844875093e-01 3.521086720260753622e-13
1.583496488796254653e-01 1.508410848532033059e-11
1.589830474751439959e-01 7.249909324846739596e-11
1.596189796650445414e-01 5.725557035984995683e-12
1.602574555837047166e-01 1.172618407803350027e-11
1.608984854060395708e-01 3.469449793941661066e-11
1.615420793476636807e-01 1.537067246810971696e-11
1.621882476650543525e-01 2.114816516484357027e-11
1.628370006557145755e-01 2.214882128396636446e-11
1.634883486583374457e-01 4.261838018421150602e-11
1.641423020529707844e-01 7.209476746551764083e-11
1.647988712611826723e-01 8.159815323069828958e-11
1.654580667462274002e-01 1.220048735562136347e-11
1.661198990132123077e-01 2.253915875348983092e-10
1.667843786092651215e-01 2.411555498271953533e-10
1.674515161237022098e-01 8.551627244270317511e-10
1.681213221881969755e-01 5.158477766914106305e-09
1.687938074769497754e-01 1.012283274437211905e-09
1.694689827068575905e-01 9.408251232381536149e-08
1.701468586376850278e-01 2.510857452606067764e-08
1.708274460722357391e-01 3.237939290205035853e-08
1.715107558565246715e-01 5.058888673072447161e-08
1.721967988799507909e-01 2.996639401812490860e-08
1.728855860754705820e-01 9.309400539588446352e-08
1.735771284197724640e-01 2.728121619069132033e-08
1.742714369334515678e-01 8.621600943973327885e-09
1.749685226811853456e-01 4.993726474651004156e-07
1.756683967719100681e-01 4.698768845814152293e-08
1.763710703589977391e-01 1.353957253215100334e-06
1.770765546404337309e-01 2.632688831483391585e-06
1.777848608589954471e-01 5.280171942380583301e-08
1.784960003024314568e-01 7.155334898273425712e-06
1.792099843036411844e-01 3.535961128737420242e-06
1.799268242408557650e-01 2.987755607390678714e-06
1.806465315378191772e-01 4.395511121731981324e-05
1.813691176639704306e-01 3.648377852936714996e-07
1.820945941346263086e-01 6.923068058219267828e-06
1.828229725111648329e-01 1.347956039674043680e-05
1.835542644012094771e-01 5.603474479684503045e-08
1.842884814588143239e-01 2.212852739992847680e-05
1.850256353846495561e-01 3.213456193288614774e-04
1.857657379261881403e-01 1.549748057488120427e-06
1.865088008778928996e-01 1.336369724911067600e-04
1.872548360814044743e-01 3.770466718784745361e-05
1.880038554257300876e-01 2.175665794056193002e-06
1.887558708474330049e-01 4.714591229352162335e-04
1.895108943308226879e-01 6.839064795346091997e-05
1.902689379081460019e-01 7.395453063099836655e-06
1.910300136597785636e-01 2.099361643255177965e-03
1.917941337144176972e-01 6.808900749221289610e-05
1.925613102492753359e-01 2.749477383575715307e-04
1.933315554902724498e-01 2.394196818780821266e-03
1.941048817122335568e-01 5.615299909134687482e-04
1.948813012390824828e-01 2.650204790852126163e-04
1.956608264440388156e-01 4.732208656462213482e-03
1.964434697498149418e-01 2.032703353281971456e-04
1.972292436288141937e-01 9.794644288758562554e-04
1.980181606033294406e-01 2.733404677249831344e-03
1.988102332457427346e-01 5.597583768694577768e-04
1.996054741787257336e-01 3.345839780948913259e-04
2.004038960754406518e-01 4.703397075813954510e-04
2.012055116597424309e-01 3.688728651510234818e-04
2.020103337063813842e-01 2.423730459811652917e-04
2.028183750412069219e-01 8.012050702396286586e-05
2.036296485413717494e-01 2.015802528176309299e-04
2.044441671355372303e-01 8.547256904555142686e-05
2.052619438040793887e-01 5.000985962792532224e-04
2.060829915792957157e-01 2.238492631070915380e-04
2.069073235456129201e-01 2.079742198147090083e-04
2.077349528397953449e-01 2.722826741420597140e-04
2.085658926511545219e-01 4.629999986534907570e-04
2.094001562217591150e-01 5.544297570323846423e-04
2.102377568466461677e-01 4.243957973303297900e-04
2.110787078740327671e-01 2.301062508662132691e-04
2.119230227055288740e-01 5.156835007950487295e-04
2.127707147963510126e-01 7.666980273416242010e-04
2.136217976555363773e-01 1.234341876161830498e-03
2.144762848461585492e-01 1.612259750950220899e-04
2.153341899855431840e-01 1.036691592498942228e-03
2.161955267454853669e-01 2.245102795515558497e-03
2.170603088524672986e-01 3.291224287636936984e-03
2.179285500878772042e-01 8.572904196798918856e-04
2.188002642882286852e-01 8.037807932466127427e-04
2.196754653453815986e-01 5.138143438905625783e-03
2.205541672067631020e-01 2.035779072010386517e-03
2.214363838755901703e-01 4.484540668914697992e-02
2.223221294110925284e-01 1.962060090819568291e-03
2.232114179287369160e-01 1.303435308952403393e-01
2.241042636004518529e-01 1.780586378276056633e-02
2.250006806548536520e-01 4.615268168325661335e-01
2.259006833774730438e-01 6.480567979957618796e-02
2.268042861109829667e-01 1.371065169927545013e-01
2.277115032554268836e-01 1.900126812887525385e-01
2.286223492684485714e-01 1.464830714420639890e-01
2.295368386655223802e-01 7.966591184460688480e-01
2.304549860201844658e-01 1.380190519521735763e-02
2.313768059642651864e-01 9.758976008791105938e-01
2.323023131881222503e-01 4.098520239169235468e-01
2.332315224408747223e-01 2.453489728277400861e+00
2.341644485306381973e-01 5.174991770543467595e+00
2.351011063247607502e-01 1.148380969596651674e-01
2.360415107500598020e-01 9.745256275859183859e+00
2.369856767930600405e-01 6.161376556280707961e-02
2.379336195002322851e-01 1.194153020074490712e+01
2.388853539782332114e-01 4.847296012812021715e+00
2.398408953941461863e-01 1.045162013579708145e+02
2.408002589757227141e-01 1.067880101003961784e+02
2.417634600116256582e-01 2.891401246583904516e+00
2.427305138516721306e-01 1.706329662148873467e+02
2.437014359070788505e-01 5.639501752856087080e+01
2.446762416507071713e-01 4.453609311835277254e+02
2.456549466173099938e-01 7.440053262192959949e+01
2.466375664037792625e-01 4.101657461530199100e+01
2.476241166693943785e-01 9.815942870739974069e+00
2.486146131360719436e-01 5.382001653425900756e-01
2.496090715886161993e-01 2.284294899106166454e+01
2.506075078749706586e-01 3.944064916288794365e+01
2.516099379064705155e-01 1.790917048264405409e+01
2.526163776580964138e-01 1.041810583956783809e+01
2.536268431687287994e-01 3.456294298733595838e+02
2.546413505414037437e-01 3.021734289965427820e+02
2.556599159435693491e-01 2.502097978618099205e+03
2.566825556073435988e-01 3.556613364989732872e+03
2.577092858297729827e-01 4.146523026270002447e+03
2.587401229730920682e-01 2.286366518732270833e+03
2.597750834649844576e-01 6.259675162944174190e+03
2.608141837988444123e-01 3.474832383338050931e+03
2.618574405340398092e-01 2.733253704991416816e+04
2.629048702961759298e-01 7.107337454257314675e+04
2.639564897773606367e-01 7.900089032387742191e+04
2.650123157364701054e-01 7.617464887546382670e+04
2.660723649994159445e-01 4.552378211035490676e+04
2.671366544594135917e-01 5.511329516854559915e+04
2.682052010772512096e-01 5.331114380798345519e+04
2.692780218815602478e-01 2.545893776518375671e+04
2.703551339690865030e-01 4.153071438896175096e+04
2.714365545049627904e-01 4.580162347542304815e+03
2.725223007229827243e-01 3.225711619944283939e+03
2.736123899258746106e-01 4.998733170507495743e+03
2.747068394855781692e-01 4.218307608516731307e+03
2.758056668435204806e-01 1.337817023587088624e+04
2.769088895108945403e-01 3.277523400451814814e+04
2.780165250689380918e-01 2.448799889153195181e+04
2.791285911692138466e-01 1.956735679469495517e+04
2.802451055338907038e-01 1.033974685103007505e+04
2.813660859560263017e-01 5.041105564399182185e+03
2.824915502998503469e-01 1.596311343226489271e+03
2.836215165010497197e-01 3.492642050142982271e+02
2.847560025670539119e-01 3.509671694152239496e+01
2.858950265773221866e-01 6.430640154685779919e+01
2.870386066836315142e-01 6.978565930706093923e+02
2.881867611103660631e-01 4.369996149079225688e+03
2.893395081548075787e-01 1.504881927725023343e+04
2.904968661874267610e-01 4.012829745240585908e+04
2.916588536521764197e-01 7.066986438442549843e+04
2.928254890667851273e-01 1.109756199366556393e+05
2.939967910230522619e-01 7.711047717879172706e+04
2.951727781871444911e-01 5.872558649237389182e+04
2.963534692998930908e-01 1.047241803754337889e+05
2.975388831770926501e-01 9.215268511409527855e+04
2.987290387098009981e-01 1.651774998190411716e+05
2.999239548646402409e-01 1.137877829352433619e+05
3.011236506840988536e-01 2.928284517711643712e+05
3.023281452868351593e-01 7.419201355530660658e+04
3.035374578679824742e-01 6.475313637117897160e+05
3.047516076994544187e-01 7.253852717213280266e+05
3.059706141302522830e-01 1.407528708395833615e+06
3.071944965867733357e-01 8.728522447596352547e+06
3.084232745731204095e-01 2.025904516091672331e+07
3.096569676714128194e-01 1.930454109796918184e+07
3.108955955420985018e-01 4.268128292356442660e+07
3.121391779242668751e-01 5.082522746062951535e+07
3.133877346359639215e-01 6.878210896377401054e+07
3.146412855745078230e-01 8.612733318267954886e+07
3.158998507168058190e-01 1.050773459036379158e+08
3.171634501196730627e-01 1.437632163655061424e+08
3.184321039201517545e-01 6.036609249922198802e+07
3.197058323358323295e-01 3.306139780887766555e+07
3.209846556651756444e-01 1.326357315445736051e+08
3.222685942878363852e-01 1.811165627051851451e+08
3.235576686649877520e-01 1.536484979487922192e+08
3.248518993396476984e-01 2.943458426888958216e+08
3.261513069370062801e-01 3.411607678756998181e+08
3.274559121647543369e-01 4.890929147615990043e+08
3.287657358134133401e-01 4.958110228211637139e+08
3.300807987566670154e-01 1.618154473099704683e+08
3.314011219516936890e-01 5.200984252816172242e+08
3.327267264395004642e-01 8.041949325020331144e+08
3.340576333452584534e-01 6.608057266951583624e+08
3.353938638786395088e-01 5.234538942773571014e+08
3.367354393341540630e-01 5.135523923272255659e+08
3.380823810914907468e-01 5.249747305606689453e+08
3.394347106158566718e-01 1.000991663772583723e+09
3.407924494583201014e-01 9.057853574478017092e+08
3.421556192561533982e-01 5.816036640927939415e+08
3.435242417331779707e-01 6.552670030717944354e+07
3.448983387001106626e-01 9.515764697176234424e+07
3.462779320549111417e-01 1.408443206887708306e+08
3.476630437831307319e-01 5.742550939945495129e+07
3.490536959582632992e-01 5.650816039804256707e+07
3.504499107420963600e-01 8.206649259871070385e+08
3.518517103850647421e-01 7.244716562260954380e+08
3.532591172266050239e-01 1.549092289985791683e+09
3.546721536955114717e-01 2.558302834602855682e+09
3.560908423102934761e-01 7.238715249740121365e+08
3.575152056795346533e-01 2.787307632320659161e+08
3.589452665022527800e-01 1.146498453420215130e+09
3.603810475682617254e-01 1.773118743026847839e+09
3.618225717585348278e-01 1.175708692987426281e+09
3.632698620455689364e-01 8.535948540255831480e+08
3.647229414937512293e-01 6.088367633512058258e+08
3.661818332597261971e-01 1.958197871387020350e+09
3.676465605927651259e-01 7.504795218070074320e+08
3.691171468351361895e-01 6.844297615474563837e+08
3.705936154224767076e-01 1.158585365531075746e+08
3.720759898841666247e-01 1.043399455488222651e+07
3.735642938437032656e-01 1.242719569156365097e+07
3.750585510190780902e-01 5.913087875488349795e+07
3.765587852231543908e-01 6.411514287381435633e+08
3.780650203640470441e-01 2.414420672251086235e+09
3.795772804455032068e-01 1.422386870881212711e+09
3.810955895672852312e-01 1.751991053854539394e+09
3.826199719255543585e-01 1.968467831604909301e+08
3.841504518132565771e-01 6.769586504335094690e+08
3.856870536205096456e-01 4.328082954647953808e+07
3.872298018349916715e-01 2.030642402039048374e+08
3.887787210423316320e-01 1.088747049291609973e+08
3.903338359265008939e-01 4.573545225645095110e+08
3.918951712702069545e-01 7.068928990085647106e+08
3.934627519552877928e-01 1.700213152533781528e+09
3.950366029631089404e-01 4.132929002877700329e+09
3.966167493749613859e-01 5.850323037063894272e+09
3.982032163724612550e-01 7.343782123509112358e+09
3.997960292379510450e-01 7.420967605050530434e+09
4.013952133549028578e-01 1.143791693488798904e+10
4.030007942083224659e-01 1.425886124047155762e+10
4.046127973851557647e-01 6.786812891842786789e+09
4.062312485746963908e-01 1.025711231799583244e+10
4.078561735689951728e-01 9.568829898803354263e+09
4.094875982632711353e-01 1.077139709372282028e+10
4.111255486563242245e-01 1.051865853987086105e+10
4.127700508509495880e-01 8.150172508456556320e+09
4.144211310543532978e-01 5.869322292851675987e+09
4.160788155785707931e-01 4.658125776598471642e+09
4.177431308408850463e-01 2.272418345478709698e+09
4.194141033642486138e-01 1.128127656304637432e+09
4.210917597777056320e-01 4.275737727386289239e+08
4.227761268168164221e-01 2.977338882541435361e+08
4.244672313240837602e-01 4.673975990018407106e+08
4.261651002493800910e-01 8.533324352571104765e+08
4.278697606503775730e-01 1.847488402694900990e+09
4.295812396929790666e-01 3.007593179560445786e+09
4.312995646517510107e-01 5.495227677772215843e+09
4.330247629103580187e-01 9.276048556889511108e+09
4.347568619619994745e-01 1.220169179961565399e+10
4.364958894098474596e-01 9.194419754406671524e+09
4.382418729674867897e-01 7.137695442919658661e+09
4.399948404593567730e-01 1.537006403051589394e+10
4.417548198211941890e-01 1.831444510559244156e+10
4.435218391004789873e-01 1.294617025496466446e+10
4.452959264568808750e-01 1.709655612099900627e+10
4.470771101627084021e-01 1.801867306069331360e+10
4.488654186033592119e-01 2.116743536715990067e+10
4.506608802777726241e-01 2.782809859668437958e+10
4.524635237988837710e-01 2.431613209718832397e+10
4.542733778940792333e-01 2.518782047718893433e+10
4.560904714056555065e-01 3.021349266367231750e+10
4.579148332912781894e-01 3.650473445552468872e+10
4.597464926244433370e-01 2.196306202821057129e+10
4.615854785949410899e-01 4.029080222947642517e+10
4.634318205093208576e-01 2.395179928519636917e+10
4.652855477913582227e-01 3.280967615034385300e+10
4.671466899825236219e-01 2.996602447619228745e+10
4.690152767424536906e-01 3.506014721479900360e+10
4.708913378494234969e-01 5.016524977191761780e+10
4.727749032008212171e-01 4.383665100336244202e+10
4.746660028136244769e-01 5.051930131592917633e+10
4.765646668248789131e-01 2.362981473022258759e+10
4.784709254921784560e-01 1.244459169153341103e+10
4.803848091941470555e-01 2.029664852188315201e+10
4.823063484309236815e-01 2.262790361599755859e+10
4.842355738246474361e-01 3.482652141403591156e+10
4.861725161199459966e-01 4.257788093960632324e+10
4.881172061844257226e-01 6.060964369278813171e+10
4.900696750091634302e-01 3.580339769870095062e+10
4.920299537092001074e-01 5.286888855860528564e+10
4.939980735240369625e-01 6.774152648815442657e+10
4.959740658181330253e-01 3.837023615196539307e+10
4.979579620814056362e-01 4.189162618477059174e+10
4.999497939297311566e-01 3.171240304835046005e+10
5.019495931054501758e-01 2.643261728228255463e+10
5.039573914778719965e-01 4.132831849957352448e+10
5.059732210437835054e-01 3.142327942662042999e+10
5.079971139279585435e-01 3.319085451134012604e+10
5.100291023836703852e-01 2.272840388236984253e+10
5.120692187932051054e-01 2.098876643744027328e+10
5.141174956683780550e-01 1.698223299262394905e+10
5.161739656510514473e-01 1.271707334457183075e+10
5.182386615136556074e-01 6.810617081258588791e+09
5.203116161597103329e-01 1.380789499048537064e+10
5.223928626243490303e-01 4.395841922470230865e+10
5.244824340748465152e-01 3.838973824226191711e+10
5.265803638111459239e-01 2.961537479216467285e+10
5.286866852663905103e-01 3.770477317068474579e+10
5.308014320074561088e-01 3.714978441281828308e+10
5.329246377354859288e-01 2.660141263143318558e+10
5.350563362864277916e-01 3.007926770360390854e+10
5.371965616315735881e-01 2.100951089305780792e+10
5.393453478780998456e-01 2.510470703998042297e+10
5.415027292696121819e-01 2.386442688622140884e+10
5.436687401866906466e-01 2.030806287621363831e+10
5.458434151474373941e-01 1.216231966007151985e+10
5.480267888080271321e-01 1.897868041195046997e+10
5.502188959632591247e-01 1.732896673664112473e+10
5.524197715471121928e-01 2.002672698334373093e+10
5.546294506333006025e-01 2.278836045937934494e+10
5.568479684358338400e-01 1.849945651251488495e+10
5.590753603095770519e-01 1.375591655319971085e+10
5.613116617508153716e-01 8.946596489317255020e+09
5.635569083978186899e-01 5.807688918890298843e+09
5.658111360314097560e-01 8.848694245297214508e+09
5.680743805755354980e-01 6.750224024956249237e+09
5.703466780978375672e-01 9.000117421694829941e+09
5.726280648102289872e-01 9.210583266542808533e+09
5.749185770694699160e-01 1.104640161380532074e+10
5.772182513777477375e-01 8.720635281028448105e+09
5.795271243832587071e-01 1.089216439971866989e+10
5.818452328807918184e-01 9.564657458311454773e+09
5.841726138123150003e-01 6.777702796545310974e+09
5.865093042675643131e-01 3.071131319134556770e+09
5.888553414846344758e-01 3.850102117233740091e+08
5.912107628505729462e-01 1.424347110083920717e+09
5.935756059019753339e-01 3.526312361436348915e+09
5.959499083255832552e-01 4.094242238986163616e+09
5.983337079588855190e-01 5.862862127312773705e+09
6.007270427907210886e-01 7.367838149175632477e+09
6.031299509618840426e-01 1.060866229499801254e+10
6.055424707657315331e-01 1.564889684337615013e+10
6.079646406487945187e-01 2.268827139526727295e+10
6.103964992113897203e-01 2.992017034695136642e+10
6.128380852082353503e-01 3.860714061508184814e+10
6.152894375490681744e-01 3.143990008034096527e+10
6.177505952992645710e-01 1.347198658136331177e+10
6.202215976804615893e-01 9.888725432374691010e+09
6.227024840711834486e-01 6.262495584971369743e+09
6.251932940074681477e-01 9.106765947869264603e+09
6.276940671834980723e-01 1.096233447175465393e+10
6.302048434522321552e-01 1.684886571534742928e+10
6.327256628260409244e-01 2.666780979874550629e+10
6.352565654773452142e-01 2.897279544221940231e+10
6.377975917392545435e-01 2.599754492610800552e+10
6.403487821062116003e-01 5.285881352723572540e+10
6.429101772346363930e-01 7.530995152105082703e+10
6.454818179435749537e-01 1.112349087106457825e+11
6.480637452153492628e-01 1.258634976397104645e+11
6.506560001962106154e-01 1.453094053216333923e+11
6.532586241969955410e-01 1.829177339738419800e+11
6.558716586937833881e-01 9.883886390481149292e+10
6.584951453285585732e-01 8.168936219472013855e+10
6.611291259098727169e-01 5.682352479252043152e+10
6.637736424135122215e-01 3.736763095057075500e+10
6.664287369831662922e-01 3.007764997126185226e+10
6.690944519310989547e-01 2.763986429427765656e+10
6.717708297388232941e-01 2.760182022583560944e+10
6.744579130577786907e-01 3.329333570426756287e+10
6.771557447100098326e-01 5.488340573474239349e+10
6.798643676888498355e-01 4.614992337296263123e+10
6.825838251596052508e-01 5.481027239900396729e+10
6.853141604602436265e-01 4.883505558875366211e+10
6.880554171020846210e-01 4.294308725436592102e+10
6.908076387704928933e-01 4.791675690765171814e+10
6.935708693255748791e-01 5.917206158616783142e+10
6.963451528028771209e-01 8.349708098655897522e+10
6.991305334140887062e-01 1.018799970362680511e+11
7.019270555477450380e-01 1.334861423363546295e+11
7.047347637699360456e-01 2.748901039953980713e+11
7.075537028250157290e-01 1.716327963238250732e+11
7.103839176363159202e-01 1.168749697643422394e+11
7.132254533068611568e-01 9.739669595910086060e+10
7.160783551200886610e-01 1.145253867415408783e+11
7.189426685405689854e-01 1.530421317138902283e+11
7.218184392147313222e-01 1.446800709509578552e+11
7.247057129715901436e-01 2.158899124428184814e+11
7.276045358234763949e-01 2.604861825210249329e+11
7.305149539667704639e-01 3.560810751595543213e+11
7.334370137826373703e-01 4.304539010762005005e+11
7.363707618377679509e-01 4.854066117164796143e+11
7.393162448851190449e-01 4.954385353931801758e+11
7.422735098646596752e-01 5.122380837400825806e+11
7.452426039041182282e-01 4.811425374242990723e+11
7.482235743197346300e-01 5.007714919777141113e+11
7.512164686170136330e-01 4.850646593697330322e+11
7.542213344914817652e-01 5.080144658865360718e+11
7.572382198294477229e-01 4.925285773131708984e+11
7.602671727087656484e-01 3.738779431561818848e+11
7.633082413996006288e-01 2.394548286848237000e+11
7.663614743651989691e-01 2.596027236450323868e+10
7.694269202626597970e-01 2.866763581482833481e+10
7.725046279437104424e-01 1.440391983707125854e+11
7.755946464554852593e-01 2.454328822025958252e+11
7.786970250413072225e-01 3.078907952860633545e+11
7.818118131414724115e-01 3.839185980449967041e+11
7.849390603940383793e-01 2.545890227954010620e+11
7.880788166356144098e-01 3.518709307643461914e+11
7.912311319021569922e-01 3.090567708856754761e+11
7.943960564297655180e-01 4.069800115369314575e+11
7.975736406554845281e-01 4.385877239898693848e+11
8.007639352181065151e-01 5.458335003706818237e+11
8.039669909589789443e-01 6.084885990902687988e+11
8.071828589228148276e-01 7.190060969003245850e+11
8.104115903585061842e-01 7.895956778190039062e+11
8.136532367199402760e-01 9.036886875769136963e+11
8.169078496668199518e-01 8.345880716528963623e+11
8.201754810654874328e-01 5.663821892791562500e+11
8.234561829897493190e-01 8.226433206580690918e+11
8.267500077217083687e-01 8.068547886662503662e+11
8.300570077525952772e-01 6.995043443793000488e+11
8.333772357836056743e-01 7.844822734734599609e+11
8.367107447267401188e-01 7.337642584971363525e+11
8.400575877056470908e-01 7.686244214210491943e+11
8.434178180564695371e-01 5.616862652409102783e+11
8.467914893286955236e-01 3.141189127642138672e+11
8.501786552860102208e-01 3.946940374998064575e+11
8.535793699071543283e-01 4.162837638034151001e+11
8.569936873867830540e-01 5.204257922443198853e+11
8.604216621363300899e-01 6.394340294615303955e+11
8.638633487848753623e-01 6.683024656589768066e+11
8.673188021800150027e-01 8.172525347231594238e+11
8.707880773887352044e-01 6.922879209060914307e+11
8.742712296982900755e-01 7.594661533531325684e+11
8.777683146170831563e-01 8.916318528434713135e+11
8.812793878755513788e-01 9.527749840999892578e+11
8.848045054270535781e-01 1.046889145622968506e+12
8.883437234487617795e-01 7.274412189659722900e+11
8.918970983425568155e-01 9.702958321741839600e+11
8.954646867359271623e-01 8.258646024269071045e+11
8.990465454828707736e-01 9.765519812684251709e+11
9.026427316648023558e-01 8.596280687968554688e+11
9.062533025914615292e-01 8.730404455183538818e+11
9.098783158018273198e-01 1.003280246337461304e+12
9.135178290650346478e-01 1.070887295228926514e+12
9.171719003812948134e-01 1.174238183266952637e+12
9.208405879828199803e-01 1.225852215411513672e+12
9.245239503347512100e-01 1.165899418921330078e+12
9.282220461360901620e-01 1.166181302897605225e+12
9.319349343206346781e-01 1.098452645116242554e+12
9.356626740579171431e-01 1.133863095452145996e+12
9.394053247541488405e-01 9.524371966649699707e+11
9.431629460531654185e-01 1.112279265460892822e+12
9.469355978373780180e-01 1.195717356844643799e+12
9.507233402287275092e-01 1.261378218941883057e+12
9.545262335896426142e-01 1.311871453857941895e+12
9.583443385240012491e-01 1.204666363778838135e+12
9.621777158780971950e-01 1.255953284514705566e+12
9.660264267416096562e-01 1.238515618896839111e+12
9.698905324485760371e-01 1.318254779136147217e+12
9.737700945783701600e-01 1.173290049279103027e+12
9.776651749566835914e-01 1.130731691658556885e+12
9.815758356565105203e-01 1.195642368114669678e+12
9.855021389991363012e-01 1.180891824415275635e+12
9.894441475551331022e-01 1.071841145908748535e+12
9.934019241453534432e-01 7.249937869813656006e+11
9.973755318419349480e-01 9.054991211886994629e+11
1.001365033969302543e+00 8.886717175992548828e+11
1.005370494105179757e+00 8.710040402029876709e+11
1.009391976081600362e+00 9.663893540288820801e+11
1.013429543985926884e+00 1.042001178217794189e+12
1.017483262161870350e+00 1.077138682136408691e+12
1.021553195210518128e+00 1.123668254817455078e+12
1.025639407991360219e+00 1.071003929518909302e+12
1.029741965623325539e+00 1.052281658174596313e+12
1.033860933485818867e+00 1.062724844512286865e+12
1.037996377219762012e+00 1.196429744331993652e+12
1.042148362728641198e+00 1.193943667161719238e+12
1.046316956179555557e+00 1.301012836778624023e+12
1.050502224004274066e+00 1.297693909053362061e+12
1.054704232900291139e+00 1.374543708934725586e+12
1.058923049831892227e+00 1.365228015523923340e+12
1.063158742031219628e+00 1.354441706553000244e+12
1.067411376999344741e+00 1.301974309423938965e+12
1.071681022507342096e+00 1.315515569045942383e+12
1.075967746597371377e+00 1.405205591779100098e+12
1.080271617583760779e+00 1.402061949277420166e+12
1.084592704054095913e+00 1.461076918346518555e+12
1.088931074870312044e+00 1.352056113801904297e+12
1.093286799169793433e+00 1.447293896254996338e+12
1.097659946366472461e+00 1.410568011213243652e+12
1.102050586151938294e+00 1.412777922126177002e+12
1.106458788496546219e+00 1.373289046018318848e+12
1.110884623650532532e+00 1.289017380199556396e+12
1.115328162145134749e+00 1.426899817173441162e+12
1.119789474793714934e+00 1.430680345561656738e+12
1.124268632692889902e+00 1.474275710038013672e+12
1.128765707223661430e+00 1.493644556990939697e+12
1.133280770052556230e+00 1.431933440276459961e+12
1.137813893132766374e+00 1.231895077157170410e+12
1.142365148705297484e+00 1.287577354187163086e+12
1.146934609300118479e+00 1.525432591386863281e+12
1.151522347737319096e+00 1.572606550851952393e+12
1.156128437128268516e+00 1.557530127743576660e+12
1.160752950876781542e+00 1.562226135429229980e+12
1.165395962680288999e+00 1.587392681377731689e+12
1.170057546531009907e+00 1.377567110308653809e+12
1.174737776717134086e+00 1.445705142618317871e+12
1.179436727824002773e+00 1.223237302898338867e+12
1.184154474735298557e+00 1.483717369017204102e+12
1.188891092634239977e+00 1.558389028999646484e+12
1.193646657004777012e+00 1.559479411169596436e+12
1.198421243632796118e+00 1.406433490374891113e+12
1.203214928607327261e+00 1.436687788121127686e+12
1.208027788321756724e+00 1.537009126386281738e+12
1.212859899475043468e+00 1.473791195269521484e+12
1.217711339072943710e+00 1.549151420609608398e+12
1.222582184429235275e+00 1.509588673860648926e+12
1.227472513166952384e+00 1.595788157253674072e+12
1.232382403219620226e+00 1.578903415054900146e+12
1.237311932832498407e+00 1.559881591826458008e+12
1.242261180563828615e+00 1.272244467681247559e+12
1.247230225286083849e+00 1.510826034862312256e+12
1.252219146187228072e+00 1.237784875688870850e+12
1.257228022771976983e+00 1.499979566234441162e+12
1.262256934863064783e+00 1.494021545031655762e+12
1.267305962602517155e+00 1.566157771911627930e+12
1.272375186452927354e+00 1.550276636374158936e+12
1.277464687198738957e+00 1.561597737283882568e+12
1.282574545947533950e+00 1.561678477800089111e+12
1.287704844131324133e+00 1.462848990647708496e+12
1.292855663507849417e+00 1.468192895083821289e+12
1.298027086161880783e+00 1.504306068909739746e+12
1.303219194506528344e+00 1.522982846243916504e+12
1.308432071284554521e+00 1.501501092879634521e+12
1.313665799569692760e+00 1.542446498904121338e+12
1.318920462767971591e+00 1.541997969392266846e+12
1.324196144619043336e+00 1.475922851397454346e+12
1.329492929197519491e+00 1.403298075670149414e+12
1.334810900914309650e+00 1.146664694852945557e+12
1.340150144517967101e+00 1.103758011101596191e+12
1.345510745096038852e+00 1.080662359063663696e+12
1.350892788076423212e+00 1.080075079354729736e+12
1.356296359228728932e+00 1.035068709482147461e+12
1.361721544665643879e+00 1.067603921123221191e+12
1.367168430844306393e+00 1.103783833758545166e+12
1.372637104567683730e+00 1.098373982006901489e+12
1.378127652985954299e+00 1.140802653039821045e+12
1.383640163597898098e+00 1.123459442372046631e+12
1.389174724252289828e+00 1.095273204230077881e+12
1.394731423149298877e+00 1.061952777831119995e+12
1.400310348841896202e+00 1.028568137593630249e+12
1.405911590237263642e+00 1.043591814725591553e+12
1.411535236598212784e+00 9.721986075251075439e+11
1.417181377544605603e+00 9.471663964352336426e+11
1.422850103054784210e+00 9.542461054744892578e+11
1.428541503467003038e+00 9.400554212434974365e+11
1.434255669480871243e+00 9.426352925975590820e+11
1.439992692158794885e+00 9.602921588876972656e+11
1.445752662927429988e+00 9.807486068835151367e+11
1.451535673579139596e+00 9.863092326747990723e+11
1.457341816273456159e+00 1.027667909203451294e+12
1.463171183538549913e+00 9.915185386741304932e+11
1.469023868272704147e+00 9.732460584064610596e+11
1.474899963745795128e+00 9.972817163257597656e+11
1.480799563600778246e+00 1.008661487601669800e+12
1.486722761855181485e+00 1.007193888144836060e+12
1.492669652902602007e+00 1.021346583134909546e+12
1.498640331514212276e+00 1.030193213841895874e+12
1.504634892840269300e+00 1.048771659346878540e+12
1.510653432411630304e+00 1.053062111166889038e+12
1.516696046141276843e+00 1.061477117951456299e+12
1.522762830325842032e+00 1.093257973843350098e+12
1.528853881647145307e+00 1.104502455587754639e+12
1.534969297173733649e+00 1.102619622249295410e+12
1.541109174362428780e+00 1.107927887330053223e+12
1.547273611059878373e+00 1.135114228552049072e+12
1.553462705504118135e+00 1.143687652288289062e+12
1.559676556326134556e+00 1.141995572537444824e+12
1.565915262551438980e+00 1.164905209060126953e+12
1.572178923601644795e+00 1.170250584450537842e+12
1.578467639296051495e+00 1.187842289940854736e+12
1.584781509853235626e+00 1.200284616570139404e+12
1.591120635892648405e+00 1.202247509697531494e+12
1.597485118436219098e+00 1.209375129557677002e+12
1.603875058909963958e+00 1.210854284169798340e+12
1.610290559145603595e+00 1.214991088428998535e+12
1.616731721382186127e+00 1.217013474083950684e+12
1.623198648267714761e+00 1.217339411983881104e+12
1.629691442860785600e+00 1.226634757845972168e+12
1.636210208632228769e+00 1.235001147291445557e+12
1.642755049466757766e+00 1.227310892247146240e+12
1.649326069664624805e+00 1.229657402029646240e+12
1.655923373943283039e+00 1.226920194969930908e+12
1.662547067439056336e+00 1.218049810112163818e+12
1.669197255708812611e+00 1.217674399806621582e+12
1.675874044731648027e+00 1.212995066743031250e+12
1.682577540910574321e+00 1.202516628971120117e+12
1.689307851074216771e+00 1.181764999638608887e+12
1.696065082478513508e+00 1.158811448714954102e+12
1.702849342808427480e+00 1.136194083767509521e+12
1.709660740179661298e+00 1.096925021279636353e+12
1.716499383140379864e+00 1.035715401604461426e+12
1.723365380672941427e+00 1.020536575471683105e+12
1.730258842195633306e+00 9.859841805464899902e+11
1.737179877564415831e+00 9.431866158039104004e+11
1.744128597074673603e+00 9.100081844617515869e+11
1.751105111462972097e+00 8.862362851673688965e+11
1.758109531908824241e+00 8.337896830660336914e+11
1.765141970036459451e+00 8.044503776105964355e+11
1.772202537916605314e+00 7.775382238098131104e+11
1.779291348068271716e+00 7.255273732593170166e+11
1.786408513460544745e+00 7.113186138611146240e+11
1.793554147514387020e+00 6.785151075269589844e+11
1.800728364104444257e+00 6.713069637245395508e+11
1.807931277560862249e+00 6.303412044830506592e+11
1.815163002671105641e+00 6.495789061741478271e+11
1.822423654681789795e+00 6.385957351520708008e+11
1.829713349300517100e+00 6.163069893900758057e+11
1.837032202697718830e+00 6.203279024089036865e+11
1.844380331508509885e+00 5.734012636905227051e+11
1.851757852834543527e+00 5.603520874081678467e+11
1.859164884245881888e+00 4.956304879003392334e+11
1.866601543782865358e+00 5.445947885427733154e+11
1.874067949957996859e+00 5.395252425571597290e+11
1.881564221757828781e+00 5.565705769694157715e+11
1.889090478644860127e+00 5.703746138143201904e+11
1.896646840559439662e+00 5.814829198840345459e+11
1.904233427921677269e+00 5.822054141351403809e+11
1.911850361633363971e+00 5.939103338167661133e+11
1.919497763079897279e+00 5.755142072083535156e+11
1.927175754132217200e+00 5.672226568337135010e+11
1.934884457148745796e+00 5.646003745931242676e+11
1.942623994977340729e+00 5.149682923935225830e+11
1.950394490957250149e+00 5.428021974391741333e+11
1.958196068921079336e+00 5.310005798735394897e+11
1.966028853196763793e+00 5.349532280997803955e+11
1.973892968609550991e+00 5.073363838109402466e+11
1.981788540483989447e+00 4.982367136296657104e+11
1.989715694645925126e+00 4.979209110789128418e+11
1.997674557424508723e+00 4.988065289567509766e+11
2.005665255654207169e+00 4.987640123647855835e+11
2.013687916676823786e+00 4.928220178142391357e+11
2.021742668343530891e+00 5.071285605735310669e+11
2.029829639016905052e+00 4.979619451707187500e+11
2.037948957572972564e+00 5.044072075818549805e+11
2.046100753403264694e+00 5.054789943082955933e+11
2.054285156416877811e+00 5.196297345451864014e+11
2.062502297042545507e+00 5.157910675864633789e+11
2.070752306230715600e+00 5.253138563662138672e+11
2.079035315455638244e+00 5.286308994443908081e+11
2.087351456717461140e+00 5.280639937880030518e+11
2.095700862544330967e+00 5.342961927709000244e+11
2.104083665994508134e+00 5.419566082414722900e+11
2.112500000658485977e+00 5.443995712767506104e+11
2.120950000661120161e+00 5.451955451600170898e+11
2.129433800663764753e+00 5.421453792333493042e+11
2.137951535866419839e+00 5.450023499656000977e+11
2.146503342009885351e+00 5.504027110079213867e+11
2.155089355377924676e+00 5.469372251362241211e+11
2.163709712799436691e+00 5.463345288798071899e+11
2.172364551650634468e+00 5.443430709443226929e+11
2.181054009857236853e+00 5.388904084530465698e+11
2.189778225896665376e+00 5.354860646320080566e+11
2.198537338800252705e+00 5.331871603776304321e+11
2.207331488155453325e+00 5.190824622566859131e+11
2.216160814108075083e+00 5.233569166779924316e+11
2.225025457364507631e+00 5.183728879551645508e+11
2.233925559193965515e+00 5.135993837733726196e+11
2.242861261430741493e+00 5.090562484807200928e+11
2.251832706476463830e+00 5.024156928438441162e+11
2.260840037302370042e+00 4.959264324843032837e+11
2.269883397451579299e+00 4.911555900910751343e+11
2.278962931041386142e+00 4.852971081889409790e+11
2.288078782765551100e+00 4.818158208766455688e+11
2.297231097896613505e+00 4.076167152332144165e+11
2.306420022288200311e+00 4.331468616060643311e+11
2.315645702377353121e+00 4.250471486804658203e+11
2.324908285186861878e+00 3.846741184605097656e+11
2.334207918327609654e+00 4.005916359241661377e+11
2.343544750000919663e+00 3.932690051336943970e+11
2.352918929000923143e+00 3.725318738547451782e+11
2.362330604716927240e+00 3.691161793482465820e+11
2.371779927135795329e+00 3.706055334267778931e+11
2.381267046844337987e+00 3.525490785299841309e+11
2.390792115031715070e+00 3.438136898746052246e+11
2.400355283491842240e+00 3.474216023642227783e+11
2.409956704625809465e+00 3.322734578502409668e+11
2.419596531444312859e+00 3.222888167329214478e+11
2.429274917570089620e+00 3.163181400514094238e+11
2.438992017240370291e+00 3.049240412319157104e+11
2.448747985309331465e+00 2.876649083151723633e+11
2.458542977250568917e+00 2.821444296850490112e+11
2.468377149159570738e+00 2.773536914426764526e+11
2.478250657756209563e+00 2.494235621156985779e+11
2.488163660387234355e+00 2.510526109829845581e+11
2.498116315028783063e+00 2.486589800595112000e+11
2.508108780288898387e+00 2.232924242728651428e+11
2.518141215410053757e+00 2.238623320504125977e+11
2.528213780271693967e+00 2.105295289966947021e+11
2.538326635392781139e+00 2.080016515217851868e+11
2.548479941934351789e+00 2.061405912815730591e+11
2.558673861702089436e+00 2.036585222193272400e+11
2.568908557148898097e+00 2.080717553105322876e+11
2.579184191377493551e+00 1.955735931342671814e+11
2.589500928143003478e+00 2.058706546559078064e+11
2.599858931855575594e+00 2.093749265327139282e+11
2.610258367582998229e+00 2.168056846227920227e+11
2.620699401053329769e+00 2.104541499655626221e+11
2.631182198657543214e+00 2.115329168581885986e+11
2.641706927452173392e+00 2.154039135219479370e+11
2.652273755161981938e+00 2.244630918461366882e+11
2.662882850182629824e+00 2.241398516929320068e+11
2.673534381583360542e+00 1.989621884584094238e+11
2.684228519109693956e+00 1.955570851243163757e+11
2.694965433186132575e+00 1.839181804409993286e+11
2.705745294918877164e+00 1.821256836875154419e+11
2.716568276098552559e+00 1.769352940677857666e+11
2.727434549202946812e+00 1.727565903508035278e+11
2.738344287399758326e+00 1.690317814563843079e+11
2.749297664549357201e+00 1.744039365412796631e+11
2.760294855207554576e+00 1.736712750429576111e+11
2.771336034628385292e+00 1.659990444295251465e+11
2.782421378766898545e+00 1.589410498549126892e+11
2.793551064281966312e+00 1.688005645144169617e+11
2.804725268539093985e+00 1.536758834990064697e+11
2.815944169613250558e+00 1.523684943662620239e+11
2.827207946291703244e+00 1.667794445628594055e+11
2.838516778076869862e+00 1.498785405260595398e+11
2.849870845189177437e+00 1.502592152781304932e+11
2.861270328569933685e+00 1.579076363870004578e+11
2.872715409884213589e+00 1.513723641047337036e+11
2.884206271523750420e+00 1.511938672853352051e+11
2.895743096609845413e+00 1.547135901017456665e+11
2.907326068996284985e+00 1.429166316599317017e+11
2.918955373272270393e+00 1.460930830404667664e+11
2.930631194765359826e+00 1.484541947490833130e+11
2.942353719544420709e+00 1.425453749070071411e+11
2.954123134422598440e+00 1.455016265493103638e+11
2.965939626960289122e+00 1.416969754632835693e+11
2.977803385468130504e+00 1.472203103656328125e+11
2.989714599010003138e+00 1.425341304406173706e+11
3.001673457406043077e+00 1.439915650384909363e+11
3.013680151235667015e+00 1.466566767210180054e+11
3.025734871840609408e+00 1.373089916804408112e+11
3.037837811327972037e+00 1.501859337572525635e+11
3.049989162573283785e+00 1.390943959249720764e+11
3.062189119223576395e+00 1.488830442148730774e+11
3.074437875700470890e+00 1.438148736478044128e+11
3.086735627203272880e+00 1.437526073295364075e+11
3.099082569712085622e+00 1.485178172766976013e+11
3.111478899990933744e+00 1.421917147930473328e+11
3.123924815590897186e+00 1.480010007739701843e+11
3.136420514853261121e+00 1.459806019918147888e+11
3.148966196912674320e+00 1.466434144726688232e+11
3.161562061700325277e+00 1.482359850116226807e+11
3.174208309947126327e+00 1.434653798109179077e+11
3.186905143186915090e+00 1.538653582646784058e+11
3.199652763759662566e+00 1.401561215261539001e+11
3.212451374814701222e+00 1.531200810459827271e+11
3.225301180313960625e+00 1.498957235645516052e+11
3.238202385035215958e+00 1.484957054801855774e+11
3.251155194575356955e+00 1.534743956210880737e+11
3.264159815353658622e+00 1.525773788967249146e+11
3.277216454615073271e+00 1.507618500836982117e+11
3.290325320433533207e+00 1.524323269718823242e+11
3.303486621715267635e+00 1.526476584765316467e+11
3.316700568202128441e+00 1.503992019523813477e+11
3.329967370474937294e+00 1.570263173393492432e+11
3.343287239956836743e+00 1.477876838349419250e+11
3.356660388916663962e+00 1.517376448094986877e+11
3.370087030472330714e+00 1.536521474193774109e+11
3.383567378594220187e+00 1.498849828949066772e+11
3.397101648108596716e+00 1.516987836696679688e+11
3.410690054701031482e+00 1.496262766375459900e+11
3.424332814919834878e+00 1.502627298940903625e+11
3.438030146179514634e+00 1.501062295453645020e+11
3.451782266764232610e+00 1.494910084373749084e+11
3.465589395831289998e+00 1.505936165422729797e+11
3.479451753414614767e+00 1.490721081893745117e+11
3.493369560428273068e+00 1.440825651589302979e+11
3.507343038669985980e+00 1.514882579731091309e+11
3.521372410824665788e+00 1.451230430586952515e+11
3.535457900467964709e+00 1.465840660742196045e+11
3.549599732069836477e+00 1.461322905278001709e+11
3.563798130998116154e+00 1.449983938966888123e+11
3.578053323522108364e+00 1.447877633712039795e+11
3.592365536816196858e+00 1.454684743348687134e+11
3.606734998963461614e+00 1.440360635946000366e+11
3.621161938959315041e+00 1.424741177012602844e+11
3.635646586715152839e+00 1.423125840940834656e+11
3.650189173062013293e+00 1.418749896778652649e+11
3.664789929754260545e+00 1.412967846586617126e+11
3.679449089473277645e+00 1.390831972379800720e+11
3.694166885831170699e+00 1.389431190947788086e+11
3.708943553374495661e+00 1.401500863803839722e+11
3.723779327587993571e+00 1.396511051260667419e+11
3.738674444898345328e+00 1.351312044714409027e+11
3.753629142677938901e+00 1.379008539745792847e+11
3.768643659248651190e+00 1.350432064495652466e+11
3.783718233885645432e+00 1.362908525319635925e+11
3.798853106821188153e+00 1.343769834851279755e+11
3.814048519248473657e+00 1.329654077875012512e+11
3.829304713325467180e+00 1.296122525546735535e+11
3.844621932178768908e+00 1.304322614178148651e+11
3.860000419907484215e+00 1.301380465714726410e+11
3.875440421587113882e+00 1.280409716812120972e+11
3.890942183273462529e+00 1.260115004713060913e+11
3.906505952006555926e+00 1.250998425248224792e+11
3.922131975814582727e+00 1.239009961193649445e+11
3.937820503717840648e+00 1.217324259589049988e+11
3.953571785732711508e+00 1.195665002682976685e+11
3.969386072875642490e+00 1.172434943990785065e+11
3.985263617167145167e+00 1.139866706030879211e+11
4.001204671635814059e+00 1.108203556745739136e+11
4.017209490322357190e+00 1.093036049080622711e+11
4.033278328283646630e+00 1.069345509460785217e+11
4.049411441596781458e+00 1.002368781162776642e+11
4.065609087363168506e+00 1.016098277376684723e+11
4.081871523712622185e+00 9.427203809275279236e+10
4.098199009807472315e+00 9.578826598009124756e+10
4.114591805846702144e+00 9.394897539255140686e+10
4.131050173070089038e+00 8.969555855034365845e+10
4.147574373762369149e+00 9.173729823572447205e+10
4.164164671257418959e+00 8.642292961586376953e+10
4.180821329942449260e+00 8.695059174012838745e+10
4.197544615262219558e+00 8.649552928054811096e+10
4.214334793723269357e+00 8.280502322095147705e+10
4.231192132898162761e+00 8.530312819101266479e+10
4.248116901429755288e+00 7.866563098109234619e+10
4.265109369035473996e+00 7.936282792169049072e+10
4.282169806511615384e+00 7.929690602711425781e+10
4.299298485737661935e+00 7.230616231770967102e+10
4.316495679680612874e+00 6.941086858423550415e+10
4.333761662399335357e+00 6.601476518923836517e+10
4.351096709048932532e+00 6.253996802530844879e+10
4.368501095885127583e+00 5.903667646106435394e+10
4.385975100268668214e+00 5.608906318794810486e+10
4.403519000669743555e+00 5.344195158321417236e+10
4.421133076672422391e+00 5.208120048437709808e+10
4.438817608979111817e+00 4.890604227219283295e+10
4.456572879415028332e+00 4.779369111618318939e+10
4.474399170932688463e+00 4.511833774471179199e+10
4.492296767616419828e+00 4.468480260620363617e+10
4.510265954686884626e+00 4.389443070506388855e+10
4.528307018505633330e+00 4.236743133865569305e+10
4.546420246579655711e+00 4.221981658037541962e+10
4.564605927565974497e+00 4.003586913209789276e+10
4.582864351276237258e+00 4.126604230500095367e+10
4.601195808681342925e+00 4.159054415704839325e+10
4.619600591916067422e+00 4.116755645262051392e+10
4.638078994283731937e+00 4.048800400122103882e+10
4.656631310260867629e+00 4.271013298868727875e+10
4.675257835501911430e+00 4.090985657741412354e+10
4.693958866843916944e+00 4.185234777934375763e+10
4.712734702311292878e+00 4.040662391535485077e+10
4.731585641120538810e+00 4.060490305104380798e+10
4.750511983685020923e+00 3.900538655845697021e+10
4.769514031619761063e+00 3.801416283666440582e+10
4.788592087746240011e+00 3.752205849224830627e+10
4.807746456097224730e+00 3.793856915371134949e+10
4.826977441921613377e+00 3.780310929942761230e+10
4.846285351689299858e+00 3.684597206447051239e+10
4.865670493096057925e+00 3.684788675682059479e+10
4.885133175068442135e+00 3.559865020620899963e+10
4.904673707768715474e+00 3.522280138735593414e+10
4.924292402599791174e+00 3.393619549647071457e+10
4.943989572210189642e+00 3.401884644360412216e+10
4.963765530499030021e+00 3.227306492390625381e+10
4.983620592621027079e+00 3.532959836340139008e+10
5.003555074991511198e+00 3.242489202111803436e+10
5.023569295291476777e+00 3.101719815919966507e+10
5.043663572472643075e+00 3.328070041705491638e+10
5.063838226762532813e+00 3.254283663855013275e+10
5.084093579669583640e+00 3.120626121062573624e+10
5.104429953988261381e+00 3.173390237195669174e+10
5.124847673804215020e+00 3.131360951668283844e+10
5.145347064499431688e+00 3.132701290905594635e+10
5.165928452757428957e+00 2.962240872706470871e+10
5.186592166568458673e+00 3.150331475794609451e+10
5.207338535234733001e+00 2.928733728090736771e+10
5.228167889375671784e+00 3.069356132607181168e+10
5.249080560933174766e+00 2.933917719780984116e+10
5.270076883176907145e+00 2.959450449417146683e+10
5.291157190709615321e+00 2.891135605474564362e+10
5.312321819472453299e+00 2.988118472923889160e+10
5.333571106750343738e+00 2.942462374222028732e+10
5.354905391177344320e+00 2.852700838681831741e+10
5.376325012742054099e+00 2.877723261376928711e+10
5.397830312793021612e+00 2.845173041566355896e+10
5.419421634044193858e+00 2.600329271655302811e+10
5.441099320580370602e+00 2.820661616085958481e+10
5.462863717862692425e+00 2.699746786222023392e+10
5.484715172734142996e+00 2.700236540979166794e+10
5.506654033425078865e+00 2.698475736718827820e+10
5.528680649558780580e+00 2.534538857108963394e+10
5.550795372157015350e+00 2.522200358914287567e+10
5.572998553645643227e+00 2.477827213212778091e+10
5.595290547860225949e+00 2.603733862825374222e+10
5.617671710051667766e+00 2.481500089894159317e+10
5.640142396891874021e+00 2.524602250296855545e+10
5.662702966479441713e+00 2.455384981133563614e+10
5.685353778345359821e+00 2.318627399623471832e+10
5.708095193458740724e+00 2.354672399718703461e+10
5.730927574232576482e+00 2.243620033399419403e+10
5.753851284529505783e+00 2.401190503006168365e+10
5.776866689667624399e+00 2.220365425802074432e+10
5.799974156426294769e+00 2.322396003428961182e+10
5.823174053051999977e+00 2.136562811643510818e+10
5.846466749264207508e+00 2.173518264013016129e+10
5.869852616261264977e+00 2.164994638579638672e+10
5.893332026726310069e+00 2.118639665851582718e+10
5.916905354833215114e+00 2.224618871686109924e+10
5.940572976252548543e+00 2.039993788418600464e+10
5.964335268157558545e+00 2.129831311060935974e+10
5.988192609230189589e+00 2.113357705625333405e+10
6.012145379667110490e+00 2.154736454926117706e+10
6.036193961185778889e+00 1.997116108628160095e+10
6.060338737030522616e+00 2.026677701943750000e+10
6.084580091978644134e+00 2.130416718219727325e+10
6.108918412346558746e+00 1.983621334374677658e+10
6.133354085995945226e+00 2.177901781124499130e+10
6.157887502339929320e+00 2.030047589958964539e+10
6.182519052349287669e+00 1.990488469452194214e+10
6.207249128558685491e+00 2.020976677408517838e+10
6.232078125072920471e+00 2.007022724119139099e+10
6.257006437573212843e+00 1.954910439255479813e+10
6.282034463323505236e+00 1.969007236320918274e+10
6.307162601176800720e+00 1.927403903901271439e+10
6.332391251581507063e+00 1.925758727566587067e+10
6.357720816587833390e+00 1.882169876686490631e+10
6.383151699854184180e+00 1.787319157023241806e+10
6.408684306653601226e+00 1.668477187424045372e+10
6.434319043880215361e+00 1.716354832147226334e+10
6.460056320055736379e+00 1.541337020561041641e+10
6.485896545335958052e+00 1.372453208079385376e+10
6.511840131517302233e+00 1.401464776773924065e+10
6.537887492043371829e+00 1.370579747925802612e+10
6.564039042011545533e+00 1.282868283923768044e+10
6.590295198179591196e+00 1.216622028315408325e+10
6.616656378972309405e+00 1.216106483265514755e+10
6.643123004488199257e+00 1.189391581614238167e+10
6.669695496506150789e+00 1.198632493128284836e+10
6.696374278492176479e+00 1.190405268802128792e+10
6.723159775606144528e+00 1.177148418250818253e+10
6.750052414708568094e+00 1.218649168886529350e+10
6.777052624367403411e+00 1.125352355321508598e+10
6.804160834864871887e+00 1.123184422344617844e+10
6.831377478204331055e+00 1.074550229878779602e+10
6.858702988117148180e+00 1.114482007234520531e+10
6.886137800069615622e+00 1.119838476432063675e+10
6.913682351269895499e+00 1.103456947354695702e+10
6.941337080674975013e+00 1.101640675659166718e+10
6.969102428997675069e+00 1.087929810687068939e+10
6.996978838713665994e+00 1.103169971551994324e+10
7.024966754068519670e+00 1.056786636529069328e+10
7.053066621084793653e+00 1.036240002562360382e+10
7.081278887569133929e+00 1.030591053722768784e+10
7.109604003119409654e+00 9.895680126890302658e+09
7.138042419131887861e+00 1.037630374055768394e+10
7.166594588808414379e+00 1.023247213410916710e+10
7.195260967163648047e+00 1.005977020554037666e+10
7.224042011032302923e+00 9.774649322691070557e+09
7.252938179076432235e+00 9.684599315177289963e+09
7.281949931792737196e+00 9.691049773021295547e+09
7.311077731519908696e+00 9.857814060923921585e+09
7.340322042445988515e+00 9.169574435480249405e+09
7.369683330615771411e+00 9.129235555821287155e+09
7.399162063938235612e+00 9.553671894995101929e+09
7.428758712193988423e+00 8.823705181561639786e+09
7.458473747042765112e+00 8.911503934216615677e+09
7.488307642030935796e+00 8.934103837200174332e+09
7.518260872599060285e+00 8.828978656938793182e+09
7.548333916089456253e+00 8.857782718095247269e+09
7.578527251753813587e+00 8.276504161767231941e+09
7.608841360760829176e+00 7.864783558658254623e+09
7.639276726203872769e+00 8.391839037905068398e+09
7.669833833108687493e+00 8.030229577552338600e+09
7.700513168441122325e+00 8.058102051472311974e+09
7.731315221114887670e+00 7.839997081783515930e+09
7.762240481999347352e+00 7.601745497440898895e+09
7.793289443927344351e+00 7.657783838823793411e+09
7.824462601703054077e+00 7.761816299052989960e+09
7.855760452109866065e+00 7.459957143332629204e+09
7.887183493918306532e+00 6.825007746436367989e+09
7.918732227893980458e+00 7.125831427745934486e+09
7.950407156805555431e+00 7.029386661047760963e+09
7.982208785432777454e+00 6.830614432564611435e+09
8.014137620574508958e+00 6.979188646002166748e+09
8.046194171056805899e+00 6.548950932481560707e+09
8.078378947741034821e+00 6.708874716698863983e+09
8.110692463531997021e+00 6.406925132845938683e+09
8.143135233386125549e+00 6.513414201856126785e+09
8.175707774319670662e+00 6.360008949676790237e+09
8.208410605416949224e+00 6.156566095692036629e+09
8.241244247838615422e+00 6.317961137007349014e+09
8.274209224829968790e+00 6.003159446681086540e+09
8.307306061729288871e+00 6.164757846579381943e+09
8.340535285976207192e+00 5.843892109924530983e+09
8.373897427120111203e+00 5.727591635375022888e+09
8.407393016828594412e+00 6.093576450048829079e+09
8.441022588895906509e+00 5.688970929938853264e+09
8.474786679251490540e+00 5.928499836225868225e+09
8.508685825968495209e+00 5.637121500727769852e+09
8.542720569272368891e+00 5.719576896915328026e+09
8.576891451549458978e+00 5.576702976289088249e+09
8.611199017355655627e+00 5.701128647047754288e+09
8.645643813425078150e+00 5.626415036584072113e+09
8.680226388678779159e+00 5.479401051511610031e+09
8.714947294233493125e+00 5.499095643173735619e+09
8.749807083410427566e+00 5.208422986586309433e+09
8.784806311744070229e+00 5.380904731255901337e+09
8.819945536991047774e+00 5.221247832720231056e+09
8.855225319139009343e+00 5.177905559447477341e+09
8.890646220415566958e+00 5.330411283204123497e+09
8.926208805297228821e+00 5.254304559681640625e+09
8.961913640518417878e+00 4.983017442008199692e+09
8.997761295080492161e+00 5.079199462854506493e+09
9.033752340260813085e+00 5.018492277999859810e+09
9.069887349621856387e+00 5.024759029356729507e+09
9.106166899020346150e+00 4.892510287660593987e+09
9.142591566616424359e+00 4.939259564796432495e+09
9.179161932882891506e+00 4.877756107011445045e+09
9.215878580614422333e+00 4.813662873842168808e+09
9.252742094936881045e+00 4.633137416244856834e+09
9.289753063316627646e+00 4.658123589407884598e+09
9.326912075569895322e+00 4.625600130196091652e+09
9.364219723872173162e+00 4.758068876681915283e+09
9.401676602767663482e+00 4.439136767943883896e+09
9.439283309178733816e+00 4.376008557089527130e+09
9.477040442415447075e+00 4.448186360230043411e+09
9.514948604185111236e+00 4.383365481245954514e+09
9.553008398601852136e+00 4.511599187401992798e+09
9.591220432196260859e+00 4.228592500039321899e+09
9.629585313925044687e+00 4.189995314663337708e+09
9.668103655180747324e+00 4.178058611529065609e+09
9.706776069801470896e+00 4.119905466229656696e+09
9.745603174080676112e+00 4.174471628849552155e+09
9.784585586776998412e+00 4.200159151302151203e+09
9.823723929124106746e+00 3.981788476365896702e+09
9.863018824840601440e+00 4.004886497970299244e+09
9.902470900139965337e+00 3.550912240712868690e+09
9.942080783740523842e+00 3.884653554361186504e+09
9.981849106875488431e+00 3.783116595827303886e+09
1.002177650330298952e+01 3.767253058042287350e+09
1.006186360931619994e+01 3.638034678718153000e+09
1.010211106375346723e+01 3.500093949475074768e+09
1.014251950800847979e+01 3.641921375072138309e+09
1.018308958604051284e+01 3.590146806441703796e+09
1.022382194438467451e+01 3.445814542911660194e+09
1.026471723216221399e+01 3.377343145872085094e+09
1.030577610109086173e+01 3.342082346939846039e+09
1.034699920549522467e+01 3.260637988466745853e+09
1.038838720231720458e+01 3.183866604020189762e+09
1.042994075112647501e+01 3.118264525521019459e+09
1.047166051413097954e+01 3.043353676138127327e+09
1.051354715618750468e+01 3.135665141279244423e+09
1.055560134481225454e+01 3.012883275193263054e+09
1.059782375019150358e+01 2.909809919492453098e+09
1.064021504519226902e+01 2.975712519202350140e+09
1.068277590537303823e+01 2.988272059878977299e+09
1.072550700899452991e+01 2.816586050640106678e+09
1.076840903703050856e+01 2.759551097495734215e+09
1.081148267317863088e+01 2.816457641425620079e+09
1.085472860387134553e+01 2.850046568581476212e+09
1.089814751828683015e+01 2.560512809918777943e+09
1.094174010835997635e+01 2.653764933369812012e+09
1.098550706879341909e+01 2.410255187975917816e+09
1.102944909706859100e+01 2.443806646159769535e+09
1.107356689345686540e+01 2.462145711970330715e+09
1.111786116103069233e+01 2.439984549804040909e+09
1.116233260567481622e+01 2.379426500622092724e+09
1.120698193609751492e+01 2.323944710395324707e+09
1.125180986384190440e+01 2.316655682426034927e+09
1.129681710329727373e+01 2.266758695630911827e+09
1.134200437171046083e+01 2.234328755417938232e+09
1.138737238919730466e+01 2.241146455688582897e+09
1.143292187875409383e+01 2.185228671628433704e+09
1.147865356626910938e+01 2.153142491363574028e+09
1.152456818053418530e+01 2.095524715591097355e+09
1.157066645325632237e+01 2.012061271898026466e+09
1.161694911906934635e+01 1.983641577836786985e+09
1.166341691554562487e+01 2.021438327416346312e+09
1.171007058320780736e+01 1.910237108392234802e+09
1.175691086554063958e+01 1.793953566715650558e+09
1.180393850900279951e+01 1.856631095781722784e+09
1.185115426303881137e+01 1.819559068474928379e+09
1.189855888009096674e+01 1.807995951138148308e+09
1.194615311561133097e+01 1.798929230912447453e+09
1.199393772807377623e+01 1.778859765491030693e+09
1.204191347898607134e+01 1.759969911930077553e+09
1.209008113290201614e+01 1.661764919406021357e+09
1.213844145743362368e+01 1.640187098195674896e+09
1.218699522326335938e+01 1.703816948452237129e+09
1.223574320415641381e+01 1.603318631360459089e+09
1.228468617697303777e+01 1.637606338253877878e+09
1.233382492168093059e+01 1.548947616884046078e+09
1.238316022136765504e+01 1.537099226126136065e+09
1.243269286225312520e+01 1.415190094384951353e+09
1.248242363370213859e+01 1.515825098944474459e+09
1.253235332823694748e+01 1.400106892260348320e+09
1.258248274154989410e+01 1.437762963676776886e+09
1.263281267251609385e+01 1.407795700745082855e+09
1.268334392320615756e+01 1.390846757079733133e+09
1.273407729889898299e+01 1.414689622007027626e+09
1.278501360809457665e+01 1.305580309639362574e+09
1.283615366252695544e+01 1.277864786476441622e+09
1.288749827717706253e+01 1.357899076925268650e+09
1.293904827028577031e+01 1.238590559744534254e+09
1.299080446336691352e+01 1.279133874103348494e+09
1.304276768122038099e+01 1.209216064221905947e+09
1.309493875194526424e+01 1.235061007702373743e+09
1.314731850695304693e+01 1.191767527023883581e+09
1.319990778098085649e+01 1.187351516601690054e+09
1.325270741210477965e+01 1.109912773599233627e+09
1.330571824175319939e+01 1.092936385572105169e+09
1.335894111472021173e+01 1.120279275573754787e+09
1.341237687917909227e+01 1.118977311625005722e+09
1.346602638669580898e+01 1.035977115915128708e+09
1.351989049224258999e+01 1.087430848940516710e+09
1.357397005421156067e+01 1.037909853618194222e+09
1.362826593442840917e+01 1.027278801167595983e+09
1.368277899816612297e+01 1.015324788013172269e+09
1.373751011415878942e+01 9.553109083483684063e+08
1.379246015461542463e+01 1.009854935987640262e+09
1.384762999523388416e+01 9.131277501699711084e+08
1.390302051521481808e+01 9.944849119465479851e+08
1.395863259727567751e+01 9.566135771033241749e+08
1.401446712766477987e+01 8.907656418942039013e+08
1.407052499617543972e+01 9.614518098703061342e+08
1.412680709616014063e+01 8.706981161984878778e+08
1.418331432454478147e+01 8.322736825152280331e+08
1.424004758184296193e+01 8.582404868151727915e+08
1.429700777217033369e+01 8.850272186488974094e+08
1.435419580325901379e+01 8.121655180827062130e+08
1.441161258647204946e+01 8.106240905209064484e+08
1.446925903681793812e+01 7.710793726617319584e+08
1.452713607296521126e+01 7.957721642829841375e+08
1.458524461725707155e+01 7.843715733516181707e+08
1.464358559572609764e+01 7.529302272872644663e+08
1.470215993810900557e+01 7.444778478592739105e+08
1.476096857786143879e+01 7.858428964669431448e+08
1.482001245217288599e+01 7.303312188032989502e+08
1.487929250198157760e+01 6.946621631084089279e+08
1.493880967198950316e+01 7.131183122268155813e+08
1.499856491067746056e+01 6.933670375098170042e+08
1.505855917032016933e+01 6.905826440298153162e+08
1.511879340700144958e+01 6.680570181253815889e+08
1.517926858062945605e+01 6.508509182137279510e+08
1.523998565495197433e+01 6.800760589408162832e+08
1.530094559757178274e+01 6.571321847914742231e+08
1.536214937996206764e+01 6.304895326046557426e+08
1.542359797748191674e+01 6.115400345627152920e+08
1.548529236939184450e+01 6.156714405648049116e+08
1.554723353886941339e+01 5.779441315960965157e+08
1.560942247302489072e+01 6.021416891940433979e+08
1.567186016291699069e+01 5.948274786113791466e+08
1.573454760356865556e+01 5.587470646725775003e+08
1.579748579398293096e+01 5.754847559081367254e+08
1.586067573715886247e+01 5.582269963257577419e+08
1.592411844010749888e+01 5.842779801535421610e+08
1.598781491386792730e+01 5.065226236396073699e+08
1.605176617352340074e+01 5.296415575474280119e+08
1.611597323821749228e+01 5.050015495811122656e+08
1.618043713117036120e+01 5.315239652466379404e+08
1.624515887969504391e+01 4.799803530692622662e+08
1.631013951521382310e+01 5.124887160060711503e+08
1.637538007327468037e+01 5.111935975737232566e+08
1.644088159356778078e+01 4.943845961851610541e+08
1.650664511994205341e+01 4.681900622809910178e+08
1.657267170042182158e+01 4.625331273271121979e+08
1.663896238722350418e+01 4.267515605306958556e+08
1.670551823677240222e+01 4.603277073767154217e+08
1.677234030971949608e+01 4.763516994085874557e+08
1.683942967095837062e+01 4.506805323063678741e+08
1.690678738964220429e+01 4.315118006768298149e+08
1.697441453920077237e+01 4.297859590375906825e+08
1.704231219735757108e+01 4.653324813797572255e+08
1.711048144614700561e+01 3.848459344063367248e+08
1.717892337193159236e+01 4.217098735368173122e+08
1.724763906541932101e+01 3.874434153662675023e+08
1.731662962168099895e+01 3.880931059239192009e+08
1.738589614016772344e+01 3.663665013533481956e+08
1.745543972472839300e+01 3.960256639966612458e+08
1.752526148362730751e+01 3.817262362743657827e+08
1.759536252956181812e+01 3.645301041357430816e+08
1.766574397968006238e+01 3.571639744706230760e+08
1.773640695559878466e+01 3.554764676330929399e+08
1.780735258342117433e+01 3.546892966873114705e+08
1.787858199375486024e+01 3.683474206431274414e+08
1.795009632172988034e+01 3.311369985181470513e+08
1.802189670701679702e+01 3.556506644699213505e+08
1.809398429384486562e+01 3.399332029607458711e+08
1.816636023102024211e+01 3.013175738845682740e+08
1.823902567194432578e+01 3.338485270652090907e+08
1.831198177463210186e+01 3.326723600801703930e+08
1.838522970173062987e+01 3.161998891205367446e+08
1.845877062053754969e+01 3.108462776679558754e+08
1.853260570301970134e+01 2.838752024030253887e+08
1.860673612583178027e+01 2.732295139770956039e+08
1.868116307033510637e+01 2.928291805147569180e+08
1.875588772261644976e+01 2.833538402967566848e+08
1.883091127350691352e+01 3.049750693941887617e+08
1.890623491860094063e+01 2.804427071776285172e+08
1.898185985827534594e+01 2.664689250430462062e+08
1.905778729770844748e+01 2.890844604604763985e+08
1.913401844689928311e+01 2.826031103067694306e+08
1.921055452068688041e+01 2.507725332564730644e+08
1.928739673876962968e+01 2.565497505874549150e+08
1.936454632572470658e+01 2.642924763943590820e+08
1.944200451102760141e+01 2.265631115293154418e+08
1.951977252907171589e+01 2.665444816595518887e+08
1.959785161918800256e+01 2.357194145962936580e+08
1.967624302566475691e+01 2.388970023919592500e+08
1.991079942767366973e+01 2.311442032981822193e+08
