# Temperature (K), Pressure (bars)
2.432409147404451687e+03 9.999999999999999547e-07
2.354838988133630210e+03 1.778279410038922901e-06
2.277268828862808732e+03 3.162277660168379191e-06
2.136168989738512209e+03 5.623413251903491208e-06
2.009564575938132748e+03 1.000000000000000082e-05
1.948613084075750976e+03 1.778279410038922901e-05
1.923766837640588165e+03 3.162277660168379530e-05
1.912100834871632969e+03 5.623413251903490700e-05
1.908423931668438399e+03 1.000000000000000048e-04
1.909889128880683757e+03 1.778279410038922698e-04
1.914864468523196365e+03 3.162277660168379394e-04
1.922994042077515132e+03 5.623413251903490971e-04
1.934436835598117113e+03 1.000000000000000021e-03
1.949789004733924230e+03 1.778279410038922752e-03
1.969862121515962372e+03 3.162277660168379394e-03
1.995806261616798110e+03 5.623413251903490971e-03
2.027934445820968904e+03 1.000000000000000021e-02
2.064891344050694897e+03 1.778279410038922925e-02
2.105593077271485981e+03 3.162277660168379134e-02
2.149341406554114656e+03 5.623413251903491145e-02
2.197932293163160466e+03 1.000000000000000056e-01
2.252610431758627783e+03 1.778279410038922925e-01
2.324857486918821451e+03 3.162277660168379412e-01
2.413607928912578700e+03 5.623413251903490728e-01
2.542782680721486486e+03 1.000000000000000000e+00
2.752030459304154647e+03 1.778279410038922759e+00
2.989127902551012994e+03 3.162277660168379523e+00
3.214995633464643106e+03 5.623413251903491172e+00
3.448655298996628062e+03 1.000000000000000000e+01
3.696173896387864261e+03 1.778279410038922848e+01
3.963164709961648441e+03 3.162277660168379256e+01
4.255666885340496265e+03 5.623413251903490817e+01
4.580672661000849985e+03 1.000000000000000000e+02
4.941529979741001625e+03 1.778279410038922776e+02
5.358457308833641036e+03 3.162277660168379612e+02
