# Temperature (K), Pressure (bars)
1.349547667751264271e+03 1.000000000000000082e-05
1.367324312628433063e+03 1.778279410038922901e-05
1.392928875688989820e+03 3.162277660168379530e-05
1.426022581650569464e+03 5.623413251903490700e-05
1.465291333511665471e+03 1.000000000000000048e-04
1.510286495115523621e+03 1.778279410038922698e-04
1.560230197425359620e+03 3.162277660168379394e-04
1.614971091438056192e+03 5.623413251903490971e-04
1.678008190269273655e+03 1.000000000000000021e-03
1.761073771145724095e+03 1.778279410038922752e-03
1.861902181510863329e+03 3.162277660168379394e-03
1.955840282719714651e+03 5.623413251903490971e-03
2.041731856381147736e+03 1.000000000000000021e-02
2.129540972180886911e+03 1.778279410038922925e-02
2.239533791724842558e+03 3.162277660168379134e-02
2.394724051506666001e+03 5.623413251903491145e-02
2.564419354183583891e+03 1.000000000000000056e-01
2.726917964232425675e+03 1.778279410038922925e-01
2.893353344790252322e+03 3.162277660168379412e-01
3.067266519907679140e+03 5.623413251903490728e-01
3.251149456654432925e+03 1.000000000000000000e+00
3.446921117579995553e+03 1.778279410038922759e+00
3.656665901822377236e+03 3.162277660168379523e+00
3.883797802932533614e+03 5.623413251903491172e+00
4.133242514161995132e+03 1.000000000000000000e+01
4.411260731270369433e+03 1.778279410038922848e+01
4.725749590122650261e+03 3.162277660168379256e+01
5.087375066213724494e+03 5.623413251903490817e+01
5.514156046352885824e+03 1.000000000000000000e+02
6.022492437513279583e+03 1.778279410038922776e+02
6.640583028289870526e+03 3.162277660168379612e+02
