# Temperature (K), Pressure (bars)
8.507202200343177765e+02 1.000000000000000021e-03
8.874121415742781664e+02 1.778279410038922752e-03
9.241040644134108106e+02 3.162277660168379394e-03
9.600936571113909395e+02 5.623413251903490971e-03
9.964823701615430309e+02 1.000000000000000021e-02
1.033861290239662139e+03 1.778279410038922925e-02
1.072171647228479060e+03 3.162277660168379134e-02
1.112354968188876910e+03 5.623413251903491145e-02
1.156590512104142590e+03 1.000000000000000056e-01
1.208124717466996799e+03 1.778279410038922925e-01
1.270983480854285972e+03 3.162277660168379412e-01
1.350074050170230294e+03 5.623413251903490728e-01
1.461788192421422309e+03 1.000000000000000000e+00
1.615224058491014375e+03 1.778279410038922759e+00
1.823990418680619541e+03 3.162277660168379523e+00
2.100538778474191076e+03 5.623413251903491172e+00
2.404900534550034536e+03 1.000000000000000000e+01
2.706614578511640048e+03 1.778279410038922848e+01
3.011167488478548876e+03 3.162277660168379256e+01
3.317145571345934968e+03 5.623413251903490817e+01
3.630965083678469455e+03 1.000000000000000000e+02
3.957483523576562675e+03 1.778279410038922776e+02
4.311477399292498376e+03 3.162277660168379612e+02
