# Temperature (K), Pressure (bars)
1.030103291123857389e+03 3.162277660168379394e-04
1.078559187698676851e+03 5.623413251903490971e-04
1.127015086088562157e+03 1.000000000000000021e-03
1.174180394559133447e+03 1.778279410038922752e-03
1.223095372451775120e+03 3.162277660168379394e-03
1.275624249976484634e+03 5.623413251903490971e-03
1.334066242724367839e+03 1.000000000000000021e-02
1.400503073245403584e+03 1.778279410038922925e-02
1.472946829384789453e+03 3.162277660168379134e-02
1.555953420946155120e+03 5.623413251903491145e-02
1.655301948162181588e+03 1.000000000000000056e-01
1.766883692735629666e+03 1.778279410038922925e-01
1.891656839359865444e+03 3.162277660168379412e-01
2.049353703695069271e+03 5.623413251903490728e-01
2.267048321131414923e+03 1.000000000000000000e+00
2.526839426417560389e+03 1.778279410038922759e+00
2.782478500133865964e+03 3.162277660168379523e+00
3.025800699116459782e+03 5.623413251903491172e+00
3.269098861785559166e+03 1.000000000000000000e+01
3.519407092432328682e+03 1.778279410038922848e+01
3.784918645357571677e+03 3.162277660168379256e+01
4.071676683593152575e+03 5.623413251903490817e+01
4.386477738080256131e+03 1.000000000000000000e+02
4.732383539968734112e+03 1.778279410038922776e+02
5.127806162900287745e+03 3.162277660168379612e+02
