# Temperature (K), Pressure (bars)
2.267971365822756070e+03 1.778279410038922901e-06
2.267673950494884593e+03 3.162277660168379191e-06
2.269097520567185256e+03 5.623413251903491208e-06
2.284295351698745890e+03 1.000000000000000082e-05
2.307791857200717459e+03 1.778279410038922901e-05
2.334163812025904917e+03 3.162277660168379530e-05
2.363238996028201655e+03 5.623413251903490700e-05
2.395623430500618724e+03 1.000000000000000048e-04
2.433117142726727252e+03 1.778279410038922698e-04
2.477222448347293266e+03 3.162277660168379394e-04
2.527234731196826033e+03 5.623413251903490971e-04
2.581717855348845660e+03 1.000000000000000021e-03
2.638804307289489770e+03 1.778279410038922752e-03
2.694836402862055365e+03 3.162277660168379394e-03
2.745623911885048983e+03 5.623413251903490971e-03
2.788900418535442441e+03 1.000000000000000021e-02
2.823924778361407334e+03 1.778279410038922925e-02
2.860671804534507373e+03 3.162277660168379134e-02
2.903333042278748053e+03 5.623413251903491145e-02
2.975793024432207858e+03 1.000000000000000056e-01
3.111737349572882522e+03 1.778279410038922925e-01
3.279106375086143544e+03 3.162277660168379412e-01
3.453663932423527513e+03 5.623413251903490728e-01
3.649475201314083279e+03 1.000000000000000000e+00
3.870822559130398076e+03 1.778279410038922759e+00
4.120971831068029132e+03 3.162277660168379523e+00
4.405033399107538571e+03 5.623413251903491172e+00
4.732493517468804384e+03 1.000000000000000000e+01
5.114706766201415121e+03 1.778279410038922848e+01
5.582598047012159441e+03 3.162277660168379256e+01
6.178679648562411785e+03 5.623413251903490817e+01
6.977629161634651609e+03 1.000000000000000000e+02
8.101474047984952449e+03 1.778279410038922776e+02
9.679074639572238084e+03 3.162277660168379612e+02
