# Temperature (K), Pressure (bars)
2.208790810595575749e+03 9.999999999999999547e-07
2.229273300052887862e+03 1.778279410038922901e-06
2.249755789510199975e+03 3.162277660168379191e-06
2.274201186975433757e+03 5.623413251903491208e-06
2.301968798640637942e+03 1.000000000000000082e-05
2.331831782807669697e+03 1.778279410038922901e-05
2.363538805278133623e+03 3.162277660168379530e-05
2.396299129110363538e+03 5.623413251903490700e-05
2.428731837727054426e+03 1.000000000000000048e-04
2.458886761468392251e+03 1.778279410038922698e-04
2.484615694495504613e+03 3.162277660168379394e-04
2.506110882705407676e+03 5.623413251903490971e-04
2.527273729927770546e+03 1.000000000000000021e-03
2.552765912053327156e+03 1.778279410038922752e-03
2.586656638280081097e+03 3.162277660168379394e-03
2.629902358036294572e+03 5.623413251903490971e-03
2.684080872151031144e+03 1.000000000000000021e-02
2.743508195766734389e+03 1.778279410038922925e-02
2.817519828230526855e+03 3.162277660168379134e-02
2.931885303500755072e+03 5.623413251903491145e-02
3.074588596977552697e+03 1.000000000000000056e-01
3.230778333530794043e+03 1.778279410038922925e-01
3.407401808526123205e+03 3.162277660168379412e-01
3.607383631194926693e+03 5.623413251903490728e-01
3.832692298180433681e+03 1.000000000000000000e+00
4.086651448882370005e+03 1.778279410038922759e+00
4.377230562005956017e+03 3.162277660168379523e+00
4.706400479379751232e+03 5.623413251903491172e+00
5.109835896155535920e+03 1.000000000000000000e+01
5.627755830722599057e+03 1.778279410038922848e+01
6.338099576396945849e+03 3.162277660168379256e+01
7.379162160200127801e+03 5.623413251903490817e+01
8.885755364786808059e+03 1.000000000000000000e+02
1.000000000000000000e+04 1.778279410038922776e+02
1.000000000000000000e+04 3.162277660168379612e+02
