# Temperature (K), Pressure (bars)
1.992758952976807450e+03 9.999999999999999547e-07
2.055692696914929456e+03 1.778279410038922901e-06
2.118626440853051463e+03 3.162277660168379191e-06
2.170276502739183798e+03 5.623413251903491208e-06
2.211643740290635378e+03 1.000000000000000082e-05
2.247140338321733907e+03 1.778279410038922901e-05
2.279561697818133780e+03 3.162277660168379530e-05
2.311653814781642268e+03 5.623413251903490700e-05
2.345798611143369726e+03 1.000000000000000048e-04
2.384124261157217461e+03 1.778279410038922698e-04
2.428466939367890973e+03 3.162277660168379394e-04
2.480292631151688511e+03 5.623413251903490971e-04
2.541333102604348824e+03 1.000000000000000021e-03
2.612711759302725113e+03 1.778279410038922752e-03
2.694744565148613219e+03 3.162277660168379394e-03
2.783749343493683682e+03 5.623413251903490971e-03
2.880537652613012597e+03 1.000000000000000021e-02
2.999829908993947811e+03 1.778279410038922925e-02
3.156216243139547714e+03 3.162277660168379134e-02
3.326197790541629274e+03 5.623413251903491145e-02
3.528521008925598380e+03 1.000000000000000056e-01
3.774053219235250708e+03 1.778279410038922925e-01
4.054159520260775025e+03 3.162277660168379412e-01
4.431991557991996160e+03 5.623413251903490728e-01
5.004008898145881176e+03 1.000000000000000000e+00
5.887575478953812308e+03 1.778279410038922759e+00
7.192825457865708813e+03 3.162277660168379523e+00
8.833273200084249765e+03 5.623413251903491172e+00
1.000000000000000000e+04 1.000000000000000000e+01
1.000000000000000000e+04 1.778279410038922848e+01
1.000000000000000000e+04 3.162277660168379256e+01
1.000000000000000000e+04 5.623413251903490817e+01
1.000000000000000000e+04 1.000000000000000000e+02
1.000000000000000000e+04 1.778279410038922776e+02
1.000000000000000000e+04 3.162277660168379612e+02
