# Temperature (K), Pressure (bars)
9.808235665324303909e+02 1.000000000000000021e-03
1.030077292448182789e+03 1.778279410038922752e-03
1.079331020063998039e+03 3.162277660168379394e-03
1.127448881582182821e+03 5.623413251903490971e-03
1.172509488074768569e+03 1.000000000000000021e-02
1.215677814262074207e+03 1.778279410038922925e-02
1.259908956329564489e+03 3.162277660168379134e-02
1.308372666712205046e+03 5.623413251903491145e-02
1.365750492880677712e+03 1.000000000000000056e-01
1.438493886827896404e+03 1.778279410038922925e-01
1.525781921292875495e+03 3.162277660168379412e-01
1.625829253279810928e+03 5.623413251903490728e-01
1.749887324908143682e+03 1.000000000000000000e+00
1.893001985623815017e+03 1.778279410038922759e+00
2.066954672573870539e+03 3.162277660168379523e+00
2.313695533592052925e+03 5.623413251903491172e+00
2.610877528069312575e+03 1.000000000000000000e+01
2.907814834396391689e+03 1.778279410038922848e+01
3.200198821630959173e+03 3.162277660168379256e+01
3.496931809172730482e+03 5.623413251903490817e+01
3.806167046006110468e+03 1.000000000000000000e+02
4.133064174017562436e+03 1.778279410038922776e+02
4.492091133017542234e+03 3.162277660168379612e+02
