# Temperature (K), Pressure (bars)
9.411069154433926087e+02 5.623413251903490971e-04
9.931847837774903383e+02 1.000000000000000021e-03
1.045262653918728802e+03 1.778279410038922752e-03
1.096390665352051883e+03 3.162277660168379394e-03
1.147091649558936979e+03 5.623413251903490971e-03
1.198583526255015386e+03 1.000000000000000021e-02
1.251502202524066888e+03 1.778279410038922925e-02
1.308301570523595956e+03 3.162277660168379134e-02
1.372698737063046337e+03 5.623413251903491145e-02
1.452862985875631011e+03 1.000000000000000056e-01
1.562923249716061036e+03 1.778279410038922925e-01
1.711098746062865303e+03 3.162277660168379412e-01
1.901402310865099025e+03 5.623413251903490728e-01
2.140272208020998278e+03 1.000000000000000000e+00
2.410861854869608578e+03 1.778279410038922759e+00
2.677018605804603794e+03 3.162277660168379523e+00
2.929552276283018728e+03 5.623413251903491172e+00
3.179018160429984164e+03 1.000000000000000000e+01
3.432713416271421011e+03 1.778279410038922848e+01
3.699316913013572957e+03 3.162277660168379256e+01
3.984927386395375379e+03 5.623413251903490817e+01
4.296396055680157588e+03 1.000000000000000000e+02
4.636954537170950971e+03 1.778279410038922776e+02
5.024106482043510368e+03 3.162277660168379612e+02
