# Temperature (K), Pressure (bars)
1.004765835145528854e+03 5.623413251903490700e-05
1.040872331461813928e+03 1.000000000000000048e-04
1.076978823838243216e+03 1.778279410038922698e-04
1.109936013813459340e+03 3.162277660168379394e-04
1.141090293033748594e+03 5.623413251903490971e-04
1.170878594994592504e+03 1.000000000000000021e-03
1.197829760197851328e+03 1.778279410038922752e-03
1.223042764268659312e+03 3.162277660168379394e-03
1.247311658192366849e+03 5.623413251903490971e-03
1.275868323030739475e+03 1.000000000000000021e-02
1.326043437314477387e+03 1.778279410038922925e-02
1.395626588298121305e+03 3.162277660168379134e-02
1.480733284973170612e+03 5.623413251903491145e-02
1.583967268832699574e+03 1.000000000000000056e-01
1.699102353629933305e+03 1.778279410038922925e-01
1.823067523505226973e+03 3.162277660168379412e-01
1.987188490054996691e+03 5.623413251903490728e-01
2.231778160399889657e+03 1.000000000000000000e+00
2.505339709926289743e+03 1.778279410038922759e+00
2.759236471691676343e+03 3.162277660168379523e+00
3.004884326970115126e+03 5.623413251903491172e+00
3.249165205205486473e+03 1.000000000000000000e+01
3.499605631499945957e+03 1.778279410038922848e+01
3.765225184701522267e+03 3.162277660168379256e+01
4.051695530539931497e+03 5.623413251903490817e+01
4.365735931253053423e+03 1.000000000000000000e+02
4.710682022878284442e+03 1.778279410038922776e+02
5.104320288154214722e+03 3.162277660168379612e+02
