# Temperature (K), Pressure (bars)
1.427672842543501474e+03 9.999999999999999547e-07
1.453695020797874804e+03 1.778279410038922901e-06
1.479717199052248816e+03 3.162277660168379191e-06
1.518459806142046773e+03 5.623413251903491208e-06
1.567079678322634663e+03 1.000000000000000082e-05
1.619375579341104867e+03 1.778279410038922901e-05
1.674655368801078339e+03 3.162277660168379530e-05
1.735414864634008154e+03 5.623413251903490700e-05
1.802183677094156337e+03 1.000000000000000048e-04
1.873233797059817334e+03 1.778279410038922698e-04
1.948900581321834125e+03 3.162277660168379394e-04
2.031602137988914137e+03 5.623413251903490971e-04
2.128186345205720954e+03 1.000000000000000021e-03
2.242593477124651145e+03 1.778279410038922752e-03
2.367561344137031028e+03 3.162277660168379394e-03
2.497354096118334382e+03 5.623413251903490971e-03
2.632761948838306125e+03 1.000000000000000021e-02
2.775343503274244085e+03 1.778279410038922925e-02
2.927139142674810500e+03 3.162277660168379134e-02
3.091095345870791334e+03 5.623413251903491145e-02
3.271260795597667311e+03 1.000000000000000056e-01
3.475031637271742966e+03 1.778279410038922925e-01
3.679996676768400448e+03 3.162277660168379412e-01
3.914977625621751486e+03 5.623413251903490728e-01
4.190692586659984045e+03 1.000000000000000000e+00
4.517383002839566871e+03 1.778279410038922759e+00
4.943066655191481914e+03 3.162277660168379523e+00
5.549474038079878483e+03 5.623413251903491172e+00
6.480881260646169721e+03 1.000000000000000000e+01
7.884800526149268990e+03 1.778279410038922848e+01
9.661839717686174481e+03 3.162277660168379256e+01
1.000000000000000000e+04 5.623413251903490817e+01
1.000000000000000000e+04 1.000000000000000000e+02
1.000000000000000000e+04 1.778279410038922776e+02
1.000000000000000000e+04 3.162277660168379612e+02
