# Temperature (K), Pressure (bars)
2.416169910878675637e+03 9.999999999999999547e-07
2.381995433615261845e+03 1.778279410038922901e-06
2.347820956359035335e+03 3.162277660168379191e-06
2.341209520396964763e+03 5.623413251903491208e-06
2.355963340424932539e+03 1.000000000000000082e-05
2.379045981416897575e+03 1.778279410038922901e-05
2.405862897245982822e+03 3.162277660168379530e-05
2.434172874269288513e+03 5.623413251903490700e-05
2.463323606757168818e+03 1.000000000000000048e-04
2.492421908541622543e+03 1.778279410038922698e-04
2.520499236298002870e+03 3.162277660168379394e-04
2.547510142209853257e+03 5.623413251903490971e-04
2.573857090205223358e+03 1.000000000000000021e-03
2.599879921439585814e+03 1.778279410038922752e-03
2.625221801151149975e+03 3.162277660168379394e-03
2.649392302367412412e+03 5.623413251903490971e-03
2.673919395554836228e+03 1.000000000000000021e-02
2.699816999726093854e+03 1.778279410038922925e-02
2.733094041681789804e+03 3.162277660168379134e-02
2.774060859972911203e+03 5.623413251903491145e-02
2.841255942303656411e+03 1.000000000000000056e-01
2.965048772281203128e+03 1.778279410038922925e-01
3.121284154037997723e+03 3.162277660168379412e-01
3.286250537538795470e+03 5.623413251903490728e-01
3.467993522819473583e+03 1.000000000000000000e+00
3.670059649889161392e+03 1.778279410038922759e+00
3.894929791249518530e+03 3.162277660168379523e+00
4.145311476984728870e+03 5.623413251903491172e+00
4.426179723559565900e+03 1.000000000000000000e+01
4.745974505555221185e+03 1.778279410038922848e+01
5.117767401975172106e+03 3.162277660168379256e+01
5.560919842978233646e+03 5.623413251903490817e+01
6.102874445846048729e+03 1.000000000000000000e+02
6.787972469592568814e+03 1.778279410038922776e+02
7.686451627768583421e+03 3.162277660168379612e+02
