# Temperature (K), Pressure (bars)
2.416918980395845210e+03 9.999999999999999547e-07
2.347429482051798914e+03 1.778279410038922901e-06
2.277939983707752162e+03 3.162277660168379191e-06
2.190592124724878431e+03 5.623413251903491208e-06
2.095022422209806791e+03 1.000000000000000082e-05
2.028256469985823287e+03 1.778279410038922901e-05
1.997065998872433511e+03 3.162277660168379530e-05
1.984607365692130088e+03 5.623413251903490700e-05
1.980494644874947653e+03 1.000000000000000048e-04
1.980454535721709590e+03 1.778279410038922698e-04
1.983755988205323320e+03 3.162277660168379394e-04
1.990410047887984319e+03 5.623413251903490971e-04
2.001602801145557805e+03 1.000000000000000021e-03
2.017769378071896881e+03 1.778279410038922752e-03
2.038183119915111774e+03 3.162277660168379394e-03
2.062132117398583432e+03 5.623413251903490971e-03
2.089207724386707014e+03 1.000000000000000021e-02
2.118993157293633431e+03 1.778279410038922925e-02
2.151341748382862079e+03 3.162277660168379134e-02
2.186060496679282551e+03 5.623413251903491145e-02
2.225371714411096491e+03 1.000000000000000056e-01
2.270301178504822929e+03 1.778279410038922925e-01
2.331670687420991726e+03 3.162277660168379412e-01
2.409390417221941789e+03 5.623413251903490728e-01
2.523727372789920082e+03 1.000000000000000000e+00
2.715695600706992991e+03 1.778279410038922759e+00
2.945754863625251346e+03 3.162277660168379523e+00
3.173140091170043888e+03 5.623413251903491172e+00
3.408142539022343499e+03 1.000000000000000000e+01
3.656088758010530910e+03 1.778279410038922848e+01
3.922551714833599362e+03 3.162277660168379256e+01
4.213476888461262206e+03 5.623413251903490817e+01
4.535900681954861284e+03 1.000000000000000000e+02
4.893093867874682473e+03 1.778279410038922776e+02
5.304640043023873659e+03 3.162277660168379612e+02
