# Temperature (K), Pressure (bars)
1.997860364802871118e+03 9.999999999999999547e-07
2.013344166549035890e+03 1.778279410038922901e-06
2.028827968295410756e+03 3.162277660168379191e-06
2.051316594375973182e+03 5.623413251903491208e-06
2.081269208019652979e+03 1.000000000000000082e-05
2.118015941277161801e+03 1.778279410038922901e-05
2.161112642617182701e+03 3.162277660168379530e-05
2.207498363874934512e+03 5.623413251903490700e-05
2.253853607074094725e+03 1.000000000000000048e-04
2.299040345692822029e+03 1.778279410038922698e-04
2.342414587558532730e+03 3.162277660168379394e-04
2.383207602859756207e+03 5.623413251903490971e-04
2.421389183918261097e+03 1.000000000000000021e-03
2.458431837648408873e+03 1.778279410038922752e-03
2.494448991435994685e+03 3.162277660168379394e-03
2.533327384789926327e+03 5.623413251903490971e-03
2.573353929666666772e+03 1.000000000000000021e-02
2.633103745074137350e+03 1.778279410038922925e-02
2.742832380217927494e+03 3.162277660168379134e-02
2.879433504050279225e+03 5.623413251903491145e-02
3.023283123036164397e+03 1.000000000000000056e-01
3.184620286139226664e+03 1.778279410038922925e-01
3.365780606942784289e+03 3.162277660168379412e-01
3.566851795773872254e+03 5.623413251903490728e-01
3.788233089882151944e+03 1.000000000000000000e+00
4.033534467832028895e+03 1.778279410038922759e+00
4.310674721420078640e+03 3.162277660168379523e+00
4.632289270741178370e+03 5.623413251903491172e+00
5.010845423323819887e+03 1.000000000000000000e+01
5.485627730002835960e+03 1.778279410038922848e+01
6.113987133684017863e+03 3.162277660168379256e+01
7.004625093875999482e+03 5.623413251903490817e+01
8.309133150946661772e+03 1.000000000000000000e+02
1.008278747302588090e+04 1.778279410038922776e+02
1.223201177815559822e+04 3.162277660168379612e+02
