# Temperature (K), Pressure (bars)
8.896095783443144001e+02 5.623413251903490971e-04
9.367714230100816621e+02 1.000000000000000021e-03
9.839332690017431560e+02 1.778279410038922752e-03
1.030723061769788728e+03 3.162277660168379394e-03
1.077687017799494015e+03 5.623413251903490971e-03
1.125543359546915553e+03 1.000000000000000021e-02
1.174995909337304056e+03 1.778279410038922925e-02
1.227799015012851214e+03 3.162277660168379134e-02
1.287873527958199929e+03 5.623413251903491145e-02
1.360019925863349727e+03 1.000000000000000056e-01
1.455062198320693597e+03 1.778279410038922925e-01
1.590756536335539522e+03 3.162277660168379412e-01
1.791751737785688420e+03 5.623413251903490728e-01
2.056355328086127429e+03 1.000000000000000000e+00
2.336410083335156742e+03 1.778279410038922759e+00
2.604156410269024946e+03 3.162277660168379523e+00
2.863392046842177933e+03 5.623413251903491172e+00
3.117948145141043369e+03 1.000000000000000000e+01
3.374593734931826475e+03 1.778279410038922848e+01
3.642430578305477866e+03 3.162277660168379256e+01
3.927678287915459805e+03 5.623413251903490817e+01
4.237381747349732905e+03 1.000000000000000000e+02
4.575116229849419142e+03 1.778279410038922776e+02
4.957449855812099486e+03 3.162277660168379612e+02
