# Temperature (K), Pressure (bars)
2.773004479290360450e+03 9.999999999999999547e-07
2.594884517948252778e+03 1.778279410038922901e-06
2.416764556606145106e+03 3.162277660168379191e-06
2.397388570180045008e+03 5.623413251903491208e-06
2.441473113863541130e+03 1.000000000000000082e-05
2.470327671737719811e+03 1.778279410038922901e-05
2.501746172441035924e+03 3.162277660168379530e-05
2.539632147106038246e+03 5.623413251903490700e-05
2.582165206737980043e+03 1.000000000000000048e-04
2.631001263306887267e+03 1.778279410038922698e-04
2.685800252041394288e+03 3.162277660168379394e-04
2.744190697504155651e+03 5.623413251903490971e-04
2.803685886880401540e+03 1.000000000000000021e-03
2.863105614749551023e+03 1.778279410038922752e-03
2.923885349470611345e+03 3.162277660168379394e-03
2.985398131048593768e+03 5.623413251903490971e-03
3.045163818627216187e+03 1.000000000000000021e-02
3.087470704990849299e+03 1.778279410038922925e-02
3.130845503560020006e+03 3.162277660168379134e-02
3.237462995353422230e+03 5.623413251903491145e-02
3.409131339993765778e+03 1.000000000000000056e-01
3.605659279983261513e+03 1.778279410038922925e-01
3.841229068541471406e+03 3.162277660168379412e-01
4.110219213651394966e+03 5.623413251903490728e-01
4.452480807790928338e+03 1.000000000000000000e+00
4.929819913968420224e+03 1.778279410038922759e+00
5.685388995804612932e+03 3.162277660168379523e+00
6.896617430177399910e+03 5.623413251903491172e+00
8.506600184889055527e+03 1.000000000000000000e+01
1.000000000000000000e+04 1.778279410038922848e+01
1.000000000000000000e+04 3.162277660168379256e+01
1.000000000000000000e+04 5.623413251903490817e+01
1.000000000000000000e+04 1.000000000000000000e+02
1.000000000000000000e+04 1.778279410038922776e+02
1.000000000000000000e+04 3.162277660168379612e+02
