# Temperature (K), Pressure (bars)
2.312668847563366398e+03 9.999999999999999547e-07
2.333366299848826202e+03 1.778279410038922901e-06
2.354063752134297829e+03 3.162277660168379191e-06
2.372326956160835834e+03 5.623413251903491208e-06
2.388963194195701362e+03 1.000000000000000082e-05
2.393866871838299630e+03 1.778279410038922901e-05
2.361245561484792233e+03 3.162277660168379530e-05
2.304223758094995901e+03 5.623413251903490700e-05
2.273115594203509318e+03 1.000000000000000048e-04
2.281844686294968596e+03 1.778279410038922698e-04
2.312019756772370783e+03 3.162277660168379394e-04
2.352119693961211851e+03 5.623413251903490971e-04
2.398923913283203092e+03 1.000000000000000021e-03
2.452592834181351463e+03 1.778279410038922752e-03
2.513603516343762294e+03 3.162277660168379394e-03
2.585741090613849337e+03 5.623413251903490971e-03
2.677028774206056369e+03 1.000000000000000021e-02
2.787510732925160482e+03 1.778279410038922925e-02
2.911234018026451849e+03 3.162277660168379134e-02
3.047269217332413064e+03 5.623413251903491145e-02
3.198198975282143692e+03 1.000000000000000056e-01
3.367722133594727893e+03 1.778279410038922925e-01
3.560923415122265396e+03 3.162277660168379412e-01
3.783699340706533803e+03 5.623413251903490728e-01
4.042984918453791124e+03 1.000000000000000000e+00
4.351057948827365180e+03 1.778279410038922759e+00
4.701670499988276788e+03 3.162277660168379523e+00
5.156677924162753698e+03 5.623413251903491172e+00
5.797261053687161620e+03 1.000000000000000000e+01
6.777007028023139355e+03 1.778279410038922848e+01
8.233278437788652809e+03 3.162277660168379256e+01
1.006976030967867882e+04 5.623413251903490817e+01
1.225345178425040467e+04 1.000000000000000000e+02
1.491861899403780626e+04 1.778279410038922776e+02
1.809891165890905904e+04 3.162277660168379612e+02
