# Temperature (K), Pressure (bars)
2.159373921502256508e+03 9.999999999999999547e-07
2.175746468929710318e+03 1.778279410038922901e-06
2.192119016357164583e+03 3.162277660168379191e-06
2.215883940386894210e+03 5.623413251903491208e-06
2.243514887231169723e+03 1.000000000000000082e-05
2.273301717969674428e+03 1.778279410038922901e-05
2.307119918200367920e+03 3.162277660168379530e-05
2.345326692601812738e+03 5.623413251903490700e-05
2.386933064189593551e+03 1.000000000000000048e-04
2.430318923960609027e+03 1.778279410038922698e-04
2.473570270502159019e+03 3.162277660168379394e-04
2.514081735294662849e+03 5.623413251903490971e-04
2.550098424914716361e+03 1.000000000000000021e-03
2.581880892339484944e+03 1.778279410038922752e-03
2.610501272443280868e+03 3.162277660168379394e-03
2.638784595898971475e+03 5.623413251903490971e-03
2.669941979410459680e+03 1.000000000000000021e-02
2.711095260736730779e+03 1.778279410038922925e-02
2.762473474980512947e+03 3.162277660168379134e-02
2.840880492037589647e+03 5.623413251903491145e-02
2.970553347945901351e+03 1.000000000000000056e-01
3.125922039664513250e+03 1.778279410038922925e-01
3.289518555641735020e+03 3.162277660168379412e-01
3.472619413815020380e+03 5.623413251903490728e-01
3.677691398451730947e+03 1.000000000000000000e+00
3.906342984432877984e+03 1.778279410038922759e+00
4.162024432391346636e+03 3.162277660168379523e+00
4.451984179401089023e+03 5.623413251903491172e+00
4.787108235206793324e+03 1.000000000000000000e+01
5.183890475760149457e+03 1.778279410038922848e+01
5.674701346495550752e+03 3.162277660168379256e+01
6.308046075044184363e+03 5.623413251903490817e+01
7.171219877931744122e+03 1.000000000000000000e+02
8.404684825175123478e+03 1.778279410038922776e+02
1.000000000000000000e+04 3.162277660168379612e+02
