# Temperature (K), Pressure (bars)
2.276318700411855389e+03 9.999999999999999547e-07
2.245726346298767112e+03 1.778279410038922901e-06
2.215133992185679290e+03 3.162277660168379191e-06
2.239894425905437856e+03 5.623413251903491208e-06
2.272600588227292064e+03 1.000000000000000082e-05
2.301078477629687768e+03 1.778279410038922901e-05
2.339009608743727767e+03 3.162277660168379530e-05
2.384560965658526584e+03 5.623413251903490700e-05
2.438754678223988321e+03 1.000000000000000048e-04
2.500210554046446759e+03 1.778279410038922698e-04
2.566944419194324837e+03 3.162277660168379394e-04
2.637746220758219351e+03 5.623413251903490971e-04
2.711841547408490896e+03 1.000000000000000021e-03
2.787126353362457394e+03 1.778279410038922752e-03
2.859871549733536085e+03 3.162277660168379394e-03
2.928506334840073123e+03 5.623413251903490971e-03
2.990967925400105287e+03 1.000000000000000021e-02
3.051610493696090998e+03 1.778279410038922925e-02
3.097886428109761709e+03 3.162277660168379134e-02
3.153344185188589108e+03 5.623413251903491145e-02
3.284532610255517284e+03 1.000000000000000056e-01
3.472273398095321681e+03 1.778279410038922925e-01
3.671217334825409125e+03 3.162277660168379412e-01
3.904390939530716423e+03 5.623413251903490728e-01
4.183122403567739639e+03 1.000000000000000000e+00
4.508563354136090311e+03 1.778279410038922759e+00
4.931559636792192578e+03 3.162277660168379523e+00
5.533803550198654193e+03 5.623413251903491172e+00
6.478411354371624839e+03 1.000000000000000000e+01
7.896966279844341443e+03 1.778279410038922848e+01
9.676642528223143017e+03 3.162277660168379256e+01
1.000000000000000000e+04 5.623413251903490817e+01
1.000000000000000000e+04 1.000000000000000000e+02
1.000000000000000000e+04 1.778279410038922776e+02
1.000000000000000000e+04 3.162277660168379612e+02
